175.8333333333334,183.2500000000001,192.3214285714286,193.7884615384616,195.4615384615385,191.9605263157895,189.8392857142857,180.12,180.2232142857143,182.2500000000001
176.1666666666667,183.2500000000001,192.6071428571429,193.9423076923078,195.3846153846154,192.3815789473684,190.0178571428571,180.3600000000001,180.3303571428571,182.2500000000001
176.5000000000001,183.2500000000001,192.8928571428572,194.0961538461539,195.3076923076923,192.8026315789474,190.1964285714286,180.6000000000001,180.4375,182.2500000000001
176.7500000000001,183.2500000000001,193.1785714285715,194.2500000000001,195.125,193.2236842105263,190.375,180.84,180.5446428571429,182.2500000000001
176.7500000000001,183.2500000000001,193.3125000000001,194.4038461538462,194.625,193.6447368421053,190.5535714285714,181.08,180.6517857142857,182.2500000000001
176.7500000000001,183.2500000000001,193.3958333333334,194.5576923076923,194.125,193.8,190.7321428571428,181.3200000000001,180.7589285714286,182.2500000000001
176.7500000000001,183.5000000000001,193.4791666666667,194.7115384615385,193.625,193.8666666666667,190.9107142857143,181.56,180.8660714285714,182.4807692307693
176.7500000000001,183.8333333333334,193.5625000000001,195.0227272727273,193.125,193.9333333333333,191.1666666666667,181.8,180.9732142857143,182.7884615384616
176.8500000000001,184.1666666666667,193.6458333333334,195.3863636363637,192.9642857142857,194,191.5,182.04,181.1153846153846,183.0961538461539
177.2500000000001,184.5000000000001,193.7291666666667,195.7500000000001,193.8214285714286,194.3333333333333,191.8333333333333,182.28,181.2692307692308,183.4038461538462
177.6500000000001,184.8333333333334,193.8823529411765,196.1136363636364,194.6785714285714,194.6666666666667,192.0609756097561,182.52,181.4230769230769,183.7115384615385
178.0500000000001,185.1666666666667,194.0588235294118,196.4772727272728,195.5357142857143,195,192.1829268292683,182.76,181.5769230769231,184.0192307692308
178.4500000000001,185.3437500000001,194.2352941176471,196.8333333333334,196.1538461538461,195.3333333333333,192.3048780487805,183,181.7307692307692,184.3181818181819
178.8125000000001,185.4687500000001,194.4117647058824,197.1666666666667,196.6923076923077,195.6666666666667,192.4268292682927,182.8695652173913,181.8846153846154,184.5909090909091
179.0625000000001,185.5937500000001,194.5882352941177,197.5,197.2307692307692,196,192.5487804878049,182.7391304347826,182.0384615384615,184.8636363636364
179.3125000000001,185.7187500000001,194.764705882353,197.8333333333334,197.4166666666667,196.3333333333333,192.6707317073171,182.6086956521739,182.1923076923077,185.1363636363637
179.5625000000001,186.0500000000001,194.9411764705883,198.1666666666667,197.25,196.6666666666667,192.7926829268293,182.4782608695652,182.3461538461538,185.409090909091
179.8125000000001,186.45,195.1176470588236,198.5000000000001,197.0833333333333,197,192.9146341463415,182.3478260869565,182.5,185.6818181818182
180.0625000000001,186.8500000000001,195.2894736842106,198.8333333333334,196.9166666666667,197.1666666666667,193.0365853658537,182.2727272727273,182.6538461538462,185.7500000000001
180.2142857142858,187.2500000000001,195.4473684210527,199.1666666666667,196.75,197.3333333333333,193.1585365853659,182.3636363636363,182.8076923076923,185.7500000000001
180.0714285714286,187.6500000000001,195.6052631578948,199.3863636363637,196.5833333333333,197.5,193.2758620689655,182.4545454545454,182.9615384615385,185.7500000000001
179.9285714285714,187.9375000000001,195.7631578947369,199.5681818181819,196.6666666666667,197.6666666666667,193.3793103448276,182.5454545454546,183.15,185.7500000000001
180,188.1875000000001,195.921052631579,199.7500000000001,197,197.8333333333333,193.4827586206897,182.6363636363636,183.35,185.7500000000001
180.2,188.4375000000001,196.0789473684211,199.9318181818182,197.3333333333333,198,193.5862068965517,182.7272727272727,183.55,185.8928571428572
181.4615384615385,188.6875000000001,196.2368421052632,200.1136363636364,197.6666666666667,198.1666666666667,192.5625,183.59375,183.75,186.4642857142858
182.9036144578313,188.9375000000001,196.3947368421053,199.5833333333334,198,198.3333333333333,190.8625,184.71875,183.95,187.0357142857143
183.1325301204819,189.1875000000001,196.5526315789474,196.9166666666667,198.3333333333333,198.5,189.3695652173913,185.84375,184.15,187.6071428571429
183.3614457831325,189.4375000000001,196.7105263157895,195.8750000000001,198.6666666666667,198.6666666666667,189.3260869565217,186.96875,184.35,187.6428571428572
183.5903614457832,189.6875000000001,197.0000000000001,195.3750000000001,199,198.8333333333333,189.2826086956522,187.4255319148936,184.55,187.5000000000001
183.8192771084338,189.9264705882354,197.3333333333334,195.925,199.2765957446808,199,190,187.6595744680851,184.75,187.3571428571429
184.0481927710844,190.1617647058824,197.6666666666667,196.825,199.3829787234042,198.6315789473684,193,187.8936170212766,184.95,187.4500000000001
184.277108433735,190.3970588235295,198,197.7250000000001,199.4893617021277,198.2631578947368,195.2755102040816,188.1276595744681,185.15,188.2500000000001
184.5060240963856,190.6323529411765,198.3333333333333,198.6250000000001,199.5957446808511,197.8947368421053,195.3775510204082,188.3617021276596,185.35,189.05
184.7349397590362,190.8676470588236,198.6666666666667,199.5250000000001,199.7021276595745,197.5263157894737,195.4795918367347,188.5957446808511,185.55,189.3571428571429
184.9638554216868,191.1029411764706,198.9811320754717,200.0000000000001,199.8085106382979,197.241935483871,195.5816326530612,188.8297872340426,185.75,189.5000000000001
185.1927710843374,191.3382352941177,199.2641509433963,200.3333333333334,199.9148936170213,197.2096774193548,195.6836734693877,189.0638297872341,185.95,189.6428571428572
185.175,191.5735294117648,199.5471698113208,200.6666666666667,200.0212765957447,197.1774193548387,195.7857142857143,189.2978723404255,185.85,189.8437500000001
185.075,191.8,199.8301886792453,201.0000000000001,200.1276595744681,197.1451612903226,195.4791666666667,189.531914893617,185.65,190.2187500000001
184.9750000000001,192.0000000000001,200.1132075471698,201.3333333333334,200.2340425531915,197.3160778603724,192.3125,189.7659574468085,185.45,190.5937500000001
184.8750000000001,192.2000000000001,200.3962264150944,201.6666666666667,200.3404255319149,197.8256188213656,191.28125,190,185.25,190.9687500000001
184.7750000000001,192.4,200.6792452830189,201.7500000000001,200.4468085106383,198.3351597823588,191.53125,190.2222222222222,185.05,191.2916666666667
185.2777777777778,192.6000000000001,200.9078947368421,201.7500000000001,200.3684210526316,198.844700743352,196.4166666666667,190.4444444444444,186.8214285714286,191.4583333333334
185.9814814814815,192.8,201.1184210526316,201.7500000000001,200.1052631578947,199.1642591043868,197.4402985074627,190.6666666666667,189.25,191.6250000000001
186.6851851851852,193.0000000000001,201.3289473684211,201.7500000000001,199.8421052631579,198.9605793355128,197.5149253731343,190.8888888888889,189.5765306122449,191.7916666666667
187.2,193.2000000000001,201.5394736842106,201.7500000000001,199.578947368421,198.7568995666388,197.589552238806,191.1111111111111,189.9030612244898,191.9583333333334
187.4,193.4807692307693,201.7500000000001,201.7500000000001,199.3157894736842,198.5532197977648,197.6641791044776,191.3333333333333,190.2295918367347,192.1250000000001
187.6000000000001,193.7884615384616,201.9605263157895,201.7500000000001,199.25,198.4307692307692,197.7388059701493,191.5555555555556,190.5561224489796,192.3125000000001
187.8571428571429,194.0961538461539,202.171052631579,201.7500000000001,199.25,198.8769230769231,197.8134328358209,191.7777777777778,190.8826530612245,192.5625000000001
188.2857142857143,194.4038461538462,202.3815789473685,201.9750000000001,199.25,199.3230769230769,197.8880597014925,192,191.2091836734694,192.8125000000001
188.7142857142857,194.7115384615385,202.5921052631579,202.2750000000001,199.25,199.7692307692308,197.9626865671642,192.3333333333333,191.5357142857143,193.0625000000001
189.0380434782608,195.0192307692308,202.8055555555556,202.575,199.71875,200.2153846153846,198.1363636363636,192.6666666666667,191.8622448979592,193.3125000000001
189.2989130434783,195.2500000000001,203.0277777777778,202.8750000000001,200.34375,200.6615384615384,198.4090909090909,193,192.1887755102041,193.5625000000001
189.5597826086956,195.2500000000001,203.2500000000001,203.175,200.96875,201.1076923076923,198.6818181818182,193.3333333333333,192.515306122449,193.8214285714286
189.8206521739131,195.2500000000001,203.4722222222223,203.3571428571429,201.59375,201.5538461538462,198.9545454545454,193.6666666666667,192.8418367346939,194.1071428571429
190.0815217391304,195.2500000000001,203.6944444444445,203.5000000000001,201.8928571428571,202,199.2272727272727,194,193.1683673469388,194.3928571428572
190.3423913043478,195.2500000000001,203.9166666666667,203.6428571428572,202.0833333333333,201.8,199.5,194.0909090909091,193.45625,194.6785714285715
190.9411764705883,195.2500000000001,204.1388888888889,203.1250000000001,202.2738095238095,201.6,199.7727272727273,194.1818181818182,193.73125,195.0312500000001
191.5882352941177,195.3068181818182,204.3611111111112,201.0000000000001,202.4642857142857,201.4,200.0454545454545,194.2727272727273,194.00625,195.4062500000001
191.9,195.534090909091,204.5833333333334,200.0000000000001,202.6547619047619,201.2,200.3181818181818,194.3636363636364,194.28125,195.7812500000001
192.1,195.7613636363637,204.7375,199.2500000000001,202.8452380952381,201,200.5909090909091,194.4545454545454,194.55625,196.1562500000001
192.3,195.9886363636364,204.6875000000001,199.2500000000001,203.0357142857143,201.2,200.8636363636364,194.5454545454546,194.83125,196.8125000000001
192.5,196.2159090909091,204.6375000000001,199.2500000000001,203.2261904761905,201.4,201.0555555555555,194.6363636363636,195.10625,197.5625000000001
192.7,196.4431818181819,204.5875000000001,199.8333333333334,203.4166666666667,201.6,201.1666666666667,194.7272727272727,195.38125,197.8333333333334
192.9,196.6704545454546,204.5375000000001,200.6111111111112,203.6071428571429,201.8,201.2777777777778,194.8181818181818,195.65625,197.9444444444445
193.1,196.8977272727273,204.4875000000001,201.388888888889,203.7142857142857,202,201.3888888888889,194.9090909090909,195.93125,198.0555555555556
193.2115384615385,197.1250000000001,204.4375000000001,202.1666666666667,203.5714285714286,202.2,201.5,195,196.075,198.1666666666667
193.0576923076923,197.3522727272728,204.3875,202.9285714285715,203.4285714285714,202.4,201.6111111111111,195.2121212121212,196.175,198.3125000000001
192.9038461538462,197.5795454545455,204.3375000000001,203.6428571428572,203.2857142857143,202.6,201.7222222222222,195.4242424242424,196.275,198.5625000000001
192.75,197.8437500000001,204.2875000000001,204.3571428571429,203.1428571428571,202.8,201.8333333333333,195.6363636363636,196.375,198.8125000000001
192.5961538461539,198.2187500000001,204.2375,205.0714285714286,203,203,201.9444444444445,195.8484848484848,196.475,199.0625000000001
192.4423076923077,198.5937500000001,204.1875000000001,204.1250000000001,202.8571428571428,203.1875,202.1071428571429,196.0606060606061,196.575,199.4687500000001
192.2884615384616,198.9687500000001,204.1375,202.6250000000001,202.7142857142857,203.375,202.3214285714286,196.2727272727273,196.675,200.3437500000001
192.1578947368422,199.2343750000001,204.0875,202.3437500000001,202.5714285714286,203.5625,202.5357142857143,196.4848484848485,196.775,201.2187500000001
192.0350877192983,199.1718750000001,204.0375000000001,202.4687500000001,202.6956521739131,203.75,202.75,196.6969696969697,196.875,202.0937500000001
191.9122807017544,199.1093750000001,203.9875000000001,202.5937500000001,203.0869565217391,203.9375,202.9642857142857,197.3043478260869,196.975,202.8888888888889
191.7894736842106,199.0468750000001,203.9375000000001,202.7187500000001,203.4782608695652,204.125,203.1785714285714,198.0434782608696,197.1436170212766,203.4444444444445
191.6666666666667,198.9843750000001,203.8875,203.0714285714286,203.8695652173913,204.3125,203.3928571428571,198.7826086956522,197.3351063829787,204.0000000000001
191.5438596491228,198.9218750000001,203.8375,203.5000000000001,204.2608695652174,204.5,203.6071428571429,199.5217391304348,197.5265957446808,204.5555555555556
191.421052631579,198.8593750000001,203.7875000000001,203.9285714285715,204.6521739130435,204.6875,203.8214285714286,200.2608695652174,197.718085106383,205.1111111111111
192.125,198.7968750000001,203.8000000000001,204.3571428571429,204.9545454545455,204.875,204.0357142857143,201,197.9095744680851,205.4000000000001
192.9054054054054,198.1666666666667,204.0000000000001,204.7857142857143,205.2272727272727,205.0625,204.25,200.9090909090909,198.1010638297873,205.6000000000001
192.9864864864865,195.8333333333334,204.2,205.2142857142858,205.5,205.25,204.4642857142857,200.8181818181818,198.2925531914894,205.8000000000001
193.0675675675676,195.6875000000001,204.4,205.6428571428572,205.7727272727273,205.4375,204.6785714285714,200.7272727272727,198.4840425531915,206.0000000000001
193.1486486486487,196.2708333333334,204.6000000000001,205.7500000000001,206.0454545454545,205.625,204.8928571428572,200.6363636363636,198.6755319148936,206.2
193.2297297297298,196.8541666666667,204.8000000000001,205.7500000000001,206.1578947368421,205.8125,205.0909090909091,200.5454545454546,198.8670212765958,206.4000000000001
193.9516129032258,197.4375000000001,205.0000000000001,205.7500000000001,205.7894736842105,206,205.2727272727273,200.4545454545454,199.0585106382979,206.6000000000001
194.8870967741936,198.0208333333334,205.2,205.7500000000001,205.421052631579,206.1864406779661,205.4545454545454,200.3636363636363,199.25,206.7115384615385
195.8225806451613,198.6041666666667,205.3863636363637,205.7500000000001,205.0526315789474,206.3728813559322,205.6363636363636,200.2727272727273,199.4852941176471,206.5576923076924
196.758064516129,199.0961538461539,205.5681818181819,205.7500000000001,204.6842105263158,206.5593220338983,205.8181818181818,200.4545454545454,199.7205882352941,206.4038461538462
197.1666666666667,199.5576923076924,205.7500000000001,205.7500000000001,204.5714285714286,206.7457627118644,206,200.7272727272727,199.9558823529412,206.2500000000001
197.5000000000001,200.0192307692308,205.9318181818182,205.7500000000001,204.7142857142857,206.9322033898305,206.1818181818182,201,200.1911764705882,206.0961538461539
197.8333333333334,200.4807692307693,206.1136363636364,205.7500000000001,204.8571428571429,207.1186440677966,206.3636363636363,201.2727272727273,200.4264705882353,205.9423076923077
198.1666666666667,200.9423076923078,206.2696629213484,205.8281250000001,205,207.3050847457627,206.5454545454546,201.5454545454546,200.6617647058823,205.7884615384616
198.5000000000001,201.4038461538462,206.3483146067416,206.1406250000001,205.1428571428571,207.4915254237288,206.7272727272727,201.8181818181818,200.8970588235294,205.8125000000001
198.8333333333334,201.7968750000001,206.4269662921349,206.4531250000001,205.2857142857143,207.6779661016949,206.9090909090909,202.0909090909091,201.1323529411765,205.8958333333334
199.1666666666667,201.9843750000001,206.5056179775281,206.7656250000001,205.4285714285714,207.864406779661,207.051724137931,202.3636363636364,201.4264705882353,205.9791666666667
199.5000000000001,202.1718750000001,206.5842696629214,207.0781250000001,205.5714285714286,208.0508474576271,207.1551724137931,202.6363636363636,201.7794117647059,206.0625000000001
199.8333333333334,202.3593750000001,206.6629213483146,207.3906250000001,205.7142857142857,208.2372881355932,207.2586206896552,202.9090909090909,202.1323529411765,206.1458333333334
200.1666666666667,202.5468750000001,206.7415730337079,207.7031250000001,205.972972972973,208.4237288135593,207.3620689655173,203.1818181818182,202.4852941176471,206.2291666666667
200.3571428571429,202.7343750000001,206.8202247191011,208.0156250000001,206.2702702702703,208.6101694915254,207.4655172413793,203.4545454545455,202.8382352941177,206.3035714285715
200.5000000000001,202.9218750000001,206.8988764044944,208.2916666666667,206.5675675675676,208.7333333333333,207.5689655172414,203.7272727272727,203.1911764705882,206.3750000000001
200.6428571428572,203.1093750000001,206.9775280898876,208.4583333333334,206.8648648648648,208.6666666666667,207.6724137931035,204,203.5441176470588,206.4464285714286
200.7857142857143,203.2380952380953,207.0561797752809,208.6250000000001,207.1621621621622,208.6,207.7816901408451,204.4,203.8970588235294,206.5178571428572
200.9285714285715,203.1904761904763,207.125,208.7916666666667,207.4594594594595,208.5333333333333,207.9084507042253,204.8,204.25,206.5892857142858
201.0714285714286,203.1428571428572,207.125,208.9583333333334,207.7567567567568,208.4666666666667,208.0352112676056,205.2,204.4944444444444,206.6607142857144
201.2142857142858,203.0952380952381,207.125,209.1250000000001,208.0540540540541,208.4,208.1619718309859,205.6,204.7388888888889,206.7321428571429
201.3571428571429,203.0476190476191,207.1517857142857,209.1818181818182,208.3513513513514,208.3333333333333,208.2887323943662,206,204.9833333333333,206.8863636363637
201.5000000000001,203.0000000000001,207.2232142857143,208.909090909091,208.6,208.2666666666667,208.4154929577465,206.4,205.2277777777778,207.0681818181819
201.6428571428572,202.952380952381,207.2946428571428,208.6363636363637,208.8,208.4782608695652,208.5422535211268,206.8,205.4722222222222,207.2500000000001
201.7857142857144,202.904761904762,207.3660714285714,208.3636363636364,209,208.7826086956522,208.6690140845071,207.2,205.7166666666667,207.4318181818182
201.9285714285715,202.8571428571429,207.6666666666667,208.0909090909091,209.2,209.0869565217391,208.7957746478873,207.6,205.9611111111111,207.6136363636364
202.0714285714286,202.8095238095239,208,207.8181818181819,209.4,209.3913043478261,208.9225352112676,208,206.2055555555555,207.8750000000001
202.2142857142858,202.7619047619048,208.3333333333334,208.2187500000001,209.6,209.6956521739131,209.0492957746479,208,206.45,208.3750000000001
202.2800000000001,202.8571428571429,208.6666666666667,208.8437500000001,209.6842105263158,210,209.1760563380282,208,206.6944444444445,208.8750000000001
202.3200000000001,203.0000000000001,209.1250000000001,209.4687500000001,209.4210526315789,210.1538461538462,209.3028169014084,208,206.9388888888889,209.3750000000001
202.3600000000001,203.1428571428572,209.6250000000001,210.0937500000001,209.1578947368421,210.3076923076923,209.4295774647887,208,207.1824324324324,209.7666666666667
202.4000000000001,203.325,210.1250000000001,210.7857142857143,208.8947368421053,210.4615384615385,209.556338028169,208,207.4256756756757,209.8333333333334
202.4400000000001,203.6250000000001,210.6250000000001,211.5000000000001,208.6315789473684,210.6153846153846,209.6830985915493,208,207.6689189189189,209.9
202.4800000000001,203.9250000000001,211.1250000000001,212.2142857142858,208.7142857142858,210.7692307692308,209.8098591549296,208,207.9121621621621,209.9666666666667
202.52,204.2250000000001,211.3181818181819,212.8,209.1428571428571,210.9230769230769,209.9366197183099,208,208.1554054054054,210.0333333333334
202.5600000000001,204.5250000000001,211.4090909090909,213.0000000000001,209.5714285714286,211.0769230769231,210.2391304347826,208.4285714285714,208.3986486486486,210.1000000000001
202.6000000000001,204.7763157894737,211.5000000000001,213.2,210,211.2307692307692,210.7173913043478,208.8571428571429,208.6418918918919,210.1666666666667
202.64,204.8815789473685,211.5909090909091,213.4000000000001,211.2448979591837,211.3846153846154,211.1956521739131,209.2857142857143,208.8851351351351,210.2333333333334
202.6800000000001,204.9868421052632,211.6818181818182,213.6000000000001,212.7307692307693,211.5384615384615,211.6739130434783,209.7142857142857,209.1283783783784,210.5227272727273
202.7200000000001,205.092105263158,211.7727272727273,213.764705882353,212.6538461538461,211.6923076923077,212.1521739130435,210.1428571428571,209.3910256410256,210.8863636363637
202.8017241379311,205.1973684210527,211.8636363636364,213.8235294117648,212.5769230769231,211.8461538461538,212.6304347826087,210.5714285714286,209.6730769230769,211.2500000000001
203.0086206896552,205.3026315789474,211.9545454545455,213.8823529411765,212.5,212,212.7857142857143,211,209.9551282051282,211.6136363636364
203.2155172413794,205.4078947368422,212.0454545454546,213.9411764705883,212.4230769230769,212.0625,212.8333333333333,211.6666666666667,210.2371794871795,211.9772727272728
203.4224137931035,205.5131578947369,212.1206896551724,214.0000000000001,212.3461538461539,212.125,212.8809523809524,212.3333333333333,210.5192307692308,212.3214285714286
203.6293103448276,205.6184210526316,212.0862068965517,214.0588235294118,212.2692307692307,212.1875,212.9285714285714,213,210.801282051282,212.6071428571429
203.8362068965518,205.7236842105264,212.051724137931,214.1176470588236,212.28,212.25,212.9761904761905,213.0714285714286,211.0833333333333,212.8928571428572
204.0431034482759,205.8653846153847,212.0172413793103,214.1764705882354,212.32,212.3125,212.9285714285714,213.1428571428572,211.3653846153846,213.1785714285715
204.2500000000001,206.0192307692308,211.9827586206897,214.2352941176471,212.36,212.375,212.7857142857143,213.2142857142857,211.6474358974359,213.4642857142858
204.4568965517242,206.173076923077,211.948275862069,214.2500000000001,212.4,212.4375,212.6428571428571,213.2857142857143,211.9294871794872,213.7500000000001
204.6637931034483,206.3269230769232,211.9137931034483,214.2500000000001,212.44,212.5,212.5,213.3571428571428,212.0326086956522,214.0357142857143
204.8706896551725,206.4807692307693,211.8793103448276,214.2500000000001,212.48,212.5625,212.3571428571429,213.4285714285714,212.0760869565217,214.3928571428572
205.0775862068966,206.6346153846154,211.3333333333334,214.2500000000001,212.4444444444444,212.625,212.2142857142857,213.5,212.1195652173913,214.9642857142858
205.2844827586208,206.7884615384616,210.7142857142858,214.1562500000001,212.3333333333333,212.6875,212.0714285714286,213.5714285714286,212.1630434782609,215.5357142857143
205.4913793103449,206.9423076923077,210.175,213.7812500000001,212.2222222222222,212.75,212.1363636363637,213.6428571428571,212.2065217391304,216.1071428571429
205.698275862069,207.0961538461539,209.8750000000001,213.4062500000001,212.1111111111111,212.8125,212.4090909090909,213.7142857142857,212.25,216.3653846153847
205.9166666666667,207.2500000000001,209.5750000000001,213.0312500000001,212,212.875,212.6818181818182,213.7857142857143,212.55,216.5192307692308
206.1388888888889,207.4038461538462,209.275,212.6250000000001,211.8888888888889,212.9375,212.9545454545455,213.8571428571429,212.85,216.673076923077
206.3611111111112,207.5576923076923,208.9750000000001,212.1250000000001,211.7777777777778,213,213.2272727272727,213.9285714285714,213.15,216.8269230769232
206.5833333333334,207.7115384615385,208.8181818181819,211.8750000000001,211.6666666666667,213.5714285714286,213.5,214,213.45,216.9807692307693
206.8055555555556,207.9642857142858,209.0909090909091,212.3750000000001,211.5555555555556,214.1428571428571,213.7727272727273,214.1666666666667,213.75,217.1346153846154
207.0277777777778,208.2500000000001,209.3636363636364,212.8750000000001,211.6785714285714,214.7142857142857,214.0454545454546,214.3333333333333,213.8981481481482,217.2738095238096
207.2500000000001,208.5357142857143,209.6363636363637,213.3750000000001,212.0357142857143,215.2857142857143,214.3181818181818,214.5,214.0462962962963,217.3690476190477
207.4722222222223,208.8214285714286,209.909090909091,213.7777777777778,212.3928571428572,215.8571428571429,214.5909090909091,214.6666666666667,214.1944444444445,217.4642857142858
207.6944444444445,209.1071428571429,210.1818181818182,213.8888888888889,212.75,216.4285714285714,214.8636363636364,214.8333333333333,214.3425925925926,217.5595238095239
207.8478260869566,209.3928571428572,211.2500000000001,214.0000000000001,213.1071428571428,217,215.0833333333333,215,214.4907407407408,217.654761904762
207.9782608695653,209.6785714285715,212.5833333333334,214.1111111111112,213.4642857142857,216.6666666666667,215.25,215.1666666666667,214.6388888888889,217.7500000000001
208.108695652174,209.9375000000001,213.9166666666667,214.2222222222223,213.8214285714286,216.3333333333333,215.4166666666667,215.3333333333333,214.8653846153846,217.8452380952382
208.2391304347827,210.1875000000001,214.3906250000001,214.1666666666667,214.115347920112,216,215.5833333333333,215.5,215.3269230769231,217.9404761904762
208.3695652173914,210.4375000000001,214.5781250000001,214.0555555555556,214.374093626765,215.75,215.75,215.6666666666667,215.7884615384615,218.0357142857143
208.5000000000001,210.6875000000001,214.7656250000001,213.9444444444445,214.6328393334181,215.75,215.9166666666667,215.8333333333333,216.25,218.1309523809524
208.6304347826087,210.9375000000001,214.9531250000001,213.8333333333334,214.8915850400712,215.75,216.0833333333333,216,216.7115384615385,218.2261904761905
208.7608695652174,211.1875000000001,215.1406250000001,213.8000000000001,215.1503307467243,215.75,216.25,216.2222222222222,217.1730769230769,218.2941176470589
208.8913043478261,211.4375000000001,215.3281250000001,214.0000000000001,215.4090764533775,215.765625,216.4166666666667,216.4444444444445,217.6346153846154,218.3529411764706
209.0217391304348,211.6875000000001,215.5156250000001,214.2000000000001,215.6678221600305,215.828125,216.5833333333333,216.6666666666667,217.8541666666667,218.4117647058824
209.1521739130435,211.8750000000001,215.7031250000001,214.4,215.9265678666836,215.890625,216.75,216.8888888888889,217.9930555555556,218.4705882352941
209.2941176470589,212.0416666666667,215.8823529411765,214.6000000000001,216.1853135733367,215.953125,216.9166666666667,217.1111111111111,218.1319444444445,218.5294117647059
209.4705882352942,212.2083333333334,216.0588235294118,214.8750000000001,216.1724137931035,216.015625,216.9516129032258,217.3333333333333,218.2708333333333,218.5882352941177
209.6470588235295,212.3750000000001,216.2352941176471,215.3750000000001,216.0689655172414,216.078125,216.8548387096774,217.5555555555556,218.4097222222222,218.6470588235295
209.8235294117648,212.5416666666667,216.4117647058824,215.8750000000001,215.9655172413793,216.140625,216.758064516129,217.7777777777778,218.5486111111111,218.7058823529412
210.0000000000001,212.7083333333334,216.5882352941177,216.3750000000001,215.8620689655172,216.203125,216.6612903225806,218,218.6875,218.8125000000001
210.1764705882354,212.8750000000001,216.764705882353,216.8750000000001,215.7586206896552,216.2895258140399,216.5645161290323,218.4615384615385,218.8263888888889,219.0625000000001
210.3529411764707,213.0416666666667,216.9411764705883,217.2812500000001,215.6551724137931,216.4476290701993,216.4677419354839,218.9230769230769,218.9652777777778,219.3125000000001
210.5294117647059,213.2083333333334,217.1176470588236,217.4062500000001,215.551724137931,216.6057323263588,216.3709677419355,219.3846153846154,219.2934782608696,219.5625000000001
210.7058823529412,213.2826086956522,216.9285714285715,217.5312500000001,215.5769230769231,216.7638355825183,216.2741935483871,219.8461538461538,219.6847826086957,219.8125000000001
210.7500000000001,213.3260869565218,215.6428571428572,217.6562500000001,215.7307692307692,216.9219388386777,216.4545454545454,220.3076923076923,220.0760869565217,220.0625000000001
210.7500000000001,213.3695652173914,214.3571428571429,217.7812500000001,215.8846153846154,217.0800420948372,216.7272727272727,220.7692307692308,220.4673913043478,220.5526315789474
210.7500000000001,213.4130434782609,213.0714285714286,217.9062500000001,216.0384615384615,217.6053820870994,217,221.2307692307692,220.8586956521739,221.7631578947369
210.7500000000001,213.4565217391305,212.9375000000001,218.0312500000001,216.1923076923077,218.2594494658998,217.2727272727273,221.6923076923077,221.25,222.9736842105263
210.7500000000001,213.5000000000001,213.1875000000001,218.1562500000001,216.3461538461538,218.8214285714286,217.5454545454546,222.1538461538461,221.3066037735849,222.9705882352941
210.7500000000001,213.5434782608696,213.4375000000001,218.1388888888889,216.5,219.1071428571429,217.7631578947369,222.6153846153846,221.3632075471698,222.7941176470589
210.9642857142858,213.5869565217392,213.6875000000001,217.6944444444445,216.6538461538462,219.3928571428572,217.8157894736842,223.0769230769231,221.4198113207547,222.9166666666667
211.2500000000001,213.6304347826087,213.9375000000001,217.2500000000001,216.8076923076923,219.6785714285714,217.8684210526316,223.5384615384615,221.4764150943396,223.138888888889
211.5357142857144,213.6739130434783,214.1875000000001,216.8055555555556,216.9615384615385,219.15,217.921052631579,224,221.5330188679245,223.3611111111111
211.8214285714286,213.7173913043479,214.4375000000001,216.3611111111112,217.1153846153846,218.35,217.9736842105263,221.8,221.5896226415094,223.5833333333334
212.1071428571429,213.7750000000001,214.6875000000001,216.2500000000001,217.2692307692308,217.85,218.1129032258065,221.1,221.6462264150943,223.8055555555556
212.3928571428572,213.8750000000001,214.9000000000001,216.2500000000001,217.4230769230769,218.25,218.3387096774193,220.9,221.7028301886792,224.0277777777778
212.6785714285715,213.9750000000001,215.1000000000001,216.2500000000001,217.5384615384615,218.65,218.5645161290323,221.0625,221.7594339622642,224.2500000000001
213.0178571428572,214.075,215.3,216.2500000000001,217.6153846153846,219.05,218.7903225806451,222.3125,221.8160377358491,224.4722222222223
213.3750000000001,214.1750000000001,215.5000000000001,216.2500000000001,217.6923076923077,219.45,219.016129032258,223.28,221.872641509434,224.6944444444445
213.7321428571429,214.2750000000001,215.7,216.2500000000001,217.7692307692308,219.8,219.241935483871,223.4,221.9292452830188,224.7968750000001
214.0892857142858,214.3750000000001,215.9,216.2500000000001,217.8461538461538,220,219.4677419354839,223.52,221.9858490566038,224.8593750000001
214.4464285714286,214.4750000000001,216.1000000000001,216.2500000000001,217.9230769230769,220.2,219.6935483870968,223.64,222.2019230769231,224.9218750000001
214.8035714285715,214.575,216.3125000000001,216.2500000000001,218,220.4,219.9827586206897,223.76,222.4711538461539,224.9843750000001
215.1607142857143,214.675,216.5625000000001,216.2500000000001,218.0769230769231,220.6,220.2931034482759,223.88,222.7403846153846,225.0468750000001
215.2500000000001,214.7916666666667,216.8125000000001,216.2500000000001,218.1538461538461,220.8,220.6034482758621,224,223.0096153846154,225.1093750000001
215.2500000000001,214.9583333333334,217.0625000000001,216.2500000000001,218.2307692307692,221,220.9137931034483,224.0769230769231,223.2788461538462,225.1718750000001
215.2500000000001,215.1250000000001,217.3125000000001,216.2500000000001,218.3076923076923,220.7741935483871,221.2241379310345,224.1538461538462,223.5480769230769,225.2343750000001
215.2500000000001,215.2916666666667,217.5625000000001,216.2500000000001,218.3846153846154,220.5483870967742,221.5344827586207,224.2307692307692,223.875,225.2500000000001
215.2500000000001,215.4583333333334,217.7833333333334,216.2500000000001,218.4615384615385,220.3225806451613,221.8448275862069,224.3076923076923,224.375,225.2500000000001
215.2500000000001,215.6250000000001,217.9166666666667,216.4000000000001,218.5,220.0967741935484,222.18,224.3846153846154,224.875,225.2500000000001
215.3,215.7916666666667,218.0500000000001,216.6,218.5,219.8709677419355,222.54,224.4615384615385,225.375,225.2500000000001
215.5000000000001,215.9583333333334,218.1833333333334,216.8,218.5,219.6451612903226,222.9,224.5384615384615,225.875,225.2500000000001
215.7,216.1250000000001,218.3166666666667,217.0000000000001,218.5,219.4193548387097,223.26,224.6153846153846,226,225.2500000000001
215.9,216.2777777777778,218.45,217.2,218.5,219.25,223.62,224.6923076923077,226,225.2500000000001
216.1000000000001,216.3888888888889,218.5833333333334,217.4,218.5,219.25,223.98,224.7692307692308,226,225.2857142857143
216.3000000000001,216.5000000000001,218.7166666666667,217.6000000000001,218.5,219.25,224.2826086956522,224.8461538461539,226,225.4285714285715
216.5000000000001,216.6111111111112,218.6428571428572,217.8,218.5,219.25,224.4130434782609,224.9230769230769,226,225.5714285714286
216.7000000000001,216.7222222222223,218.5000000000001,218.0000000000001,218.5,219.25,224.5434782608696,225,225.75,225.7142857142858
216.8214285714286,216.3333333333334,218.3571428571429,218.2,218.5769230769231,219.25,224.6739130434783,225.3333333333333,225.4166666666667,225.8571428571429
216.9166666666667,215.7777777777778,218.2142857142858,218.4500000000001,218.7307692307692,219.25,224.8043478260869,225.6666666666667,225.0833333333333,226.0000000000001
217.0119047619048,215.2222222222223,218.0714285714286,218.7166666666667,218.8846153846154,219.3333333333333,224.9347826086956,226,225.3970588235294,226.1428571428572
217.1071428571429,214.6666666666667,217.9285714285715,218.9833333333334,219.0384615384615,219.6666666666667,225.0128205128205,226.3333333333333,225.9264705882353,226.2951807228916
217.202380952381,214.0833333333334,217.7857142857143,219.2500000000001,219.1923076923077,220,225.0384615384615,226.6666666666667,226.4558823529412,226.4759036144579
217.2976190476191,213.4166666666667,217.9750000000001,219.5166666666667,219.3461538461538,220.3333333333333,225.0641025641026,227,226.985294117647,226.6566265060242
217.3928571428572,212.7500000000001,218.275,219.7833333333334,219.5,220.6666666666667,225.0897435897436,227.3333333333333,227.35,226.8373493975904
217.4880952380953,212.3417721518988,221.2857142857143,220.05,219.6538461538462,221,225.1153846153846,227.6666666666667,227.55,227.0180722891567
217.5833333333334,212.7088607594937,221.1428571428571,220.325,219.8076923076923,221.3333333333333,223.484375,228,227.75,227.1987951807229
217.6785714285715,213.0759493670886,219.6666666666667,220.6250000000001,219.9615384615385,221.6666666666667,220.859375,228.0714285714286,227.95,227.3795180722892
217.7894736842106,213.4430379746836,219.3108108108109,220.9250000000001,220.1153846153846,222,219.5740740740741,228.1428571428571,228.1693548387097,227.5602409638554
217.9473684210527,214.4755275955919,219.3918918918919,221.2250000000001,220.2692307692308,222.25,219.0925925925926,228.2142857142857,228.3951612903226,227.7409638554217
218.1052631578948,215.6433587650025,219.472972972973,221.5250000000001,220.4230769230769,222.5,218.6111111111111,228.2857142857143,228.6209677419355,227.9216867469879
218.2631578947369,216.8111899344131,219.5540540540541,221.7884615384616,220.68,222.75,219.625,228.3571428571429,228.8467741935484,228.1024096385542
218.421052631579,217.9790211038237,220.25,221.9423076923078,221.04,223,223.7698412698413,228.4285714285714,229.0725806451613,228.3333333333334
218.5789473684211,217.3375,221.4134615384615,222.0961538461539,221.4,223.25,223.8492063492064,228.5,229.2983870967742,228.5714285714286
218.7368421052632,216.4375,222.0288461538461,222.2500000000001,221.76,223.5,223.9285714285714,228.5714285714286,229.5241935483871,228.7777777777779
218.8947368421053,216,222.6442307692308,222.4038461538462,222.12,223.75,224.0079365079365,228.6428571428571,229.75,228.8888888888889
219.0526315789474,216.3333333333334,222.7307692307693,222.5576923076923,222.48,224,224.0873015873016,228.7142857142857,229.25,229.0000000000001
219.2105263157895,216.6666666666667,222.5,222.7115384615385,222.8409090909091,224.25,224.1666666666667,228.7857142857143,228.75,229.1111111111112
219.3437500000001,217.0000000000001,222.2692307692308,221.8125000000001,223.2045454545454,224.5,224.2460317460317,228.8571428571429,228.25,229.2222222222223
219.4687500000001,217.2812500000001,221.72,220.5625000000001,223.5681818181818,224.75,224.3253968253968,228.9285714285714,227.75,229.3333333333334
219.5937500000001,217.4062500000001,220.64,220.0625000000001,223.9318181818182,225,224.4047619047619,229,227.25,229.4444444444445
219.7187500000001,217.5312500000001,219.5600000000001,219.8125000000001,224.2954545454545,225.25,224.484126984127,229.1875,226.75,229.5555555555556
220.014705882353,217.6562500000001,218.7941176470589,219.5625000000001,224.6590909090909,225.5,224.5634920634921,229.375,227.375,229.6666666666667
220.3676470588236,217.7666666666667,218.9705882352942,219.3125000000001,224.375,225.75,224.6428571428571,229.5625,228,229.8035714285715
220.7205882352942,217.8333333333334,219.1470588235295,219.7187500000001,223.875,226,224.7222222222222,229.75,228.625,230.0178571428572
221.0735294117648,217.9,219.3235294117648,220.3437500000001,223.375,225.9090909090909,224.8015873015873,229.9375,229.25,230.2321428571429
221.4264705882354,217.9666666666667,219.5000000000001,220.9687500000001,222.875,225.8181818181818,224.8809523809524,230.125,229.7884615384615,230.4464285714286
221.779411764706,218.0333333333334,219.6764705882354,221.5937500000001,222.625,225.7272727272727,224.9603174603175,230.3125,230.3269230769231,230.6607142857143
222.1323529411765,218.1000000000001,219.8529411764706,222.1785714285715,222.4583333333333,225.6363636363637,225.0666666666667,230.5,230.8653846153846,230.8750000000001
222.4852941176471,218.1666666666667,220.0294117647059,222.75,222.2916666666667,225.5454545454546,225.2,230.6875,231.075,231.0892857142858
222.8,218.2333333333334,220.2058823529412,223.3214285714286,222.1136363636363,225.4545454545454,225.3333333333333,230.875,231.175,231.2800000000001
223.0000000000001,218.4545454545455,220.3823529411765,223.8269230769232,221.9318181818182,225.3636363636364,225.4666666666667,231.0625,231.275,231.4
223.2000000000001,218.7272727272728,220.5588235294118,224.1346153846154,221.75,225.2727272727273,225.6,231.25,231.375,231.52
223.4,219.0000000000001,220.7352941176471,224.4423076923077,221.5681818181818,225.1818181818182,225.7333333333333,231.4375,231.475,231.6481481481482
223.6000000000001,219.2727272727273,220.9117647058824,224.7500000000001,221.3863636363637,225.0909090909091,225.8666666666667,231.625,231.575,231.8333333333334
223.7,219.5454545454546,221.0882352941177,225.0576923076924,221.2909090909091,225,226,231.8125,231.675,232.0185185185186
223.5000000000001,219.7321428571429,221.264705882353,225.3653846153847,221.4545454545454,224.6,226.1333333333333,232,231.775,232.2037037037038
223.3000000000001,219.6607142857143,221.4411764705883,225.673076923077,221.6181818181818,224.2,226.2666666666667,231.9333333333333,231.875,232.3333333333334
223.1000000000001,219.5892857142858,221.6176470588236,225.6176470588236,221.7818181818182,223.8,226.4,231.8666666666667,231.975,232.4444444444445
222.9,219.5178571428572,221.7083333333334,225.4411764705883,221.9454545454545,223.4,226.5333333333333,231.8,231.55,232.5555555555556
222.6562500000001,219.4464285714286,221.5416666666667,225.264705882353,222.1090909090909,223,226.6666666666667,231.7333333333333,230.95,232.6666666666667
222.2812500000001,219.3750000000001,221.3750000000001,225.0882352941177,222.2727272727273,222.6,226.8,231.6666666666667,230.35,232.7777777777778
221.9062500000001,219.3035714285715,221.2083333333334,224.9117647058824,222.4363636363636,222.2,226.9333333333333,231.6,229.75,232.8888888888889
221.5312500000001,219.3,221.0416666666667,224.7352941176471,222.6,221.8,227.0416666666667,231.5333333333333,229.15,233
221.3076923076924,219.5000000000001,220.8750000000001,224.5588235294118,222.7636363636364,221.4,227.125,231.4666666666667,228.55,233.1111111111111
221.5384615384616,219.7,220.7833333333334,224.3823529411765,222.9272727272727,221,227.2083333333333,231.4,229.9166666666667,233.3
221.7692307692308,219.9,220.9166666666667,224.2500000000001,223.0909090909091,220.9411764705882,227.2916666666667,231.3333333333333,233.25,233.5
222.0000000000001,220.1000000000001,221.0500000000001,224.2500000000001,223.2545454545455,220.8823529411765,227.375,231.2666666666667,233.35,233.7
222.2307692307693,220.3000000000001,221.1833333333334,224.2500000000001,223.4181818181818,220.8235294117647,227.4583333333334,231.2,233.45,233.8858695652174
222.4615384615385,220.5000000000001,221.3166666666667,224.2500000000001,223.4705882352941,220.7647058823529,227.5416666666667,231.1333333333334,233.55,233.9728260869565
222.6923076923078,220.7,221.45,224.2500000000001,223.4117647058823,220.75,227.625,231.0666666666667,233.65,234.0597826086956
222.8333333333334,220.9000000000001,221.5833333333334,224.3750000000001,223.3529411764706,220.75,227.7083333333333,231,233.75,234.1467391304348
222.9444444444445,221.1000000000001,221.7166666666667,224.5416666666667,223.2941176470588,220.75,227.7916666666667,231.2727272727273,233.85,234.2336956521739
223.0555555555556,221.2500000000001,221.9750000000001,224.7083333333334,223.2352941176471,220.75,227.875,231.5454545454546,233.95,234.3206521739131
223.1666666666667,221.2500000000001,222.2750000000001,223.5000000000001,223.1764705882353,220.75,227.9583333333333,231.8181818181818,234.05,234.3648648648649
223.3409090909092,221.2500000000001,222.575,222.1428571428572,223.1176470588235,220.9642857142857,228.0555555555555,232.0909090909091,234.15,234.3378378378379
223.7045454545455,221.2500000000001,222.8750000000001,221.7142857142858,223.0588235294118,221.8214285714286,228.1666666666667,232.3636363636363,234.25,234.3108108108108
224.0681818181819,221.2500000000001,223.175,221.2857142857143,223,222.6785714285714,228.2777777777778,232.6363636363636,234.3676470588235,234.2837837837838
224.4318181818182,221.2500000000001,223.3571428571429,220.8571428571429,222.9411764705882,223.5357142857143,228.3888888888889,232.9090909090909,234.485294117647,234.2567567567568
224.7954545454546,221.2500000000001,223.5000000000001,221.3928571428572,222.8823529411765,224.03125,228.5,233.1818181818182,234.6029411764706,234.264705882353
225.159090909091,221.2500000000001,223.6428571428572,222.2500000000001,222.8235294117647,224.40625,228.6111111111111,233.4545454545454,234.7205882352941,234.2843137254903
225.2500000000001,221.2500000000001,223.7857142857143,223.1071428571429,222.764705882353,224.78125,228.7222222222222,233.7272727272727,234.8382352941176,234.3039215686275
225.2500000000001,221.3382352941177,223.9285714285715,224.0000000000001,222.7058823529412,225.15625,228.8333333333333,234,234.9558823529412,234.3235294117648
225.2500000000001,221.4558823529412,224.0714285714286,225.0000000000001,222.6470588235294,225.5,228.9444444444445,234.4782608695652,235.0735294117647,234.343137254902
225.2500000000001,221.5735294117648,224.2142857142858,225.423076923077,222.5882352941177,225.8333333333334,229.2,234.9565217391304,235.1911764705882,234.3627450980392
225.2500000000001,221.6911764705883,224.2968750000001,225.6538461538462,222.5294117647059,226.1666666666667,229.6,235.4347826086957,235.25,234.4333333333333
225.2500000000001,221.8088235294118,224.3593750000001,225.8846153846154,222.4634146341463,226.5,230,235.9130434782609,235.25,234.5888888888889
225.2500000000001,221.9264705882354,224.4218750000001,226.1153846153847,222.390243902439,226.7647058823529,230.4,236.3913043478261,235.25,234.7444444444445
225.2500000000001,222.0441176470589,224.4843750000001,226.3461538461539,222.3170731707317,226.8235294117647,230.8,236.8055555555556,235.25,234.9
225.2500000000001,222.1617647058824,224.5468750000001,226.5769230769232,222.2439024390244,226.8823529411765,230.9285714285714,237.0277777777778,235.25,235.0555555555556
225.2500000000001,222.3055555555556,224.6093750000001,226.7250000000001,222.1707317073171,226.9411764705882,230.7857142857143,237.25,235.25,235.2111111111112
225.2666666666667,222.5277777777778,224.6718750000001,226.6250000000001,222.0975609756098,227,230.6428571428571,237.4722222222222,235.25,235.3437500000001
225.3333333333334,222.7500000000001,224.7343750000001,226.5250000000001,222.0243902439024,226.5882352941176,230.5,237.6944444444444,235.3189655172414,235.4687500000001
225.4,222.9722222222223,224.6428571428572,226.425,221.9512195121951,226.1764705882353,230.3571428571428,237.5625,235.4568965517242,235.5937500000001
225.4666666666667,223.1944444444445,224.5000000000001,226.3250000000001,221.8780487804878,225.7647058823529,230.2142857142857,237.3125,235.5948275862069,235.7187500000001
225.5333333333334,223.0833333333334,224.3571428571429,226.2500000000001,221.8048780487805,225.3529411764706,230.0714285714286,237.0625,235.7327586206897,235.8636363636364
225.6000000000001,222.8611111111112,224.2142857142858,226.2500000000001,221.7714285714286,225.1875,229.9285714285714,236.8125,235.8706896551724,236.0151515151515
225.6666666666667,222.6388888888889,224.0714285714286,226.2500000000001,221.8571428571429,225.1041666666667,229.7857142857143,236.5625,236.0086206896552,236.1666666666667
225.7333333333334,222.4166666666667,223.9285714285715,226.1250000000001,221.9428571428571,225.0208333333333,229.6428571428571,236.3125,236.1465517241379,236.3181818181818
225.9500000000001,222.2500000000001,223.7857142857144,225.6250000000001,222.0285714285714,224.9375,229.5,235.9090909090909,236.2844827586207,236.4230769230769
226.2166666666667,222.2500000000001,223.7500000000001,225.1250000000001,222.1142857142857,224.8541666666667,229.3571428571429,235.4545454545455,236.4224137931034,236.5
226.4833333333334,222.2500000000001,223.7500000000001,224.6250000000001,222.2,224.7708333333333,229.2142857142857,235,236.5603448275862,236.5769230769231
226.7500000000001,222.2500000000001,223.7500000000001,224.1250000000001,222.2857142857143,224.7627118644068,229.0714285714286,234.5454545454546,236.698275862069,236.6538461538462
227.0166666666667,222.2500000000001,224.0384615384616,223.6666666666667,222.3714285714286,224.7796610169491,229,234.0909090909091,236.8362068965517,236.7307692307693
227.2833333333334,222.7500000000001,224.423076923077,223.3333333333334,222.4571428571429,224.7966101694915,229,233.7878787878788,236.9741379310345,236.8181818181819
227.55,223.4166666666667,224.8076923076923,223.0000000000001,222.452380952381,224.8135593220339,229,233.9393939393939,237.1120689655172,236.909090909091
227.6388888888889,224.0833333333334,225.1923076923078,222.6666666666667,222.3571428571429,224.8305084745763,229,234.0909090909091,237.25,237.0000000000001
227.1944444444445,224.7500000000001,225.5769230769231,222.3333333333334,222.2619047619048,224.8474576271186,229,234.2424242424242,236.9891304347826,237.0909090909091
226.7500000000001,225.2678571428572,225.9615384615385,222.5000000000001,222.1666666666667,224.864406779661,229,234.3939393939394,236.7282608695652,237.1818181818182
226.3055555555556,225.3392857142858,226.3500000000001,222.8333333333334,222.0714285714286,224.8813559322034,229,234.5454545454545,236.4673913043478,237.298076923077
225.8611111111111,225.4107142857144,226.7500000000001,223.1666666666667,221.9761904761905,224.8983050847457,229,234.6969696969697,236.2065217391304,237.4903846153847
225.7916666666667,225.4821428571429,227.1500000000001,223.5000000000001,221.8809523809524,224.9152542372881,229,234.8484848484848,235.9456521739131,237.6826923076923
225.8472222222223,225.5535714285715,227.5500000000001,223.8461538461539,221.7857142857143,224.9322033898305,229,235,235.7236842105263,237.8750000000001
225.9027777777778,225.6250000000001,227.95,224.2307692307693,221.6904761904762,224.9491525423729,229.1666666666667,235.3,235.6184210526316,238.0673076923078
225.9583333333334,225.6964285714286,228.2115384615385,224.6153846153847,221.5952380952381,224.9661016949153,229.5,235.6,235.5131578947368,238.2596153846154
226.0138888888889,225.7656250000001,228.0576923076924,225.0000000000001,221.5,224.9830508474576,229.8333333333333,235.9,235.4078947368421,238.4519230769231
226.0694444444445,225.8281250000001,227.9038461538462,225.3846153846154,221.4047619047619,225,230.1666666666667,236.2,235.3026315789474,238.6442307692308
226.1250000000001,225.8906250000001,227.7500000000001,225.7692307692308,221.3095238095238,224.9285714285714,230.5,236.5,235.328947368421,238.8365384615385
226.1805555555556,225.9531250000001,227.5961538461539,226.1538461538462,221.2142857142857,224.8571428571429,230.7631578947368,236.8,235.4868421052632,239.0288461538462
226.2361111111112,226.0156250000001,227.4423076923077,226.3750000000001,221.1190476190476,224.7857142857143,230.8157894736842,237.1,235.6447368421053,239.2211538461539
226.3076923076923,226.0781250000001,227.2884615384616,226.5416666666667,221.0238095238095,224.7142857142857,230.8684210526316,237.4,235.8026315789474,239.4134615384616
226.3846153846154,226.1406250000001,227.3181818181819,226.7083333333334,220.9285714285714,224.6428571428571,230.921052631579,237.7,235.9605263157895,239.6057692307693
226.4615384615385,226.2031250000001,227.409090909091,226.8750000000001,220.8333333333333,224.5714285714286,230.9736842105263,238,236.0535714285714,239.7166666666667
226.5384615384616,226.3000000000001,227.5000000000001,227.0416666666667,220.7380952380952,224.5,231,237.9777777777778,236.125,239.5833333333334
226.6153846153847,226.5000000000001,227.5909090909092,227.2083333333334,220.6428571428571,224.4285714285714,231,237.9555555555555,236.1964285714286,239.45
226.6923076923078,226.7,227.6818181818182,227.3750000000001,220.547619047619,224.3571428571428,231,237.9333333333334,236.2678571428572,239.3166666666667
226.7968750000001,226.9000000000001,227.7,227.5416666666667,220.5294117647059,224.2857142857143,231,237.9111111111111,236.3392857142857,239.1833333333334
226.9843750000001,227.1000000000001,227.5000000000001,227.7083333333334,220.5882352941177,224.2142857142857,231,237.8888888888889,236.4107142857143,239.0500000000001
227.1718750000001,227.3000000000001,227.3000000000001,227.8333333333334,220.6470588235294,224.1428571428572,231,237.8666666666667,236.4821428571429,238.9166666666667
227.3593750000001,227.5000000000001,227.1000000000001,227.9444444444445,220.7058823529412,224.0714285714286,231,237.8444444444444,236.5535714285714,238.7833333333334
227.5468750000001,227.7,226.9000000000001,228.0555555555556,220.764705882353,224,231,237.8222222222222,236.625,238.6875000000001
227.7343750000001,227.6818181818182,226.7812500000001,228.1666666666667,220.8235294117647,223.6315789473684,231,237.8,236.6964285714286,238.6041666666667
227.9218750000001,227.5909090909092,226.9062500000001,228.2777777777778,220.8823529411765,223.2631578947368,230.9285714285714,237.7777777777778,236.7678571428572,238.5208333333334
228.1093750000001,227.5000000000001,227.0312500000001,228.388888888889,220.9411764705882,222.8947368421053,230.7857142857143,237.7555555555556,236.8392857142857,238.4375000000001
228.2708333333334,227.409090909091,227.1562500000001,228.5000000000001,221,222.5263157894737,230.6428571428571,237.6875,236.9107142857143,238.3541666666667
228.3541666666667,227.3181818181819,227.2812500000001,228.6111111111111,221.0588235294118,222.2916666666667,230.5,237.6041666666666,236.9821428571429,238.2708333333334
228.4375000000001,227.1500000000001,227.4062500000001,228.7222222222223,221.1176470588235,222.4583333333333,230.3571428571429,237.5208333333334,237.15,238.2875000000001
228.5208333333334,226.7500000000001,227.5312500000001,228.5833333333334,221.1764705882353,222.625,230.2142857142857,237.4375,237.35,238.3375
228.6041666666667,226.3500000000001,227.6562500000001,228.3611111111112,221.235294117647,222.9642857142857,230.0714285714286,237.3541666666667,237.55,238.3875
228.6875000000001,226.8928571428572,227.8125000000001,228.1388888888889,221.2941176470588,223.8214285714286,229.9285714285714,237.2708333333333,237.75,238.4375000000001
228.7666666666667,227.7500000000001,228.0625000000001,227.9166666666667,221.3529411764706,224.6785714285714,229.7857142857143,237.3142857142857,237.95,238.4875000000001
228.8333333333334,228.6071428571429,228.3125000000001,227.6388888888889,221.4117647058824,225.5357142857143,229.6428571428571,237.4,238.15,238.5375000000001
228.9,229.2187500000001,228.5625000000001,227.1944444444445,221.4705882352941,225.671052631579,229.5,237.4857142857143,238.1184210526316,238.5875000000001
228.9666666666667,229.0937500000001,228.8125000000001,226.7500000000001,221.5,225.5657894736842,229.3571428571429,237.5714285714286,237.8552631578947,238.6375000000001
229.0333333333334,228.9687500000001,229.0625000000001,226.3055555555556,221.5,225.4605263157895,229.2142857142857,237.6571428571428,237.5921052631579,238.6875000000001
229.1000000000001,228.8437500000001,229.1875000000001,225.8611111111111,221.5,225.3552631578947,229.0714285714286,237.7428571428571,237.328947368421,238.7375000000001
229.1666666666667,228.7142857142858,228.9375000000001,225.5454545454546,221.5,225.25,228.9545454545455,237.8285714285714,237.0657894736842,238.9
229.2333333333334,228.5714285714286,228.6875000000001,225.2727272727273,221.5,225.1447368421053,228.8636363636364,237.9142857142857,237.1590909090909,239.1000000000001
229.3500000000001,228.4285714285715,228.4375000000001,225.0000000000001,221.5,225.0394736842105,228.7727272727273,238,237.3712121212121,239.2250000000001
229.4833333333334,228.2857142857144,228.1875000000001,224.7272727272728,221.5,224.9342105263158,228.6818181818182,238.1111111111111,237.5833333333334,239.1250000000001
229.6166666666667,227.3500000000001,227.9375000000001,224.4545454545455,221.5,224.828947368421,228.5909090909091,238.2222222222222,237.7954545454545,239.0250000000001
229.7500000000001,226.1500000000001,227.7142857142858,224.3500000000001,221.5,224.765625,228.5,238.3333333333333,238.0075757575758,238.925
229.8833333333334,225.3333333333334,227.5714285714286,224.7500000000001,221.5,224.828125,228.4090909090909,238.4444444444444,238.219696969697,238.8250000000001
230.0166666666667,225.6666666666667,227.4285714285715,225.1500000000001,221.5,224.890625,228.3181818181818,238.5555555555556,238.4318181818182,238.7708333333334
230.1500000000001,226.0000000000001,227.2857142857143,225.55,221.5,224.953125,228.2272727272727,238.6666666666667,238.6439393939394,238.8541666666667
230.2758620689656,226.3333333333334,227.1428571428572,225.9500000000001,221.5,225.015625,228.1363636363636,238.7777777777778,238.671052631579,238.9375000000001
230.3793103448276,226.6666666666667,227.0000000000001,226.2666666666667,221.5,225.078125,228.0454545454546,238.8888888888889,238.5131578947368,239.0208333333334
230.4827586206897,226.8125000000001,226.8571428571429,226.3333333333334,221.5,225.140625,228.14,239,238.3552631578947,239.1041666666667
230.5862068965517,226.8958333333334,226.8000000000001,226.4,221.5454545454545,225.203125,228.42,238.6666666666667,238.1973684210526,239.1875000000001
230.4285714285714,226.9791666666667,227.0000000000001,226.4666666666668,221.6363636363636,225.1923076923077,228.7,238.3333333333334,238.0394736842105,239.3409090909092
230.1142857142858,227.0625000000001,227.2,226.5333333333334,221.7272727272727,224.9615384615385,228.98,238,237.9642857142858,239.7045454545455
229.8,227.1458333333334,227.4000000000001,226.6000000000001,221.8181818181818,224.7307692307692,229.26,237.6666666666667,237.9166666666667,240.0681818181819
229.4857142857143,227.2291666666667,227.6000000000001,226.6666666666667,221.9090909090909,224.5,229.54,237.3333333333333,237.8690476190476,240.4318181818182
229.3000000000001,227.3823529411765,227.8000000000001,226.7333333333334,222,224.2692307692308,229.7631578947368,237,237.8214285714286,240.7954545454546
229.5000000000001,227.5588235294118,228.0000000000001,227.0312500000001,222.0909090909091,224.0384615384615,229.8157894736842,236.8888888888889,237.7738095238095,241.159090909091
229.7000000000001,227.7352941176471,228.2000000000001,227.4062500000001,222.1818181818182,223.8076923076923,229.8684210526316,236.7777777777778,237.5657894736842,241.2500000000001
229.9000000000001,227.9117647058824,228.6666666666667,227.7812500000001,222.2727272727273,223.75,229.921052631579,236.6666666666666,237.1973684210527,241.2500000000001
230.1000000000001,228.0882352941177,229.2222222222223,228.1562500000001,222.3636363636364,223.75,229.9736842105263,236.5555555555556,236.828947368421,241.2500000000001
230.2142857142858,228.264705882353,229.7777777777778,229.2500000000001,222.4545454545454,223.75,230.0813953488372,236.4444444444445,236.4605263157895,241.2500000000001
230.0714285714286,228.4411764705883,230.3333333333334,230.3500000000001,222.5454545454545,223.75,230.2441860465116,236.3333333333333,236.0921052631579,241.2500000000001
229.9285714285715,228.6176470588236,230.7500000000001,230.7500000000001,222.6363636363637,223.75,230.406976744186,236.2222222222222,236.25,241.3055555555556
229.7857142857143,228.7250000000001,230.7500000000001,231.1500000000001,222.7272727272727,223.8076923076923,230.5697674418605,236.1111111111111,236.5833333333333,241.5277777777779
229.6428571428572,228.6250000000001,230.7500000000001,231.0625000000001,222.7142857142857,224.0384615384615,230.7325581395349,236,236.9166666666667,241.7500000000001
229.5000000000001,228.5250000000001,230.7500000000001,230.8125,222.6666666666667,224.2692307692308,230.8953488372093,236.25,237.25,241.9722222222223
229.3571428571429,228.4250000000001,230.7500000000001,230.5625000000001,222.6190476190476,224.5,231.0581395348837,236.5,237.5833333333333,242.1944444444445
229.2727272727273,228.325,230.1071428571429,230.3125000000001,222.5714285714286,224.7307692307692,231.2209302325581,236.75,237.9166666666667,242.4166666666667
229.3636363636364,228.3000000000001,229.2500000000001,230.0625000000001,222.5238095238095,224.9615384615385,231.3837209302326,237,238.25,242.6388888888889
229.4545454545455,228.5000000000001,228.3928571428572,229.8125000000001,222.5909090909091,225.1923076923077,231.546511627907,236.6666666666667,238.5833333333333,242.8611111111112
229.5454545454546,228.7,227.7812500000001,229.15,222.7727272727273,225.2285714285714,231.7093023255814,236.3333333333333,238.9166666666667,243.0833333333334
229.6363636363637,228.9000000000001,227.9062500000001,228.3500000000001,222.9545454545455,225.2,231.75,236,239.25,243.2678571428572
229.7272727272728,229.1000000000001,228.0312500000001,227.7954545454546,223.1363636363636,225.1714285714286,231.75,235.6666666666667,239.5833333333333,243.3392857142858
229.8125000000001,229.3,228.1562500000001,227.9772727272728,223.3181818181818,225.1428571428571,231.75,235.3333333333333,239.9166666666667,243.4107142857144
229.8958333333334,229.5000000000001,228.3,228.1590909090909,223.5,225.1142857142857,231.75,235,240,243.4821428571429
229.9791666666667,229.7,228.5000000000001,228.3409090909092,223.6818181818182,225.0857142857143,231.75,234.6666666666667,240,243.5535714285715
230.0625000000001,229.8035714285715,228.7,228.5227272727273,223.8636363636364,225.0571428571429,231.7666666666667,234.3333333333333,240,243.6250000000001
230.1458333333334,229.8750000000001,228.9000000000001,228.7045454545455,224.0454545454546,225.0285714285714,231.8333333333334,234,240,243.6964285714286
230.2291666666667,229.9464285714286,229.1000000000001,229.3750000000001,224.2272727272727,225,231.9,234.1818181818182,240,243.7261904761905
230.3289473684211,230.0178571428572,229.6071428571429,230.2083333333334,224.4090909090909,224.9333333333333,231.9666666666666,234.3636363636364,240,243.6309523809524
230.4342105263158,230.0892857142858,231.0357142857143,231.0416666666667,224.5555555555555,224.8666666666667,232.0862068965517,234.5454545454545,240,243.5357142857143
230.5394736842106,230.1607142857143,232.4642857142858,231.5833333333334,224.6666666666667,224.8,232.2586206896552,234.7272727272727,240,243.4404761904763
230.6447368421053,230.2321428571429,233.8928571428572,232.0277777777778,224.7777777777778,224.7333333333333,232.4310344827586,234.9090909090909,239.85,243.3452380952382
230.7500000000001,230.45,234.0357142857143,232.4722222222223,224.8888888888889,224.6666666666667,232.6034482758621,235.0909090909091,239.65,243.2500000000001
230.8552631578948,230.7166666666667,233.7500000000001,232.9166666666667,225,224.6,232.7758620689655,235.2727272727273,239.45,243.154761904762
230.9605263157895,230.9833333333333,233.4642857142858,233.2631578947369,225.1111111111111,224.5333333333333,232.948275862069,235.4545454545455,239.25,243.0595238095239
231.0657894736843,231.2500000000001,233.2812500000001,233.3157894736843,225.2222222222222,224.4666666666667,233.1206896551724,235.6363636363637,239.05,242.9642857142858
231.171052631579,231.5166666666667,233.4062500000001,233.3684210526316,225.3333333333333,224.4,233.2272727272727,235.8181818181818,238.85,242.8690476190476
231.2307692307693,231.7833333333334,233.5312500000001,233.421052631579,225.4444444444445,224.3333333333333,233.1363636363636,236,238.6847826086957,242.7738095238096
231.1538461538462,232.0500000000001,233.6562500000001,233.4736842105264,225.5555555555555,224.2666666666667,233.0454545454545,236.4285714285714,238.5543478260869,242.5500000000001
231.0769230769232,232.2708333333334,233.7812500000001,233.5263157894737,225.6666666666667,224.475,232.9545454545454,236.8571428571429,238.4239130434783,242.2833333333334
231.0000000000001,232.3541666666667,233.9062500000001,233.5789473684211,225.8260869565217,224.775,232.8636363636364,237.2857142857143,238.2934782608696,242.0166666666667
230.923076923077,232.4375000000001,234.0312500000001,233.6315789473685,226.1304347826087,225.075,232.7727272727273,237.7142857142857,238.1630434782609,241.7500000000001
230.8461538461539,232.5208333333334,234.1562500000001,233.6842105263159,226.4347826086957,225.375,232.6428571428571,238.1428571428571,238.0326086956522,241.4833333333334
230.7692307692308,232.6041666666667,234.2380952380953,233.7368421052632,226.7391304347826,225.675,232.5,238.5714285714286,238.0535714285714,241.2166666666667
230.7968750000001,232.6875000000001,234.1904761904762,233.6000000000001,227.0434782608696,225.974025974026,232.3571428571429,239,238.125,240.9500000000001
230.8593750000001,232.659090909091,234.1428571428572,233.4000000000001,227.3478260869565,226.2727272727273,232.2142857142857,239.2173913043478,238.1964285714286,240.7368421052632
230.9218750000001,232.2954545454546,234.0952380952381,233.2,227.6956521739131,226.5714285714286,232.0714285714286,239.4347826086956,238.2678571428572,240.6842105263158
230.9843750000001,231.9318181818182,234.0476190476191,233.0000000000001,228.0869565217391,226.8701298701299,231.9285714285714,239.6521739130435,238.3392857142857,240.6315789473685
231.0468750000001,231.5681818181819,234.0000000000001,232.8000000000001,228.4782608695652,227.1688311688312,231.7857142857143,239.8695652173913,238.4107142857143,240.5789473684211
231.1093750000001,231.2045454545455,233.952380952381,232.6000000000001,228.8695652173913,227.4675324675325,231.5,240.0869565217391,238.4821428571428,240.5263157894737
231.1718750000001,230.8409090909092,233.904761904762,232.4000000000001,229.2608695652174,227.7662337662338,231.1666666666667,240.2,238.5535714285714,240.4736842105264
231.2343750000001,230.8750000000001,233.8571428571429,232.1818181818182,229.6521739130435,228.0649350649351,230.8333333333333,240,238.625,240.421052631579
231.3750000000001,231.0416666666667,233.8095238095239,231.9090909090909,229.6923076923077,228.3636363636364,230.5,239.8,238.6964285714286,240.3684210526316
231.5416666666667,231.2083333333334,233.7619047619048,231.6363636363637,229.6153846153846,228.6666666666667,230.1666666666667,239.6,238.7678571428572,240.3157894736843
231.7083333333334,231.3750000000001,233.8000000000001,231.3636363636364,229.5384615384615,229,229.9761904761905,239.4,238.8392857142857,240.2631578947369
231.8750000000001,231.5416666666667,233.8666666666667,231.0909090909092,229.4666666666667,229.3333333333333,229.9285714285714,239.2,238.9107142857143,240.2031250000001
232.0416666666667,231.7083333333334,233.9333333333334,230.8181818181819,229.4,229.6666666666667,229.8809523809524,239,238.9821428571428,240.1406250000001
232.2083333333334,231.7125000000001,234.0000000000001,230.7500000000001,229.3333333333333,230,229.8333333333333,238.7,238.7954545454545,240.0781250000001
232.3750000000001,231.6625,234.0666666666667,230.7500000000001,229.2666666666667,230.2173913043478,229.7857142857143,238.4,238.5227272727273,240.0156250000001
232.5416666666667,231.6125000000001,234.1333333333334,230.7500000000001,229.2,230.4347826086957,229.7142857142857,238.1,238.25,239.9531250000001
232.7083333333334,231.5625000000001,234.2,230.7500000000001,229.1333333333333,230.6521739130435,229.5714285714286,237.8,237.9772727272727,239.8906250000001
232.4687500000001,231.5125,234.2349397590362,230.7500000000001,229.0666666666667,230.8695652173913,229.4285714285714,237.5244807121662,237.7045454545455,239.8281250000001
232.0937500000001,231.4625000000001,234.1746987951808,230.9062500000001,229,231.0869565217391,229.2857142857143,237.3769605765155,237.4318181818182,239.7656250000001
231.7187500000001,231.4125000000001,234.1144578313254,231.5312500000001,228.9333333333333,231.2361111111111,229.1428571428571,237.2294404408648,237.1590909090909,239.409090909091
231.3437500000001,231.3625000000001,234.0542168674699,232.1562500000001,228.8666666666667,231.1805555555556,229,237.0819203052141,236.8863636363637,238.9545454545455
231.3437500000001,231.3125000000001,233.9939759036145,232.7812500000001,228.8,231.125,228.8571428571429,236.9344001695634,236.6136363636364,238.5000000000001
231.4687500000001,231.2625000000001,233.9337349397591,233.2777777777779,228.7333333333333,231.0694444444444,228.8043478260869,236.7868800339127,236.3409090909091,238.0454545454546
231.5937500000001,231.2916666666667,233.8734939759036,233.3888888888889,228.6666666666667,231.0138888888889,229.0217391304348,236.890625,236.0681818181818,237.5909090909092
231.7187500000001,231.3472222222223,233.8132530120482,233.5000000000001,228.6,230.9583333333333,229.2391304347826,237.078125,236.0681818181818,237.2708333333334
232.1250000000001,231.4027777777778,233.7530120481928,233.6111111111112,228.5333333333333,230.9027777777778,229.4565217391305,237.265625,236.1590909090909,237.3541666666667
232.6250000000001,231.4583333333334,233.6927710843374,233.7222222222223,228.4285714285714,230.8472222222222,229.6739130434783,237.453125,236.25,237.4375000000001
233.1250000000001,231.5138888888889,233.6325301204819,233.8333333333334,228.2857142857143,230.7916666666667,229.8913043478261,237.640625,236.3409090909091,237.5208333333334
233.3906250000001,231.5694444444445,233.65625,233.9444444444445,228.1428571428571,230.7222222222222,230.1086956521739,237.828125,236.4318181818182,237.6041666666667
233.5781250000001,231.6250000000001,233.6919642857143,234.0555555555556,228,230.6111111111111,230.3260869565217,238.015625,236.5227272727273,237.6875000000001
233.7656250000001,231.6805555555556,233.7276785714286,234.1666666666667,227.8571428571429,230.5,230.5434782608696,238.203125,236.6136363636364,237.45
233.9531250000001,231.7361111111112,233.7633928571428,234.2500000000001,227.7142857142857,230.3888888888889,230.7608695652174,238.25,236.7045454545455,236.2500000000001
234.1406250000001,231.8863636363637,233.7991071428572,234.2500000000001,227.5714285714286,230.2777777777778,230.9782608695652,238.25,236.7954545454545,235.0500000000001
234.3281250000001,232.0681818181819,233.8348214285714,234.2500000000001,227.4285714285714,230.1666666666667,231.1956521739131,238.25,236.8863636363636,234.7500000000001
234.5156250000001,232.2500000000001,233.8705357142857,234.2500000000001,227.2857142857143,230.0555555555556,231.1136363636364,238.25,236.9772727272727,234.7500000000001
234.7031250000001,232.4318181818182,233.9459459459459,232.9375000000001,227.1428571428572,229.9444444444444,230.9318181818182,238.25,237.0357142857143,235.5000000000001
234.8181818181819,232.6136363636364,234.027027027027,231.1875000000001,227,229.8333333333333,230.75,238.2,237.0833333333334,237.7500000000001
234.909090909091,232.7954545454546,234.1081081081081,230.3750000000001,226.8571428571429,229.8367346938776,230.5681818181818,238,237.1309523809524,237.7500000000001
235.0000000000001,232.9772727272728,234.1891891891892,229.8750000000001,226.7142857142857,230.1836734693878,230.3863636363636,237.8,237.1785714285714,237.7500000000001
235.0909090909092,233.159090909091,234.3055555555556,229.3750000000001,226.5714285714286,230.530612244898,230.1818181818182,237.6,237.2261904761905,237.7500000000001
235.1818181818182,233.3409090909092,234.5277777777778,229.6785714285715,226.5714285714286,230.8775510204082,229.9090909090909,237.4,237.2016129032258,237.7500000000001
235.3,233.5227272727273,234.7500000000001,230.2500000000001,226.7142857142857,231.2244897959184,229.6363636363636,237.1428571428571,237.1048387096774,237.3
235.5000000000001,233.7045454545455,234.9722222222223,230.8214285714286,226.8571428571429,231.5714285714286,229.3636363636364,236.7142857142857,237.008064516129,236.7
235.7000000000001,233.7812500000001,235.1944444444445,231.6250000000001,227,231.8333333333333,229.0909090909091,236.2857142857143,236.9112903225807,236.1000000000001
235.9,233.8229166666667,235.325,232.9375000000001,227.1428571428571,231.5,228.8181818181818,235.8571428571429,236.8145161290323,235.5000000000001
236.1000000000001,233.8645833333334,235.4250000000001,233.6875000000001,227.2857142857143,231.1666666666667,229.0625,235.4285714285714,236.7177419354839,234.9000000000001
236.2343750000001,233.9062500000001,235.5250000000001,234.0937500000001,227.4285714285714,230.8333333333333,229.4791666666666,235,236.6209677419355,235.1250000000001
236.1718750000001,233.9479166666667,235.6250000000001,233.4687500000001,227.5714285714286,230.5,229.8958333333333,234.8,236.5241935483871,235.6250000000001
236.1093750000001,233.9895833333334,235.7250000000001,232.8437500000001,227.7142857142857,230.1764705882353,230.3125,234.6,236.4274193548387,236.1250000000001
236.0468750000001,234.0312500000001,235.7500000000001,232.2187500000001,227.8571428571428,229.8823529411765,230.7291666666667,234.4,236.2753623188406,236.2500000000001
235.9843750000001,234.0729166666667,235.7500000000001,231.5714285714286,228,229.5882352941176,231.1458333333333,234.2,236.0652173913043,236.2500000000001
235.9218750000001,234.1145833333334,235.7500000000001,230.8571428571429,228.1428571428571,229.2941176470588,231.4807692307692,234,235.8550724637681,236.2500000000001
235.8593750000001,234.1562500000001,235.7500000000001,230.1428571428572,228.2857142857143,229,231.7884615384615,233.875,235.8055555555555,236.2500000000001
235.7968750000001,234.1979166666667,235.7500000000001,229.4285714285715,228.4285714285714,228.88,232.0961538461538,233.75,235.9166666666667,236.2500000000001
235.7794117647059,234.2395833333334,235.6617647058824,229.6666666666667,228.5454545454545,228.76,232.4038461538461,233.625,236.0277777777778,236.2500000000001
235.8970588235294,234.0000000000001,235.5441176470589,230.2222222222223,228.6363636363636,228.64,232.7115384615385,233.5,236.1388888888889,236.2500000000001
236.014705882353,233.6666666666667,235.4264705882354,230.7777777777778,228.7272727272727,228.52,233.0192307692308,233.375,236.25,236.3055555555556
236.1323529411765,233.3333333333334,235.3088235294118,231.3333333333334,228.8181818181818,228.4,233.2058823529412,233.25,235.8214285714286,236.5277777777778
236.2500000000001,233.3571428571429,235.1911764705883,231.9375000000001,228.9090909090909,228.28,233.0294117647059,233.125,235.3928571428572,236.7500000000001
236.3676470588236,233.5000000000001,235.0735294117648,232.6875000000001,229,228.475,232.8529411764706,233,234.9642857142857,236.9722222222223
236.4852941176471,233.6428571428572,234.9558823529412,233.2500000000001,229.0909090909091,228.775,232.6764705882353,233.6,234.4375,237.1944444444445
236.6029411764706,233.7857142857143,234.8382352941177,233.2500000000001,229.1818181818182,229.075,232.5,234.2,233.8125,235.3750000000001
236.7205882352942,233.9285714285715,234.6612903225807,233.2500000000001,229.2727272727273,229.375,232.3235294117647,234.8,233.1875,232.8750000000001
236.9705882352942,234.0714285714286,234.3064516129033,233.2500000000001,229.3636363636363,229.675,232.1470588235294,235.2941176470588,232.5625,232.8125000000001
237.264705882353,234.2142857142858,233.9516129032259,231.9375000000001,229.4545454545455,230,231.9705882352941,235.4705882352941,232.2205882352941,233.5625000000001
237.5588235294118,234.3750000000001,233.5967741935484,230.1875000000001,229.448275862069,230.3333333333333,231.7941176470588,235.6470588235294,232.1617647058824,234.3125000000001
237.8529411764707,234.5416666666667,233.3,229.5833333333334,229.3448275862069,230.6666666666667,231.6176470588235,235.8235294117647,232.375,235.0625000000001
238.1470588235295,234.7083333333334,233.1,229.3611111111112,229.2413793103448,231,231.4411764705882,236,233.0416666666667,236.5000000000001
238.4411764705883,234.8750000000001,232.9,229.1388888888889,229.1379310344827,231.3333333333333,231.2647058823529,235.8125,233.7083333333333,237.5833333333334
238.7352941176471,235.0416666666667,232.7,228.9166666666667,229.0344827586207,231.6666666666667,231.0882352941176,235.625,234.2321428571429,236.9166666666667
239.0294117647059,235.2083333333334,232.5000000000001,228.9250000000001,228.9310344827586,232,230.96875,235.4375,234.5178571428572,236.2500000000001
239.3055555555556,235.3437500000001,232.3,229.6250000000001,228.8275862068965,231.7586206896552,230.90625,235.25,234.8035714285714,235.5833333333334
239.5277777777778,235.4687500000001,232.2500000000001,230.3250000000001,228.7692307692308,231.5172413793103,230.84375,235.0625,235.0892857142857,234.9166666666667
239.7500000000001,235.5937500000001,232.2500000000001,231.025,228.8461538461539,231.2758620689655,230.78125,234.875,235.015625,234.6176470588236
239.9722222222223,235.7187500000001,232.2500000000001,231.7250000000001,228.9230769230769,231.0344827586207,230.71875,234.6875,234.890625,234.4411764705883
240.1944444444445,235.7000000000001,232.3636363636364,232.2500000000001,229,230.7931034482759,230.65625,234.5,234.765625,234.264705882353
240.1500000000001,235.6333333333334,232.5151515151516,232.2500000000001,229.0769230769231,230.551724137931,230.59375,234.3125,234.640625,234.0882352941177
240.0166666666667,235.5666666666667,232.6666666666667,232.2500000000001,229.1538461538461,230.3103448275862,230.53125,234.125,234.25,233.9117647058824
239.8833333333334,235.5000000000001,232.8181818181818,232.2500000000001,229.2307692307692,230.34375,230.46875,233.9375,233.8214285714286,233.7352941176471
239.7500000000001,235.4333333333334,233.0833333333333,232.2500000000001,229.3076923076923,230.46875,230.40625,233.75,233.3928571428571,233.5588235294118
239.6166666666667,235.3666666666667,233.4166666666667,232.3863636363637,229.3846153846154,230.59375,230.34375,233.5625,233.0535714285714,233.3823529411765
239.4833333333334,235.3,233.75,232.5681818181819,229.4615384615385,230.71875,230.28125,233.375,232.8630952380952,233.2500000000001
239.3500000000001,235.2968750000001,234.0833333333333,232.7500000000001,229.5625,230.5625,230.21875,233.1875,232.672619047619,233.2500000000001
239.2812500000001,235.4843750000001,234.4255319148936,232.9318181818182,229.6875,230.3125,230.15625,233,232.4821428571429,233.2500000000001
239.4062500000001,235.6718750000001,234.8297872340426,233.1136363636364,229.8125,230.0625,230.09375,233.2941176470588,232.2916666666667,233.2500000000001
239.5312500000001,235.8593750000001,235.2340425531915,233.1875000000001,229.9375,229.8125,230.03125,233.5882352941177,232.125,233.2500000000001
239.6562500000001,236.0468750000001,235.6382978723404,232.9375000000001,230.0625,229.5833333333333,230.1,233.8823529411765,232.125,233.2500000000001
239.7812500000001,236.2343750000001,236.0425531914894,232.6875000000001,230.1875,229.3611111111111,230.3,234.1764705882353,232.125,233.2500000000001
239.9062500000001,236.4218750000001,236.4468085106384,232.4375000000001,230.3125,229.1388888888889,230.5,234,232.125,233.1923076923078
240.0312500000001,236.6093750000001,236.7625,232.3750000000001,230.4375,228.9166666666667,230.7,233.6666666666667,232.125,232.9615384615385
240.1562500000001,236.775,236.8125000000001,232.8750000000001,230.4444444444444,228.8409090909091,230.9,233.3333333333333,232.125,232.7307692307693
240.3235294117648,236.8750000000001,236.8625000000001,233.3750000000001,230.3333333333333,229.2045454545454,231.1,233,232.125,232.5000000000001
240.6176470588236,236.9750000000001,236.9125000000001,233.8750000000001,230.2222222222222,229.5681818181818,231.3,232.6666666666667,232.3846153846154,232.2692307692308
240.9117647058824,237.0750000000001,236.9625,234.2222222222223,230.1111111111111,229.9318181818182,231.5,232.3333333333333,233.0769230769231,232.0384615384616
241.2058823529412,237.175,237.0125,234.1111111111112,230,230.2954545454546,231.568493150685,232,233.7692307692308,231.8076923076923
241.5000000000001,237.2750000000001,237.0625000000001,234.0000000000001,229.8888888888889,230.6590909090909,231.4178082191781,232.2631578947368,234.3522727272727,231.5454545454546
241.7941176470589,237.3750000000001,237.1125,233.8888888888889,229.7777777777778,230.6818181818182,231.2671232876712,232.5263157894737,234.1704545454545,231.2727272727273
242.0882352941177,237.4750000000001,237.1625000000001,233.7777777777778,229.6666666666667,230.5909090909091,231.1164383561644,232.7894736842105,233.9886363636364,231.0000000000001
242.3823529411765,237.575,237.2125000000001,233.8500000000001,229.5555555555556,230.5,230.9657534246575,233.0526315789474,233.6209677419355,230.7272727272728
242.6764705882353,237.6750000000001,235.2500000000001,233.9833333333334,230.4285714285714,230.4090909090909,230.8150684931507,233.225,232.9435483870968,230.4545454545455
242.6500000000001,237.7826086956522,233.3333333333334,234.1166666666667,232.2857142857143,230.3181818181818,230.6643835616438,233.125,232.2661290322581,230.15
242.5166666666667,237.9130434782609,233.4444444444445,234.2500000000001,232.6666666666667,230.3333333333333,230.513698630137,233.025,231.5887096774194,229.7500000000001
242.3833333333334,238.0434782608696,233.5555555555556,234.3833333333334,232.5555555555556,230.6666666666667,230.3630136986301,232.925,231.15,229.3500000000001
242.2500000000001,238.1739130434783,233.6666666666667,234.5166666666667,232.4444444444445,231,230.2710843373494,232.825,230.95,228.95
242.1166666666667,238.304347826087,233.8125000000001,234.6500000000001,232.3333333333333,231.3333333333333,230.355421686747,232.7246376811594,230.75,228.5500000000001
241.9833333333334,238.4347826086957,234.0625000000001,234.7638888888889,232.2222222222222,231.6666666666667,230.4397590361446,232.6231884057971,230.6739130434783,228.2916666666667
241.8500000000001,238.5652173913044,234.6500000000001,234.8194444444445,232.1111111111111,232,230.5240963855422,232.5217391304348,230.804347826087,228.4583333333334
241.8026315789474,238.6956521739131,236.2500000000001,234.8750000000001,232,232.2941176470588,230.6084337349398,232.4202898550725,230.9347826086956,228.6250000000001
242.0131578947369,238.8260869565218,237.8500000000001,234.9305555555556,231.8888888888889,232.4705882352941,230.6927710843374,232.3188405797102,231.0652173913043,228.7916666666667
242.2236842105264,238.9565217391305,237.7812500000001,234.9861111111112,231.7777777777778,232.6470588235294,230.777108433735,232.2173913043478,231.1956521739131,228.9583333333334
242.4342105263158,239.0869565217392,237.1562500000001,235.0416666666667,231.6666666666667,232.8235294117647,230.8614457831325,232.1159420289855,231.3260869565217,229.1250000000001
242.6447368421053,239.2173913043479,236.5312500000001,235.0972222222223,231.5555555555555,233,230.9457831325301,232.0144927536232,231.2987804878049,229.2083333333334
242.8552631578948,239.1000000000001,235.9062500000001,235.1527777777778,231.551724137931,233.0434782608696,231.0301204819277,231.9130434782609,231.1768292682927,229.0416666666667
243.0657894736843,238.9000000000001,235.9750000000001,235.2083333333334,231.6551724137931,233.0869565217391,231.1144578313253,231.8115942028986,231.0548780487805,228.8750000000001
243.2763157894738,238.7,236.275,235.264705882353,231.7586206896552,233.1304347826087,231.2317073170732,231.7101449275362,230.9329268292683,228.7083333333334
243.4868421052632,238.5000000000001,236.575,235.3235294117648,231.8620689655172,233.1739130434783,231.3536585365854,231.6086956521739,230.8109756097561,228.5416666666667
243.6973684210527,238.3,236.8750000000001,235.3823529411765,231.9655172413793,233.2173913043478,231.4756097560976,231.5072463768116,230.6447368421053,228.3750000000001
243.7142857142858,238.3750000000001,237.1750000000001,235.4411764705883,232.0689655172414,233.2,231.5975609756098,231.4057971014493,230.4342105263158,228.2307692307693
243.6666666666667,238.5416666666667,237.1964285714286,235.5000000000001,232.1724137931034,233,231.719512195122,231.304347826087,230.2236842105263,228.1538461538462
243.6190476190477,238.7083333333334,237.1250000000001,235.5588235294118,232.1666666666667,232.8,231.7857142857143,231.2028985507247,230.0131578947368,228.0769230769231
243.5714285714286,238.8750000000001,237.0535714285715,235.6176470588236,231.8333333333333,232.6,231.8333333333334,231.1014492753623,229.8026315789474,228.0000000000001
243.5238095238096,239.0416666666667,236.9821428571429,235.6764705882354,231.5,232.4,231.8809523809524,231,229.527027027027,227.923076923077
243.4761904761905,239.2083333333334,236.9107142857143,235.7352941176471,231.1666666666667,232.2,231.9285714285714,230.9090909090909,229.2297297297297,227.8461538461539
243.4285714285715,239.4,236.8392857142858,235.2500000000001,230.8333333333333,232,231.9761904761905,230.8181818181818,228.9324324324324,227.7692307692308
243.3809523809524,239.6000000000001,236.7678571428572,234.5833333333334,231.1590909090909,231.7272727272727,232.1086956521739,230.7272727272727,228.6351351351351,227.6666666666667
243.3333333333334,239.7250000000001,236.8382352941177,233.9166666666667,231.7045454545455,231.4545454545454,232.3260869565217,230.6363636363636,228.3822115384615,227.5555555555556
243.2857142857143,239.6250000000001,236.9558823529412,233.2500000000001,232.25,231.1818181818182,232.5434782608696,230.5454545454545,228.4399038461538,227.4444444444445
243.2604166666667,239.5250000000001,237.0735294117648,232.775,232.7954545454546,230.9090909090909,232.7608695652174,230.4545454545454,228.4975961538462,227.3333333333334
243.3020833333334,239.4250000000001,237.1911764705883,232.8750000000001,233.3409090909091,230.6363636363636,232.9782608695652,230.3636363636364,228.5552884615385,226.8333333333334
243.3437500000001,239.325,237.3088235294118,232.9750000000001,233.7647058823529,230.3636363636364,233.195652173913,230.2727272727273,228.6129807692308,225.1666666666667
243.3854166666667,239.2656250000001,237.4264705882354,233.075,233.8235294117647,230.0909090909091,233.109375,230.1818181818182,228.6706730769231,224.9000000000001
243.4270833333334,239.3281250000001,237.5441176470589,233.1750000000001,233.8823529411765,229.8181818181818,232.921875,230.0909090909091,228.7283653846154,225.1000000000001
243.4687500000001,239.3906250000001,237.6617647058824,233.2857142857144,233.9411764705882,229.5454545454546,232.734375,230,228.7860576923077,225.3000000000001
243.5104166666667,239.4531250000001,237.7272727272728,233.4285714285714,234,229.2727272727273,232.546875,229.8181818181818,228.84375,225.5000000000001
243.5520833333334,239.5156250000001,237.6363636363637,233.5714285714286,234.0588235294118,229,232.359375,229.6363636363636,228.9014423076923,225.7
243.5937500000001,239.5781250000001,237.5454545454546,233.7142857142858,234.1176470588235,229.2857142857143,232.171875,229.4545454545455,228.9591346153846,225.4285714285715
243.6354166666667,239.6406250000001,237.4545454545455,234.65,234.1764705882353,229.5714285714286,231.984375,229.2727272727273,229.0168269230769,225.0000000000001
243.6770833333334,239.7031250000001,237.3636363636364,235.8500000000001,234.235294117647,229.8571428571428,231.796875,229.0909090909091,229.0745192307692,224.5714285714286
243.7187500000001,239.8,237.2727272727273,236.7500000000001,234.3606557377049,230.1428571428571,231.7702702702703,228.9090909090909,229.1268656716418,224.3181818181819
243.7727272727273,240.0000000000001,237.5000000000001,236.7500000000001,234.5081967213115,230.4285714285714,231.7972972972973,228.7272727272727,229.1417910447761,224.5909090909091
243.8636363636364,240.2000000000001,237.8333333333334,236.7500000000001,234.6557377049181,230.7142857142857,231.8243243243243,228.5454545454545,229.1567164179104,224.8636363636364
243.9545454545455,240.4,238.1666666666667,236.7500000000001,234.8032786885246,231,231.8513513513514,228.3636363636364,229.1716417910448,225.1363636363637
244.0454545454546,240.6000000000001,238.5000000000001,236.7500000000001,234.9508196721312,231.2857142857143,231.8783783783784,228.1818181818182,229.1865671641791,225.409090909091
244.1363636363637,240.7954545454546,238.8333333333334,236.7500000000001,235.0983606557377,231.5714285714286,231.9054054054054,228,229.2014925373134,225.6818181818182
244.2272727272728,240.9772727272727,239.1666666666667,236.7500000000001,235.2459016393443,231.8571428571428,231.9324324324324,227.962962962963,229.2164179104478,225.5454545454546
244.3437500000001,241.159090909091,239.5000000000001,236.7500000000001,235.3934426229508,232.1428571428571,231.9594594594595,227.9259259259259,229.2313432835821,225.2727272727273
244.4687500000001,241.3409090909092,239.7857142857143,236.7500000000001,235.5409836065574,232.4285714285714,231.9864864864865,227.8888888888889,229.2462686567164,225.0000000000001
244.5937500000001,241.5227272727273,239.9285714285715,236.7500000000001,235.688524590164,232.7142857142857,231.9642857142857,227.8518518518518,229,224.7272727272728
244.7187500000001,241.7045454545455,240.0714285714287,236.7500000000001,235.8360655737705,233,231.8928571428572,227.8148148148148,228.6666666666667,224.4545454545455
243.2500000000001,241.8571428571429,240.2142857142858,236.7500000000001,235.9836065573771,232.8571428571429,231.8214285714286,227.7777777777778,228.3333333333333,225.2500000000001
241.2500000000001,242.0000000000001,240.3571428571429,236.7500000000001,236.1311475409836,232.7142857142857,231.75,227.7361111111111,228,225.3928571428572
240.6136363636364,242.1428571428572,240.5000000000001,236.7500000000001,236.2786885245902,232.5714285714286,231.6785714285714,227.6805555555556,227.6666666666667,224.2500000000001
240.4318181818182,242.2857142857143,240.6428571428572,236.7500000000001,236.4262295081967,232.4285714285714,231.6071428571429,227.625,227.3333333333333,223.1071428571429
240.2500000000001,242.4285714285715,240.7638888888889,236.7500000000001,236.4666666666667,232.2857142857143,231.5357142857143,227.5694444444444,227,222.1666666666667
240.0681818181819,242.5714285714286,240.8194444444445,236.7500000000001,236.4,232.1428571428572,231.4642857142857,227.5138888888889,226.6666666666667,221.8333333333334
239.8863636363637,242.7142857142858,240.8750000000001,236.7500000000001,236.3333333333333,232,231.3928571428572,227.4583333333333,226.3333333333333,221.5000000000001
239.7500000000001,242.5625000000001,240.9305555555556,236.7500000000001,236.2666666666667,231.8571428571429,231.3214285714286,227.4027777777778,226,221.1666666666667
239.7500000000001,242.3125000000001,240.9861111111111,236.8823529411765,236.2,231.7142857142857,231.25,227.3472222222222,225.6666666666667,220.8333333333334
239.7500000000001,242.0625000000001,241.0416666666667,237.0588235294118,236.1333333333333,231.5714285714286,231.1785714285714,227.2916666666667,225.3333333333333,220.5000000000001
239.7500000000001,241.8125000000001,241.0972222222223,237.2352941176471,236.0666666666667,231.4285714285714,231.1071428571428,227.15,225,220.2500000000001
239.8571428571429,241.5625000000001,241.1527777777778,237.4117647058824,236,231.2857142857143,231.0357142857143,226.75,224.7688679245283,220.2500000000001
240,241.3125000000001,241.2083333333334,237.5882352941177,235.9333333333333,231.1428571428572,231.0909090909091,226.35,224.8443396226415,220.2500000000001
240.1428571428572,241.3863636363637,241.2500000000001,237.764705882353,235.8666666666667,231,231.2727272727273,226.6785714285714,224.9198113207547,220.2500000000001
240.2857142857143,241.5681818181819,241.2500000000001,237.9411764705883,235.8,231.2121212121212,231.4545454545454,227.25,224.9952830188679,220.2500000000001
240.4285714285714,241.7500000000001,241.2500000000001,238.1176470588236,235.7333333333333,231.4242424242424,231.6363636363636,227.8214285714286,225.0707547169811,220.2500000000001
240.5714285714286,241.9318181818182,241.2500000000001,238.3125000000001,235.6666666666667,231.6363636363636,231.8181818181818,228.219512195122,225.1462264150943,220.2500000000001
240.7142857142857,242.1136363636364,241.2500000000001,238.5625000000001,235.6,231.8484848484849,232,228.0975609756098,225.2216981132075,220.1346153846154
241.0862068965517,242.3269230769232,241.3076923076923,238.8125000000001,235.5333333333333,232.0606060606061,232.1818181818182,227.9756097560976,225.2971698113208,219.9807692307693
241.5344827586207,242.6346153846154,241.5384615384616,239.0625000000001,235.5636363636364,232.2727272727273,232.3636363636364,227.8536585365854,225.3726415094339,219.8269230769231
241.9827586206897,242.9423076923077,241.7692307692308,239.3125000000001,235.6909090909091,232.4848484848485,232.5454545454545,227.7317073170732,225.4481132075472,219.673076923077
242.625,243.25,242.0000000000001,239.5625000000001,235.8181818181818,232.6969696969697,232.7272727272727,227.609756097561,225.5235849056604,219.5192307692308
244.625,243.5576923076923,242.2307692307693,239.7812500000001,235.9454545454545,232.84375,232.9090909090909,227.4878048780488,225.5990566037736,219.3653846153847
246.425,243.8653846153846,242.4615384615385,239.9062500000001,236.0727272727273,232.96875,233.0714285714286,227.3658536585366,225.6745283018868,219.2083333333334
246.825,244.1730769230769,242.6923076923078,240.0312500000001,236.2,233.09375,233.2142857142857,227.2439024390244,225.75,219.0416666666667
244.25,244.1818181818182,242.6875000000001,240.1562500000001,236.3272727272727,233.21875,233.3571428571428,227.1219512195122,225.5909090909091,218.8750000000001
244.0036764705882,244.0909090909091,242.6041666666667,240.2812500000001,236.4545454545455,233.25,233.5,227,225.4318181818182,218.7083333333334
244.1507352941177,244,242.5208333333334,240.4062500000001,236.5818181818182,233.25,233.6428571428571,226.8,225.2727272727273,218.5416666666667
244.2977941176471,243.9090909090909,242.4375000000001,240.5312500000001,236.7090909090909,233.25,233.7857142857143,226.6,225.1136363636363,218.3750000000001
244.4448529411765,243.8181818181818,242.3541666666667,240.6562500000001,236.8363636363636,233.25,233.9285714285714,226.4,224.9545454545454,217.8125000000001
244.5919117647059,243.6875,242.2708333333334,240.7656250000001,236.9636363636363,233.2916666666667,234.0714285714286,226.2,224.7954545454546,216.0625000000001
244.7389705882353,243.4375,242.3382352941177,240.8281250000001,237.0909090909091,233.4583333333333,233.9032258064516,226,224.6363636363637,214.5000000000001
244.8860294117647,243.2954545454546,242.4558823529412,240.8906250000001,237.2181818181818,233.625,233.5483870967742,225.8,224.4772727272727,213.5000000000001
245.0330882352941,243.4772727272727,242.5735294117648,240.9531250000001,237.3207547169811,233.725,233.1935483870968,225.6,224.3181818181818,212.5000000000001
245.1170212765958,243.6590909090909,242.6911764705883,241.0156250000001,237.4150943396226,233.625,232.8387096774194,225.4,224.1590909090909,211.5000000000001
245.0957446808511,243.8409090909091,242.8088235294118,241.0781250000001,237.5094339622642,233.525,232.8333333333333,225.2,224,211.1875000000001
245.0744680851064,244.0227272727273,242.9264705882354,241.1406250000001,237.6037735849057,233.425,232.9444444444445,225,223.8409090909091,211.1041666666667
245.0531914893617,244.2045454545454,243.0441176470589,241.2031250000001,237.6981132075472,233.325,233.0555555555555,224.88,223.6818181818182,211.0208333333334
245.031914893617,244.5,243.1617647058824,241.1750000000001,237.7924528301887,233.2916666666667,233.1666666666667,224.76,223.5227272727273,210.9375000000001
245.0106382978724,244.8333333333333,243.2083333333334,240.8750000000001,237.8867924528302,233.4583333333333,233.2777777777778,224.64,223.3636363636364,210.8541666666667
244.9893617021277,245.1666666666667,243.0416666666667,240.575,237.9811320754717,233.625,233.3888888888889,224.52,223.2045454545455,210.7708333333334
244.968085106383,245.25,242.8750000000001,240.275,238.0754716981132,233.7916666666667,233.5,224.4,223.0454545454545,210.7500000000001
244.9468085106383,245.25,242.7083333333334,239.9750000000001,238.1698113207547,233.9583333333333,233.6111111111111,224.28,222.8863636363636,210.7500000000001
244.9255319148936,245.25,242.5416666666667,239.79,238.2641509433962,234.125,233.7222222222222,223,222.7272727272727,210.7500000000001
244.9042553191489,245.15625,242.3750000000001,239.9500000000001,238.3584905660377,234.3103448275862,233.9545454545454,221.75,222.5681818181818,210.7500000000001
244.8829787234042,244.78125,242.3437500000001,240.1100000000001,238.4528301886792,234.551724137931,234.2272727272727,221.75,222.4090909090909,210.7500000000001
244.7763157894737,244.40625,242.7187500000001,240.2700000000001,238.4545454545454,234.7931034482759,234.5,221.75,222.25,210.7500000000001
244.6184210526316,244.03125,243.0937500000001,240.43,238.3636363636363,235.0344827586207,234.7727272727273,221.75,222.0401234567901,210.7500000000001
244.4605263157895,243.7321428571429,243.4687500000001,240.5900000000001,238.2727272727273,235.2758620689655,235.0454545454546,221.8181818181818,221.8302469135803,210.7222222222223
244.3026315789474,243.6607142857143,243.8750000000001,240.7500000000001,238.1818181818182,235.5172413793103,235.2733333333333,222.0909090909091,221.6203703703704,210.6111111111112
244.1447368421053,243.5892857142857,244.3750000000001,240.9100000000001,238.0909090909091,235.7586206896552,235.3666666666667,222.3636363636363,221.4104938271605,210.5000000000001
243.8333333333334,243.5178571428571,244.8750000000001,241.0700000000001,238,236,235.46,222.6363636363636,221.2006172839506,210.3888888888889
243.5,243.4464285714286,245.1388888888889,241.23,237.9090909090909,235.2962962962963,235.5533333333333,222.9090909090909,220.9907407407408,210.2777777777778
243.1666666666667,243.375,244.6944444444445,241.3900000000001,237.8181818181818,234.5925925925926,235.6466666666667,223.1818181818182,220.7808641975309,209.8125000000001
242.8333333333334,243.3035714285714,244.2500000000001,241.55,237.7272727272727,233.8888888888889,235.74,223.4,220.570987654321,209.2291666666667
242.5,243,243.8055555555556,241.7100000000001,237.6363636363637,233.6929173211481,235.8333333333333,223.6,220.3611111111111,208.6458333333334
242.1666666666667,242,243.3611111111112,241.8750000000001,237.5454545454546,233.801585034985,235.9266666666667,223.8,220.1512345679012,208.0625000000001
241.8333333333334,241.3611111111111,242.8214285714286,242.0416666666667,238,233.9102527488219,236.02,224,219.9413580246913,207.4791666666667
241.7500000000001,241.8055555555555,242.2500000000001,242.2083333333334,239,234.0189204626589,236.1133333333333,224.2,219.7314814814815,206.8958333333334
241.7500000000001,242.25,241.6785714285715,242.3750000000001,240,235.1637115839243,236.2066666666667,224.1057692307692,219.5216049382716,207.0000000000001
241.7500000000001,242.6944444444444,241.2500000000001,242.5416666666667,240.25,236.8327423167848,236.3,223.9134615384615,219.3117283950617,207.3333333333334
242.0714285714286,243.1388888888889,241.2500000000001,242.7083333333334,240.25,237.2105263157895,236.3933333333333,223.7211538461538,219.1018518518518,207.6666666666667
242.5000000000001,243.25,241.2500000000001,242.8181818181819,240.25,237.1578947368421,236.4866666666667,223.5288461538461,218.891975308642,208.0000000000001
242.9285714285715,243.25,241.2500000000001,242.909090909091,240.1428571428572,237.1052631578947,236.58,223.3365384615385,218.6820987654321,208.3928571428572
243.2307692307693,243.25,241.2500000000001,243.0000000000001,240,237.0526315789474,236.6733333333333,223.1442307692308,218.4722222222222,208.9642857142858
243.1538461538462,243.25,241.2500000000001,243.0909090909091,239.8571428571429,237,236.7666666666667,222.9519230769231,218.2623456790123,209.5357142857143
243.0769230769231,243,241.2500000000001,243.1818181818182,239.7142857142857,237.1428571428571,236.86,222.7596153846154,218.0524691358025,210.1071428571429
243,242,241.2500000000001,243.2708333333334,239.5714285714286,237.2857142857143,236.9533333333333,222.5673076923077,217.8928571428572,210.3181818181819
242.9230769230769,241.25,241.2500000000001,243.3541666666667,239.6410256410256,237.4285714285714,237.0454545454546,222.375,217.75,210.409090909091
242.4117647058823,241.25,241.3863636363637,243.4375000000001,239.9230769230769,237.5714285714286,237.1363636363636,222.1826923076923,217.6071428571428,210.5000000000001
241.1764705882353,241.25,241.5681818181819,243.5208333333334,240.2051282051282,237.7142857142857,237.2272727272727,221.9903846153846,217.4642857142857,210.5909090909091
239.8333333333334,241.25,241.7500000000001,243.6041666666667,240.4871794871795,237.8571428571429,237.3181818181818,221.7980769230769,217.3214285714286,210.6818181818182
238.2894736842105,241.25,241.9318181818182,243.6875000000001,240.7692307692308,237.9340277777778,237.4090909090909,220.4375,217.1785714285714,210.7
237.6052631578948,241.25,242.1136363636364,243.7708333333334,241.051282051282,237.9826388888889,237.5,218.6875,217.0357142857143,210.5000000000001
236.921052631579,242.75,242.2352941176471,243.8541666666667,241.3333333333333,238.03125,237.5909090909091,218.1785714285714,216.8928571428572,210.3000000000001
236.7941176470588,244.25,242.1764705882353,243.9375000000001,241.6153846153846,238.0798611111111,237.6818181818182,218.0833333333334,216.75,210.1000000000001
236.8529411764706,244.25,242.1176470588236,244.0208333333334,241.8974358974359,238.1284722222222,237.7727272727273,217.9880952380952,216.6071428571429,209.9000000000001
236.9117647058824,244.25,242.0588235294118,244.1041666666667,242.1794871794872,238.1770833333333,237.8636363636364,217.8928571428571,216.4642857142857,209.6785714285715
236.9705882352941,244.25,242,244.1875000000001,242.4615384615385,238.2256944444445,237.9545454545454,217.797619047619,216.3214285714286,209.3928571428572
