174.125,177.75,185.7777777777777,184.2222222222222,189.275,186.5,185.5833333333333,184.4374999999999,180.9999999999999,178.7763157894736
173.625,177.75,185.6666666666666,184.1111111111111,189.175,187,184.9166666666666,184.3124999999999,182,178.8815789473684
173.125,177.75,185.5555555555555,184,189.075,187.625,184.25,184.1875,182.15,178.9868421052631
172.625,177.75,185.4444444444444,183.8888888888889,188.975,188.375,183.7777777777778,184.0625,182.0166666666667,179.0921052631579
172.1666666666667,177.75,185.3333333333333,183.7777777777778,188.875,188.75,183.8888888888889,184.0909090909091,181.8833333333333,179.1973684210526
171.8333333333333,177.75,185.2599999999999,183.6666666666667,188.775,188.75,184,184.2727272727273,181.75,179.3026315789473
171.5,177.75,185.2999999999999,183.5555555555555,188.7358490566038,188.75,184.1111111111111,184.4545454545455,181.6166666666667,179.4078947368421
171.1666666666667,177.75,185.34,183.4444444444444,188.7169811320755,188.75,184.2222222222222,184.6363636363636,181.4833333333333,179.5131578947368
170.8333333333333,177.75,185.3799999999999,183.3333333333333,188.6981132075472,188.25,185.1071428571429,184.8181818181818,181.35,179.6184210526316
170.75,178.1000000000001,185.42,183.296875,188.6792452830188,187.75,186.25,185,181.2678571428571,179.7236842105263
170.75,179.5000000000001,185.4599999999999,183.484375,188.6603773584905,187.25,187.3928571428572,184.8,181.3392857142857,179.84375
170.75,180.9000000000001,185.4999999999999,183.671875,188.6415094339622,187.0961538461538,188.2678571428571,184.6,181.4107142857143,179.96875
170.75,181.4,185.54,183.859375,188.6349206349206,186.9423076923077,188.3392857142857,184.4,181.4821428571429,180.09375
170.75,181.6,185.58,184.046875,188.7142857142857,186.7884615384615,188.4107142857143,184.2,181.5535714285714,180.21875
170.75,181.8,185.6199999999999,184.234375,188.7936507936507,186.6346153846154,188.4821428571428,184,181.625,180.34375
170.75,182,185.6599999999999,184.421875,188.8730158730158,186.4807692307692,188.5535714285714,183.8,181.6964285714286,180.46875
170.75,182.2,185.6999999999999,184.609375,188.9523809523809,186.3269230769231,188.625,183.6,181.7678571428572,180.59375
170.75,182.0833333333333,185.7399999999999,184.7916666666667,189.031746031746,186.3676470588235,188.6964285714286,183.5357142857143,181.8392857142857,180.71875
170.75,181.8611111111111,185.7499999999999,184.9583333333333,189.1111111111111,186.6029411764706,188.7222222222222,183.6071428571429,181.9107142857143,180.9545454545454
170.75,181.6388888888889,185.7499999999999,185.125,189.1904761904762,186.8382352941177,188.6111111111111,183.6785714285714,181.9821428571429,181.2272727272727
170.75,181.4166666666667,185.7499999999999,185.2916666666667,189.3409090909091,187.0735294117647,188.5,183.75,182.0535714285714,181.5
170.75,181.2666666666667,185.7499999999999,185.4583333333333,189.7045454545454,187.3088235294118,188.3888888888889,183.8214285714286,182.125,181.7727272727273
170.75,181.3333333333333,185.7954545454545,185.625,190.0681818181818,187.5441176470588,188.2777777777778,183.8928571428571,182.1964285714286,182.0454545454546
170.8,181.4,185.9772727272727,185.7916666666667,190.4318181818182,187.7794117647059,188.1666666666667,183.9642857142857,182.2884615384615,182.3125
171,181.4666666666667,186.1590909090909,185.9583333333333,190.7954545454546,188.0147058823529,188.0555555555556,184.05,182.4423076923077,182.5625
171.2,181.5333333333334,186.340909090909,186.125,191.1590909090909,188.25,187.9444444444444,184.15,182.5961538461539,182.8125
171.4,181.6,186.5227272727272,186.3,190.6071428571428,188.1323529411765,187.8333333333333,184.25,182.75,183.0625
171.6,181.6666666666667,186.7045454545454,186.5,189.75,188.0147058823529,187.6923076923077,184.35,182.9038461538462,183.3125
171.8,181.7333333333333,186.6818181818181,186.7,188.8928571428571,187.8970588235294,187.4615384615385,184.45,183.0576923076923,183.5625
172,181.890625,186.590909090909,186.9,188.2857142857143,187.7794117647059,187.2307692307692,184.4722222222222,183.2115384615385,183.7045454545454
172.2,182.078125,186.4999999999999,187.1,188.4285714285714,187.6617647058824,187,184.4166666666667,183.3653846153846,183.5227272727273
172.484375,182.265625,186.4090909090908,187.3,188.5714285714285,187.5441176470588,186.7692307692308,184.3611111111111,183.5192307692308,183.3409090909091
172.796875,182.453125,186.3181818181818,187.5,189.1363636363636,187.4264705882353,186.5384615384615,184.3055555555555,183.6730769230769,183.1590909090909
173.109375,182.640625,186.2656249999999,187.7,189.7678571428571,187.3088235294117,186.3076923076923,184.25,183.8269230769231,182.9772727272727
173.421875,182.828125,186.3281249999999,187.7875,189.8392857142857,187.3382352941177,186.25,184.1944444444445,183.9807692307692,182.7954545454545
173.734375,183.015625,186.3906249999999,187.8375,189.9107142857143,187.514705882353,186.25,184.1388888888889,184.1346153846154,182.7
174.046875,183.203125,186.4531249999999,187.8875,189.9821428571428,187.6911764705882,186.25,184.0833333333333,184.2604166666667,182.6333333333333
174.359375,183.475,186.5156249999999,187.9375,190.0535714285714,187.8676470588235,186.25,184.0277777777778,184.3020833333333,182.5666666666667
174.671875,183.775,186.5781249999999,187.9875,190.125,188.0441176470588,186.1923076923077,183.9444444444445,184.34375,182.5
174.6428571428571,184.075,186.6406249999999,188.0375,190.1964285714286,188.2205882352941,186.1153846153846,183.8333333333333,184.3854166666667,182.4333333333333
174.5,184.375,186.7031249999999,188.0875,190.2125,188.3970588235294,186.0384615384615,183.7222222222222,184.4270833333333,182.3666666666667
174.3571428571428,184.675,186.7833333333332,188.1375,190.0625,188.5735294117647,185.9615384615385,183.6111111111111,184.46875,182.3
174.3541666666667,184.5,186.9166666666666,188.1875,189.9125,188.75,185.8846153846154,183.5,184.5104166666667,182.3157894736842
174.7708333333333,184.1666666666666,187.05,188.2375,189.7625,188.8214285714286,185.8076923076923,183.3888888888889,184.5520833333333,182.5789473684211
175.1875,183.8333333333333,187.1833333333333,188.2734375,189.6125,188.8928571428572,185.7941176470588,183.2777777777778,184.59375,182.8421052631579
175.6041666666667,183.5,187.3166666666666,188.3046875,189.4625,188.9642857142857,185.9705882352941,183.1666666666667,184.6354166666667,183.1052631578947
176.0208333333333,183.125,187.4499999999999,188.3359375,189.3125,189.0357142857143,186.1470588235294,183.0555555555555,184.6770833333333,183.3684210526316
176.4375,182.625,187.5833333333333,188.3671875,189.1625,189.1071428571429,186.3235294117647,183.0625,184.71875,183.6315789473684
176.7272727272727,182.125,187.7166666666666,188.3984375,189.0125,189.1785714285714,186.5,183.1875,184.7333333333333,183.8947368421053
176.6363636363637,181.7857142857143,187.8124999999999,188.4296875,188.8625,189.25,186.6764705882353,183.3125,184.6666666666667,184.1578947368421
176.5454545454546,181.9285714285714,187.8958333333333,188.4609375,188.7166666666667,189.05,186.8529411764706,183.4375,184.6,184.421052631579
176.4545454545454,182.0714285714286,187.9791666666666,188.4921875,188.5833333333333,188.85,187.0294117647059,183.5625,184.5333333333334,184.6842105263158
176.3636363636363,182.2142857142857,188.0624999999999,188.5234375,188.45,188.65,187.2058823529412,183.6875,184.4666666666667,184.8863636363637
176.2727272727273,182.3571428571429,188.1458333333333,188.5546875,188.3166666666667,188.45,187.175,183.8125,184.4,185.0681818181818
176,182.5,188.2291666666666,188.5859375,188.1833333333333,188.25,187.075,183.9375,184.3333333333333,185.25
175.6666666666667,182.6428571428572,188.076923076923,188.6171875,188.05,188.05,186.975,184.1666666666667,184.2666666666667,185.4318181818182
175.3333333333333,182.7083333333333,187.8461538461538,188.6484375,187.9166666666667,187.85,186.875,184.5,184.34375,185.6136363636363
175.4375,182.5416666666667,187.6153846153846,188.6796875,187.7833333333333,187.7083333333333,186.775,184.8333333333334,184.46875,185.7954545454546
175.6875,182.375,187.3846153846153,188.7109375,187.84375,187.625,186.675,185.1666666666667,184.59375,185.9772727272727
175.9375,182.2083333333333,187.1538461538461,188.7421875,187.96875,187.5416666666667,186.575,185.5,184.71875,186.1590909090909
176.1875,182.0416666666667,186.9230769230768,188.5892857142857,188.09375,187.4583333333333,186.475,185.8333333333333,184.84375,186.3409090909091
176.4375,181.875,186.735294117647,188.375,188.21875,187.375,186.375,185.9666666666667,184.96875,186.5227272727273
176.6875,181.8269230769231,186.6764705882352,188.1607142857143,188.625,187.2916666666667,186.275,185.9,185.09375,186.7045454545455
176.9375,182.1346153846154,186.6176470588235,187.9464285714286,189.125,187.3055555555555,186.1923076923077,185.8333333333333,185.21875,186.75
177.1875,182.4423076923077,186.5588235294117,187.7321428571429,189.625,187.4166666666667,186.1153846153846,185.7666666666667,185.4868421052632,186.75
177.3823529411765,182.75,186.4999999999999,187.5178571428571,189.5454545454546,187.5277777777778,186.0384615384615,185.7,185.8026315789474,186.75
177.5588235294118,183.0576923076923,186.4411764705882,187.3035714285714,189.2727272727273,187.6388888888889,185.9615384615385,185.6333333333333,186.1184210526316,186.75
177.735294117647,183.3653846153846,186.3823529411764,187.125,189,187.75,185.8846153846154,185.5666666666667,186.4342105263158,186.75
177.9117647058824,183.6730769230769,186.3235294117647,186.9583333333333,188.7272727272727,187.8611111111111,185.8076923076923,185.5,186.75,186.75
178.0882352941177,183.95,186.2647058823529,186.7916666666667,188.4545454545455,187.9722222222222,185.7291666666667,185.7083333333333,187.0657894736842,186.78125
178.2647058823529,184.2166666666667,186.1562499999999,186.75,188,188.0833333333333,185.6458333333333,185.9166666666667,187.3815789473684,186.90625
178.4411764705883,184.4833333333333,186.0312499999999,186.75,187,188.1944444444444,185.5625,186.125,187.6973684210527,187.03125
178.6176470588235,184.75,185.9062499999999,186.75,186.2857142857143,188.1911764705882,185.4791666666666,186.3333333333333,188.0131578947368,187.15625
178.7857142857143,185.0166666666667,185.7812499999999,186.75,186.4285714285714,188.0735294117647,185.3958333333333,186.5416666666667,187.625,187.28125
178.9285714285714,185.2833333333334,185.6562499999999,186.75,186.5714285714286,187.9558823529412,185.3125,186.75,185.9,187.40625
179.0714285714286,185.55,185.5312499999999,186.7833333333333,186.7142857142857,187.8382352941176,185.2291666666667,186.9583333333333,186.5,187.53125
179.2142857142857,185.725,185.4062499999999,186.9166666666667,186.8571428571429,187.7205882352941,185.1458333333333,187.1666666666667,187.1,187.65625
179.3571428571429,185.625,185.2812499999999,187.05,187,187.6029411764706,185.0625,187.375,187.7,187.78125
179.5,185.525,185.3124999999999,187.1833333333333,187.1428571428571,187.485294117647,184.9791666666667,187.5833333333333,188.3,187.90625
179.6428571428571,185.425,185.3958333333333,187.3166666666667,187.2222222222222,187.3676470588235,184.8958333333333,187.7916666666667,188.75,188.03125
179.8636363636363,185.325,185.4791666666666,187.45,187.1111111111111,187.25,184.8125,188,188.75,188.15625
180.3181818181818,185.225,185.5624999999999,187.5833333333333,187,186.75,184.75,187.92,188.75,188.2840909090909
180.7727272727273,185.125,185.6458333333333,187.7166666666667,186.8888888888889,186.25,184.75,187.84,188.75,188.4204545454546
181.2272727272727,185.025,185.7291666666666,187.5921052631579,186.7777777777778,185.75,184.75,187.76,188.75,188.5568181818182
181.6818181818182,184.925,185.8124999999999,187.3815789473684,186.6666666666667,185.25,184.75,187.68,188.75,188.6931818181818
182.1363636363637,184.825,185.8958333333333,187.1710526315789,186.5555555555555,185.1730769230769,184.75,187.6,188.75,188.8295454545455
182.0833333333333,184.7666666666667,185.9791666666666,186.9605263157895,186.4444444444445,185.0961538461538,184.75,187.52,188.3333333333333,188.9659090909091
181.8611111111111,184.8333333333333,186.0624999999999,186.75,186.3333333333333,185.0192307692308,184.75,187.44,187.7777777777778,189.1022727272727
181.6388888888889,184.9,186.1458333333333,186.5394736842105,186.2205882352941,184.9423076923077,184.75,187.36,187.2222222222222,189.2386363636364
181.4166666666667,184.9666666666667,186.2291666666666,186.328947368421,186.1029411764706,184.8653846153846,184.75,187.28,186.6666666666667,189.375
181.2833333333333,185.0333333333333,186.215909090909,186.1184210526316,185.985294117647,184.7884615384615,184.75,187.2,186.2833333333333,189.5113636363636
181.4166666666667,185.1,186.1704545454545,185.9078947368421,185.8676470588235,184.6785714285714,184.6818181818182,187.12,186.4166666666667,189.6477272727273
181.55,185.1666666666667,186.1249999999999,185.7777777777778,185.75,184.5357142857143,184.5909090909091,187.04,186.55,189.796875
181.6833333333333,185.2333333333333,186.0795454545454,185.8888888888889,185.6323529411765,184.3928571428571,184.5,186.95,186.6833333333333,189.984375
181.8166666666667,185.296875,186.0340909090908,186,185.5147058823529,184.25,184.4090909090909,186.85,186.8166666666667,190.171875
181.95,185.359375,185.9886363636363,186.1111111111111,185.3970588235294,184.1071428571429,184.3181818181818,186.75,186.95,190.359375
182.0833333333333,185.421875,185.9431818181818,186.2222222222222,185.2794117647059,183.9642857142857,184.2,186.65,187.0833333333333,190.546875
182.2166666666667,185.484375,185.8977272727272,186.3333333333333,185.4375,183.8214285714286,184,186.55,187.2166666666667,190.734375
182.5,185.546875,185.8522727272727,186.4444444444445,185.6875,183.78125,183.8,186.45,187.4375,190.921875
182.8333333333333,185.609375,185.8068181818181,186.5555555555555,185.9375,183.84375,183.6,186.35,187.6875,191.109375
183.1666666666667,185.671875,185.7613636363636,186.6666666666667,186.1875,183.90625,183.4,186.25,187.9375,191.1666666666667
183.5,185.734375,185.7058823529411,186.6833333333333,186.4375,183.96875,183.2,186.15,188.1875,190.8333333333333
183.6666666666667,185.7894736842105,185.6470588235293,186.4166666666667,186.6875,184.03125,183,186.05,188.4375,190.5
183.3333333333333,185.8421052631579,185.5882352941176,186.15,186.46875,184.09375,182.8,186.0576923076923,188.6875,190.1666666666667
183,185.8947368421053,185.5294117647058,185.8833333333333,186.09375,184.15625,182.825,186.1730769230769,188.9375,189.8333333333333
182.6666666666667,185.9473684210526,185.4705882352941,185.6166666666667,185.71875,184.21875,182.925,186.2884615384615,189.1875,189.7840909090909
182.3333333333333,186,185.4117647058823,185.35,185.34375,184.2954545454546,183.025,186.4038461538462,189.2894736842105,189.8295454545454
182.1,186.0526315789474,185.3529411764705,185.0833333333333,184.96875,184.3863636363636,183.125,186.5192307692308,189.3421052631579,189.875
181.9,186.1052631578947,185.2941176470588,184.8166666666667,184.59375,184.4772727272727,183.225,186.6346153846154,189.3947368421053,189.9204545454546
181.7,186.1578947368421,185.3333333333333,184.5769230769231,184.21875,184.5681818181818,183.25,186.75,189.4473684210527,189.9659090909091
181.5,186.2105263157895,185.6666666666666,184.3461538461539,183.84375,184.6590909090909,183.25,186.8653846153846,189.5,190.0113636363636
181.3,186.25,185.9999999999999,184.1153846153846,183.6785714285714,184.75,183.25,186.9807692307692,189.5526315789474,190.0568181818182
181.45,186.25,186.3333333333333,183.8846153846154,183.5833333333333,184.8409090909091,183.25,187.0961538461539,189.6052631578947,190.1022727272727
181.7166666666666,186.25,186.6666666666666,183.6538461538462,183.4880952380952,184.9318181818182,183.25,187.2115384615385,189.6578947368421,190.1477272727273
181.9833333333333,186.25,186.8653846153846,183.4230769230769,183.3928571428571,185.0227272727273,183.25,187.3269230769231,189.7105263157895,190.1931818181818
182.25,186.25,187.0192307692307,183.2083333333333,183.297619047619,185.1136363636363,183.25,187.4423076923077,189.7678571428571,190.2386363636364
182.5166666666667,186.25,187.1730769230768,183.0416666666667,183.202380952381,185.2045454545455,183.25,187.5172413793103,189.8392857142857,190.1875
182.7833333333333,186.25,187.326923076923,182.875,183.1071428571428,185.1875,183.25,187.551724137931,189.9107142857143,190.1041666666667
183.05,186.25,187.4807692307692,182.7083333333333,183.0119047619048,185.0625,183.25,187.5862068965517,189.9821428571429,190.0208333333333
183.0833333333333,186.225,187.6346153846153,182.5416666666667,182.9166666666667,184.9375,183.25,187.6206896551724,190.0535714285714,189.9375
182.4166666666667,186.125,187.7142857142857,182.375,182.8214285714286,184.8125,183.2205882352941,187.6551724137931,190.125,189.8541666666667
182.4,186.025,187.5714285714285,182.2941176470588,182.6,184.6875,183.1029411764706,187.6896551724138,190.1964285714286,189.7708333333333
182.6,185.925,187.4285714285714,182.4705882352941,182,184.5625,182.9852941176471,187.7241379310345,190.1428571428571,189.8076923076923
182.8,185.825,187.2857142857142,182.6470588235294,181.4,184.4375,182.8676470588235,187.7586206896552,189.7142857142857,189.8846153846154
183,185.725,187.1428571428571,182.8235294117647,181.3076923076923,184.3125,182.75,187.7931034482759,189.2857142857143,189.9615384615385
183.2,185.625,186.9999999999999,183,181.3846153846154,184.2115384615385,182.6323529411765,187.8275862068965,188.8571428571429,190.0384615384615
183.4,185.525,186.8571428571428,183.1764705882353,181.4615384615385,184.1346153846154,182.5147058823529,187.8620689655172,188.7941176470588,190.1153846153846
183.6,185.425,186.6388888888888,183.3529411764706,181.5384615384615,184.0576923076923,182.3970588235294,187.8965517241379,188.8529411764706,190.1923076923077
183.8088235294118,185.325,186.1944444444444,183.5294117647059,181.6153846153846,183.9807692307692,182.2794117647059,187.9310344827586,188.9117647058824,190.3088235294118
184.0441176470588,185.2738095238095,185.7499999999999,183.7058823529412,181.6923076923077,183.9038461538462,182.3076923076923,187.9655172413793,188.9705882352941,190.5441176470588
184.2794117647059,185.3690476190476,185.3055555555555,183.7894736842105,181.7380952380952,183.8269230769231,182.3846153846154,188,189.0294117647059,190.7794117647059
184.5147058823529,185.4642857142857,184.8611111111111,183.8421052631579,181.6904761904762,183.75,182.4615384615385,188.0588235294118,189.0882352941177,191.0147058823529
184.75,185.5595238095238,184.6818181818181,183.8947368421053,181.6428571428571,183.6730769230769,182.5384615384615,188.1176470588235,189.1470588235294,191.25
184.9852941176471,185.6547619047619,184.590909090909,183.9473684210526,181.5952380952381,183.5961538461538,182.6153846153846,188.1764705882353,189.2058823529412,191.4852941176471
185.2205882352941,185.75,184.4999999999999,184,181.547619047619,183.5192307692308,182.6923076923077,188.2352941176471,189.25,191.7205882352941
185.4558823529412,185.8452380952381,184.4090909090908,184.0526315789474,181.5,183.4423076923077,182.7692307692308,188.2941176470588,189.25,191.9558823529412
185.6911764705882,185.9404761904762,184.3181818181818,184.1052631578947,181.452380952381,183.3653846153846,182.8461538461538,188.3529411764706,189.25,192.1911764705882
186,186.0357142857143,184.2333333333333,184.1578947368421,181.4047619047619,183.2884615384615,182.9230769230769,188.4117647058823,189.25,192.2
186.3333333333333,186.1309523809524,184.1666666666666,184.2105263157895,181.3571428571429,183.2,183,188.4705882352941,189.25,192.1333333333333
186.6666666666667,186.2261904761905,184.0999999999999,184.25,181.3095238095238,183.1,183.0769230769231,188.3333333333333,189.25,192.0666666666667
187,186.0735294117647,184.0333333333333,184.25,181.2619047619048,183,183.1538461538462,188,189.25,192
187.2166666666667,185.8382352941177,183.9666666666666,184.25,181.1964285714286,182.9,183.2307692307692,187.6666666666667,189.25,191.9333333333333
187.0833333333333,185.6029411764706,183.8999999999999,184.25,181.125,182.8,183.2125,187.3333333333333,189.25,191.8666666666667
186.95,185.3676470588235,183.8333333333333,184.25,181.0535714285714,182.5,183.1625,187,189.25,191.8
186.8166666666667,185.1323529411765,183.7666666666666,184.25,180.9821428571429,182,183.1125,186.6666666666667,189.2105263157895,191.7941176470588
186.6833333333333,184.8970588235294,183.5892857142857,184.25,180.9107142857143,181.5,183.0625,186.3333333333333,189.1578947368421,191.9705882352941
186.55,184.6617647058823,183.3749999999999,184.21875,180.8392857142857,181.212962962963,183.0125,186,189.1052631578947,192.1470588235294
186.4166666666667,184.4264705882353,183.1607142857142,184.1770833333333,180.7678571428571,181.1388888888889,182.9625,185.9375,189.0526315789474,192.3235294117647
186.2833333333333,184.2272727272727,182.9464285714285,184.1354166666667,179.875,181.0648148148148,182.9125,185.875,189,192.5
186.16,184.1363636363636,182.7321428571428,184.09375,178.7083333333333,180.9907407407408,182.8625,185.8125,188.9473684210526,192.6764705882353
186.04,184.0454545454545,182.5178571428571,184.0520833333333,177.5416666666666,180.9166666666667,182.8125,185.75,188.8947368421053,192.8529411764706
185.92,183.9545454545454,182.3035714285714,184.0104166666667,177.4473684210526,180.8425925925926,182.7625,185.6875,188.8421052631579,193.0294117647059
185.8,183.8636363636364,182.1562499999999,183.96875,177.7105263157894,180.7685185185185,182.6136363636364,185.625,188.7894736842105,193.2058823529412
185.68,183.7727272727273,182.0312499999999,183.9270833333333,177.9736842105263,180.6944444444445,182.4318181818182,185.5625,188.7763157894737,193.4
185.56,183.9375,181.9062499999999,183.8854166666667,178.2368421052631,180.6203703703704,182.25,185.5,188.8815789473684,193.6
185.44,184.1875,181.7812499999999,183.84375,178.5,180.5462962962963,182.0681818181818,185.65,188.9868421052632,193.8
185.32,184.4375,181.6562499999999,183.8020833333333,178.7631578947368,180.4722222222222,181.8863636363636,185.8,189.0921052631579,194
185.2,184.6875,181.5312499999999,183.7604166666667,179.0263157894737,180.3981481481481,181.7045454545454,185.95,189.1973684210526,194.2
185.08,184.9375,181.4062499999999,183.65625,179.2894736842105,180.3240740740741,181.5227272727273,186.1,189.3026315789474,194.4
184.96,185.1875,181.2812499999999,183.53125,179.5526315789474,180.25,181.3409090909091,186.25,189.4078947368421,194.6
184.84,185.4375,181.1,183.40625,179.7380952380952,180.2976190476191,181.1590909090909,186.4,189.5131578947368,194.8
184.8,185.6875,180.8999999999999,183.28125,179.6904761904762,180.3452380952381,180.9772727272727,186.55,189.6184210526316,195
185,185.9375,180.6999999999999,183.15625,179.6428571428571,180.3928571428572,180.7954545454546,186.7,189.7236842105263,195.2
185.2,186.1875,180.4999999999999,183.03125,179.5952380952381,180.4404761904762,180.8863636363637,186.85,189.6710526315789,195.3571428571429
185.4,186.4375,180.3,182.90625,179.547619047619,180.4880952380952,181.0681818181818,187,189.5657894736842,195.5
185.6,186.6875,180.0999999999999,182.78125,179.5,180.5357142857143,181.25,186.7777777777778,189.4605263157895,195.6428571428572
185.8,186.9375,179.8999999999999,182.65625,179.452380952381,180.5833333333333,181.4318181818182,186.5555555555555,189.3552631578947,195.7857142857143
186,187.1875,179.7368421052631,182.53125,179.4047619047619,180.6309523809524,181.6136363636364,186.3333333333333,189.25,195.9285714285714
186.2,187.0192307692308,179.6842105263157,182.40625,179.3571428571429,180.6785714285714,181.7954545454546,186.1111111111111,189.1447368421053,196.0714285714286
186.55,186.7115384615385,179.6315789473684,182.28125,179.3095238095238,180.7261904761905,181.9772727272727,186.1,189.0394736842105,196.2142857142857
186.95,186.4038461538461,179.578947368421,182.1818181818182,179.2619047619048,180.6875,182.1590909090909,186.3,188.9342105263158,196.5227272727273
187.35,186.0961538461538,179.5263157894736,182.0909090909091,179.2840909090909,180.5625,182.3409090909091,186.5,188.8289473684211,196.8863636363636
187.75,185.7884615384615,179.4736842105262,182,179.3295454545455,180.4375,182.5227272727273,186.7,188.775,197.25
188.15,185.4807692307692,179.4210526315789,181.9090909090909,179.375,180.3125,182.7045454545454,186.9,188.875,197.6136363636364
188.2125,185.21875,179.3684210526315,181.8181818181818,179.4204545454546,180.1875,182.3333333333333,186.8333333333333,188.975,197.9772727272727
188.1625,185.09375,179.3157894736842,181.7272727272727,179.4659090909091,180.0625,181.7777777777778,186.5,189.075,198.2333333333333
188.1125,184.96875,179.2631578947368,181.6363636363636,179.5113636363636,179.9375,181.2222222222222,186.1666666666667,189.175,198.1666666666667
188.0625,184.84375,179.8333333333333,181.5454545454545,179.5568181818182,179.8125,180.6666666666667,185.8333333333333,189.275,198.1
188.0125,184.7678571428571,180.6111111111111,181.4545454545454,179.6022727272727,179.7045454545454,180.25,185.5,189.375,198.0333333333334
187.9625,184.8392857142857,181.3888888888888,181.3636363636364,179.6477272727273,179.6136363636364,180.25,185.5952380952381,189.475,197.9666666666667
187.9125,184.9107142857143,182.1666666666666,181.2727272727273,179.6931818181818,179.5227272727273,180.25,185.6904761904762,189.575,197.9
187.8625,184.9821428571428,182.7857142857142,181.1944444444445,179.7386363636364,179.4318181818182,180.25,185.7857142857143,189.675,197.8333333333333
187.8125,185.0535714285714,182.9285714285714,181.1203703703704,179.71875,179.3409090909091,180.25,185.8809523809524,189.775,197.7666666666667
187.7625,185.125,183.0714285714285,181.0462962962963,179.6770833333333,179.25,180.203125,185.9761904761905,189.875,197.6071428571428
187.7159090909091,185.1964285714286,183.2142857142857,180.9722222222222,179.6354166666667,179.25,180.140625,186.0714285714286,189.975,197.4166666666666
187.6704545454545,185.3392857142857,183.3571428571428,180.8981481481482,179.59375,179.25,180.078125,186.1666666666667,190.075,197.2261904761905
187.625,185.6964285714286,183.4999999999999,180.8240740740741,179.5520833333333,179.25,180.015625,186.2619047619048,190.175,197.0357142857143
187.5795454545454,186.0535714285714,183.6428571428571,180.75,179.5104166666667,179.25,179.953125,186.3571428571429,190.24,196.8452380952381
187.5340909090909,186.4107142857143,183.6944444444444,180.6759259259259,179.46875,178.7954545454546,179.890625,186.452380952381,190.2,196.6547619047619
187.4886363636364,186.7678571428571,183.4722222222222,180.6018518518518,179.4270833333333,178.3409090909091,179.828125,186.35,190.16,196.4642857142857
187.4431818181818,187.125,183.2499999999999,180.5277777777778,179.3854166666667,177.8863636363636,179.765625,186.05,190.12,196.2738095238095
187.3977272727273,187.4821428571429,183.0277777777777,180.4537037037037,179.34375,177.4318181818182,179.8181818181818,185.75,190.08,196.0833333333333
187.3522727272727,187.7857142857143,182.8055555555555,180.3796296296296,179.3020833333333,176.9772727272727,179.9090909090909,185.45,190.04,195.8928571428571
187.3068181818182,187.9285714285714,182.5833333333333,180.3055555555555,179.2604166666667,176.7,180,185.15,190,195.6785714285714
187.2613636363636,188.0714285714286,182.3611111111111,180.2380952380952,179.2058823529412,176.6,180.0909090909091,184.9761904761905,189.96,195.3928571428571
187.1818181818182,188.2142857142857,182.1388888888888,180.1904761904762,179.1470588235294,176.5,180.1818181818182,184.9285714285714,189.92,195.1071428571429
187.0909090909091,188.0454545454546,181.9166666666666,180.1428571428572,179.0882352941177,176.4,180.3214285714286,184.8809523809524,189.88,194.8214285714286
187,187.7727272727273,181.7499999999999,180.0952380952381,179.0294117647059,176.3,180.6071428571428,184.8333333333333,189.84,194.8333333333333
186.9090909090909,187.5,181.7499999999999,180.047619047619,178.9705882352941,176.3214285714286,180.8928571428571,184.7857142857143,189.8,194.9444444444445
186.8181818181818,187.2272727272727,181.7499999999999,180,178.9117647058823,176.4642857142857,181.1785714285714,184.7380952380952,189.76,195.0555555555555
186.7272727272727,186.9545454545454,181.7499999999999,179.952380952381,178.8529411764706,176.6071428571429,181.4642857142857,184.6904761904762,189.7916666666667,195.1666666666667
186.6363636363636,186.78125,181.7499999999999,179.9047619047619,178.7941176470588,176.75,181.75,184.6428571428571,189.8472222222222,195.1666666666667
186.5454545454545,186.90625,181.7499999999999,179.8571428571428,178.8076923076923,176.8928571428572,182.0357142857143,184.5952380952381,189.9027777777778,194.8333333333333
186.4545454545455,187.03125,181.7499999999999,179.8095238095238,179.0384615384615,177.0357142857143,182.1875,184.547619047619,189.9583333333333,194.5
186.3636363636364,187.15625,181.7499999999999,179.7619047619048,179.2692307692308,177.1785714285714,181.9375,184.5,190.0138888888889,194.1666666666667
186.2727272727273,187.28125,181.7499999999999,179.78,179.5,177.3214285714286,181.6875,184.625,190.0694444444445,193.8333333333333
186.3181818181818,187.40625,181.7499999999999,179.82,179.7307692307692,177.4642857142857,181.4375,184.75,190.125,193
186.4090909090909,187.53125,181.6666666666666,179.86,179.9615384615385,177.6071428571428,181.1944444444444,184.875,190.1805555555555,192
186.5,187.65625,181.5555555555555,179.9,180.1923076923077,177.75,180.9722222222222,185,190.2361111111111,191.525
186.5909090909091,187.7,181.4444444444444,179.94,180.2941176470588,177.6944444444444,180.75,185.125,190.1923076923077,191.225
186.6818181818182,187.5,181.3333333333333,179.98,180.3529411764706,177.6388888888889,180.5277777777778,185.25,190.1153846153846,190.925
186.7727272727273,187.3,181.2222222222222,180.02,180.4117647058824,177.5833333333333,180.3055555555556,185.375,190.0384615384615,190.625
186.8636363636364,187.1,181.1111111111111,180.06,180.4705882352941,177.5277777777778,180.4264705882353,185.5,189.9615384615385,190.325
186.9545454545455,186.9,180.9999999999999,180.1,180.5294117647059,177.4722222222222,180.6617647058823,185.3461538461538,189.8846153846154,190.375
187.0454545454545,186.7,180.8888888888888,180.14,180.5882352941177,177.4166666666667,180.8970588235294,185.1923076923077,189.8076923076923,190.5416666666667
187.1363636363636,186.5,180.7777777777777,180.18,180.6470588235294,177.3611111111111,181.1323529411765,185.0384615384615,189.7307692307692,190.7083333333333
187.2272727272727,186.3,180.8571428571428,180.22,180.7058823529412,177.3055555555555,181.3676470588235,184.8846153846154,189.6538461538462,190.875
187.2894736842105,185.95,180.9999999999999,180.25,180.675,177.25,181.6029411764706,184.7307692307692,189.5769230769231,191.0416666666667
187.3421052631579,185.55,181.1428571428571,180.25,180.375,177.1666666666667,181.8382352941177,184.5769230769231,189.5,191.2083333333333
187.3947368421053,185.2166666666667,181.2857142857142,180.25,180.075,177.0833333333333,182.0735294117647,184.4666666666666,189.4230769230769,191.3
187.4473684210527,185.0833333333333,181.4285714285714,180.25,179.775,177,182.2272727272727,184.4,189.3461538461539,191.3666666666667
187.5,184.95,181.5714285714285,180.25,179.475,176.9166666666667,182.1363636363636,184.3333333333333,189.2692307692308,191.4333333333333
187.5526315789473,184.8166666666667,181.7142857142857,180.25,179.2727272727273,176.8333333333333,182.0454545454546,184.2666666666667,189.1923076923077,191.5
187.6052631578947,184.6833333333333,181.8571428571428,180.25,179.3636363636364,176.75,181.9545454545454,184.2,189.1153846153846,191.5666666666667
187.6578947368421,184.55,181.9999999999999,180.25,179.4545454545455,176.8804347826087,181.8636363636364,184.1333333333333,189.0384615384615,191.6333333333334
187.7105263157895,184.4166666666667,182.1428571428571,180.25,179.5454545454545,177.0108695652174,181.7727272727273,184.0666666666667,188.9615384615385,191.7
187.7205882352941,184.2833333333333,182.2857142857142,180.25,179.6363636363636,177.1413043478261,181.1875,184,188.8846153846154,191.7159090909091
187.6029411764706,184.3181818181818,182.4285714285714,180.25,179.7272727272727,177.2717391304348,180.4375,183.9333333333333,188.8076923076923,191.5795454545455
187.4852941176471,184.4090909090909,182.5714285714285,180.2258064516129,179.8181818181818,177.4021739130435,180.1428571428571,183.8666666666667,188.7307692307692,191.4431818181818
187.3676470588235,184.5,182.7142857142856,180.1935483870968,179.9090909090909,177.5326086956522,180,183.8,188.6538461538462,191.3068181818182
187.25,184.5909090909091,182.6249999999999,180.1612903225806,180,177.6630434782609,179.8571428571429,183.7333333333333,188.5769230769231,191.1704545454546
187.1323529411765,184.6818181818182,182.4583333333333,180.1290322580645,180.0909090909091,177.7934782608696,179.765625,183.6666666666667,188.5,191.0340909090909
187.014705882353,184.59375,182.2916666666666,180.0967741935484,180.1818181818182,177.9239130434783,179.828125,183.6,188.4230769230769,190.8977272727273
186.8970588235294,183.96875,182.1249999999999,180.0645161290323,180.2314814814815,178.054347826087,179.890625,183.5333333333333,188.3461538461538,190.7613636363636
186.7794117647059,183.34375,181.9583333333333,180.0322580645161,180.1574074074074,178.1847826086957,179.953125,183.5384615384615,188.2692307692308,190.625
186.7142857142857,182.71875,181.7916666666666,180,180.0833333333333,178.40625,180.015625,183.6153846153846,188.16,190.4886363636364
186.6666666666667,182.0416666666667,181.6249999999999,179.9677419354839,180.0092592592593,178.71875,180.078125,183.6923076923077,188.04,190.3522727272727
186.6190476190476,181.2083333333333,181.4583333333333,179.9354838709677,179.9351851851852,179.03125,180.140625,183.7692307692308,187.92,190.225
186.5714285714286,180.375,181.2916666666666,179.9032258064516,179.8611111111111,179.34375,180.203125,183.8461538461539,187.8,190.125
186.5238095238095,179.775,181.1249999999999,179.8709677419355,179.787037037037,179.65625,180.2166666666667,183.9230769230769,187.68,190.025
186.4761904761905,179.875,180.9583333333333,179.8387096774194,179.712962962963,179.96875,180.0833333333333,184,187.56,189.925
186.4285714285714,179.975,180.7916666666666,179.8064516129032,179.6388888888889,180.28125,179.95,183.9375,187.44,189.825
186.3809523809524,180.075,180.6249999999999,179.7741935483871,179.5648148148148,180.59375,179.8166666666667,183.875,187.32,189.725
186.3333333333333,180.175,180.4583333333333,179.7261904761905,179.4907407407407,180.8,179.6833333333333,183.8125,187.2,189.625
186.2857142857143,180.375,180.2916666666666,179.6309523809524,179.4166666666667,180.9,179.55,183.75,187.08,189.525
186.2625,180.875,180.1249999999999,179.5357142857143,179.3425925925926,181,179.4166666666667,183.6875,186.96,189.425
186.3125,181.375,179.9583333333333,179.4404761904762,179.2685185185185,181.1,179.2833333333333,183.625,186.84,189.325
186.3625,181.875,179.7916666666666,179.3452380952381,179.375,181.2,179.3382352941177,183.5625,186.73,189.2763157894737
186.4125,182.375,179.6249999999999,179.25,179.5416666666667,181.4166666666667,179.4558823529412,183.5,186.65,189.3815789473684
186.4625,182.6911764705882,179.4583333333333,179.1547619047619,179.7083333333333,181.75,179.5735294117647,183.5952380952381,186.57,189.4868421052632
186.5125,182.4558823529412,179.2916666666666,179.0595238095238,179.875,182.0833333333333,179.6911764705882,183.6904761904762,186.49,189.5921052631579
186.5625,182.2205882352941,179.1249999999999,178.9642857142857,180.0416666666667,182.4166666666667,179.8088235294118,183.7857142857143,186.41,189.6973684210526
186.6125,181.9852941176471,178.9583333333333,178.8690476190476,180.2083333333333,182.75,179.9264705882353,183.8809523809524,186.33,189.8026315789474
186.6625,181.75,178.7916666666666,178.7738095238095,180.375,183.0833333333333,180.0441176470588,183.9761904761905,186.25,189.9078947368421
186.7125,181.5147058823529,178.6249999999999,178.8035714285714,180.5416666666667,183.4166666666667,180.1617647058823,184.0714285714286,186.17,190.0131578947368
186.7857142857143,181.2794117647059,178.4583333333333,178.875,180.7083333333333,183.75,180.2678571428571,184.1666666666667,186.09,190.1184210526316
186.9285714285714,181.0441176470588,178.2916666666666,178.9464285714286,181,184.1346153846154,180.3392857142857,184.2619047619048,186.01,190.2236842105263
187.0714285714286,180.8088235294118,178.1785714285714,179.0178571428571,181.3333333333333,184.5192307692308,180.4107142857143,184.3571428571429,185.93,190.25
187.2142857142857,180.6617647058824,178.0833333333333,179.0892857142857,181.6666666666667,184.9038461538462,180.4821428571429,184.4523809523809,185.85,190.25
187.3571428571429,180.5441176470588,177.9880952380952,179.1607142857143,182,185.2884615384615,180.5535714285714,184.4487179487179,185.77,190.25
187.5,180.4264705882353,177.8928571428571,179.2321428571428,182.3333333333333,185.6730769230769,180.625,184.3461538461538,185.625,190.25
187.6428571428571,180.3088235294118,177.797619047619,179.1818181818182,182.6666666666667,186.0576923076923,180.6964285714286,184.2435897435897,185.4583333333333,190.25
187.7857142857143,180.1911764705882,177.7023809523809,179.0909090909091,183,186.3088235294117,180.7291666666667,184.1410256410256,185.2916666666667,190.25
187.9285714285714,180.0735294117647,177.6071428571428,179,183.3333333333333,186.4264705882353,180.6458333333333,184.0384615384615,185.125,190.25
188.0714285714286,179.9558823529412,177.5119047619047,178.9090909090909,183.6666666666667,186.5441176470588,180.5625,183.9358974358974,184.9583333333333,190.25
188.2142857142857,179.8382352941176,177.4166666666666,178.8181818181818,183.8035714285714,186.6617647058823,180.4791666666667,183.8333333333333,184.7916666666667,190.25
188.0833333333333,179.7894736842105,177.3214285714285,178.7272727272727,183.875,186.7794117647059,180.3958333333333,183.7307692307692,184.625,190.25
187.8611111111111,179.9473684210527,177.2699999999999,178.6363636363636,183.9464285714286,186.8970588235294,180.3125,183.6282051282051,184.4583333333333,190.1477272727273
187.6388888888889,180.1052631578947,177.3499999999999,178.5454545454546,184.0178571428571,187.014705882353,180.2833333333333,183.525641025641,184.2916666666667,190.0113636363637
187.4166666666667,180.2631578947368,177.4299999999999,178.4545454545454,184.0892857142857,187.1323529411765,180.4166666666667,183.3928571428571,184.125,189.875
187.2638888888889,180.421052631579,177.5099999999999,178.3636363636364,184.1607142857143,187.25,180.55,183.2499999999999,183.9583333333333,189.7386363636364
187.3194444444445,180.578947368421,177.5899999999999,178.2727272727273,184.2321428571429,187.2,180.6833333333333,183.1071428571428,183.7916666666667,189.6022727272727
187.375,180.7368421052632,177.67,177.95,184.15625,187.15,180.8166666666667,182.9210526315789,183.625,189.4659090909091
187.4305555555555,180.8947368421053,177.7499999999999,177.55,184.03125,187.1,180.95,182.6052631578947,183.4583333333333,189.3295454545454
187.4861111111111,181.0526315789474,177.8299999999999,177.15,183.90625,187.05,181.0833333333333,182.2894736842105,183.2916666666667,189.1931818181818
187.5416666666667,181.2105263157895,177.9099999999999,176.75,183.78125,187,181.2166666666667,181.9736842105263,183.1617647058823,189.0568181818182
187.5972222222222,181.5227272727273,177.9899999999999,176.35,183.65625,186.95,180.6875,181.6578947368421,183.0441176470588,188.9204545454546
187.6527777777778,181.8863636363637,178.0699999999999,176.15625,183.53125,186.9,179.9375,181.4555555555555,182.9264705882353,188.7840909090909
187.7083333333333,182.25,178.1499999999999,176.03125,183.40625,186.85,179.1875,181.3666666666667,182.8088235294118,188.6136363636363
187.6785714285714,182.6136363636364,178.23,175.90625,183.28125,186.8,178.4375,181.2777777777777,182.6911764705882,188.4318181818182
187.3928571428571,182.9772727272727,178.3906249999999,175.78125,183.025,186.75,178.1666666666667,181.1888888888889,182.5735294117647,188.25
187.1071428571429,183.1875,178.5781249999999,175.8035714285714,182.725,186.45,178.0555555555556,181.1,182.4558823529412,188.0681818181818
186.8214285714286,182.9375,178.7656249999999,175.875,182.425,186.15,177.9444444444445,181.0111111111111,182.3382352941176,187.8863636363637
186.5357142857143,182.6875,178.9531249999999,175.9464285714286,182.125,185.85,177.8333333333333,180.9222222222222,182.2708333333333,187.7692307692308
186.25,182.4375,179.1406249999999,176.0178571428572,181.825,185.55,177.8214285714286,180.8333333333333,182.3541666666667,187.8461538461539
185.9642857142857,182.1875,179.3281249999999,176.0892857142857,181.5131578947368,185.25,178.1071428571428,180.7444444444444,182.4375,187.9230769230769
185.75,181.9375,179.5156249999999,176.1607142857143,181.1973684210526,184.95,178.3928571428571,180.6555555555555,182.5208333333333,188
185.75,181.6818181818182,179.7031249999999,176.2321428571429,180.8815789473684,184.65,178.6785714285714,180.5666666666666,182.6041666666667,188.0769230769231
185.75,181.4090909090909,179.8499999999999,176.4078947368421,180.5657894736842,184.35,178.9642857142857,180.4814814814814,182.6875,188.1538461538462
185.75,181.1363636363636,179.9833333333333,176.6184210526316,180.25,184.05,179.25,180.4074074074074,182.73,188.2307692307692
185.8152173913044,180.8636363636364,180.1166666666666,176.828947368421,179.9342105263158,183.75,179.5357142857143,180.3333333333333,182.65,188.25
185.9021739130435,180.5909090909091,180.2499999999999,177.0394736842105,179.6184210526316,183.3611111111111,179.75,180.2592592592592,182.57,188.25
185.9891304347826,180.3181818181818,180.3833333333333,177.25,179.3026315789474,182.9722222222222,179.75,180.1851851851852,182.49,188.25
186.0760869565217,180.375,180.5166666666666,177.4605263157895,178.9868421052632,182.5833333333333,179.75,180.1111111111111,182.41,188.25
186.1630434782609,180.5416666666667,180.6499999999999,177.671052631579,178.65625,182.1944444444445,179.75,180.037037037037,182.33,188.25
186.25,180.7083333333333,180.7916666666666,177.8815789473684,178.28125,181.8055555555555,179.75,179.9,182.25,188.25
186.3369565217391,180.875,180.9583333333333,178.0921052631579,177.90625,181.4166666666667,179.75,179.7,182.17,188.25
186.4239130434783,181.0416666666667,181.1249999999999,178.2666666666667,177.53125,181.0277777777778,179.75,179.5,182.09,188.25
186.5108695652174,181.2083333333333,181.2916666666666,178.3333333333333,177.15625,180.6388888888889,179.5769230769231,179.3,182.01,188.3461538461538
186.5978260869565,181.375,181.4583333333333,178.4,176.78125,180.25,179.3461538461539,179.1,181.93,188.7307692307692
186.6847826086957,181.5416666666667,181.6249999999999,178.4666666666667,176.40625,179.75,179.1153846153846,178.9705882352941,181.85,189.1153846153846
186.6944444444445,181.7083333333333,181.6749999999999,178.5333333333333,176.03125,179.25,178.8846153846154,178.9117647058823,181.77,189.5
186.4722222222222,181.6923076923077,181.3749999999999,178.6,175.6818181818182,178.75,178.6538461538462,178.8529411764706,182.25,189.8846153846154
186.25,181.6153846153846,181.075,178.6666666666667,175.4090909090909,178.25,178.4230769230769,178.7941176470588,182.9166666666667,190.2692307692308
186.0277777777778,181.5384615384615,180.7749999999999,178.7333333333333,175.1363636363636,177.5833333333333,178,178.7352941176471,183.5833333333333,190.6538461538462
185.8055555555555,181.4615384615385,180.4749999999999,178.6136363636364,174.8636363636363,176.9166666666667,177,178.6764705882353,183.9375,191
185.5833333333333,181.3846153846154,180.2045454545454,178.4318181818182,174.590909090909,176.25,176,178.6176470588235,184.1875,191.3333333333333
185.3611111111111,181.3076923076923,180.0227272727272,178.25,174.3181818181818,175.9642857142857,175.75,178.5588235294118,184.4375,191.6666666666667
185.1388888888889,181.1875,179.840909090909,178.0681818181818,174.2499999999999,175.6785714285714,175.75,178.5,184.6875,191.3
184.9166666666667,180.9375,179.6590909090908,177.8863636363636,174.2499999999999,175.3928571428571,175.75,178.5909090909091,184.9375,190.7
184.7884615384615,180.6875,179.4772727272727,177.6818181818182,174.2499999999999,175.4,175.75,178.6818181818182,185.1875,190.1
184.9423076923077,180.4375,179.2954545454545,177.4090909090909,174.2499999999999,175.7,175.75,178.7727272727273,185.390625,189.5
185.0961538461538,180.1875,178.985294117647,177.1363636363636,174.2499999999999,176,175.75,178.8636363636364,185.578125,188.9
185.25,179.9375,178.6323529411764,176.8636363636364,174.2499999999999,176.3,175.75,178.9545454545454,185.765625,188.375
185.4038461538462,179.6875,178.2794117647058,176.5909090909091,174.55,176.6,175.75,178.925,185.953125,187.875
185.5576923076923,179.4375,177.9264705882352,176.3181818181818,174.95,176.6071428571429,175.75,178.775,186.140625,187.375
185.7115384615385,179.1875,177.5735294117646,176.1428571428572,175.35,176.3214285714286,175.75,178.625,186.328125,186.875
185.6,178.9375,177.2205882352941,176,175.75,176.0357142857143,175.5625,178.475,186.515625,186.375
185.4,178.6875,176.8676470588235,175.8571428571429,176.15,175.75,175.3125,178.325,186.703125,186
185.2,178.4375,176.5147058823529,175.7142857142857,176.2875,175.4642857142857,175.0625,178.175,186.75,185.6666666666667
185,178.21875,176.1818181818181,175.5714285714286,176.3375,175.1785714285714,174.8125,178.025,186.75,185.3333333333333
184.8,178.09375,175.9090909090909,175.4285714285714,176.3875,174.8928571428571,174.9807692307692,177.875,186.75,185
184.6,177.96875,175.6363636363636,175.2857142857143,176.4375,174.6071428571428,175.2884615384615,177.725,186.75,184.7368421052632
184.4,177.84375,175.3636363636363,175.4375,176.4875,174.3214285714285,175.5961538461538,177.575,186.75,184.6842105263158
184.2,177.71875,175.090909090909,175.6875,176.5375,174.0892857142857,175.9038461538462,177.45,186.375,184.6315789473684
184,177.59375,174.8181818181818,175.9375,176.5875,173.8749999999999,176.2115384615385,177.35,185.875,184.5789473684211
183.8,177.46875,174.8,176.1875,176.6375,173.6607142857142,176.5192307692308,177.25,185.375,184.5263157894737
183.6,177.34375,174.8666666666666,176.4375,176.6875,173.4464285714285,176.7727272727273,177.15,184.875,184.4736842105263
183.4,177.3235294117647,174.9333333333333,176.6875,176.7375,173.2321428571428,176.8636363636363,177.05,184.375,184.421052631579
183.25,177.6176470588235,174.9999999999999,176.9375,176.5526315789473,173.0178571428571,176.9545454545454,176.95,183.875,184.3684210526316
183.25,177.9117647058824,175.0666666666666,177.1875,176.2894736842105,172.8035714285714,177.0454545454546,176.85,183.5,184.3157894736842
183.25,178.2058823529412,175.1333333333333,177.4375,176.0263157894737,172.9329268292682,177.1363636363636,176.75,183.1666666666667,184.2631578947368
183.25,178.5,175.2,177.6875,175.7631578947368,173.1768292682926,177.2272727272727,176.65,182.8333333333333,184.0357142857143
183.25,178.7941176470588,175.2692307692307,177.9375,175.5,173.420731707317,177.625,176.55,182.5,183.75
183.25,179.0882352941177,175.3461538461538,178.1875,175.2368421052632,173.6646341463414,178.125,176.5263157894737,182.1666666666667,183.4642857142857
183.25,179.3823529411765,175.4230769230768,178.4375,174.9736842105263,173.9085365853658,178.625,176.578947368421,181.8333333333333,183.1785714285714
183.25,179.6764705882353,175.4999999999999,178.6875,174.7105263157895,174.1524390243902,179.125,176.6315789473684,181.3214285714286,182.8928571428571
183.25,179.8,175.576923076923,178.875,174.4473684210526,174.3963414634146,179.625,176.6842105263158,180.75,182.6071428571429
183.25,179.8666666666666,175.6538461538461,179.0416666666667,174.225,174.640243902439,179.5625,176.7368421052632,180.1785714285714,182.3214285714286
183.25,179.9333333333333,175.7307692307692,179.2083333333333,174.125,174.8841463414634,179.3125,176.7894736842105,179.7386363636363,182.2241379310345
183.21875,180,175.6,179.375,174.025,175.1280487804878,179.0625,176.8421052631579,179.6931818181818,182.1896551724138
183.09375,180.0666666666667,175.3999999999999,179.5416666666667,173.925,175.1617647058823,178.8125,176.8947368421053,179.6477272727273,182.1551724137931
182.96875,180.1333333333333,175.1999999999999,179.7083333333333,173.825,174.985294117647,178.46875,176.9473684210526,179.6022727272727,182.1206896551724
182.84375,180.2,174.9999999999999,179.4375,173.7368421052632,174.8088235294117,178.09375,177,179.5568181818182,182.0862068965517
182.71875,180.25,174.7999999999999,179.0208333333333,173.6842105263158,174.6323529411765,177.71875,177.6666666666667,179.5113636363636,182.051724137931
182.59375,180.25,174.7812499999999,178.6041666666667,173.6315789473684,174.4558823529412,177.34375,178.3333333333333,179.4659090909091,182.0172413793103
182.46875,180.25,174.8229166666666,178.1875,173.578947368421,174.2794117647059,176.65,179,179.4204545454546,181.9827586206897
182.34375,180.25,174.8645833333333,177.7708333333333,173.5263157894736,174.1029411764706,175.85,179.6666666666667,179.375,181.948275862069
182.2083333333333,180.25,174.9062499999999,177.3541666666667,173.4736842105263,173.9264705882353,175.25,179.7777777777778,179.3295454545455,181.9137931034483
182.0416666666667,180.25,174.9479166666666,177.109375,173.4210526315789,173.75,175.25,179.3333333333333,179.2840909090909,181.8793103448276
181.875,180.25,174.9895833333333,176.921875,173.3684210526315,173.7045454545454,175.25,178.8888888888889,179.2708333333333,181.8448275862069
181.7083333333333,180.0625,175.0312499999999,176.734375,173.3157894736842,173.6590909090909,175.25,178.4444444444445,179.3541666666667,181.8103448275862
181.5416666666667,179.8125,175.0729166666666,176.546875,173.2631578947368,173.6136363636364,175.3181818181818,178,179.4375,181.7758620689655
181.375,179.5625,175.1145833333333,176.359375,173.2894736842105,173.5681818181818,175.4090909090909,177.5833333333333,179.5208333333333,181.7592592592593
181.25,179.3125,175.1562499999999,176.171875,173.3421052631578,173.5227272727273,175.5,177.1666666666667,179.6041666666667,181.7962962962963
181.25,179.0625,175.1979166666666,175.984375,173.3947368421052,173.4772727272727,175.5909090909091,176.75,179.6875,181.8333333333333
181.25,178.8125,175.2395833333333,175.796875,173.4473684210526,173.4318181818182,175.6818181818182,176.3333333333333,179.6818181818182,181.8703703703704
181.25,178.4772727272727,175.2767857142856,175.625,173.4999999999999,173.3863636363636,175.8076923076923,175.9166666666667,179.4090909090909,181.9074074074074
181.25,178.1136363636364,175.3124999999999,175.4583333333333,173.5526315789473,173.3409090909091,176.0384615384615,175.5,179.1363636363636,181.9444444444445
181.25,177.75,175.3482142857142,175.2916666666667,173.6052631578947,173.2954545454546,176.2692307692308,175.5555555555555,178.8636363636364,181.9814814814815
181.25,177.3863636363636,175.3839285714285,175.125,173.6578947368421,173.25,176.5,175.6111111111111,178.5909090909091,182.0185185185185
181.2291666666667,177.0227272727273,175.4196428571428,174.9583333333333,173.7105263157894,173.1,176.7307692307692,175.6666666666667,178.3181818181818,182.0555555555555
181.1458333333333,176.7321428571429,175.4553571428571,174.7916666666667,173.9166666666666,172.95,176.9615384615385,175.7222222222222,178.1923076923077,182.0925925925926
181.0625,176.6607142857143,175.4910714285714,174.625,174.5833333333333,172.8,177.1923076923077,175.7777777777778,178.1153846153846,182.1296296296296
180.9791666666667,176.5892857142857,175.5267857142857,174.4583333333333,175.25,172.65,177.0892857142857,175.8333333333333,178.0384615384615,182.1666666666667
180.8958333333333,176.5178571428571,175.5624999999999,174.2916666666667,175.625,172.5,176.875,175.8888888888889,177.9615384615385,182.2037037037037
180.8125,176.4464285714286,175.5982142857142,174.25,175.125,172.35,176.6607142857143,175.9444444444444,177.8846153846154,182.2407407407407
180.7291666666667,176.375,175.6339285714285,174.25,174.625,172.2,176.4464285714286,176,177.8076923076923,182.0526315789474
180.6458333333333,176.3035714285714,175.6696428571428,174.25,174.125,172.05,176.2321428571429,176.25,177.6785714285714,181.7894736842105
180.5625,176.2592592592593,175.7053571428571,174.25,173.625,171.9,176.0178571428571,176.5,177.3928571428571,181.5263157894737
180.4791666666667,176.2962962962963,175.7410714285714,174.25,173.125,171.75,175.8035714285714,176.75,177.1071428571429,181.2631578947368
180.3958333333333,176.3333333333333,175.7767857142856,174.25,172.6964285714286,171.8088235294118,175.5,177,176.8214285714286,181
180.3125,176.3703703703704,175.8124999999999,174.25,172.4821428571429,171.8676470588235,175.1666666666667,177.25,176.8823529411765,180.7368421052632
180.2375,176.4074074074074,175.8482142857142,174.25,172.2678571428572,171.9264705882353,174.8333333333333,177.5,177.0588235294118,180.4736842105263
180.1875,176.4444444444445,175.8839285714285,174.3076923076923,172.0535714285714,171.9852941176471,174.5,177.75,177.2352941176471,180.2105263157895
180.1375,176.4814814814815,175.9196428571428,174.3846153846154,171.8392857142857,172.0441176470588,174.1666666666667,178,177.4117647058824,179.9473684210526
180.0875,176.5185185185185,175.9553571428571,174.4615384615385,171.625,172.1029411764706,173.8333333333333,177.8666666666667,177.5882352941176,179.74
180.0375,176.5555555555555,175.9910714285714,174.5384615384615,171.4107142857143,172.1617647058823,173.8,177.7333333333333,177.764705882353,179.7
179.9875,176.5925925925926,176.0267857142857,174.6153846153846,171.2368421052632,172.2205882352941,173.8666666666666,177.6,177.9411764705882,179.66
179.9375,176.6296296296296,176.0624999999999,174.6923076923077,171.1842105263158,172.2954545454546,173.9333333333333,177.4666666666667,178.1176470588235,179.62
179.8875,176.6666666666667,176.0982142857142,174.7692307692308,171.1315789473684,172.3863636363636,174,177.3333333333333,178,179.58
179.8375,176.7037037037037,176.1339285714285,174.8461538461538,171.0789473684211,172.4772727272727,174.0666666666667,177.2,177,179.54
179.7875,176.7407407407407,176.1696428571428,174.9230769230769,171.0263157894737,172.5681818181818,174.1333333333333,177.0666666666667,176.2236842105263,179.5
179.9,176.84375,176.2053571428571,175,170.9736842105263,172.6590909090909,174.2,176.8421052631579,176.1184210526316,179.46
180.5,176.96875,176.2410714285714,175.0769230769231,170.921052631579,172.75,174.21875,176.5263157894737,176.0131578947368,179.42
181.1,177.09375,176.2799999999999,175.1538461538461,170.8684210526316,172.875,174.09375,176.2105263157895,175.9078947368421,179.38
181.7,177.21875,176.32,175.2307692307692,170.8157894736842,173,173.96875,175.8947368421053,175.8026315789473,179.34
182.3,177.34375,176.36,175.15625,170.7631578947368,173.125,173.84375,175.5789473684211,175.6973684210526,179.3
182.75,177.46875,176.3999999999999,175.03125,170.984375,173.25,173.71875,175.2631578947368,175.5921052631579,179.26
182.75,177.59375,176.4399999999999,174.90625,171.296875,173.375,173.59375,174.9473684210526,175.4868421052632,179.1346153846154
182.75,177.71875,176.48,174.78125,171.609375,173.5,173.46875,174.6315789473684,175.3815789473684,178.9807692307692
182.75,177.84375,176.52,174.65625,171.921875,173.625,173.34375,174.3157894736842,175.2763157894737,178.8269230769231
182.75,177.96875,176.5599999999999,174.53125,172.234375,173.75,173.3035714285714,174,175.2125,178.6730769230769
182.6666666666667,178.09375,176.5999999999999,174.40625,172.546875,173.4772727272727,173.5178571428571,173.7222222222222,175.1625,178.5192307692308
182.3333333333333,178.21875,176.6399999999999,174.28125,172.859375,173.2045454545454,173.7321428571429,173.4444444444445,175.1125,178.3653846153846
182,178.25,176.6799999999999,174.15625,173.171875,172.9318181818182,173.9464285714286,173.1666666666667,175.0625,178.175
181.6666666666667,178.25,176.7199999999999,174.03125,173.28125,172.6590909090909,174.1607142857143,172.8888888888889,175.0125,177.875
181.3333333333333,178.25,176.7091836734693,173.90625,173.3229166666667,172.3863636363637,174.375,172.6111111111111,174.9625,177.575
181.1,178.25,176.5459183673469,173.78125,173.3645833333333,172.2115384615385,174.5892857142857,172.3333333333333,174.9125,177.275
180.9,178.25,176.3826530612245,173.6176470588235,173.40625,172.1346153846154,174.7678571428572,172.0555555555555,174.8625,176.975
180.7,178.2,176.219387755102,173.4411764705883,173.4479166666667,172.0576923076923,174.8392857142857,171.7777777777778,174.8125,176.6833333333333
180.5,178,176.0561224489796,173.264705882353,173.4895833333333,171.9807692307692,174.9107142857143,171.5,174.7625,176.4166666666667
180.3,177.8,175.8928571428571,173.0882352941176,173.53125,171.9038461538461,174.9821428571429,171.4230769230769,174.7083333333333,176.15
180.1,177.6,175.7295918367346,172.9117647058824,173.5729166666667,171.8269230769231,175.0535714285714,171.3461538461538,174.6527777777778,175.8833333333333
179.9,177.4,175.5663265306122,172.7352941176471,173.6145833333333,171.75,175.125,171.2692307692308,174.5972222222222,175.6166666666667
179.6944444444444,177.2857142857143,175.4030612244897,172.5588235294118,173.65625,171.8611111111111,175.1964285714286,171.1923076923077,174.5416666666667,175.35
179.4722222222222,177.4285714285714,175.2397959183673,172.3823529411765,173.6979166666667,171.9722222222222,175.1785714285714,171.1153846153846,174.4861111111111,175.0833333333333
179.25,177.5714285714286,175.0765306122448,172.25,173.7395833333333,172.0833333333333,174.8928571428571,171.0384615384615,174.4305555555556,174.8166666666667
179.0277777777778,177.7142857142857,174.9132653061224,172.25,173.78,172.1944444444445,174.6071428571429,171.03125,174.375,174.6666666666667
178.8055555555555,177.8571428571429,174.7499999999999,172.25,173.82,172.3055555555555,174.3214285714286,171.09375,174.3194444444444,174.5555555555556
178.5833333333333,178,174.5961538461538,172.25,173.86,172.4166666666667,174.0357142857143,171.15625,174.2638888888889,174.4444444444445
178.3611111111111,178.1428571428571,174.4423076923076,172.25,173.9,172.5277777777778,173.75,171.21875,174.1346153846154,174.3333333333333
178.1388888888889,178.1730769230769,174.2884615384615,172.25,173.94,172.6388888888889,173.4642857142857,171.28125,173.9807692307692,174.2222222222222
177.9166666666667,177.8653846153846,174.1346153846153,172.25,173.98,172.75,173.1428571428571,171.34375,173.8269230769231,174.1111111111111
177.7321428571429,177.5576923076923,173.9807692307692,172.25,174.02,172.0833333333333,172.7142857142857,171.40625,173.6730769230769,174
177.6607142857143,177.25,173.826923076923,172.25,174.06,171.4166666666667,172.2857142857143,171.46875,173.5192307692308,173.8888888888889
177.5892857142857,176.9423076923077,173.7177419354838,172.25,174.1,170.75,171.8571428571429,171.4615384615385,173.3653846153846,173.7777777777778
177.5178571428571,176.6346153846154,173.6532258064515,172.25,174.14,170.85,171.9642857142857,171.3846153846154,173.2833333333333,173.65625
177.4464285714286,176.3269230769231,173.5887096774193,172.3152173913043,174.18,170.95,172.25,171.3076923076923,173.4166666666667,173.53125
177.375,176,173.524193548387,172.4021739130435,174.22,171.05,172.5357142857143,171.2307692307692,173.55,173.40625
177.3035714285714,175.6666666666667,173.4596774193548,172.4891304347826,174.2205882352941,171.15,172.8214285714286,171.1538461538462,173.6833333333333,173.28125
177.2083333333333,175.3333333333333,173.3951612903225,172.5760869565217,174.1029411764706,171.25,173.1071428571429,171.0769230769231,173.8166666666667,173.15625
177.0416666666667,175,173.3306451612902,172.6630434782609,173.9852941176471,171.35,173.3928571428571,171,173.95,173.03125
176.875,174.6666666666667,173.266129032258,172.75,173.8676470588235,171.45,173.6785714285714,170.8333333333333,174.0833333333333,172.90625
176.7083333333333,174.3333333333333,173.3214285714285,172.8369565217391,173.75,171.55,173.75,170.6666666666667,174.2166666666667,172.78125
176.5416666666667,174,173.4166666666666,172.9239130434783,173.6323529411765,171.65,173.75,170.5,174.0833333333333,172.6428571428572
176.375,173.7386363636364,173.5119047619047,173.0108695652174,173.514705882353,171.75,173.75,170.3333333333333,173.8611111111111,172.5
176.2321428571429,173.6931818181818,173.6071428571428,173.0978260869565,173.3970588235294,171.7122641509434,173.75,170.1666666666667,173.6388888888889,172.3571428571429
176.1607142857143,173.6477272727273,173.7023809523809,173.1847826086957,173.2794117647059,171.6745283018868,173.675,170,173.4166666666667,172.2142857142857
176.0892857142857,173.6022727272727,173.797619047619,173.2613636363636,173.25,171.6367924528302,173.575,169.9069767441861,173.1944444444445,172.0714285714286
176.0178571428572,173.5568181818182,173.8928571428571,173.3068181818182,173.25,171.5990566037736,173.475,169.8139534883721,172.9722222222222,171.9285714285714
175.9464285714286,173.5113636363636,173.9880952380952,173.3522727272727,173.25,171.561320754717,173.375,169.7209302325581,172.75,171.7857142857143
175.875,173.4659090909091,174.0833333333333,173.3977272727273,173.25,171.5235849056604,173.275,169.6279069767442,172.5277777777778,171.6964285714286
175.8035714285714,173.4204545454546,174.1785714285714,173.4431818181818,173.25,171.4858490566037,173.175,169.5348837209302,172.3055555555555,171.625
175.7352941176471,173.375,174.2083333333333,173.4886363636364,173.25,171.4481132075471,173.075,169.4418604651162,171.9166666666667,171.5535714285714
175.6764705882353,173.3295454545454,174.0416666666666,173.5340909090909,173.25,171.4103773584905,172.975,169.3488372093023,171.4722222222222,171.4821428571429
175.6176470588235,173.2840909090909,173.8749999999999,173.5795454545455,173.1,171.3726415094339,172.875,169.2558139534883,171.0277777777778,171.4107142857143
175.5588235294118,173.2692307692308,173.7083333333333,173.625,172.9,171.3349056603773,172.775,169.1627906976744,170.5833333333333,171.3392857142857
175.5,173.3461538461539,173.5416666666666,173.6704545454546,172.7,171.2971698113207,172.65625,169.0697674418604,170.2307692307693,171.2678571428571
175.4411764705882,173.4230769230769,173.3749999999999,173.7159090909091,172.5,171.2594339622641,172.53125,169.0113636363636,170.1538461538462,171.125
175.3823529411765,173.5,173.2142857142857,173.7065217391304,172.3,171.1982758620689,172.40625,169.0568181818181,170.0769230769231,170.9583333333333
175.3235294117647,173.5769230769231,173.0714285714285,173.5326086956522,172.1,171.1293103448275,172.28125,169.1022727272727,170,170.7916666666667
175.2647058823529,173.6538461538461,172.9285714285714,173.3586956521739,171.9,171.0603448275862,172.15625,169.1477272727272,169.9230769230769,170.625
175.1136363636363,173.7307692307693,172.7857142857142,173.1847826086957,171.7115384615385,170.9913793103448,172.03125,169.1931818181818,169.8461538461538,170.4583333333333
174.9318181818182,173.825,172.5625,173.0108695652174,171.5576923076923,170.9224137931034,171.90625,169.2386363636363,169.7692307692307,170.2916666666667
174.75,173.925,172.3125,172.8369565217391,171.4038461538461,170.853448275862,171.78125,169.2840909090908,169.75,170.125
174.5681818181818,174.025,172.0624999999999,172.6630434782609,171.25,170.7844827586206,171.9,169.3295454545454,169.75,169.9583333333333
174.3863636363637,174.125,171.8124999999999,172.4891304347826,171.0961538461538,170.8863636363636,172.1,169.3749999999999,169.75,169.7916666666667
174.296052631579,174.225,171.5625,172.3152173913043,170.9423076923077,171.1590909090909,172.3,169.4204545454545,169.75,169.5769230769231
174.4802631578947,174.325,171.3124999999999,172.1413043478261,170.7884615384615,171.4318181818181,172.5,169.465909090909,169.75,169.3461538461539
174.6644736842105,174.425,171.3653846153846,171.9673913043478,170.84375,171.7045454545454,172.7,169.537037037037,169.75,169.1153846153846
174.8486842105263,174.525,171.5192307692307,171.7934782608696,170.96875,171.9772727272727,172.6428571428571,169.6851851851852,169.7692307692308,168.8846153846154
175.0328947368421,174.625,171.6730769230768,171.72,171.09375,172.25,172.5,169.8333333333333,169.8461538461538,168.6538461538462
175.4407894736842,174.725,171.826923076923,171.68,171.21875,172.1323529411765,172.3571428571429,169.9814814814815,169.9230769230769,168.423076923077
176.0723684210526,174.5454545454546,171.9807692307692,171.64,171.34375,172.0147058823529,172,170.1296296296296,170,168.1388888888889
176.703947368421,174.2727272727273,172.1346153846153,171.6,171.4687499999999,171.8970588235294,171,170.2777777777778,170.0769230769231,167.6944444444445
177.3355263157894,174,172.2045454545454,171.56,171.5937499999999,171.7794117647059,170,170.4259259259259,170.1538461538462,167.25
177.9671052631578,173.7272727272727,172.0227272727272,171.52,171.7187499999999,171.6617647058823,169.2916666666667,170.5,170.2307692307693,166.8055555555556
178.8749999999999,173.4545454545454,171.840909090909,171.48,171.7799999999999,171.5441176470588,169.4583333333333,170.5,169.9285714285714,166.3611111111111
179.8749999999999,173.25,171.6590909090909,171.44,171.8199999999999,171.4264705882353,169.625,170.5,169.5,166.1785714285714
180.6022727272727,173.25,171.4772727272727,171.4,171.8599999999999,171.3088235294118,169.7916666666667,170.5,169.0714285714286,166.0833333333333
181.0568181818181,173.25,171.2954545454545,171.36,171.8999999999999,171.2065217391304,169.9583333333333,170.5,168.6666666666667,165.9880952380952
181.5113636363636,173.25,171.2499999999999,171.32,171.9399999999999,171.1195652173913,170.125,170.5,168.3333333333333,165.8928571428572
181.7499999999999,173.25,171.2499999999999,171.28,171.98,171.0326086956522,170.265625,170.5,168,165.797619047619
181.9166666666666,173.25,171.2058823529411,171.2291666666667,172.0199999999999,170.945652173913,170.328125,170.5,167.6666666666667,165.702380952381
182.0833333333333,173.2708333333333,171.0294117647058,171.1458333333333,172.0599999999999,170.8586956521739,170.390625,170.5,167.3333333333333,165.6071428571429
181.6634615384615,173.3541666666667,170.8529411764706,171.0625,172.0999999999999,170.7717391304347,170.453125,170.55,167.0192307692308,165.5119047619048
181.0480769230769,173.4375,170.6764705882352,170.9791666666667,172.1399999999999,170.7,170.515625,170.65,166.7115384615385,165.4166666666667
180.4326923076923,173.5208333333333,170.4999999999999,170.8958333333333,172.1799999999999,170.6333333333333,170.578125,170.75,166.4038461538461,165.3214285714286
178.975,173.6041666666667,170.3235294117646,170.8125,172.2199999999999,170.5666666666666,170.640625,170.85,166.0961538461538,165.2361111111111
177.25,173.6875,170.1470588235294,170.7916666666667,172.34375,170.4999999999999,170.703125,170.95,165.7884615384615,165.1805555555555
177.25,173.625,169.9705882352941,170.9583333333333,172.7187499999999,170.4333333333333,170.75,171.05,165.4807692307692,165.125
177.25,173.125,169.7941176470588,171.125,173.0937499999999,170.3666666666666,170.75,171.15,165.2738095238095,165.0694444444445
177.2,172.625,169.65625,171.2916666666667,173.4687499999999,170.3,170.75,171.25,165.3690476190476,165.0138888888889
177,172.125,169.5312499999999,171.4583333333333,173.6666666666667,170.2236842105263,170.75,171.35,165.4642857142857,164.9583333333333
176.8,171.625,169.4062499999999,171.625,173.3333333333333,170.1184210526316,170.75,171.45,165.5595238095238,164.9027777777778
176.6,171.21875,169.2812499999999,171.7916666666667,173,170.0131578947368,170.75,171.4722222222222,165.6547619047619,164.8472222222222
176.4,171.09375,169.1562499999999,171.9583333333333,172.6666666666667,169.9078947368421,170.75,171.4166666666667,165.75,164.7916666666667
176.2142857142857,170.96875,169.0312499999999,172.125,172.3333333333334,169.8026315789473,170.5833333333333,171.3611111111111,165.8452380952381,164.725
176.0714285714286,170.84375,168.9062499999999,172.2916666666667,172.0000000000001,169.6875,170.3611111111111,171.3055555555555,165.9404761904762,164.625
175.9285714285714,170.7916666666667,168.7812499999999,172.4583333333333,171.7142857142857,169.5625,170.1388888888889,171.25,166.0357142857143,164.525
175.7857142857143,170.9583333333333,168.7499999999999,172.625,171.5714285714286,169.4375,169.9166666666667,171.1944444444444,166.1309523809524,164.425
175.6428571428571,171.125,168.7499999999999,172.6944444444444,171.4285714285714,169.3125,169.6944444444445,171.1388888888889,166.2261904761905,164.325
175.5,171.2916666666667,168.7499999999999,172.4722222222222,171.2857142857143,169.1875,169.4722222222222,171.0833333333333,166,164.225
175.3571428571429,171.4583333333333,168.7499999999999,172.25,171.1428571428572,169.0625,169.25,171.0277777777778,165.6666666666667,164.125
175.0714285714286,171.625,168.7499999999999,172.0277777777778,171,168.9375,169.0277777777778,170.9722222222222,165.3333333333333,164.025
174.3571428571428,171.5833333333333,168.7499999999999,171.8055555555556,170.8571428571429,168.8125,168.8055555555556,170.9166666666667,165,163.925
173.6428571428571,170.9166666666667,168.7499999999999,171.4772727272727,170.7916666666667,168.7083333333333,168.75,170.8611111111111,164.6944444444445,163.825
172.9285714285714,170.25,168.7155172413793,171.1136363636364,170.9583333333333,168.625,168.75,170.8055555555555,164.4722222222222,163.702380952381
172.125,169.7166666666667,168.5775862068965,170.75,171.125,168.5416666666667,168.75,170.75,164.25,163.5119047619048
171.2916666666667,169.5833333333333,168.4396551724138,170.3863636363636,171.2916666666667,168.4583333333333,168.75,170.6944444444445,164.0277777777778,163.3214285714286
170.4583333333333,169.45,168.301724137931,170.0227272727273,171.4583333333333,168.375,168.75,170.6388888888889,163.8055555555555,163.1309523809524
170.1710526315789,169.3166666666667,168.1637931034482,169.7321428571429,171.625,168.2916666666667,168.75,170.5833333333333,163.9107142857143,162.9404761904762
170.0657894736842,169.1833333333333,168.0258620689655,169.6607142857143,171.7916666666667,168.3026315789473,168.75,170.5277777777778,164.125,162.75
169.9605263157895,169.05,167.8879310344827,169.5892857142857,171.9583333333333,168.4078947368421,168.625,170.4722222222222,164.3392857142857,162.5595238095238
169.8552631578947,168.9166666666667,167.7499999999999,169.5178571428572,172.125,168.5131578947368,168.4583333333333,170.4166666666667,164.5535714285714,162.3690476190476
169.75,168.7833333333333,167.9038461538461,169.4464285714286,172.1730769230769,168.6184210526316,168.2916666666667,170.3611111111111,164.7678571428572,162.1785714285714
169.6447368421053,168.7840909090909,168.0576923076923,169.375,171.8653846153846,168.7236842105263,168.125,170.3055555555556,164.9821428571429,161.9880952380952
169.5394736842105,168.8295454545455,168.2115384615384,169.3035714285714,171.5576923076923,168.828947368421,167.9583333333333,170.25,165.1964285714286,161.7976190476191
169.4342105263158,168.875,168.3653846153846,169.2708333333333,171.25,168.9342105263158,167.7916666666667,170.1944444444445,164.9038461538461,161.625
169.3289473684211,168.9204545454546,168.5192307692307,169.3541666666667,170.9423076923077,169.0394736842105,167.625,170.1388888888889,164.4423076923077,161.4583333333333
169.275,168.9659090909091,168.6730769230768,169.4375,170.6346153846154,169.1447368421053,167.4583333333333,170.0833333333333,163.9807692307692,161.2916666666667
169.375,169.0113636363636,168.8071428571428,169.5208333333333,170.3269230769231,169.25,167.2916666666667,170.0277777777778,163.5192307692308,161.125
169.475,169.0568181818182,168.9214285714285,169.6041666666667,170.0357142857143,169.3409090909091,166.8333333333333,169.8823529411765,163.0576923076923,160.9583333333333
169.575,169.1022727272727,169.0357142857142,169.6875,169.75,169.4318181818182,166.2777777777778,169.6470588235294,162.5961538461539,160.7916666666667
169.675,169.1477272727273,169.1499999999999,169.6071428571429,169.4642857142857,169.5227272727273,165.7222222222222,169.4117647058823,162.15,160.5833333333333
169.6818181818182,169.1931818181818,169.2642857142857,169.0357142857143,169.1785714285714,169.6136363636364,165.1666666666667,169.1764705882353,161.75,160.3611111111111
169.4090909090909,169.2386363636364,169.3785714285714,168.4642857142858,168.8928571428572,169.7045454545454,164.725,168.9411764705882,161.35,160.1388888888889
169.1363636363636,169.3571428571429,169.4928571428571,167.8928571428572,168.6071428571429,169.6346153846154,164.625,168.7058823529412,160.95,159.9166666666667
168.8636363636364,169.5,169.6071428571428,167.85,168.3214285714286,169.4038461538461,164.525,168.4705882352941,160.55,159.702380952381
168.5909090909091,169.6428571428571,169.7214285714285,167.9833333333333,168.19,169.1730769230769,164.425,168.235294117647,160.2638888888889,159.5119047619048
168.3181818181818,169.7857142857143,169.515625,168.1166666666667,168.11,168.9423076923077,164.325,168,160.3194444444445,159.3214285714286
168.1617647058823,169.9285714285714,169.203125,168.25,168.03,168.7115384615385,164.2894736842105,167.2058823529412,160.375,159.1309523809524
168.0441176470588,170.0714285714286,168.8906249999999,168.3833333333333,167.95,168.4807692307692,164.4473684210526,166.4117647058823,160.4305555555555,158.9404761904762
167.9264705882353,170.2142857142857,168.5781249999999,168.5166666666667,167.87,168.25,164.6052631578947,165.6176470588235,160.4861111111111,158.75
167.8088235294118,170.3571428571429,168.2656249999999,168.65,167.79,168.1166666666667,164.7631578947368,164.8235294117646,160.5416666666667,158.5595238095238
167.6911764705882,170.5,167.9531249999999,168.8,167.71,167.9833333333333,164.921052631579,163.8068181818181,160.5972222222222,158.3690476190476
167.5735294117647,170.6428571428572,167.6406249999999,169,167.63,167.85,165.078947368421,162.715909090909,160.6527777777778,158.1785714285714
167.4558823529412,170.6111111111111,167.3281249999999,169.2,167.55,167.7166666666667,165.2368421052632,161.6249999999999,160.7083333333333,157.9880952380952
167.3382352941177,170.0555555555555,167.2499999999999,169.4,167.47,167.5833333333333,165.3947368421053,161.2613636363636,160.6875,157.797619047619
167.3214285714286,169.5,167.2499999999999,169.6,167.39,167.45,165.5526315789474,160.8977272727272,160.4375,157.6136363636364
167.6071428571428,168.9444444444445,167.2499999999999,169.8,167.31,167.3166666666667,165.7105263157895,160.5340909090908,160.1875,157.4318181818182
167.8928571428571,168.3888888888889,167.2499999999999,170,167.2,167.2,166,160.1704545454545,159.9375,157.25
168.1785714285714,168,167.2499999999999,170.2,167,167.1,166.3333333333333,159.8068181818181,159.6875,157.0681818181818
168.4642857142857,167.6666666666667,167.2656249999999,169.95,166.8,167,166.6666666666667,159.7119565217391,159.4375,156.8863636363636
168.75,167.3333333333333,167.3281249999999,169.55,166.6,166.9,167,159.8858695652173,159.2647058823529,156.7045454545454
169.0357142857143,167,167.3906249999999,169.15,166.3999999999999,166.8,167.2727272727273,160.0597826086956,159.3235294117647,156.5227272727273
169.2333333333333,166.7083333333333,167.4531249999999,168.75,166.0416666666666,166.7,167.3636363636364,160.2336956521739,159.3823529411765,156.3409090909091
169.1666666666667,166.5416666666667,167.5156249999999,168.35,165.2083333333333,166.6,167.4545454545454,160.4076086956521,159.4411764705882,156.1590909090909
169.1,166.375,167.5781249999999,167.95,164.3749999999999,166.5,167.5454545454546,160.5815217391304,159.5,155.9772727272727
169.0333333333333,166.2083333333333,167.6406249999999,167.55,163.7894736842105,166.4,167.6363636363636,160.9347826086956,159.5588235294118,155.7954545454546
168.9666666666667,166.0416666666667,167.7031249999999,167.1923076923077,163.9473684210526,166.3,167.7272727272727,161.3478260869565,159.6176470588235,155.5921052631579
168.9,165.875,167.7499999999999,166.9615384615385,164.1052631578947,166.21875,167.75,161.7608695652174,159.6764705882353,155.3815789473684
168.8333333333333,165.6428571428571,167.7499999999999,166.7307692307692,164.2631578947368,166.15625,167.75,162.1739130434783,159.7352941176471,155.171052631579
168.7666666666667,165.2142857142857,167.7499999999999,166.5,164.4210526315789,166.09375,167.75,162.5869565217391,159.5625,154.9605263157895
168.6964285714286,164.7857142857143,167.7499999999999,166.2692307692308,164.578947368421,166.03125,167.75,163,159.3125,154.75
168.625,164.3571428571428,167.7499999999999,166.0384615384615,164.7368421052632,165.96875,167.75,161.25,159.0625,154.5394736842105
168.5535714285714,164.1666666666667,167.7499999999999,165.8076923076923,164.8947368421053,165.90625,167.75,159.5,158.8125,154.328947368421
168.4821428571429,164.0555555555556,167.7708333333333,166,165.0526315789474,165.84375,167.7307692307693,159,158.5625,154.1184210526316
168.4107142857143,163.9444444444445,167.8541666666666,166.3333333333333,165.2105263157895,165.78125,167.6538461538462,158.5,158.3125,153.9078947368421
168.3392857142857,163.8333333333333,167.9374999999999,166.6666666666667,165.0625,165.7282608695652,167.5769230769231,158,158.0625,153.7115384615385
168.2678571428572,163.8541666666667,168.0208333333333,167,164.8125,165.6847826086957,167.5,158.1428571428572,157.8125,153.5576923076923
168,164.2708333333333,168.1041666666666,167.3333333333333,164.5624999999999,165.6413043478261,167.4230769230769,158.2857142857143,157.5625,153.4038461538462
167.6666666666667,164.6875,168.1874999999999,167.6666666666667,164.3124999999999,165.5978260869565,167.3461538461538,158.4285714285714,157.3125,153.25
167.3333333333333,165.1041666666667,168.2307692307692,167.5,164.1,165.554347826087,167.2692307692308,158.5714285714286,157.0625,153.0961538461538
167,165.5208333333333,168.1538461538461,167.1666666666667,163.8999999999999,165.5108695652174,167.25,158.7142857142857,156.8125,152.9423076923077
166.7045454545455,165.9375,168.076923076923,166.8333333333333,163.7,165.4673913043478,167.25,158.8571428571429,156.5921052631579,152.7884615384615
166.5227272727273,166.275,167.9999999999999,166.5,163.5,165.4239130434783,167.25,159,156.3815789473684,152.375
166.3409090909091,166.375,167.9230769230769,166.1666666666667,163.3,165.3804347826087,167.25,158.4444444444445,156.171052631579,151.875
166.1590909090909,166.475,167.8461538461538,165.8333333333333,163.6666666666667,165.3369565217392,167.0625,157.8888888888889,155.9605263157895,151.375
165.9772727272727,166.575,167.7692307692307,165.5,164.2222222222222,165.2934782608696,166.8125,157.3333333333333,155.75,150.6071428571429
165.7954545454545,166.675,167.4090909090908,165.2307692307692,164.7777777777778,165.25,166.5625,156.7777777777778,155.5394736842105,149.75
165.75,166.6363636363637,166.9545454545454,165.1538461538462,165.3333333333333,165.2045454545454,166.3125,156.4044117647059,155.328947368421,148.8928571428571
165.75,166.1818181818182,166.4999999999999,165.0769230769231,165.75,165.1590909090909,166.0625,156.2132352941176,155.1184210526316,148.1071428571429
165.75,165.7272727272727,166.0454545454545,165,165.75,165.1136363636364,165.8125,156.0220588235294,154.9078947368421,147.5357142857143
165.75,165.2727272727273,165.590909090909,164.9230769230769,165.75,165.0681818181818,165.6,155.8308823529412,154.6923076923077,146.9642857142857
165.6590909090909,164.8181818181818,165.1590909090908,164.8461538461539,165.75,165.0227272727273,165.4,155.6397058823529,154.4615384615385,146.3928571428572
165.2954545454545,164.3636363636363,164.7954545454545,164.7692307692308,165.75,164.9772727272727,165.2,155.4485294117647,154.2307692307692,146.1818181818182
164.9318181818182,164.0769230769231,164.4318181818181,164.5,165.15,164.9318181818182,165,155.2573529411764,154,146.0909090909091
164.5681818181818,163.8461538461539,164.0681818181818,164.1666666666667,164.35,164.8863636363636,164.8,155.0661764705882,153.7692307692308,146
164.2045454545454,163.6153846153846,163.7045454545454,163.8333333333333,163.75,164.8409090909091,164.6,154.8749999999999,153.5384615384615,145.9090909090909
163.8409090909091,163.3846153846154,163.340909090909,163.5,163.75,164.7954545454546,164.4,154.9230769230769,153.3076923076923,145.8181818181818
163.1875,163.1538461538462,163.1346153846153,163.1666666666667,163.75,164.75,164.25,154.9711538461538,153.15,145.75
162.4375,162.9230769230769,162.9807692307692,162.8333333333333,163.75,164.5625,164.25,155.0192307692307,153.0166666666667,145.75
161.6875,162.6785714285714,162.826923076923,162.7857142857143,163.75,164.375,164.25,155.0673076923077,152.8833333333333,145.75
160.9375,162.3928571428571,162.6730769230768,162.8333333333333,163.75,164.1875,164.25,155.1153846153846,152.75,145.75
160.8125,162.1071428571429,162.5192307692307,162.8809523809524,163.75,164,164.25,155.1634615384615,152.6166666666667,145.75
160.8958333333333,161.8214285714286,162.3653846153846,162.9285714285714,163.8125,163.8125,164.2692307692308,155.2115384615385,152.4833333333333,145.8333333333333
160.9791666666667,161.5357142857143,162.2589285714285,162.9761904761905,164.0625,163.625,164.3461538461539,155.2596153846154,152.35,145.9444444444445
161.0625,161.25,162.2946428571428,163.0238095238095,164.3125,163.4375,164.4230769230769,155.3076923076923,152.1428571428571,146.0555555555556
161.1458333333333,160.9642857142857,162.3303571428571,163.0714285714286,164.5625,163.25,164.5,155.3557692307692,151.7142857142857,146.1666666666667
161.2291666666667,160.7321428571429,162.3660714285714,163.1190476190476,164.625,163.2045454545454,164.5769230769231,155.4038461538461,151.2857142857143,146.0714285714286
161.2,160.6607142857143,162.4017857142856,163.1666666666667,164.125,163.1590909090909,164.6538461538462,155.4519230769231,150.8571428571429,145.3571428571429
161.1333333333333,160.5892857142857,162.4374999999999,163.2142857142857,163.625,163.1136363636364,164.7307692307692,155.5,150.5357142857143,144.6428571428571
161.0666666666667,160.5178571428572,162.4732142857142,163.28125,163.125,163.0681818181818,164.2142857142857,155.4571428571429,150.25,143.9285714285714
161,160.4464285714286,162.5089285714285,163.40625,162.7115384615385,163.0227272727273,163.5,155.4142857142857,149.9642857142857,143.75
160.9333333333333,160.375,162.5446428571428,163.53125,162.5576923076923,162.9772727272727,162.7857142857143,155.3714285714286,149.6785714285714,143.75
160.8666666666667,160.3035714285714,162.5803571428571,163.65625,162.4038461538461,162.9318181818182,162.25,155.3285714285714,149.3928571428571,143.75
160.8,160.2631578947368,162.6160714285714,163.78125,162.25,162.8863636363636,162.25,155.2857142857143,149.1071428571429,143.9545454545455
160.6666666666667,160.3157894736842,162.6517857142857,163.90625,162.0961538461538,162.8409090909091,162.25,155.2428571428571,148.8214285714286,144.2272727272727
160.3333333333333,160.3684210526316,162.6874999999999,164.03125,161.9423076923077,162.7954545454545,162.25,155.2,148.65,144.5
160,160.421052631579,162.7232142857142,164.15625,161.7884615384615,162.75,162.25,155.1571428571428,148.5166666666667,144.7727272727273
159.6666666666667,160.4736842105263,162.7777777777777,164.1911764705882,161.75,162.6071428571429,162.25,155.0874999999999,148.3833333333333,145.0454545454545
159.3333333333333,160.5263157894737,162.8888888888888,163.9558823529412,161.75,162.4642857142857,162.25,154.9374999999999,148.25,145.25
159.1346153846154,160.578947368421,162.9999999999999,163.7205882352941,161.75,162.3214285714286,162.05,154.7874999999999,148.1166666666667,145.25
158.9807692307692,160.6315789473684,163.1111111111111,163.4852941176471,161.75,162.1785714285714,161.7833333333333,154.6374999999999,147.9833333333333,145.25
158.8269230769231,160.6842105263158,163.2222222222222,163.25,161.75,162.0357142857143,161.5166666666667,154.4875,147.85,145.25
158.6730769230769,160.7368421052632,163.3333333333333,163.0147058823529,161.75,161.8928571428571,161.25,154.3374999999999,147.7205882352941,144.7142857142857
158.5192307692308,160.6666666666667,163.4444444444444,162.7794117647059,161.7291666666667,161.75,160.9833333333333,154.1874999999999,147.6029411764706,144
158.3653846153846,160.5555555555555,163.5555555555555,162.5441176470588,161.6458333333333,161.6071428571429,160.7166666666667,154.0374999999999,147.4852941176471,143.2857142857143
158.125,160.4444444444444,163.6666666666666,162.3088235294118,161.5625,161.4642857142857,160.45,153.8875,147.3676470588235,142.5
157.625,160.3333333333333,163.7031249999999,162.1176470588235,161.4791666666667,161.3214285714286,160.275,153.7374999999999,147.25,141.5
157.125,160.05,163.5156249999999,161.9411764705882,161.3958333333333,161.2023809523809,160.375,153.5564516129032,147.1323529411765,140.5
156.45,159.25,163.3281249999999,161.764705882353,161.3125,161.1071428571429,160.475,153.2822580645161,147.0147058823529,139.71875
155.25,158.45,163.1406249999999,161.5882352941177,161.225,161.0119047619048,160.575,153.008064516129,146.8970588235294,139.59375
154.05,157.9166666666667,162.9531249999999,161.4117647058823,161.125,160.9166666666667,160.675,152.7338709677419,146.7794117647059,139.46875
153.825,157.4722222222222,162.7656249999999,161.2352941176471,161.025,160.8214285714286,160.75,152.4596774193548,146.5769230769231,139.34375
153.925,157.0277777777778,162.5781249999999,161.0588235294118,160.925,160.7261904761905,160.75,152.1854838709677,146.3461538461539,139.2142857142857
154.025,156.5833333333333,162.3906249999999,160.8823529411765,160.825,160.6309523809524,160.75,151.9112903225806,146.1153846153846,139.0714285714286
154.125,156.2,162.1874999999999,160.7205882352941,160.6923076923077,160.5357142857143,160.75,151.6370967741935,145.8846153846154,138.9285714285714
154.225,156,161.9374999999999,160.6029411764706,160.4615384615385,160.4404761904762,160.75,151.3181818181818,145.6538461538462,138.7857142857143
154.325,155.8,161.6874999999999,160.4852941176471,160.2307692307692,160.3452380952381,160.75,150.9545454545454,145.4230769230769,138.6428571428572
154.425,155.6,161.4374999999999,160.3676470588235,160,160.25,160.675,150.5909090909091,145.2125,138.5
154.525,155.4,161.2361111111111,160.25,159.7692307692308,159.9166666666667,160.375,150.2272727272727,145.0625,138.3571428571429
154.625,155.2777777777778,161.1805555555555,160.1323529411765,159.5384615384615,159.5833333333333,160.075,149.8636363636364,144.9125,138
154.725,155.3888888888889,161.1249999999999,160.0147058823529,159.3076923076923,159.25,159.775,149.5,144.7625,137
154.8035714285714,155.5,161.0694444444444,159.8970588235294,159.0625,158.9166666666667,159.475,149.1666666666667,144.6125,136
154.875,155.6111111111111,161.0138888888889,159.7794117647059,158.8125,158.6590909090909,159.125,148.8333333333333,144.4625,135.1388888888889
154.9464285714286,155.7222222222222,160.9583333333333,159.5357142857143,158.5625,158.4772727272727,158.625,148.5,144.3125,134.6944444444445
155.0178571428572,156.0178571428571,160.9027777777777,159.25,158.3125,158.2954545454545,158.125,148.1666666666667,144.1625,134.25
155.0892857142857,156.375,160.8472222222222,158.9642857142857,158.0625,158.1136363636364,157.625,147.8333333333333,144.0125,133.8055555555555
155.1607142857143,156.7321428571429,160.7916666666666,158.6785714285714,157.8125,157.9318181818182,157.1944444444444,147.5,143.8625,133.3611111111111
155.2321428571429,157.0892857142857,160.7343749999999,158.3928571428571,157.5625,157.75,156.9722222222222,147.4285714285714,143.6666666666667,133.296875
155.1136363636364,157.4464285714286,160.6718749999999,158.1071428571429,157.3125,157.6323529411765,156.75,147.3571428571429,143.3333333333333,133.359375
154.9318181818182,157.8035714285714,160.6093749999999,157.8214285714286,156.9166666666667,157.5147058823529,156.5277777777778,147.2857142857143,143,133.421875
154.75,158.1607142857143,160.5468749999999,157.609375,156.4722222222222,157.3970588235294,156.3055555555555,147.2142857142857,142.6666666666667,133.484375
154.5681818181818,158.025,160.4843749999999,157.421875,156.0277777777777,157.2794117647059,156.3,147.1428571428571,142.3333333333333,133.546875
154.3863636363636,157.725,160.4218749999999,157.234375,155.5833333333333,157.1617647058823,156.3666666666667,147.0714285714286,142,133.609375
153.9583333333333,157.425,160.3593749999999,157.046875,155.2777777777777,157.0441176470588,156.4333333333333,147,141.6666666666667,133.671875
152.7916666666667,157.125,160.2968749999999,156.859375,155.3888888888889,156.9264705882353,156.5,147.1538461538462,141.3333333333333,133.734375
151.625,156.825,160.1785714285714,156.671875,155.4999999999999,156.8088235294118,156.5666666666667,147.3076923076923,141,133.75
150.65,156,159.8928571428571,156.484375,155.6111111111111,156.6,156.6333333333333,147.4615384615385,140.6666666666667,133.75
150.25,155,159.6071428571428,156.296875,155.7222222222222,156.3,156.7,147.6153846153846,140.3333333333333,133.75
149.85,154.1666666666667,159.3214285714285,156.0625,155.8333333333333,156,156.6785714285714,147.7692307692308,140,133.3333333333333
149.45,153.8333333333333,159.0357142857142,155.8125,155.9444444444444,155.7,156.3928571428571,147.9230769230769,139.6666666666667,132.7777777777778
149.05,153.5,158.7499999999999,155.5625,156.0555555555555,155.4,156.1071428571429,147.8181818181818,139.3333333333333,132.2222222222222
148.75,153.1666666666667,158.4642857142856,155.3125,156.1666666666667,155.1,155.8214285714286,147.4545454545454,139,131.6666666666667
148.75,152.8333333333333,158.0749999999999,155.0625,156.2717391304348,154.8,155.5357142857143,147.0909090909091,138.6666666666667,131.1458333333333
148.75,152.75,157.3749999999999,154.8125,156.3586956521739,154.5,155.25,146.7272727272727,138.3333333333333,130.7291666666667
148.75,152.75,156.675,154.5625,156.4456521739131,154.2,154.9642857142857,146.3636363636364,137.95,130.3125
148.8125,152.75,155.9749999999999,154.3125,156.5326086956522,153.9,154.7,146,137.55,129.8958333333333
149.0625,152.75,155.2749999999999,154.0625,156.6195652173913,153.6071428571429,154.5,145.75,137.15,129.4791666666667
149.3125,152.625,154.575,153.8125,156.7065217391304,153.3214285714286,154.3,145.5,136.75,129.0625
