176.6999999999999,181.6944444444445,192,194.2499999999999,194.225,194.0499999999999,194.8124999999999,192,189.7499999999999,185.6875
176.9,181.9166666666667,192,194.2499999999999,194.325,194.85,195.0625,191,189.75,183.4374999999999
177.1,182.1388888888889,192,194.25,194.425,195.65,195.3125,190,189.75,181.7916666666667
177.3,182.3611111111111,192,194.25,194.525,196.25,195.5625,189,189.75,181.9583333333333
177.5,182.5833333333333,191.9999999999999,194.25,194.625,196.25,195.8125,188.15,189.75,182.125
177.7,182.9642857142858,192,194.25,194.725,196.25,196.0625,187.75,189.75,184.7500000000003
177.5833333333333,183.8214285714286,192,194.2058823529412,194.4285714285714,196.25,196.2291666666667,187.35,189.75,187.4
177.3611111111111,184.6785714285714,192,194.0294117647059,194,196.0625,196.1458333333333,189.6875000000001,189.75,187.6
177.1388888888889,185.5357142857143,191.9999999999999,193.8529411764706,193.5714285714286,195.8125,196.0625,192.9375000000001,189.75,185.7499999999998
176.9166666666667,185.8152173913043,191.9999999999999,193.6764705882353,193.25,195.15,195.9791666666667,193.6964285714286,189.7916666666667,183.75
176.78125,185.9021739130435,191.9999999999999,193.5,193.25,194.35,195.8958333333333,193.625,189.8472222222222,183.75
176.90625,185.9891304347826,191.9999999999999,193.3235294117647,193.25,193.7954545454546,195.8125,193.5535714285714,189.9027777777778,183.75
177.03125,186.0760869565217,192.1914893617021,193.1470588235294,193.25,193.9772727272727,195.75,193.4821428571428,189.9583333333333,185.0000000000001
177.15625,186.1630434782609,192.3829787234042,192.9705882352941,193.4,194.1590909090909,195.75,193.4107142857143,190.0138888888889,188.6944444444445
177.1071428571428,186.25,192.5744680851063,192.7941176470588,193.6,194.3409090909091,195.75,193.3392857142857,190.0694444444445,188.4722222222222
176.5357142857143,186.3369565217391,192.7659574468084,192.875,193.8,194.5227272727273,195.75,193.2678571428572,190.125,188.25
175.9642857142857,186.4239130434783,192.9574468085106,193.0416666666667,194,194.7045454545455,195.75,193.25,190.1805555555555,188.0277777777778
175.3928571428571,186.5108695652174,193.1489361702127,193.2083333333333,194.2,195.0833333333333,195.7,193.25,190.2361111111111,187.8055555555555
175.25,186.5978260869565,193.3404255319148,193.375,194.75,195.5277777777778,195.6333333333333,193.25,189.9285714285714,187.675
175.25,186.6847826086957,193.531914893617,193.5416666666667,195.4166666666667,195.9722222222222,195.5666666666667,193.25,189.5,187.575
175.25,186.7840909090909,193.7234042553191,193.7083333333333,196.0833333333333,196.4166666666667,195.5,193.25,189.0714285714286,187.475
175.25,186.9204545454546,193.9148936170212,193.875,196.3653846153846,196.71875,195.4333333333333,193.25,188.7307692307692,187.375
175.4583333333334,187.0568181818182,194.1063829787234,194.0416666666667,196.5192307692308,196.59375,195.3666666666666,192.5,188.6538461538461,187.275
176.2916666666667,187.1931818181818,194.3,194.2083333333333,196.6730769230769,196.46875,195.3,191.5,188.5769230769231,187.1964285714286
177.125,187.3295454545455,194.4999999999999,194.2916666666667,196.8269230769231,196.34375,194.85,190.5833333333333,188.5,187.125
177.75,187.4659090909091,194.6999999999999,194.3472222222222,196.9807692307692,196.21875,193.2499999999999,189.9166666666667,188.4230769230769,187.0535714285714
177.75,187.6022727272727,194.8999999999999,194.4027777777778,197.1346153846154,196.09375,191.6499999999999,189.25,188.3461538461538,186.9821428571428
177.75,187.7386363636364,195.1,194.4583333333333,197.4375,195.96875,191.4,188.7727272727273,188.2692307692308,186.9107142857143
177.75,187.875,195.3,194.5138888888889,198.1875,195.84375,191.6,188.8636363636364,188.75,186.8392857142857
177.7777777777778,188.0113636363637,195.4999999999999,194.5694444444445,198.7,195.7941176470588,192.0833333333334,188.9545454545454,189.4166666666667,186.7678571428572
177.8888888888889,188.1477272727273,195.6999999999999,194.625,198.5,195.9705882352941,193.4166666666667,189.0454545454546,190.0833333333333,186.9642857142857
178,188.3,195.3333333333333,194.6805555555556,198.3,196.1470588235294,194.75,189.1363636363636,190.75,187.25
178.1111111111111,188.5,194.7777777777777,194.7361111111111,198.1,196.3235294117647,195.7857142857143,189.2272727272727,191.2916666666667,187.5357142857143
178.2222222222222,188.7,194.2222222222221,194.8382352941177,197.9,196.5,195.9285714285714,189.625,191.4583333333333,187.8214285714286
178.5227272727273,188.9,193.6666666666666,194.9558823529412,197.7,196.6764705882353,196.0714285714286,190.125,191.625,188.1071428571429
178.8863636363636,189.1,193.2222222222221,195.0735294117647,197.5,196.8529411764706,196.2142857142857,190.625,191.7916666666667,188.3928571428572
179.25,189.3,193.1111111111111,195.1911764705882,197.3,197.0294117647059,196.3571428571429,191.125,191.9583333333333,188.6785714285714
179.6136363636364,189.5,192.9999999999999,195.3088235294118,196.95,197.2058823529412,196.5,191.025,192.125,189.8
179.9772727272727,189.7,192.8888888888888,195.4264705882353,196.55,197.1666666666667,196.6428571428571,190.725,192.2857142857143,191.2
180.4583333333334,187.1249999999999,192.7777777777777,195.5441176470588,196.15,197.0555555555555,196.7125,190.425,192.4285714285714,192.2307692307692
181.2916666666667,186.4642857142857,192.8124999999999,195.6617647058823,195.75,196.9444444444444,196.5625,190.125,192.5714285714286,192.1538461538461
182.125,186.75,192.8958333333333,195.7205882352941,195.35,196.8333333333333,196.4125,189.825,192.7142857142857,192.0769230769231
182.8125,187.0357142857143,192.9791666666666,195.6029411764706,195.325,196.6964285714286,196.2625,189.84375,191.9999999999999,192
183.0625,187.9166666666667,193.0624999999999,195.4852941176471,195.425,196.4821428571429,196.1125,189.96875,191.125,191.9230769230769
183.3125,190.5833333333334,193.1458333333333,195.3676470588235,195.525,196.2678571428571,195.9625,190.09375,190.625,191.8461538461538
183.5625,191.0625,193.2291666666666,195.25,195.6249999999999,196.0535714285714,195.8125,190.21875,190.125,191.7692307692307
183.8125,190.8125,193.5227272727272,195.1323529411765,195.7249999999999,195.8392857142857,195.6625,190.34375,189.625,191.8863636363637
184.0625,190.5625,193.8863636363636,195.014705882353,195.5624999999999,195.625,195.5125,190.46875,189.3333333333333,192.0681818181818
184.225,190.3125,194.2499999999999,194.8970588235294,195.3124999999999,195.4107142857143,195.3625,190.59375,189.6666666666667,192.25
184.125,186.825,194.6136363636363,194.7794117647059,195.0624999999999,195.25,195.25,190.71875,190,192.4318181818182
184.025,187.125,194.9772727272727,194.796875,194.8124999999999,195.25,195.25,191.03125,190.3333333333334,192.6136363636364
183.925,187.425,195.0624999999999,194.859375,194.7499999999999,195.25,195.25,191.40625,190.6666666666667,192.7954545454546
183.825,187.725,194.3124999999999,194.921875,194.7499999999999,195.25,195.25,191.78125,191.25,192.9772727272727
183.725,188.025,193.5624999999999,194.984375,194.7499999999999,195.25,195.25,192.15625,191.9166666666667,193.1590909090909
183.625,188.375,192.8124999999999,195.046875,194.7499999999999,195.25,195.25,192.53125,192.5833333333333,193.3409090909091
183.525,188.875,192.3235294117647,195.109375,194.7499999999999,195.25,195.25,192.90625,193.25,193.5227272727273
183.425,189.375,192.6176470588235,195.171875,194.9166666666666,195.25,195.25,193.28125,193.7794117647059,193.7045454545454
183.325,189.875,192.9117647058823,195.234375,195.5833333333333,195.1875,195.3076923076923,193.65625,193.8970588235294,193.7916666666667
183.28125,190.375,193.2058823529411,195.3571428571428,196.25,195.1041666666667,195.3846153846154,193.375,194.0147058823529,193.8472222222222
183.40625,190.7307692307692,193.4999999999999,195.5,196.9166666666667,195.0208333333333,195.4615384615385,192.875,194.1323529411765,193.9027777777778
183.53125,190.6538461538462,193.7941176470588,195.6428571428571,197.5833333333333,194.9375,195.5384615384615,192.375,194.25,193.9583333333333
183.65625,190.5769230769231,194.0882352941176,195.7857142857143,198.0227272727273,194.8541666666667,195.6153846153846,191.875,194.3676470588235,194.0138888888889
183.78125,190.5,194.3823529411764,195.9285714285714,198.3863636363636,194.7708333333333,195.6923076923077,191.9375,194.4852941176471,194.0694444444445
183.90625,190.4230769230769,194.6764705882352,196.0714285714286,198.75,195.0227272727273,195.7894736842105,192.1875,194.6029411764706,194.125
184.03125,190.3461538461539,194.9642857142857,196.2142857142857,199.1136363636364,195.3863636363636,195.9473684210526,192.4375,194.7205882352941,194.1805555555556
184.15625,190.2692307692308,195.2499999999999,196.3571428571429,199.4772727272727,195.75,196.1052631578947,192.6875,194.75,194.2361111111111
184.3095238095238,190.3125,195.5357142857142,196.5,199.5714285714286,196.1136363636364,196.2631578947368,193.125,194.75,194.35
184.5476190476191,190.3958333333333,195.6666666666666,196.6428571428571,198.8571428571429,196.4772727272727,196.421052631579,193.625,194.4166666666666,194.4833333333333
184.7857142857143,190.4791666666667,195.3333333333333,196.725,198.1428571428571,196.7321428571429,196.5789473684211,194.125,193.0833333333333,194.6166666666667
185.0238095238095,190.5625,194.9999999999999,196.625,197.4285714285714,196.6607142857143,196.7368421052632,194.625,192.6,194.75
185.2619047619048,190.6458333333333,194.7499999999999,196.525,196.6071428571428,196.5892857142857,196.8947368421053,194.825,192.4,194.8833333333333
185.5,190.7291666666667,194.7499999999999,196.425,195.75,196.5178571428572,197.0526315789474,194.925,192.2,195.0166666666667
185.7380952380952,191,194.7499999999999,196.325,194.8928571428571,196.4464285714286,197.2105263157895,195.025,192,195.15
185.9761904761905,191.3333333333333,194.7499999999999,196.1875,194.2857142857143,196.375,196.875,195.125,191.8,195.1944444444445
186.2142857142857,191.6666666666667,194.7499999999999,195.9375,194.4285714285714,196.3035714285714,196.375,195.225,192.2272727272727,194.9722222222222
186.452380952381,192,194.7499999999999,195.6875,194.5714285714286,196.2232142857143,195.875,195.109375,192.8636363636364,194.75
186.6904761904762,192.3333333333333,194.7499999999999,195.4375,194.7142857142857,196.1160714285714,195.6875,194.921875,193.5,194.5277777777778
186.8,192.6666666666667,194.7894736842105,195.1875,194.8571428571429,196.0089285714286,195.6041666666667,194.734375,194.1363636363637,194.3055555555556
186.8666666666667,192.45,194.8421052631578,194.9375,195,195.9017857142857,195.5208333333333,194.546875,194.7727272727273,192.2499999999999
186.9333333333333,192.05,194.8947368421052,194.6785714285714,195.1428571428571,195.7946428571429,195.4375,194.359375,195.2727272727273,190.3
187,191.65,194.9473684210526,194.3928571428571,195.3333333333333,195.6875,195.3541666666667,194.171875,195.3636363636364,190.5
187.0666666666667,191.25,194.9999999999999,194.1071428571428,195.6666666666667,195.5803571428571,195.2708333333333,193.984375,195.4545454545454,190.7
187.1333333333334,190.85,195.0526315789473,193.8214285714286,196,195.4732142857143,195.1428571428572,193.796875,195.5454545454546,192.75
187.2,190.6428571428571,195.1052631578947,193.975,196.3333333333333,195.3660714285714,195,193.55,195.6363636363636,194.7857142857143
187.2777777777778,190.5,195.157894736842,194.275,196.6666666666667,195.2589285714286,194.8571428571428,193.2833333333334,195.7272727272727,194.9285714285714
187.3888888888889,190.3571428571429,195.2105263157894,194.575,196.75,195.1517857142857,194.9166666666667,193.0166666666667,195.8181818181818,195.0714285714286
187.5,190.3392857142857,195.2499999999999,194.875,196.75,195.0446428571429,195.5833333333334,192.75,195.9090909090909,195.2142857142857
187.6111111111111,190.6964285714286,195.2499999999999,195.175,196.75,194.9375,196.25,192.4833333333333,196,195.3571428571429
187.7222222222222,191.0535714285714,195.2499999999999,195.3035714285714,196.75,194.8303571428571,196.75,192.2166666666666,196.0909090909091,195.5
187.8333333333333,191.4107142857143,195.2499999999999,195.375,196.75,194.7386363636363,196.75,191.95,196.1818181818182,195.6428571428571
187.9444444444444,191.7678571428572,195.2499999999999,195.4464285714286,196.59375,194.6931818181818,196.75,191.7857142857143,196.225,195.75
188.0555555555555,192.125,195.2499999999999,195.5178571428571,195.96875,194.6477272727273,196.75,191.9285714285714,196.125,195.75
188.1666666666667,192.4821428571429,195.2499999999999,195.5892857142857,195.34375,194.6022727272727,195.5,192.0714285714286,196.025,195.75
188.234375,192.7,195.2499999999999,195.6607142857143,194.71875,194.5568181818182,194.2058823529412,192.2142857142857,195.925,195.75
188.171875,192.5,195.2499999999999,195.7321428571428,194.2115384615385,194.5113636363636,194.0294117647059,192.3571428571428,195.825,195.75
188.109375,192.3,195.2499999999999,194.0625,194.0576923076923,194.4659090909091,193.8529411764706,192.5,195.6785714285714,195.75
188.046875,192.1,195.2499999999999,191.8125,193.9038461538462,194.4204545454546,193.6764705882353,192.6428571428571,195.3928571428571,195.75
187.984375,191.9,195.2826086956521,191.8928571428571,193.75,194.375,193.5,192.8392857142857,195.1071428571428,195.75
187.921875,191.7857142857143,195.3260869565217,192.75,193.5961538461539,194.3295454545455,193.3235294117647,193.1964285714286,194.8214285714286,195.7166666666666
187.859375,191.9285714285714,195.3695652173913,193.6071428571429,193.4423076923077,194.2840909090909,193.1470588235294,193.5535714285714,195,195.5833333333334
187.796875,192.0714285714286,195.4130434782608,194.3928571428571,193.2884615384615,194.225,192.9705882352941,193.9107142857143,195.3333333333333,195.45
187.7368421052632,192.2142857142857,195.4565217391304,194.9642857142857,193.1428571428571,194.125,192.7941176470588,194.2678571428572,195.6666666666667,195.3166666666667
187.6842105263158,192.3571428571429,195.4999999999999,195.5357142857143,193,194.025,192.75,194.625,196,195.1833333333333
187.6315789473684,192.5,195.5434782608695,196.1071428571429,192.8571428571428,193.925,192.75,194.9821428571429,196.3333333333333,195.05
187.578947368421,192.6428571428571,195.5869565217391,196.3076923076923,192.7142857142857,193.825,192.75,195.2666666666667,196.6666666666667,194.9166666666667
187.5263157894737,192.7857142857143,195.6304347826086,196.3846153846154,192.5714285714286,193.725,192.75,195.3333333333333,196.801724137931,194.7833333333333
187.4736842105263,192.9285714285714,195.6739130434782,196.4615384615385,192.4285714285714,193.625,192.75,195.4,196.8706896551724,194.7941176470588
187.421052631579,193.0714285714286,195.7173913043478,196.5384615384615,192.2857142857143,193.525,192.75,195.4666666666667,196.9396551724138,194.8529411764706
187.3684210526316,193.2142857142857,195.7749999999999,196.6153846153846,192.34375,193.425,192.75,195.5333333333333,197.0086206896552,194.9117647058823
187.3157894736842,193.4,195.8749999999999,196.6923076923077,192.46875,193.325,192.75,195.6,197.0775862068966,194.9705882352941
187.2631578947368,193.6,195.9749999999999,196.375,192.59375,193.2727272727273,192.75,195.6666666666667,197.146551724138,195.0294117647059
187.25,193.6666666666667,196.0749999999999,194.875,192.71875,193.3636363636364,192.75,195.7333333333333,197.2155172413793,195.0882352941176
187.25,193.3333333333333,196.175,193.65625,192.84375,193.4545454545455,192.7105263157895,195.5,197.2844827586207,195.1470588235294
187.25,193,196.2749999999999,193.28125,192.96875,193.5454545454546,192.5526315789473,195.1666666666666,197.3534482758621,195.2058823529412
187.25,192.6666666666667,196.3749999999999,192.90625,193.09375,193.6363636363637,192.3947368421053,194.8333333333333,197.4224137931034,195.3461538461538
187.25,192.3333333333333,196.4749999999999,192.53125,193.21875,193.7272727272727,192.2368421052632,194.5,197.4913793103448,195.7307692307692
187.3020833333333,192.34375,196.5749999999999,192.4642857142857,193.1,193.8181818181818,192.078947368421,194.1071428571428,197.5603448275862,196.1153846153846
187.5104166666667,192.46875,196.6749999999999,193.3214285714286,192.9,193.9090909090909,191.921052631579,193.5357142857143,197.6293103448276,196.5
187.71875,192.59375,196.7282608695652,194.1785714285714,192.7,194,191.7631578947368,192.9642857142857,197.698275862069,196.8846153846154
187.9270833333333,192.71875,196.641304347826,195.0357142857143,192.5,194.0909090909091,191.6052631578947,192.3928571428571,197.7589285714286,197.2692307692308
188.1354166666667,193.75,196.5543478260869,195.1666666666667,192.3,194.1818181818182,191.4473684210526,192.15625,197.7946428571429,197.6538461538462
188.34375,194.7875,196.4673913043478,195.0555555555555,192.1,194.2261904761905,191.2894736842105,192.03125,197.8303571428571,198.0714285714286
188.5520833333333,194.9375,196.3804347826086,194.9444444444444,191.9,194.1309523809524,191.2083333333333,191.90625,197.8660714285714,198.5
188.7604166666667,195.0875,196.2934782608695,194.8333333333333,191.7272727272727,194.0357142857143,191.1527777777778,191.78125,197.9017857142857,198.9285714285714
188.96875,195.2375,196.2065217391304,194.7222222222222,191.6363636363636,193.9404761904762,191.0972222222222,191.5,197.9375,198.9375
189.1770833333333,195.3875,196.1195652173913,194.6111111111111,191.5454545454546,193.8452380952381,191.0416666666667,191.1666666666667,197.9732142857143,197.6875
189.3854166666667,195.5375,196.0326086956521,194.5,191.4545454545454,193.75,190.9861111111111,190.8333333333333,198.0089285714286,196.7954545454545
189.59375,195.6875,195.945652173913,194.3888888888889,191.3636363636364,193.6547619047619,190.9305555555555,190.5,198.0446428571429,196.9772727272727
189.8333333333333,195.8375,195.8586956521739,194.2777777777778,191.2727272727273,193.5595238095238,190.875,190.3571428571429,198.0803571428571,197.1590909090909
190.1666666666667,195.9875,195.7717391304347,194.35,191.15,193.4642857142857,190.8194444444444,190.7857142857143,198.1160714285714,197.3409090909091
190.5,196.1375,195.6428571428571,194.4833333333333,191.0166666666667,193.3690476190476,190.7638888888889,191.2142857142857,198.1517857142857,197.5227272727273
190.8333333333333,196.25,195.4999999999999,194.6166666666667,190.8833333333333,193.2738095238095,190.78125,191.6428571428572,198.1875,197.7045454545454
191.1666666666667,196.25,195.3571428571428,194.75,190.75,192.6875,190.8229166666667,192.0714285714286,198.2232142857143,197.8125
191.5,196.25,195.2142857142857,194.8833333333333,190.6166666666667,191.9375,190.8645833333333,192.5,198.2045454545455,197.8958333333333
191.8333333333333,196.25,195.0714285714285,195.0166666666667,190.4833333333333,191.1875,190.90625,192.9285714285714,198.0227272727273,197.9791666666667
192.1666666666667,196.25,194.9285714285714,195.15,190.35,190.4375,190.9479166666667,193.40625,197.8409090909091,198.0625
192.3823529411765,196.25,194.7857142857142,195.05,190.2875,190,190.9895833333333,194.03125,197.6590909090909,198.1458333333333
192.5588235294118,196.25,194.6428571428571,194.25,190.4375,189.6666666666667,191.03125,194.65625,197.4772727272727,198.2291666666667
192.7352941176471,196.1875,194.4999999999999,193.45,190.5875,189.3333333333333,191.0729166666667,195.28125,197.2954545454545,198.71875
192.9117647058823,195.9375,194.3571428571428,193.25,190.7375,189.4807692307692,191.1145833333333,195.7727272727273,197.28125,199.34375
193.0882352941177,195.6875,194.2083333333333,193.25,190.8875,189.7884615384615,191.15625,195.8636363636363,197.3229166666667,199.96875
193.2647058823529,195.4375,194.0416666666666,193.25,191.0375,190.0961538461538,191.1979166666667,195.9545454545454,197.3645833333333,200.59375
193.4411764705882,194.875,193.8749999999999,193.25,191.1875,190.4038461538462,191.2395833333333,196.0454545454546,197.40625,200.7875
193.6176470588235,193.375,193.7083333333333,193.25,191.3375,190.7115384615385,191.1818181818182,196.1363636363637,197.4479166666667,200.8375
193.7368421052632,192.275,193.5416666666666,193.25,191.4875,191.0192307692308,191.0909090909091,196.2272727272727,197.4895833333333,200.8875
193.6842105263158,192.375,193.3749999999999,193.25,191.6375,191.3611111111111,191,196.3181818181818,197.53125,200.9375
193.6315789473684,192.475,193.2083333333333,193.1964285714286,191.6666666666667,191.8055555555555,190.9090909090909,196.4090909090909,197.5729166666667,200.9875
193.5789473684211,192.575,193.0416666666666,193.125,191.3333333333333,192.25,190.8181818181818,196.5,197.6145833333333,201.0375
193.5263157894737,192.675,192.8749999999999,193.0535714285714,191,192.6944444444444,190.7272727272727,196.5909090909091,197.65625,201.0875
193.4736842105263,192.7,192.7638888888888,192.9821428571429,190.6666666666667,193.1388888888889,190.6363636363636,196.6818181818182,197.6979166666667,201.1375
193.421052631579,192.5,192.8194444444444,192.9107142857143,190.3333333333333,193,190.5454545454546,196.7727272727273,197.7395833333333,201.1875
193.3684210526316,192.3,192.8749999999999,192.8392857142857,190,192.6666666666667,190.4545454545454,196.8636363636364,197.75,201.2375
193.3157894736842,192.1,192.9305555555555,192.7678571428572,189.7833333333333,192.3333333333333,190.3636363636364,196.9545454545454,197.75,201.25
193.2631578947368,191.9,192.9861111111111,192.8863636363637,189.9166666666667,192,190.2727272727273,197.0454545454546,197.75,201.25
193.2840909090909,191.7857142857143,193.0416666666666,193.0681818181818,190.05,191,190.28125,197.1363636363637,197.75,201.25
193.3295454545454,191.9285714285714,193.0972222222222,193.25,190.1833333333333,188.5416666666667,190.3229166666667,197.2272727272727,197.75,201.25
193.375,192.0714285714286,193.1527777777777,193.4318181818182,190.3166666666667,187.7083333333333,190.3645833333333,197.1666666666667,197.75,201.25
193.4204545454546,192.2142857142857,193.2083333333333,193.6136363636363,190.45,186.875,190.40625,197.0555555555556,197.75,201.2833333333333
193.4659090909091,192.3571428571429,193.2031249999999,193.7954545454546,190.5833333333333,186.25,190.4479166666667,196.9444444444444,197.75,201.4166666666667
193.5113636363636,192.5,193.0156249999999,193.9772727272727,190.7166666666667,186.25,190.4895833333333,196.8333333333333,197.7788461538462,201.55
193.5568181818182,192.6428571428572,192.8281249999999,194.1590909090909,190.7826086956522,186.25,190.53125,196.7222222222222,197.8942307692308,201.6833333333333
193.6022727272727,192.9166666666667,192.6406249999999,194.3409090909091,190.8260869565217,186.25,190.5729166666667,196.6111111111111,198.0096153846154,201.8166666666667
193.6477272727273,193.5833333333333,192.4531249999999,194.5227272727273,190.8695652173913,186.25,190.6145833333333,196.5,198.125,201.95
193.6931818181818,194.25,192.2656249999999,194.7045454545455,190.9130434782609,186.35,190.65625,196.3888888888889,198.2403846153846,202.0833333333333
193.7386363636363,194.9166666666667,192.0781249999999,194.675,190.9565217391304,186.75,190.6979166666667,196.2777777777778,198.3557692307692,202.2166666666667
193.7826086956522,195.5833333333333,191.8906249999999,194.575,191,187.15,190.7395833333333,196.1666666666667,198.4711538461539,202.4
193.8260869565217,195.75,191.6923076923076,194.475,191.0434782608696,187.55,190.65625,196.0555555555555,198.5865384615385,202.6
193.8695652173913,195.75,191.4615384615384,194.375,191.0869565217391,187.95,190.53125,195.9444444444445,198.7019230769231,202.8
193.9130434782609,195.75,191.2307692307692,194.275,191.1304347826087,188.625,190.40625,195.8333333333333,198.8173076923077,203
193.9565217391304,195.75,190.9999999999999,193.7045454545454,191.1739130434783,190.125,190.28125,195.7291666666667,198.9326923076923,203.2
194,195.55,190.7692307692307,192.9772727272727,191.2173913043478,191.35,190.15625,195.6458333333333,199.0480769230769,203.3863636363636
194.0434782608696,195.2833333333333,190.5384615384615,192.25,191.2763157894737,191.75,190.03125,195.5625,199.1634615384615,203.5681818181818
194.0869565217392,195.0166666666667,190.3076923076923,191.5227272727273,191.3815789473684,192.15,189.90625,195.4791666666667,199.2,203.75
194.1304347826087,194.75,190.5227272727272,190.7954545454546,191.4868421052632,192.1,189.78125,195.3958333333333,199,203.9318181818182
194.1739130434783,194.4833333333333,190.8863636363636,190.2222222222222,191.5921052631579,191.9,189.6428571428572,195.3125,198.8,204.1136363636364
194.2173913043478,194.2166666666667,191.2499999999999,190.1111111111111,191.6973684210526,191.7,189.5,195.2291666666667,198.6,204.1875
194.2596153846154,193.95,191.6136363636363,190,191.8026315789473,191.5,189.3571428571429,195.1458333333333,198.4,203.9375
194.2980769230769,193.75,191.9772727272727,189.8888888888889,191.9078947368421,191.3,189.2142857142857,195.0625,198.2,203.6875
194.3365384615385,193.75,192.2916666666666,189.7777777777778,192.0131578947368,191.1,189.0714285714286,194.9791666666667,198,203.4375
194.375,193.75,192.4583333333333,189.6617647058823,192.1184210526316,190.9,188.9285714285714,194.8958333333333,197.8,203.1875
194.4134615384615,193.75,192.6249999999999,189.5441176470588,192.2236842105263,190.7023809523809,188.7857142857143,194.8125,197.8333333333333,202.9375
194.4519230769231,193.75,192.7916666666666,189.4264705882353,192.0357142857143,190.5119047619048,188.6428571428571,194.7708333333333,197.9444444444444,202.6875
194.4903846153846,193.75,192.9583333333333,189.3088235294118,191.75,190.3214285714286,188.5,194.8541666666667,198.0555555555555,202.4375
194.5288461538461,193.75,193.1249999999999,189.1911764705882,191.4642857142857,190.1309523809524,188.3571428571429,194.9375,198.1666666666667,202.1875
194.5673076923077,193.75,192.9999999999999,189.0735294117647,191.1785714285714,189.9404761904762,188.2794117647059,195.0208333333333,198.2777777777778,201.9375
194.6057692307692,193.9,191.9999999999999,188.9558823529412,190.8928571428571,189.75,188.3970588235294,195.1041666666667,198.3888888888889,201.6875
194.6442307692308,194.1,190.9999999999999,188.8382352941177,190.6071428571429,189.5595238095238,188.514705882353,195.1875,198.5,201.4375
194.6826923076923,194.3,190.1499999999999,188.7045454545455,190.3214285714286,189.3690476190476,188.6323529411765,195.2708333333333,198.6111111111111,201.1875
194.7211538461538,194.5,189.7499999999999,188.5227272727273,190.0357142857143,189.1785714285714,188.75,195.3541666666667,198.7222222222222,200.9375
194.75,194.7,189.35,188.3409090909091,189.75,188.9880952380952,188.8676470588235,195.4375,198.8333333333333,200.725
194.75,194.9,189.9062499999999,188.1590909090909,189.4642857142857,188.797619047619,188.985294117647,195.5208333333333,198.9444444444445,200.625
194.75,195.1,190.7812499999999,187.9772727272727,189.0625,188.7916666666667,189.1029411764706,195.6041666666667,199.0555555555556,200.525
194.75,195.3035714285714,191.6562499999999,187.7954545454545,188.3125,188.8472222222222,189.2205882352941,195.6875,199.1666666666667,200.425
194.75,195.5178571428571,192.5312499999999,187.828947368421,187.5625,188.9027777777778,189.175,195.7105263157895,199.25,200.325
194.75,195.7321428571429,192.7499999999999,187.9342105263158,186.8125,188.9583333333333,189.075,195.5526315789474,199.25,200.3055555555556
194.75,195.9464285714286,192.7499999999999,188.0394736842105,186,189.0138888888889,188.975,195.3947368421053,199.25,200.5277777777778
194.75,196.1607142857143,192.7499999999999,188.1447368421053,185,189.0694444444445,188.875,195.2368421052632,199.25,200.75
194.75,196.375,191.8499999999999,188.25,184,189.125,188.775,195.078947368421,199.25,200.9722222222222
194.75,196.5892857142857,190.6499999999999,188.3552631578947,183.5833333333333,189.1805555555556,188.675,194.921052631579,199.25,201.1944444444445
194.75,196.7083333333333,189.7499999999999,188.4605263157895,184.9166666666666,189.2361111111111,188.575,194.7631578947368,199.25,201.3181818181818
194.75,196.5416666666667,189.7499999999999,188.5657894736842,186.25,188.9038461538461,188.475,194.6052631578947,199.2173913043478,201.4090909090909
194.75,196.375,189.8461538461538,188.6710526315789,187.65,188.4423076923077,188.375,194.4473684210526,199.0869565217391,201.5
194.75,196.2083333333333,190.2307692307692,188.75,189.25,187.9807692307692,188.275,194.2894736842105,198.9565217391304,201.5909090909091
194.75,196.0416666666667,190.6153846153846,188.75,190.85,187.5192307692308,188.175,194.15625,198.8260869565217,201.6818181818182
194.75,195.875,190.9999999999999,188.75,190.78125,187.0576923076923,188.075,194.03125,198.695652173913,200.625
194.75,195.6041666666667,191.3846153846153,188.75,190.15625,186.5961538461539,187.975,193.90625,198.5652173913043,197.25
194.7058823529412,195.0208333333333,191.7692307692307,188.75,189.53125,186.125,187.875,193.78125,198.4347826086957,197.25
194.5294117647059,194.4375,192.1538461538461,188.75,188.90625,185.625,187.775,193.65625,198.304347826087,197.25
194.3529411764706,193.8541666666667,192.0624999999999,188.75,188.75,185.125,187.8684210526316,193.53125,198.1739130434783,197.4375
194.1764705882353,193.2708333333333,191.8124999999999,188.75,188.75,185.3125,188.0263157894737,193.40625,198.0434782608696,198.1875
194,192.6875,191.5624999999999,188.75,188.75,187.5625,188.1842105263158,193.28125,197.9130434782609,198.7727272727273
193.8235294117647,192.2333333333333,191.3124999999999,188.75,188.75,189.1666666666667,188.3421052631579,193.1818181818182,197.7826086956522,198.8636363636363
193.6470588235294,192.1666666666667,191.0624999999999,188.6785714285714,188.75,188.8333333333333,188.5,193.0909090909091,197.6,198.9545454545454
193.4705882352941,192.1,190.8124999999999,188.5833333333333,188.75,188.5,188.6578947368421,193,197.4,199.0454545454546
193.2941176470588,192.0333333333333,190.5624999999999,188.4880952380952,188.75,188.1666666666667,188.8157894736842,192.9090909090909,197.2,199.1363636363636
193.3653846153846,191.9666666666667,190.3124999999999,188.3928571428572,188.75,187.8333333333333,188.9736842105263,192.8181818181818,197,199.2272727272727
193.5192307692308,191.9,190.3437499999999,188.297619047619,188.75,187.5,189.1315789473684,192.7272727272727,196.8,199.1666666666667
193.6730769230769,191.8333333333333,190.4687499999999,188.202380952381,188.75,187.2272727272727,189.25,192.6363636363636,196.4,199.0555555555556
193.8269230769231,191.7666666666667,190.5937499999999,188.1071428571429,188.6730769230769,187.1363636363636,189.25,192.5454545454545,195.9333333333333,198.9444444444444
193.9807692307692,191.6617647058823,190.7187499999999,188.0119047619048,188.3653846153846,187.0454545454545,189.25,192.4545454545454,195.4666666666667,198.8333333333333
194.1346153846154,191.5441176470588,191.2857142857142,187.9166666666667,188.0576923076923,186.9545454545454,189.25,192.3636363636364,195,198.7222222222222
194.1071428571429,191.4264705882353,191.9999999999999,187.8214285714286,187.75,186.8636363636364,189.25,192.2727272727273,194.5333333333333,198.6111111111111
193.5357142857143,191.3088235294118,192.7142857142856,187.7604166666667,187.4423076923077,186.7727272727273,189.25,192.5384615384615,194.0666666666667,198.5
192.9642857142857,191.1911764705882,193.225,187.8020833333333,187.1346153846154,185.5,189.1710526315789,192.923076923077,193.6,198.3888888888889
192.3928571428571,191.0735294117647,193.1249999999999,187.84375,186.826923076923,184.3333333333333,189.0657894736842,193.3076923076923,193.2045454545455,198.2777777777778
192.25,190.9558823529412,193.0249999999999,187.8854166666667,186.7777777777777,184.6666666666667,188.9605263157895,193.6923076923077,193.0227272727273,198.1875
192.25,190.8382352941176,192.925,187.9270833333333,186.8148148148148,185,188.8552631578947,194.0769230769231,192.8409090909091,198.1041666666667
192.25,190.71875,192.825,187.96875,186.8518518518518,185.3333333333333,188.75,194.4615384615385,192.6590909090909,198.0208333333333
192.25,190.59375,192.7999999999999,188.0104166666667,186.8888888888888,185.6666666666667,188.6447368421053,194.8166666666667,192.4772727272727,197.9375
192.21875,190.46875,192.9999999999999,188.0520833333333,186.9259259259259,185.7083333333333,188.5394736842105,195.0833333333333,192.2954545454546,197.8541666666667
192.09375,190.34375,193.1999999999999,188.09375,186.9629629629629,185.6527777777778,188.4342105263158,195.35,192.4375,197.7708333333333
191.96875,190.4642857142857,193.3999999999999,188.1354166666667,187,185.5972222222222,188.3289473684211,195.6166666666667,192.6875,197.6875
191.84375,191.3214285714286,193.5999999999999,188.1770833333333,187.037037037037,185.5416666666667,188.2368421052632,195.8833333333333,192.9375,197.6041666666667
191.71875,192.1785714285714,193.7205882352941,188.21875,187.074074074074,185.4861111111111,188.1842105263158,196.15,193.1875,197.5208333333333
191.59375,193.0357142857142,193.6029411764705,188.2125,187.1111111111111,185.4305555555555,188.1315789473684,196.4166666666667,193.4375,197.4375
191.46875,193.125,193.485294117647,188.0625,187.1481481481481,185.375,188.0789473684211,196.6833333333333,193.6875,197.3541666666667
191.34375,192.9583333333333,193.3676470588235,187.9125,187.1851851851852,185.3194444444445,188.0263157894737,196.6964285714286,194.25,197.2708333333333
191.2954545454545,192.7916666666667,193.2499999999999,187.7625,187.2222222222222,185.2638888888889,187.9736842105263,196.625,194.9166666666667,197.203125
191.4772727272727,192.375,193.1323529411764,187.6125,187.1785714285714,184.95,187.921052631579,196.5535714285714,195.5833333333333,197.140625
191.6590909090909,191.875,193.0147058823529,187.4625,186.8928571428571,184.55,187.8684210526316,196.4821428571429,195.7894736842105,197.078125
191.8409090909091,191.375,192.8970588235294,187.3125,186.6071428571428,184.15,187.8157894736842,196.4107142857143,195.8421052631579,197.015625
192.0227272727273,191.25,192.7794117647058,187.1625,186.3214285714286,183.75,187.7631578947368,196.3392857142857,195.8947368421053,196.953125
192.2045454545455,191.25,192.6562499999999,187.0125,185.5,183.35,187.8382352941177,196.2678571428571,195.9473684210527,196.890625
192.3863636363636,191.25,192.5312499999999,186.8625,184.5,183.1428571428572,187.9558823529412,195.8,196,196.828125
192.5681818181818,191.25,192.4062499999999,186.6923076923077,183.5,183,188.0735294117647,195.2,196.0526315789474,196.765625
192.75,191.25,192.2812499999999,186.4615384615385,183.125,182.8571428571429,188.1911764705882,194.6,196.1052631578947,196.84375
192.9318181818182,191.2692307692308,192.1562499999999,186.2307692307692,182.9583333333333,182.7142857142857,188.3088235294118,194,196.1578947368421,196.96875
193.1136363636363,191.3461538461538,192.0312499999999,186,182.7916666666667,182.5714285714286,188.4264705882353,193.4,196.2105263157895,197.09375
193.21875,191.4230769230769,191.9062499999999,185.7692307692308,182.625,182.4285714285714,188.5441176470588,192.95,196.1818181818182,197.21875
193.09375,191.5,191.7812499999999,185.5384615384615,182.4583333333333,182.2857142857143,188.6617647058823,192.55,195.9090909090909,197.375
192.96875,191.5769230769231,191.6374999999999,185.3076923076923,182.2916666666667,182.4473684210526,188.65625,192.15,195.6363636363636,197.5416666666666
192.84375,191.6538461538461,191.4874999999999,185.4583333333333,182.25,182.7105263157895,188.28125,191.75,195.3636363636364,197.7083333333333
192.71875,191.7307692307692,191.3374999999999,185.7361111111111,182.25,182.9736842105263,187.90625,191.35,195.0909090909091,197.875
192.59375,191.55,191.1874999999999,186.0138888888889,182.25,183.2368421052632,187.53125,191.2058823529412,194.8181818181818,198.0416666666667
192.46875,191.2833333333333,191.0374999999999,186.2916666666667,182.25,183.5,187.1590909090909,191.1470588235294,194.9,198.2083333333333
192.34375,191.0166666666667,190.8874999999999,186.5694444444445,182.25,183.7631578947368,186.7954545454545,191.0882352941177,195.1,198.1666666666667
192.2708333333333,190.75,190.7374999999999,186.8472222222222,182.25,184.0263157894737,186.4318181818182,191.0294117647059,195.3,198.0555555555555
192.3541666666667,190.4833333333333,190.5874999999999,187.125,182.25,184.2894736842105,186.0681818181818,190.9705882352941,195.5,197.9444444444445
192.4375,190.2166666666667,190.4374999999999,187.4027777777778,182.28125,184.5526315789474,185.7045454545455,190.9117647058823,195.7,197.8333333333333
192.5208333333333,189.95,190.2875,187.6805555555556,182.40625,184.8055555555555,185.3409090909091,190.8529411764706,195.5,197.7222222222222
192.6041666666667,189.7619047619048,190.1923076923076,187.8333333333333,182.53125,185.0277777777778,185.4,190.7941176470588,195.1666666666667,197.6111111111111
192.6875,189.8095238095238,190.1153846153846,187.9444444444445,182.65625,185.25,185.6,190.7,194.8333333333333,197.5
192.7608695652174,189.8571428571429,190.0384615384615,188.0555555555555,182.78125,185.4722222222222,185.8,190.5,194.3214285714286,197.3888888888889
192.8043478260869,189.9047619047619,189.9615384615384,188.1666666666667,182.90625,185.6944444444445,186,190.3,193.75,197.2777777777778
192.8478260869565,189.952380952381,189.8846153846153,188.2777777777778,183.03125,185.9166666666667,186.2,190.1,193.1785714285714,197.1
192.8913043478261,190,189.8076923076923,188.3888888888889,183.15625,186.1388888888889,186.4,189.9,192.625,196.9
192.9347826086957,190.047619047619,189.7307692307692,188.5,183.25,186.3611111111111,186.6,189.7,192.125,196.7
192.9782608695652,190.0952380952381,189.6538461538461,188.6111111111111,183.25,186.5833333333333,186.765625,189.5,191.625,196.5
193.0217391304348,190.1428571428572,189.576923076923,188.7222222222222,183.25,186.7413793103448,186.828125,189.3,191.125,196.3
193.0652173913043,190.1904761904762,189.4999999999999,188.8125,183.25,186.7068965517241,186.890625,189.3823529411765,190.8636363636364,196.1
193.1086956521739,190.2380952380952,189.4230769230769,188.8958333333333,183.25,186.6724137931035,186.953125,189.5588235294118,191.3181818181818,195.9
193.1521739130435,190.4545454545455,189.3461538461538,188.9791666666667,183.25,186.6379310344828,187.015625,189.7352941176471,191.7727272727273,195.7115384615385
193.195652173913,190.7272727272727,189.2692307692307,189.0625,183.15,186.6034482758621,187.078125,189.9117647058824,192.2272727272727,195.5576923076923
193.2391304347826,191,189.1818181818181,189.1458333333333,183.0166666666667,186.5689655172414,187.140625,190.0882352941176,192.6818181818182,195.4038461538461
193.390625,191.2727272727273,189.090909090909,189.2291666666667,182.8833333333333,186.5344827586207,187.203125,190.2647058823529,193.1363636363636,195.25
193.578125,191.5454545454545,188.9999999999999,189.3125,182.75,186.5,187.234375,190.4411764705882,193.1315789473684,195.0961538461539
193.765625,191.7857142857143,188.9090909090908,189.3958333333333,182.6166666666667,186.4655172413793,187.171875,190.6176470588235,192.9736842105263,194.9423076923077
193.953125,191.9285714285714,188.8181818181818,189.4791666666667,182.4833333333333,186.4310344827586,187.109375,190.7884615384615,192.8157894736842,194.7884615384615
194.140625,192.0714285714286,188.7794117647058,189.5625,182.35,186.3965517241379,187.046875,190.9423076923077,192.6578947368421,194.8333333333333
194.328125,192.2142857142857,188.8970588235294,189.6458333333333,182.1607142857143,186.3620689655172,186.984375,191.0961538461539,192.5,194.9444444444445
194.515625,192.3571428571429,189.0147058823529,189.7291666666667,181.8035714285714,186.3275862068965,186.921875,191.25,192.3421052631579,195.0555555555555
194.703125,192.5,189.1323529411764,189.5,181.4464285714286,186.2931034482759,186.859375,191.4038461538461,192.1842105263158,195.1666666666667
194.6,192.6428571428572,189.2499999999999,189.1666666666667,181.0892857142857,186.2586206896551,186.796875,191.5576923076923,192.0263157894737,195.5416666666667
194.4,192.7083333333333,189.3676470588235,188.8333333333333,180.7321428571429,186.015625,186.6363636363637,191.7115384615385,191.8684210526316,196.7083333333333
194.2,192.5416666666667,189.485294117647,188.5,180.375,185.703125,186.1818181818182,191.8,191.7368421052632,197.875
194,192.375,189.6029411764705,188.1666666666667,180.0178571428571,185.390625,185.7272727272727,191.8666666666667,191.6842105263158,198.2
193.8,192.2083333333333,189.7205882352941,187.8333333333333,179.8,185.078125,185.2727272727273,191.9333333333333,191.6315789473684,196
193.6,192.0416666666667,189.8625,187.5,180,184.765625,184.8181818181818,192,191.5789473684211,193.8
193.4,191.875,190.0124999999999,187.1666666666667,180.2,184.453125,184.3636363636363,192.0666666666667,191.5263157894737,193.6785714285714
193.2,191.7083333333333,190.1625,186.8333333333333,180.4,184.140625,184.34375,192.1333333333333,191.4736842105263,194.25
193,191.5416666666667,190.3124999999999,186.5,180.6,183.828125,184.46875,192.2,191.421052631579,194.8214285714286
192.8,191.375,190.4624999999999,186.2692307692308,180.8,183.4038461538461,184.59375,192.21875,191.3684210526316,195.25
192.6428571428571,191.2375,190.6125,186.3461538461539,181,182.9423076923077,184.71875,192.09375,191.3157894736842,195.25
192.5,191.1875,190.7624999999999,186.4230769230769,181.2,182.4807692307692,184.84375,191.96875,191.2631578947368,195.25
192.3571428571429,191.1375,190.9125,186.5,181.625,182.0192307692308,184.96875,191.84375,191.3125,195.25
192.2142857142857,191.0875,191.0624999999999,186.5769230769231,182.125,181.5576923076923,185.09375,191.71875,191.3958333333333,193.75
192.0714285714286,191.0375,191.2124999999999,186.6538461538461,182.625,181.0961538461539,185.21875,191.59375,191.4791666666667,192.4375
191.9285714285714,190.9875,191.2999999999999,186.7307692307693,183.125,180.7941176470588,185.3863636363637,191.46875,191.5625,192.6875
191.7857142857143,190.9375,191.3666666666666,186.6923076923077,183.625,180.9705882352941,185.5681818181818,191.34375,191.6458333333333,192.9375
191.6428571428572,190.8875,191.4333333333333,186.6153846153846,183.8571428571429,181.1470588235294,185.75,191.2613636363636,191.7291666666667,193.1875
191.5,190.8375,191.4999999999999,186.5384615384615,184,181.3235294117647,185.9318181818182,191.3068181818182,191.84375,193.4375
191.3571428571429,190.7875,191.5666666666666,186.4615384615385,184.1428571428572,181.5,186.1136363636363,191.3522727272727,191.96875,193.6875
191.21875,190.7666666666667,191.6333333333333,186.3846153846154,184.2857142857143,181.6764705882353,186.175,191.3977272727273,192.09375,196
191.09375,190.8333333333333,191.7,186.3076923076923,184.4285714285714,181.8529411764706,185.875,191.4431818181818,192.21875,196.75
190.96875,190.9,191.6923076923076,186.1818181818182,184.5714285714286,182.0294117647059,185.575,191.4886363636364,192.34375,196.75
190.84375,190.9666666666667,191.4615384615384,185.9090909090909,184.7142857142857,182.2058823529412,185.275,191.5340909090909,192.46875,196.75
190.71875,191.0333333333333,191.2307692307692,185.6363636363636,184.984375,182.31,184.975,191.5795454545454,192.59375,196.75
190.59375,191.1,190.9999999999999,185.3636363636364,185.296875,182.39,184.6944444444445,191.625,192.71875,196.75
190.46875,191.1666666666667,190.7692307692307,185.0909090909091,185.609375,182.47,184.4722222222222,191.6704545454545,192.7211538461538,196.4166666666667
190.34375,191.2333333333333,190.5384615384615,184.8181818181818,185.921875,182.55,184.25,191.7159090909091,192.6826923076923,195.0833333333333
190.25,191.1617647058823,190.3076923076923,184.75,186.234375,182.63,184.0277777777778,191.7272727272727,192.6442307692308,193.75
190.25,191.0441176470588,189.9090909090908,184.75,186.546875,182.71,183.8055555555555,191.6363636363637,192.6057692307692,192.6785714285714
190.25,190.9264705882353,189.4545454545454,184.75,186.859375,182.79,183.8863636363636,191.5454545454546,192.5673076923077,192.3928571428571
190.25,190.8088235294118,188.9999999999999,184.75,187.171875,182.87,184.0681818181818,191.4545454545454,192.5288461538461,192.1071428571429
190.25,190.6911764705882,188.5454545454545,184.75,187.1666666666667,182.95,184.25,191.3636363636364,192.4903846153846,191.8214285714286
190.25,190.5735294117647,188.090909090909,184.75,187.0555555555555,183.03,184.4318181818182,191.2727272727273,192.4519230769231,191.5357142857143
190.2894736842105,190.4558823529412,187.7222222222222,184.75,186.9444444444445,183.11,184.6136363636364,191.1818181818182,192.4134615384615,191.25
190.3421052631579,190.3382352941177,187.6111111111111,184.75,186.8333333333333,183.19,184.7727272727273,191.0909090909091,192.375,190.9642857142857
190.3947368421053,190.1111111111111,187.4999999999999,184.75,186.7222222222222,183.2857142857143,184.8636363636363,191,192.3365384615385,190.7291666666667
190.4473684210526,189.5555555555555,187.3888888888888,184.9078947368421,186.6111111111111,183.4285714285714,184.9545454545454,190.9090909090909,192.2980769230769,190.6458333333333
190.5,189,187.2777777777777,185.1184210526316,186.5,183.5714285714286,185.0454545454546,190.8181818181818,192.2596153846154,190.5625
190.5526315789474,188.4444444444445,187.3999999999999,185.328947368421,186.3888888888889,183.7142857142857,185.1363636363637,190.5,191.9615384615385,190.4791666666667
190.6052631578947,187.8888888888889,187.5999999999999,185.5394736842105,186.2777777777778,183.8571428571428,185.2272727272727,189.5,191.5769230769231,190.3958333333333
190.6578947368421,187.4090909090909,187.8,185.75,186.1,184,185.1964285714286,188.5,191.1923076923077,190.3125
190.7105263157895,186.9545454545455,187.9999999999999,185.9605263157895,185.9,184.1428571428571,185.125,187.5,190.8076923076923,190.1875
190.6833333333333,186.5,188.1999999999999,186.171052631579,185.7,184.2058823529412,185.0535714285714,186.5,190.4230769230769,189.9375
190.4166666666667,186.0454545454546,188.3999999999999,186.3815789473684,185.5,184.0294117647059,184.9821428571428,185.5,190.0384615384615,189.6875
190.15,185.5909090909091,188.5999999999999,186.5921052631579,185.3,183.8529411764706,184.9107142857143,184.7777777777778,189.625,189.4375
189.8833333333333,185.3269230769231,188.6666666666666,186.8194444444445,185.1,183.6764705882353,184.8392857142857,184.8888888888889,189.125,189.2321428571429
189.6166666666667,185.6346153846154,188.3333333333333,187.0972222222222,184.9,183.5,184.7678571428571,185,188.625,189.1607142857143
189.35,185.9423076923077,187.9999999999999,187.375,184.6590909090909,183.3235294117647,184.8571428571429,185.1111111111111,188.125,189.0892857142857
189.0833333333333,186.25,187.6666666666666,187.6527777777778,184.2954545454545,183.1470588235294,185,185.2222222222222,187.7727272727273,189.0178571428571
188.8166666666667,186.5576923076923,187.3333333333333,187.9305555555555,183.9318181818182,182.9705882352941,185.1428571428572,185.3333333333333,187.8636363636363,188.9464285714286
188.6923076923077,186.8653846153846,186.9999999999999,188.2083333333333,183.5681818181818,182.7941176470588,185.2857142857143,185.4444444444444,187.9545454545454,188.875
188.6153846153846,187.1730769230769,186.6499999999999,188.4861111111111,183.2045454545455,182.4821428571429,185.4285714285714,185.5555555555556,188.0454545454546,188.8035714285714
188.5384615384615,187.71875,186.2499999999999,188.7638888888889,182.8409090909091,182.125,185.5714285714286,185.6666666666667,188.1363636363636,188.734375
188.4615384615385,188.34375,185.85,189.0416666666667,182.7125,181.7678571428572,185.7142857142857,185.9,188.2272727272727,188.671875
188.3846153846154,188.96875,185.4499999999999,189.2916666666667,182.6625,181.4107142857143,185.8035714285714,186.5,188.1346153846154,188.609375
188.3076923076923,189.59375,185.0499999999999,189.4583333333333,182.6125,181.0535714285714,185.875,187.1,187.9807692307692,188.546875
188.3181818181818,189.6923076923077,184.7857142857142,189.625,182.5625,180.6964285714286,185.9464285714286,187.7,187.8269230769231,188.484375
188.5909090909091,189.6153846153846,184.9285714285714,189.7916666666667,182.5125,180.3392857142857,186.0178571428571,188.3,187.6730769230769,188.421875
188.8636363636363,189.5384615384615,185.0714285714285,189.9583333333333,182.4625,180.25,186.0892857142857,188.8214285714286,187.5192307692308,188.359375
189.1363636363636,189.4615384615385,185.2142857142857,190.125,182.4125,180.25,186.1607142857143,189.1071428571428,187.3653846153846,188.296875
189.4090909090909,189.3846153846154,185.3571428571428,190.0909090909091,182.3625,180.25,186.2321428571428,189.3928571428571,187.25,188.2333333333333
189.6818181818182,189.3076923076923,185.4999999999999,189.4545454545454,182.3125,180.25,186.0357142857143,189.6785714285714,187.25,188.1666666666667
189.7142857142857,189.2692307692308,185.6428571428571,188.8181818181818,182.2625,180.25,185.75,189.2142857142857,187.25,188.1
189.6666666666667,189.3461538461538,185.8333333333333,188.1818181818182,182.2777777777778,180.25,185.4642857142857,188.5,187.25,188.0333333333333
189.6190476190476,189.4230769230769,186.1666666666666,187.5454545454546,182.3148148148148,180.25,185.1785714285714,187.7857142857143,187.25,187.9666666666667
189.5714285714286,189.5,186.4999999999999,186.9090909090909,182.3518518518518,180.27,184.8928571428571,187.1944444444445,187.25,187.9
189.5238095238095,189.5769230769231,186.8333333333333,186.5769230769231,182.3888888888889,180.35,184.6071428571429,186.9722222222222,187.25,187.8333333333333
189.4761904761905,189.6538461538462,187.1666666666666,186.3461538461539,182.4259259259259,180.43,184.3214285714286,186.75,187.25,187.7666666666667
189.4285714285714,189.7307692307693,187.2105263157894,186.1153846153846,182.462962962963,180.51,184.1428571428572,186.5277777777778,187.1875,187.75
189.3809523809524,189.5625,187.1578947368421,185.8846153846154,182.5,180.59,184,186.3055555555555,186.9375,187.75
189.3333333333333,189.3125,187.1052631578947,185.6538461538462,182.537037037037,180.67,183.8571428571429,186.4375,186.6875,187.75
189.2857142857143,189.0625,187.0526315789473,185.4230769230769,182.5740740740741,180.75,183.7142857142857,186.6875,186.4375,187.75
189.2282608695652,188.8125,186.9999999999999,185.2222222222222,182.6111111111111,180.83,183.5714285714286,186.9375,186.1875,188.0833333333333
189.1413043478261,188.5625,186.9473684210526,185.1111111111111,182.6481481481482,180.91,183.4285714285714,187.1875,185.9375,189.4166666666667
189.054347826087,188.3125,186.8947368421052,185,182.6851851851852,180.99,183.2857142857143,187.4375,185.65,189.7125
188.9673913043478,188.0625,186.8421052631579,184.8888888888889,182.7222222222222,181.07,183.5227272727273,187.6875,185.25,189.6625
188.8804347826087,187.8125,186.7894736842105,184.7777777777778,182.7403846153846,181.15,183.8863636363637,187.5769230769231,184.85,189.6125
188.7934782608696,187.6428571428571,186.7142857142856,184.6666666666667,182.7019230769231,181.23,184.25,187.3461538461539,184.45,189.5625
188.7065217391304,187.5,186.5714285714285,184.5555555555555,182.6634615384615,181.4,184.6136363636364,187.1153846153846,184.05,189.5125
188.6195652173913,187.3571428571429,186.4285714285714,184.4444444444445,182.625,181.6,184.9772727272727,186.8846153846154,183.7333333333333,189.4625
188.5326086956522,187.1944444444445,186.2857142857142,184.3333333333333,182.5865384615385,181.8,185.1388888888889,186.6538461538462,183.6666666666667,189.4125
188.445652173913,186.9722222222222,186.1428571428571,184.25,182.5480769230769,182,184.6944444444444,186.4230769230769,183.6,189.3625
188.3586956521739,186.75,185.9999999999999,184.25,182.5096153846154,182.2,184.25,186.2307692307692,183.5333333333333,189.3125
188.2717391304348,186.5277777777778,185.8571428571428,184.25,182.4711538461538,182.4,183.8055555555556,186.1538461538462,183.4666666666667,189.2625
188.15625,186.3055555555555,185.7142857142857,184.25,182.4326923076923,182.6,183.3611111111111,186.0769230769231,183.4,189.125
188.03125,186.0833333333333,185.5714285714285,184.25,182.3942307692308,182.8,182.9772727272727,186,183.3333333333333,188.9583333333333
187.90625,185.8611111111111,185.4285714285714,184.25,182.3557692307692,183,182.6136363636364,185.9230769230769,183.2666666666667,188.7916666666667
187.78125,185.6388888888889,185.2857142857142,184.2916666666667,182.3173076923077,183.2,182.25,185.8461538461538,183.0892857142857,188.625
187.65625,185.4166666666667,185.2499999999999,184.4583333333333,182.2788461538462,183.328947368421,181.8863636363636,185.7692307692308,182.875,188.4583333333333
187.53125,185.2976190476191,185.2499999999999,184.625,182.2421875,183.4342105263158,181.5227272727273,185.5192307692307,182.6607142857143,188.2916666666667
187.40625,185.4880952380952,185.2499999999999,184.7916666666667,182.2109375,183.5394736842105,181.15625,185.2115384615385,182.4464285714286,188.125
187.28125,185.6785714285714,185.2499999999999,184.9583333333333,182.1796875,183.6447368421053,180.78125,184.9038461538461,182.2321428571429,187.9583333333333
187.125,185.8690476190476,185.2499999999999,185.125,182.1484375,183.75,180.40625,184.5961538461538,182.0178571428572,187.7916666666667
186.9583333333333,186.0595238095238,185.2499999999999,185.2916666666667,182.1171875,183.8552631578947,180.03125,184.2884615384615,181.8035714285714,187.72
186.7916666666667,186.25,185.1590909090908,185.4583333333333,182.0859375,183.9605263157895,179.825,183.9807692307692,181.75,187.68
186.625,186.4404761904762,184.7954545454545,185.625,182.0546875,184.0657894736842,180.125,183.7222222222222,181.75,187.64
186.4583333333333,186.6309523809524,184.4318181818181,185.775,182.0234375,184.1710526315789,180.425,183.6111111111111,181.75,187.6
186.2916666666667,186.8214285714286,184.0681818181818,185.875,181.9921875,184.21,180.725,183.5,181.75,187.56
186.71875,187.0119047619048,183.7045454545454,185.975,181.9609375,184.05,181.025,183.3888888888889,181.875,187.52
187.34375,187.2023809523809,183.340909090909,186.075,181.9296875,183.89,181.2884615384615,183.2777777777778,182.0416666666667,187.48
187.96875,187.296875,183.3437499999999,186.175,181.8984375,183.73,181.4423076923077,183.1666666666667,182.2083333333333,187.44
188.59375,187.359375,183.4687499999999,186.2058823529412,181.8671875,183.57,181.5961538461538,183.0555555555555,182.375,187.4
188.8,187.421875,183.5937499999999,186.0294117647059,181.8359375,183.41,181.75,182.9444444444444,182.5416666666667,187.36
188.8666666666666,187.484375,183.7187499999999,185.8529411764706,181.8046875,183.25,181.9038461538461,182.8333333333333,182.7083333333333,187.32
188.9333333333333,187.546875,183.8437499999999,185.6764705882353,181.7734375,183.09,182.0576923076923,182.7272727272727,182.875,187.28
189,187.609375,183.9687499999999,185.5,181.7631578947368,182.93,182.2115384615385,182.6363636363636,183.0416666666667,187.2272727272727
189.0666666666667,187.671875,184.0937499999999,185.3235294117647,181.8157894736842,182.77,182.3125,182.5454545454546,183.2083333333333,187.1363636363636
189.1333333333333,187.734375,184.2187499999999,185.1470588235294,181.8684210526316,182.61,182.3958333333333,182.4545454545454,183.2916666666667,187.0454545454545
189.2,187.5921052631579,184.3303571428571,184.9705882352941,181.921052631579,182.45,182.4791666666667,182.3636363636364,183.3472222222222,186.9545454545455
189.2321428571429,187.3815789473684,184.4374999999999,184.7941176470588,181.9736842105263,182.29,182.5625,182.2727272727273,183.4027777777778,186.8636363636364
189.1607142857143,187.1710526315789,184.5446428571428,184.6,182.0263157894737,182.15,182.6458333333333,182.1818181818182,183.4583333333333,186.7727272727273
189.0892857142857,186.9605263157895,184.6517857142857,184.4,182.0789473684211,182.0166666666667,182.7291666666667,182.0909090909091,183.5138888888889,186.6818181818182
189.0178571428571,186.75,184.7589285714285,184.2,182.1315789473684,181.8833333333333,182.8125,182,183.5694444444445,186.5909090909091
188.9464285714286,186.5394736842105,184.8660714285714,184,182.1842105263158,181.75,182.8958333333333,181.9090909090909,183.625,186.5
188.875,186.328947368421,184.9732142857142,183.8,182.2368421052632,181.6166666666667,182.9791666666667,181.8181818181818,183.6805555555556,186.4090909090909
188.8035714285714,186.1184210526316,185.0803571428571,183.6,182.2941176470588,181.4833333333333,183.0625,181.74,183.7361111111111,186.3181818181818
188.625,185.9078947368421,185.1874999999999,183.4,182.3529411764706,181.35,183.1458333333333,181.7,183.6818181818182,186.1964285714286
188.125,185.7205882352941,185.2946428571428,183.2,182.4117647058824,181.3076923076923,183.2291666666667,181.66,183.5909090909091,185.9821428571428
187.625,185.6029411764706,185.4017857142857,183,182.4705882352941,181.5384615384615,183.109375,181.62,183.5,185.7678571428572
187.125,185.4852941176471,185.5089285714285,182.8,182.5294117647059,181.7692307692307,182.921875,181.58,183.4090909090909,185.5535714285714
186.625,185.3676470588235,185.6160714285714,182.75,182.5882352941177,182,182.734375,181.54,183.3181818181818,185.3392857142857
186.234375,185.25,185.7232142857142,182.75,182.6470588235294,182.2307692307692,182.546875,181.5,183.2272727272727,185.125
186.171875,185.1323529411765,185.576923076923,182.75,182.7058823529412,182.4615384615385,182.359375,181.46,183.1363636363636,184.9107142857143
186.109375,185.0147058823529,185.3461538461538,182.75,181.75,182.6923076923077,182.171875,181.42,183.0454545454545,184.4166666666667
186.046875,184.8970588235294,185.1153846153845,182.75,178.8333333333333,182.875,181.984375,181.38,182.9545454545455,183.0833333333333
185.984375,184.7794117647059,184.8846153846153,182.75,179.1666666666667,183.0416666666667,181.796875,181.34,182.8636363636363,181.75
185.921875,184.675,184.6538461538461,182.75,179.5,183.2083333333333,181.9642857142857,181.3,182.7727272727273,181
185.859375,184.575,184.4230769230768,182.75,179.8333333333333,183.0833333333333,182.25,181.26,182.6071428571429,182
185.796875,184.475,184.2083333333333,182.75,180.1666666666667,182.8611111111111,182.5357142857143,181.1195652173913,182.4166666666667,183
185.7375,184.375,184.0416666666666,182.6818181818182,180.5714285714286,182.6388888888889,182.8214285714286,180.945652173913,182.2261904761905,182.5
185.6875,184.275,183.8749999999999,182.5909090909091,181,182.4166666666667,183.1071428571429,180.7717391304348,182.0357142857143,179.75
185.6375,184.0735294117647,183.7083333333333,182.5,181.4285714285714,182.1944444444445,183.3928571428571,180.5978260869565,181.8452380952381,179.75
185.5875,183.8382352941177,183.5416666666666,182.4090909090909,181.8157894736842,181.9722222222222,183.6785714285714,180.4239130434783,181.6547619047619,179.75
185.5375,183.6029411764706,183.3749999999999,182.3181818181818,182.0789473684211,181.75,183.825,180.25,181.4642857142857,179.75
185.4875,183.3676470588235,183.2083333333333,182.3035714285714,182.3421052631579,181.5277777777778,183.925,180.0760869565217,181.2738095238095,179.75
185.4375,183.1323529411765,183.0416666666666,182.5178571428571,182.6052631578947,181.3055555555556,184.025,179.9021739130435,181.0833333333333,179.84375
185.3875,182.8970588235294,182.8749999999999,182.7321428571429,182.8684210526316,181.2222222222222,184.125,179.7282608695652,180.8928571428571,179.96875
185.3375,182.6617647058823,182.7142857142856,182.9464285714286,183.1315789473684,181.1851851851852,184.225,179.554347826087,180.7333333333333,180.09375
185.2875,182.4264705882353,182.5714285714285,183.1607142857143,183.3947368421053,181.1481481481482,182.5,179.3804347826087,180.6666666666667,180.21875
185.1875,182.21875,182.4285714285714,183.375,183.6578947368421,181.1111111111111,180.25,179.2777777777778,180.6,179.875
184.9375,182.09375,182.2857142857142,183.5892857142857,183.921052631579,181.0740740740741,178.25,179.3888888888889,180.5333333333333,179.375
184.6875,181.96875,182.1428571428571,183.7647058823529,184.1842105263158,181.037037037037,178.25,179.5,180.4666666666667,178.875
184.4375,181.84375,181.9999999999999,183.8235294117647,184.25,181,178.9166666666667,179.6111111111111,180.4,178.375
184.1875,181.71875,181.8571428571428,183.8823529411765,184.25,180.962962962963,179.5833333333333,179.7222222222222,180.3333333333333,177.875
183.9375,181.59375,181.7142857142857,183.9411764705882,184.25,180.9259259259259,180.25,179.8333333333333,180.2666666666667,177.7173913043478
183.6875,181.46875,181.5714285714285,184,184.25,180.8888888888889,180.9375,179.9444444444444,180.0454545454546,177.6739130434783
183.4375,181.34375,181.4285714285714,184.0588235294118,184.25,180.8518518518519,181.6875,180.0555555555555,179.7727272727273,177.6304347826087
183.1875,181.21875,181.2857142857142,184.1176470588235,184.25,180.8148148148148,182.4375,180.1666666666667,179.5,177.5869565217391
182.9375,181.09375,181.0892857142857,184.1764705882353,184.25,180.7777777777778,183.1875,180.2261904761905,179.2272727272727,177.5434782608696
182.6875,180.96875,180.8749999999999,184.2352941176471,184.25,180.8076923076923,183.5714285714286,180.1309523809524,178.9545454545454,177.5
182.4375,180.84375,180.6607142857142,184.25,184.25,181.0384615384615,182.8571428571428,180.0357142857143,178.71875,177.4565217391304
182.2368421052632,180.725,180.4464285714285,184.25,184.2282608695652,181.2692307692308,182.1428571428571,179.9404761904762,178.59375,177.4130434782609
182.1842105263158,180.625,180.2321428571428,184.25,184.1413043478261,181.5,181.4285714285714,179.8452380952381,178.46875,177.3695652173913
182.1315789473684,180.525,180.0178571428571,184.25,184.054347826087,181.7307692307692,181,179.75,178.34375,177.3260869565217
182.0789473684211,180.425,179.8035714285714,184.25,183.9673913043478,181.9615384615385,180.6666666666667,179.6547619047619,178.21875,177.2826086956522
182.0263157894737,180.325,179.3,184.25,183.8804347826087,182.1923076923077,180.3333333333333,179.5595238095238,178.09375,177.25
181.9736842105263,180.225,178.6999999999999,184.25,183.7934782608696,182.0625,180.3653846153846,179.4642857142857,177.96875,177.25
181.921052631579,180.125,178.0999999999999,184.2166666666667,183.7065217391304,181.8125,180.5192307692308,179.3690476190476,177.84375,177.25
181.8684210526316,180.025,177.4999999999999,184.0833333333333,183.6195652173913,181.5625,180.6730769230769,179.2738095238095,177.6818181818182,177.25
181.8157894736842,179.925,176.8999999999999,183.95,183.5326086956522,181.3125,180.8269230769231,179.2916666666667,177.4090909090909,177.25
181.7631578947368,179.825,176.2999999999999,183.8166666666667,183.445652173913,181.0625,180.9807692307692,179.3472222222222,177.1363636363636,177.25
181.84375,179.7241379310345,175.7,183.6833333333333,183.3586956521739,180.8125,181.1346153846154,179.4027777777778,176.8636363636364,176.9090909090909
181.96875,179.6206896551724,178.4999999999999,183.55,183.2717391304348,180.6346153846154,181.2272727272727,179.4583333333333,176.5909090909091,176.4545454545455
182.09375,179.5172413793103,181.8035714285714,183.4166666666667,183.1818181818182,180.4807692307693,181.1363636363636,179.5138888888889,176.3181818181818,176
182.21875,179.4137931034483,181.8749999999999,183.2833333333334,183.0909090909091,180.3269230769231,181.0454545454546,179.5694444444445,176.2125,175.5454545454546
182.34375,179.3103448275862,181.9464285714285,182.9038461538462,183,180.1730769230769,180.9545454545454,179.625,176.1625,175.0909090909091
182.46875,179.2068965517241,182.0178571428571,182.4423076923077,182.9090909090909,180.0192307692308,180.8636363636363,179.6805555555555,176.1125,174.6666666666667
182.59375,179.1034482758621,182.0892857142857,181.9807692307692,182.8181818181818,179.8653846153846,180.7727272727273,179.7361111111111,176.0625,174.3333333333333
182.71875,179,182.1607142857142,181.5192307692308,182.7272727272727,179.7261904761905,180.4772727272727,179.75,176.0125,174
183.03125,178.8965517241379,182.2321428571428,181.0576923076923,182.6363636363636,179.6309523809524,180.1136363636364,179.75,175.9625,173.6666666666667
183.40625,178.7931034482759,182.1375,180.5961538461538,182.5454545454545,179.5357142857143,179.75,179.75,175.9125,173.3333333333333
183.78125,178.6896551724138,181.9874999999999,180.3181818181818,182.4545454545455,179.4404761904762,179.3863636363636,179.75,175.8625,173
184.15625,178.5862068965517,181.8374999999999,180.5909090909091,182.3636363636363,179.3452380952381,179.0227272727273,179.75,175.8125,172.7666666666667
184.375,178.4827586206897,181.6874999999999,180.8636363636364,182.2727272727273,179.25,178.625,179.75,175.7625,172.8333333333333
184.5416666666667,178.3793103448276,181.5375,181.1363636363636,182.125,179.1547619047619,178.125,179.75,175.4615384615385,172.9
184.7083333333333,178.2758620689655,181.3874999999999,181.4090909090909,181.9583333333333,179.0595238095238,177.625,179.75,175.0769230769231,172.9666666666667
184.875,178.2083333333333,181.2375,181.6818181818182,181.7916666666667,178.9642857142857,177.125,179.75,174.6923076923077,173.0333333333333
185.0416666666667,178.1527777777778,181.0874999999999,181.625,181.625,178.8690476190476,176.7727272727273,179.75,174.3076923076923,173.1
185.2083333333333,178.0972222222222,180.9374999999999,181.4583333333333,181.4583333333333,178.7738095238095,176.8636363636363,179.75,173.9230769230769,173.1666666666667
185.375,178.0416666666667,180.7874999999999,181.2916666666667,181.2916666666667,178.75,176.9545454545454,179.75,173.5384615384615,173.2333333333333
185.5416666666667,177.9861111111111,180.6299999999999,180.5,181.125,178.75,177.0454545454546,179.65,173.3055555555555,173.1923076923077
185.7083333333333,177.9305555555555,180.4699999999999,179.5,180.9583333333333,178.75,177.1363636363636,179.5166666666667,173.5277777777778,173.1153846153846
185.640625,177.875,180.3099999999999,178.5,180.7916666666667,178.75,177.2272727272727,179.3833333333333,173.75,173.0384615384615
185.4947916666667,177.8194444444444,180.1499999999999,177.875,180.6346153846154,178.75,177.625,179.25,173.9722222222222,172.9615384615385
185.3489583333333,177.7638888888889,179.99,178.375,180.4807692307693,178.75,178.125,179.1166666666667,174.1944444444444,172.8846153846154
185.2031249999999,177.7840909090909,179.83,178.875,180.3269230769231,178.75,178.625,178.9833333333333,173.7727272727273,172.8076923076923
185.0572916666666,177.8295454545454,179.67,179.375,180.1730769230769,178.75,179.125,178.85,173.1363636363636,172.7142857142857
184.9114583333333,177.875,179.5099999999999,179.7666666666667,180.0192307692308,178.75,179.625,178.6875,172.5,172.5714285714286
184.1249999999999,177.9204545454546,179.35,179.8333333333333,179.8653846153846,178.75,180.125,178.4375,171.8636363636364,172.4285714285714
183.1249999999999,177.9659090909091,179.1899999999999,179.9,179.725,178.6730769230769,180.625,178.1875,171.2272727272727,172.2857142857143
182.1249999999999,178.0113636363636,179.0299999999999,179.9666666666667,179.625,178.3653846153846,180.5,177.9375,170.7954545454546,172.25
181.6838235294117,178.0568181818182,178.8699999999999,180.0333333333333,179.525,178.0576923076923,180.1666666666667,177.6875,170.9772727272727,172.25
181.2426470588235,178.1022727272727,178.7499999999999,180.1,179.425,177.75,179.8333333333333,177.4375,171.1590909090909,172.25
180.8014705882353,178.1477272727273,178.7499999999999,180.1666666666667,179.325,177.4423076923077,179.5,177.1875,171.3409090909091,172.25
180.3602941176471,178.1931818181818,178.7499999999999,180.2333333333333,179.225,177.1346153846154,179.1666666666667,176.9375,171.5227272727273,172.25
180.0625,178.2386363636363,178.7499999999999,180.25,179.125,176.8269230769231,178.8333333333334,176.7268518518519,171.7045454545454,172.25
179.8125,178.2,178.7499999999999,180.25,179.025,176.5625,178.5,176.6342592592593,172.6875,172.25
179.5625,178.1333333333333,178.7499999999999,180.25,178.925,176.3125,178.25,176.5416666666667,173.9375,172
179.3125,178.0666666666667,178.7499999999999,180.25,178.825,176.0625,178.25,176.449074074074,173.6071428571428,171
179.0625,178,178.7499999999999,180.25,178.75,175.8125,178.25,176.3564814814815,172.75,170
178.8125,177.9333333333333,178.5999999999999,180.25,178.75,175.5625,178.25,176.2638888888889,171.8928571428571,169.75
178.5,177.8666666666667,178.3999999999999,180.1666666666667,178.75,175.3125,178.25,176.1712962962963,171.1730769230769,169.75
178.1666666666667,177.8,178.2,179.8333333333333,178.1875,175.0625,178.25,176.0787037037037,170.8653846153846,169.75
177.8333333333333,177.8055555555555,177.9999999999999,179.5,177.4375,174.8125,178.25,175.9861111111111,170.5576923076923,169.71875
177.5,178.0277777777778,177.8,179.1666666666667,177.25,174.75,178.25,175.8935185185185,170.25,169.59375
177.1666666666667,178.25,177.6,178.8333333333333,177.25,174.75,177.75,175.8009259259259,169.9423076923077,169.46875
176.8333333333334,178.4722222222222,177.3999999999999,178.6428571428571,177.25,174.75,177.0833333333334,175.7083333333333,169.6346153846154,169.34375
176.5,178.6944444444444,177.1999999999999,178.5,177.25,174.75,176.4166666666667,175.6157407407407,169.3269230769231,169.125
176.25,178.375,176.9999999999999,178.3571428571428,177.25,174.75,175.7500000000001,175.5231481481482,169.3571428571429,168.625
176.25,177.875,176.8,178.2833333333333,177.25,174.8333333333333,175.3409090909091,175.4305555555555,169.5,168.125
176.25,176.25,176.6818181818181,178.4166666666667,177.2380952380952,174.9444444444445,175.7045454545454,175.337962962963,169.6428571428572,167.625
176.25,174.4375,176.590909090909,178.55,177.1904761904762,175.0555555555555,176.0681818181818,175.2453703703704,169.7857142857143,167.125
176.25,173.1875,176.4999999999999,178.6833333333333,177.1428571428571,175.1666666666667,176.4318181818182,175.1527777777778,169.9285714285714,166.675
176.25,172.25,176.4090909090909,178.8166666666667,177.0952380952381,175.2777777777778,176.7954545454545,175.0601851851852,170.0714285714286,166.375
176.25,172.25,176.3181818181818,178.95,177.047619047619,175.3888888888889,177.1590909090909,174.9675925925926,170.2142857142857,166.075
176.0833333333333,172.25,176.2272727272727,179.0833333333333,177,175.5,177.1428571428571,174.875,170.125,165.775
175.8611111111111,172.25,176.1363636363636,179.2166666666667,176.952380952381,175.6111111111111,177,174.7824074074074,169.9583333333333,165.475
175.6388888888889,172.25,176.0454545454545,179.1666666666667,176.9047619047619,175.7222222222222,176.8571428571428,174.6898148148148,169.7916666666667,165.3
175.4166666666667,172.4375,175.9545454545454,179.0555555555556,176.8571428571429,175.75,176.7142857142857,174.5972222222222,169.625,165.5
175.1944444444445,173.1875,175.8636363636363,178.9444444444445,176.8095238095238,175.75,176.5714285714286,174.5046296296296,169.4583333333333,165.7
174.9722222222222,173.9375,175.7727272727272,178.8333333333333,176.7619047619048,175.75,176.4285714285714,174.4120370370371,169.2916666666667,165.9
174.75,174.6875,175.7874999999999,178.7222222222222,176.625,175.75,176.2857142857143,174.3194444444444,169,166.1
174.5277777777778,175.5416666666667,175.8374999999999,178.6111111111111,176.4583333333333,175.75,175.5000000000001,174.2236842105263,168.6666666666667,166.234375
174.3055555555556,176.7083333333333,175.8874999999999,178.5,176.2916666666667,175.75,174.5000000000001,174.1184210526316,168.3333333333333,166.171875
174.171052631579,177.875,175.9374999999999,178.3888888888889,176.125,175.9,173.8035714285714,174.0131578947368,168,166.109375
174.0657894736842,178.6911764705882,175.9875,178.2777777777778,175.9583333333333,176.1,174.0178571428571,173.9078947368421,167.7692307692308,166.046875
173.9605263157895,178.4558823529412,176.0374999999999,178.025,175.7916666666667,176.3,174.2321428571429,173.8026315789473,167.8461538461538,165.984375
173.8552631578947,178.2205882352941,176.0874999999999,177.725,175.625,176.5,174.4464285714286,173.6973684210526,167.9230769230769,165.921875
173.75,177.9852941176471,176.1374999999999,177.425,175.4583333333333,176.7,174.6607142857143,173.5921052631579,168,165.859375
173.6447368421053,177.75,176.1874999999999,177.125,175.2916666666667,176.5526315789473,174.875,173.4868421052632,168.0769230769231,165.796875
173.5394736842105,177.5147058823529,176.2374999999999,176.825,175.1818181818182,176.2894736842105,175.0892857142857,173.3815789473684,168.1538461538462,165.6764705882353
173.4342105263158,177.2794117647059,176.2799999999999,176.65,175.0909090909091,176.0263157894737,175.25,173.2763157894737,168.2307692307692,165.3823529411765
173.328947368421,177.0441176470588,176.32,176.5166666666667,175,175.7631578947368,175.25,172.9772727272727,168.0833333333333,165.0882352941177
173.265625,176.8088235294118,176.36,176.3833333333333,174.9090909090909,175.5,175.25,172.6136363636364,167.8611111111111,164.7941176470588
173.328125,176.5769230769231,176.3999999999999,176.25,174.8181818181818,175.2368421052632,175.25,172.25,167.6388888888889,164.5
173.390625,176.3461538461539,176.4399999999999,176.1166666666667,174.6333333333334,174.9736842105263,175.25,171.8863636363636,167.4166666666667,164.2058823529412
173.453125,176.1153846153846,176.48,175.9833333333333,174.1666666666667,174.7105263157895,175.25,171.5227272727273,167.1944444444445,163.9117647058823
173.515625,175.8846153846154,176.52,175.85,173.7,174.4473684210526,175.15,171.2236842105263,166.9722222222222,163.6176470588235
173.578125,175.6538461538461,176.5599999999999,175.7361111111111,173.2333333333333,174.2368421052632,175.0166666666667,171.1184210526316,166.75,163.3235294117647
173.640625,175.4230769230769,176.5999999999999,175.6805555555556,172.7666666666667,174.1842105263158,174.8833333333333,171.0131578947368,166.5277777777778,163.1
173.703125,175.1458333333333,176.6399999999999,175.625,172.3,174.1315789473684,174.75,170.9078947368421,166.3055555555555,162.9
173.7236842105263,174.7291666666667,176.6799999999999,175.5694444444444,171.8333333333333,174.0789473684211,174.6166666666667,170.8026315789473,166.1666666666667,162.7
173.6184210526316,174.3125,176.7199999999999,175.5138888888889,171.3666666666666,174.0263157894737,174.4833333333333,170.6973684210526,166.0555555555555,162.5
173.5131578947368,173.8958333333333,176.7187499999999,175.4583333333333,171.1617647058823,173.9736842105263,174.35,170.5921052631579,165.9444444444445,162.3
173.4078947368421,173.4791666666667,176.5937499999999,175.4027777777778,171.0441176470588,173.921052631579,174.15625,170.4868421052632,165.8333333333333,162.1
173.3026315789473,173.0625,176.4687499999999,175.3472222222222,170.9264705882353,173.8684210526316,173.78125,170.3815789473684,165.7222222222222,161.9
173.1973684210526,172.6590909090909,176.3437499999999,175.2916666666667,170.8088235294118,173.8157894736842,173.40625,170.2763157894737,165.6111111111111,161.6875
173.0921052631579,172.2954545454546,176.2187499999999,175.2142857142857,170.6911764705882,173.7631578947368,173.03125,170.1071428571429,165.5,161.4375
172.9868421052632,171.9318181818182,176.0937499999999,175.0714285714286,170.5735294117647,173.7840909090909,172.7857142857143,169.9166666666667,165.3888888888889,161.1875
172.8815789473684,171.5681818181818,175.9687499999999,174.9285714285714,170.4558823529412,173.8295454545455,172.9285714285714,169.7261904761905,165.2777777777778,160.9375
172.7763157894737,171.2045454545454,175.8437499999999,174.7857142857143,170.3382352941177,173.875,173.0714285714286,169.5357142857143,165.1176470588235,160.6875
172.75,170.8409090909091,175.7166666666666,174.6428571428571,170.3,173.9204545454546,173.2142857142857,169.3452380952381,164.9411764705883,160.4375
172.75,170.625,175.5833333333333,174.5,170.5,173.9659090909091,173.3571428571428,169.1547619047619,164.764705882353,160.1818181818182
172.75,170.4583333333333,175.4499999999999,174.3571428571428,170.7,174.0113636363636,173.5,168.9642857142857,164.5882352941176,159.9090909090909
172.75,170.2916666666667,175.3166666666666,174.1875,170.9,174.0568181818182,173.6428571428571,168.7738095238095,164.4117647058824,159.6363636363636
172.75,170.5384615384615,175.1833333333333,173.9375,171.1,174.1022727272727,173.6388888888889,168.5833333333333,164.2352941176471,159.3636363636364
172.75,170.9230769230769,175.0499999999999,173.6875,171.3333333333333,174.1477272727273,173.1944444444445,168.3928571428571,164.0588235294118,159.0909090909091
172.6607142857143,171.3076923076923,174.9166666666666,173.4375,171.6666666666667,174.1931818181818,172.75,168.1875,163.8823529411765,158.8181818181818
172.3035714285714,171.6923076923077,174.7833333333333,173.28125,172,174.2386363636363,172.3055555555556,167.9375,163.6666666666667,158
171.9464285714286,172.0769230769231,174.5192307692307,173.40625,172.3333333333333,174.0921052631579,171.8611111111111,167.6875,163.3333333333333,157.2727272727273
171.5892857142857,172.4615384615385,174.2115384615384,173.53125,172.6666666666667,173.8815789473684,171.8035714285714,167.4375,163,157.3636363636364
171.2321428571428,172.7115384615385,173.9038461538461,173.65625,172.8125,173.6710526315789,171.875,167.1875,161.75,157.4545454545454
170.875,172.5576923076923,173.5961538461538,173.78125,172.8958333333333,173.4605263157895,171.9464285714286,166.9375,158.8333333333333,157.5454545454546
170.5178571428571,172.4038461538462,173.2884615384615,173.9062499999999,172.9791666666667,173.25,172.0178571428571,166.6875,159.1666666666667,157.6363636363636
170.2321428571429,172.25,172.9807692307692,174.0312499999999,173.0625,173.0394736842105,172.0892857142857,166.4375,159.5,157.7272727272727
170.1607142857143,172.0961538461538,172.7333333333333,174.1562499999999,173.1458333333333,172.828947368421,172.1607142857143,166.1875,159.8333333333333,157.6818181818182
170.0892857142857,171.9423076923077,172.6666666666666,173.7499999999999,173.2291666666667,172.6184210526316,172.2321428571428,165.9375,160.1666666666667,157.5909090909091
170.0178571428571,171.7884615384615,172.5999999999999,171.75,173.0416666666667,172.4078947368421,172.325,165.7058823529412,160.5714285714286,157.5
169.9464285714286,171.375,172.5333333333333,170.3452380952381,172.7638888888889,172.2380952380952,172.425,165.5294117647059,161,157.4090909090909
169.875,170.875,172.4666666666666,170.7261904761905,172.4861111111111,172.1904761904762,172.525,165.3529411764706,161.4285714285714,157.3181818181818
169.8035714285714,170.375,172.3999999999999,171.1071428571428,172.2083333333333,172.1428571428571,172.6249999999999,165.1764705882353,161.6964285714286,157.1666666666667
169.7692307692308,169.875,172.3333333333333,171.4880952380952,171.9305555555555,172.0952380952381,172.7249999999999,165,161.4821428571428,156.8333333333333
169.8461538461538,169.375,172.2666666666666,171.8690476190476,171.6527777777778,172.047619047619,172.6249999999999,164.8235294117647,161.2678571428572,156.5
169.9230769230769,169.25,172.1874999999999,172.25,171.375,172,172.4583333333333,164.6470588235294,161.0535714285714,156.1666666666667
170,169.25,172.1041666666666,172.6309523809524,171.0972222222222,171.952380952381,172.2916666666666,164.4705882352941,160.8392857142857,155.8333333333333
170.0769230769231,169.25,172.0208333333333,173.0119047619047,170.8194444444444,171.9047619047619,172.125,164.2941176470588,160.625,155.375
170.1538461538462,169.25,171.9374999999999,173.3928571428571,170.5892857142857,171.8571428571428,171.9583333333333,164.25,160.4107142857143,154.875
170.2307692307693,169.25,171.8541666666666,173.7738095238095,170.375,171.8095238095238,171.7916666666667,164.25,160.1923076923077,154.375
169.75,169.25,171.7708333333333,174.1547619047619,170.1607142857143,171.7619047619048,171.5625,164.25,159.9615384615385,154.125
169.0833333333333,169.25,171.7031249999999,164.6904761904761,169.9464285714286,171.515625,171.3125,164.25,159.7307692307692,153.9583333333333
168.4166666666667,169.25,171.6406249999999,164.4523809523809,169.7321428571429,171.203125,171.0625,164.25,159.5,153.7916666666667
167.6875,169.25,171.5781249999999,164.2142857142857,169.5178571428572,170.890625,170.8125,164.25,159.2692307692308,153.625
166.9375,169.25,171.5156249999999,163.9761904761904,169.3035714285714,170.578125,170.5624999999999,164.25,159.0384615384615,153.4583333333333
166.8181818181818,169.25,171.4531249999999,163.7380952380952,169.2083333333333,170.265625,170.3124999999999,164.25,158.8076923076923,153.2916666666667
166.9090909090909,169.25,171.3906249999999,163.4999999999999,169.1527777777778,169.953125,169.9687499999999,164.0294117647059,158.3333333333333,153
167,169.25,171.3281249999999,163.2619047619047,169.0972222222222,169.640625,169.59375,163.7352941176471,157.7777777777778,152.6666666666667
167.0909090909091,169.25,171.2656249999999,163.0238095238095,169.0416666666667,169.328125,169.21875,163.4411764705883,157.2222222222222,152.3333333333333
167.1818181818182,169.25,171.0735294117647,162.7857142857142,168.9861111111111,169.25,168.84375,163.1470588235294,156.6666666666667,152
167.2352941176471,169.0833333333333,170.8382352941176,162.547619047619,168.9305555555555,169.25,168.55,162.8529411764706,156.2352941176471,151.6666666666667
167.1764705882353,168.8611111111111,170.6029411764706,162.3095238095237,168.875,169.25,168.2833333333333,162.5588235294118,156.1764705882353,151.3333333333333
167.1176470588235,168.6388888888889,170.3676470588235,164.7499999999999,168.8194444444444,169.25,168.0166666666667,162.2647058823529,156.1176470588235,150.5
167.0588235294118,168.4166666666667,170.1323529411764,168.0833333333333,168.7638888888889,169.25,167.75,161.9705882352941,156.0588235294118,149.5
167,168.125,169.8970588235293,171.4166666666666,168.625,169.25,167.4833333333333,161.725,156,148.71875
166.9411764705882,167.625,169.6617647058823,172.1428571428571,168.4583333333333,169.25,167.2166666666667,161.625,155.9411764705882,148.59375
166.8823529411765,167.125,169.4264705882352,172,168.2916666666667,169.2727272727273,166.95,161.525,155.8823529411765,148.46875
166.8235294117647,166.7291666666667,169.2333333333333,171.8571428571428,168.125,169.3636363636364,166.8166666666667,161.425,155.8235294117647,148.34375
166.7647058823529,166.6458333333333,169.1666666666666,171.7142857142857,167.9583333333333,169.4545454545454,167.0833333333333,161.325,155.7647058823529,148.2708333333333
166.46875,166.5625,169.0999999999999,171.5714285714286,167.7916666666667,169.5454545454546,167.35,161.225,155.4821428571429,148.3541666666667
166.09375,166.4791666666667,169.0333333333333,171.4285714285714,167.7875,169.6363636363636,167.6166666666667,161.125,155.125,148.4375
165.71875,166.3958333333333,168.9666666666666,171.2857142857143,167.8375,169.7272727272727,167.8833333333333,161.025,154.7678571428572,148.5208333333333
165.34375,166.3125,168.8999999999999,171.1428571428571,167.8875,169.5357142857143,168.15,160.925,154.4107142857143,148.6041666666667
164.8333333333333,166.2833333333333,168.8333333333333,171,167.9375,169.25,168.4166666666667,160.825,154.0535714285714,148.6875
164.2777777777778,166.4166666666667,168.7666666666666,170.8571428571429,167.9875,168.9642857142857,168.6833333333333,160.7375,153.6964285714286,148.6875
163.7222222222222,166.55,168.7142857142857,170.6805555555555,168.0375,168.6785714285714,168.375,160.6875,153.3392857142857,148.4375
163.1666666666667,166.6833333333333,168.6666666666666,170.4027777777778,168.0875,168.3928571428571,167.875,160.6375,153.109375,148.1875
162.75,166.8166666666667,168.6190476190476,170.125,168.1375,168.1071428571429,167.375,160.5875,152.921875,147.9375
162.75,166.95,168.5714285714285,169.8472222222222,168.1875,167.8214285714286,166.875,160.5375,152.734375,147.5909090909091
162.75,167.0833333333333,168.5238095238095,169.5694444444445,168.2375,167.6375,166.375,160.4875,152.546875,146.9545454545454
162.75,167.2166666666667,168.4761904761904,169.2916666666667,168.25,167.4875,166.0357142857143,160.4375,152.359375,146.3181818181818
162.75,167,168.4285714285714,169.0138888888889,168.25,167.3375,165.75,160.3875,152.171875,145.6818181818182
162.75,166.6666666666667,168.3809523809523,168.7361111111111,168.25,167.1875,165.4642857142857,160.3375,151.984375,145.0454545454546
162.6818181818182,166.3333333333333,168.3333333333333,168.4583333333333,168.25,167.0375,165.2692307692308,160.2875,151.796875,144.4090909090909
162.4090909090909,166,168.2857142857142,168.2727272727273,168.0357142857143,166.8875,165.3461538461538,160.0833333333333,151.525,144.1875
162.1363636363636,165.6666666666667,168.2399999999999,168.3636363636363,167.75,166.7375,165.4230769230769,159.4166666666667,151.225,144.1041666666667
161.8636363636364,165.3333333333333,168.2,168.4545454545454,167.4642857142857,166.5875,165.5,158.75,150.925,144.0208333333333
161.5909090909091,165,168.16,168.5454545454546,167.1785714285714,166.4375,165.5769230769231,158.125,150.625,143.9375
161.3181818181818,164.7368421052632,168.1199999999999,168.6363636363637,166.8928571428571,166.2875,165.6538461538462,157.625,150.325,143.8541666666667
160.9090909090909,164.6842105263158,168.0799999999999,168.7272727272727,166.6071428571429,166.1617647058823,165.7307692307692,157.125,150.0625,143.7708333333333
160.4545454545455,164.6315789473684,168.04,168.5357142857143,166.3214285714286,166.0441176470588,165.75,156.734375,149.8125,143.4166666666667
160,164.5789473684211,167.9999999999999,168.25,166.0357142857143,165.9264705882353,165.75,156.671875,149.5625,142.9722222222222
159.5454545454546,164.5263157894737,167.9599999999999,167.9642857142857,165.75,165.8088235294118,165.75,156.609375,149.3125,142.5277777777778
159.0909090909091,164.4736842105263,167.9199999999999,167.6785714285714,165.4642857142857,165.6911764705882,165.75,156.546875,149.1617647058823,142.0833333333333
158.7833333333333,164.421052631579,167.8799999999999,167.3928571428571,165.1785714285714,165.5735294117647,165.75,156.484375,149.0441176470588,141.6111111111111
158.9166666666667,164.3684210526316,167.8399999999999,167.1071428571429,164.8928571428571,165.4558823529412,165.125,156.421875,148.9264705882353,141.0555555555555
159.05,164.3157894736842,167.8,166.8214285714286,164.6071428571429,165.3382352941176,164.2916666666667,156.359375,148.8088235294118,140.5
159.1833333333333,164.2631578947368,167.76,166.5833333333333,164.3214285714286,165.21875,163.4583333333333,156.296875,148.6911764705882,139.9444444444445
159.3166666666667,164.1666666666667,167.6562499999999,166.3611111111111,164.475,165.09375,163.0769230769231,156.2045454545455,148.5735294117647,139.3888888888889
159.45,164.0555555555555,167.5312499999999,166.1388888888889,164.775,164.96875,162.8461538461539,156.0227272727273,148.4558823529412,139.05
159.5833333333333,163.9444444444445,167.4062499999999,165.9166666666667,165.075,164.84375,162.6153846153846,155.8409090909091,148.3382352941176,138.7833333333333
159.7166666666667,163.8333333333333,167.2812499999999,165.6944444444445,165.375,164.71875,162.3846153846154,155.6590909090909,148.1964285714286,138.5166666666667
159.6666666666667,163.7222222222222,167.1562499999999,165.4722222222222,165.675,164.59375,162.1538461538462,155.4772727272727,147.9821428571429,138.25
159.5555555555556,163.6111111111111,167.0312499999999,165.25,165.4090909090909,164.46875,161.9230769230769,155.2954545454545,147.7678571428572,137.9833333333333
159.4444444444445,163.5,166.9062499999999,165.0277777777778,164.9545454545455,164.34375,161.7884615384615,154.8409090909091,147.5535714285714,137.7166666666667
159.3333333333333,163.3888888888889,166.7812499999999,164.8055555555556,164.5,164.2236842105263,161.9423076923077,154.2954545454546,147.3392857142857,137.45
159.1730769230769,163.2777777777778,166.576923076923,164.6964285714286,164.0454545454546,164.1184210526316,162.0961538461538,153.75,147.125,137.2307692307692
158.8653846153846,162.96875,166.3461538461538,164.625,163.5909090909091,164.0131578947368,162.25,153.2045454545454,146.9107142857143,137.1538461538462
158.5576923076923,162.59375,166.1153846153846,164.5535714285714,163.1875,163.9078947368421,162.4038461538461,152.6590909090909,146.6964285714286,137.0769230769231
158.25,162.21875,165.8846153846153,164.4821428571429,162.9375,163.8026315789474,162.5576923076923,152.125,146.4821428571428,137
157.9423076923077,161.84375,165.6538461538461,164.4107142857143,162.6875,163.6973684210526,162.7115384615385,151.625,146.2678571428572,136.9230769230769
157.6346153846154,161.46875,165.4230769230769,164.3392857142857,162.4375,163.5921052631579,162.5769230769231,151.2916666666667,146.0535714285714,136.8461538461538
157.3269230769231,161.09375,164.8999999999999,164.2678571428571,162.2307692307692,163.4868421052632,162.3461538461539,151.4583333333333,145.8392857142857,136.7692307692308
156.5,160.71875,163.4999999999999,163.6071428571428,162.1538461538462,163.3815789473684,162.1153846153846,151.625,145.625,136.5
155.5,160.34375,162.1,162.75,162.0769230769231,163.2763157894737,161.8846153846154,151.7916666666667,145.4107142857143,136.1666666666667
154.5,160.1875,161.5624999999999,161.8928571428571,162,163.1,161.6538461538462,151.9583333333333,145.1363636363637,135.8333333333333
154.0625,160.1041666666667,161.3124999999999,161.1847826086957,161.9230769230769,162.9,161.4230769230769,152.125,144.6818181818182,135.5
153.8125,160.0208333333333,161.0624999999999,160.9239130434783,161.8461538461538,162.7,161.1973684210526,152.25,144.2272727272727,135.1666666666667
153.5625,159.9375,160.8124999999999,160.6630434782609,161.7692307692308,162.5,160.9868421052632,152.25,143.7727272727273,134.8333333333333
153.3125,159.8541666666667,160.6249999999999,160.4021739130435,161.5,162.3,160.7763157894737,152.25,143.3181818181818,134.6428571428571
153.4166666666667,159.7708333333333,160.4583333333333,160.1413043478261,161.1666666666667,162.1,160.5657894736842,152.25,142.8636363636364,134.5
153.6388888888889,159.75,160.2916666666666,159.8804347826087,160.8333333333333,161.9,160.3552631578947,152.25,142.5,134.3571428571429
