194.2083333333334,204.2300000000001,213.7282608695653,213.7936507936509,212.6052631578948,212.7894736842105,211.0794392523365,201.0857142857143,199.2844827586207,199.5833333333333
194.3750000000001,204.31,213.8152173913044,214,212.8157894736843,212.9473684210526,211.2383177570094,201.2571428571429,199.4224137931034,200.25
194.5416666666667,204.3900000000001,213.9021739130435,214.2063492063492,213.0263157894737,213.1052631578947,211.3971962616823,201.4285714285715,199.5603448275862,200.9166666666667
194.7083333333334,204.4700000000001,213.9891304347827,214.4126984126984,213.2368421052632,213.2631578947368,211.5560747663552,201.6000000000001,199.698275862069,201.5833333333333
194.8750000000001,204.55,214.0760869565218,214.6190476190476,213.4473684210527,213.421052631579,211.7149532710281,201.7714285714286,199.8362068965517,202.25
195.0416666666667,204.6300000000001,214.1630434782609,214.8253968253969,213.6578947368421,213.578947368421,211.873831775701,201.9428571428572,199.9741379310345,202.7777777777778
195.2083333333334,204.7100000000001,214.2500000000001,215.0317460317461,213.8684210526316,213.7368421052632,212.0327102803739,202.1142857142858,200.1120689655173,202.8888888888889
195.3750000000001,204.79,214.3369565217392,215.2380952380952,214.0789473684211,213.8947368421053,212.1915887850468,202.2857142857143,200.25,203
195.5416666666667,204.8700000000001,214.4239130434783,215.4444444444445,214.2894736842105,214.0526315789474,212.3504672897197,202.4571428571429,200.3879310344827,203.1111111111111
195.7083333333334,204.9500000000001,214.5108695652174,215.6507936507937,214.5,214.2105263157895,212.5093457943926,202.6285714285714,200.5258620689655,203.2222222222222
196.3500000000001,205.0300000000001,214.5978260869566,215.8571428571429,214.7105263157895,214.3684210526316,212.6682242990655,202.8,200.6637931034483,203.75
197.15,205.11,214.6847826086957,216.063492063492,214.921052631579,214.5263157894737,212.8271028037383,202.9714285714286,200.801724137931,204.4166666666667
197.8000000000001,205.1900000000001,214.7954545454546,216.2698412698413,215.1315789473684,214.6842105263158,212.9859813084112,203.1428571428572,200.9396551724138,205.0833333333333
198.0000000000001,205.3333333333334,214.9772727272728,216.4761904761905,215.3421052631579,214.8421052631579,213.1448598130841,203.3142857142857,201.0775862068965,205.75
198.2,205.6666666666667,215.159090909091,216.6825396825397,215.5526315789474,215,213.3037383177571,203.4857142857143,201.2155172413793,206.3035714285714
198.4000000000001,206.0000000000001,215.3409090909092,216.8888888888889,215.7631578947369,215.1578947368421,213.4626168224299,203.6571428571429,201.4230769230769,206.5178571428571
198.6000000000001,206.3333333333334,215.5227272727273,217.0952380952381,215.9736842105263,215.3157894736842,213.6214953271028,203.8285714285714,201.6538461538462,206.7321428571429
198.8,206.6666666666667,215.7045454545455,217.2880434782608,216.1842105263158,215.4736842105263,213.7803738317757,204,201.8846153846154,206.9464285714286
199.0000000000001,206.8500000000001,215.8863636363637,217.4402173913043,216.3947368421053,215.6315789473684,213.9392523364486,204.2916666666667,202.1153846153846,207.1607142857143
199.2,206.9833333333334,216.0681818181819,217.5923913043478,216.578125,215.7894736842105,214.0981308411215,204.5833333333333,202.3461538461538,207.375
199.4000000000001,207.1166666666667,216.2500000000001,217.7445652173913,216.734375,215.9473684210526,214.2570093457944,204.875,202.5769230769231,207.5892857142857
199.6,207.2500000000001,216.4318181818182,217.8967391304348,216.890625,216.1052631578947,214.4158878504673,205.1666666666667,202.8,207.7954545454546
199.8,207.3833333333334,216.6136363636364,218.0489130434783,217.046875,216.2631578947368,214.5747663551402,205.4583333333333,203,207.9772727272727
200.0000000000001,207.5166666666667,216.8437500000001,218.2010869565217,217.203125,216.421052631579,214.7336448598131,205.75,203.2,208.1590909090909
200.2,207.6500000000001,217.2187500000001,218.3532608695652,217.359375,216.578947368421,214.892523364486,206.0416666666666,203.4,208.3409090909091
200.4000000000001,207.8333333333334,217.5937500000001,218.5054347826087,217.515625,216.7368421052632,215.0514018691589,206.3333333333334,203.6,208.5227272727273
200.6000000000001,208.1666666666667,217.9687500000001,218.6576086956522,217.671875,216.8947368421053,215.2102803738318,206.625,203.8,208.7045454545455
200.8000000000001,208.5000000000001,218.2717391304348,218.8097826086957,217.828125,217.0526315789473,215.3709677419355,206.9166666666667,204,209.375
201.0000000000001,208.8333333333334,218.358695652174,218.9619565217391,217.984375,217.2105263157895,215.5322580645162,207.2083333333333,204.3636363636363,210.2083333333333
201.2,209.1666666666667,218.4456521739131,219.1141304347826,218.140625,217.3684210526316,215.6935483870968,207.5,204.7272727272727,211.0416666666667
201.4000000000001,209.423076923077,218.5326086956522,219.2663043478261,218.296875,217.5263157894737,215.8548387096774,207.7916666666667,205.0909090909091,211.3035714285714
201.6000000000001,209.6538461538462,218.6195652173914,219.4184782608696,218.453125,217.6842105263158,216.0161290322581,208.0833333333333,205.4545454545454,211.375
201.8,209.8846153846154,218.7065217391305,219.570652173913,218.609375,217.8421052631579,216.1774193548387,208.375,205.8181818181818,211.4464285714286
202.0000000000001,210.1153846153847,218.7934782608696,219.7228260869565,218.765625,218,216.3387096774194,208.6666666666667,206.1818181818182,211.5178571428572
202.2,210.3461538461539,218.8804347826087,219.875,218.921875,218.1578947368421,216.5,208.9583333333333,206.5454545454546,211.5892857142857
202.5263157894738,210.5769230769231,218.9673913043479,220.0271739130435,219.078125,218.3157894736842,216.6612903225807,209.25,206.9090909090909,211.6607142857143
202.8947368421053,210.8026315789475,219.054347826087,220.179347826087,219.234375,218.4736842105263,216.8225806451613,209.5416666666667,207.2727272727273,211.7321428571429
203.2631578947369,211.0131578947369,219.1413043478261,220.3315217391304,219.390625,218.6315789473684,216.983870967742,209.8333333333333,207.6363636363637,211.9230769230769
203.6315789473685,211.2236842105264,219.2282608695653,220.4836956521739,219.546875,218.7846153846154,217.1451612903226,210.125,208,212.1538461538462
204.0000000000001,211.4342105263158,219.5000000000001,220.6358695652174,219.703125,218.9230769230769,217.3064516129032,210.4166666666667,208.2,212.3846153846154
204.3684210526316,211.6447368421053,219.8333333333334,220.78125,219.859375,219.0615384615385,217.4677419354838,210.7083333333333,208.4,212.6153846153846
204.7368421052632,211.8552631578948,220.1666666666667,220.90625,220.015625,219.2,217.6290322580645,211,208.6,212.8461538461538
205.1052631578948,212.0657894736843,220.5000000000001,221.03125,220.171875,219.3384615384616,217.7903225806452,211.2222222222222,208.8,213.0769230769231
205.4736842105264,212.2763157894737,220.8333333333334,221.15625,220.328125,219.4769230769231,217.9516129032258,211.4444444444445,209,213.3181818181818
205.8166666666667,212.4868421052632,221.1666666666667,221.28125,220.484375,219.6153846153846,218.1129032258065,211.6666666666667,209.2,213.5909090909091
206.0833333333334,212.6973684210527,221.5000000000001,221.40625,220.640625,219.7538461538462,218.2741935483871,211.8888888888889,209.4,213.8636363636364
206.3500000000001,212.8382352941177,221.7788461538462,221.53125,220.796875,219.8923076923077,218.4354838709677,212.1111111111111,209.6,214.1363636363636
206.6166666666667,212.9558823529412,221.8942307692308,221.65625,220.953125,220.0307692307692,218.5967741935484,212.3333333333333,209.8,214.4090909090909
206.8833333333334,213.0735294117648,222.0096153846155,221.78125,221.109375,220.1692307692308,218.758064516129,212.5555555555555,210,214.6818181818182
207.1500000000001,213.1911764705883,222.1250000000001,221.90625,221.265625,220.3076923076923,218.9193548387097,212.7777777777778,210.4545454545454,215.1666666666667
207.4166666666667,213.3088235294118,222.2403846153846,222.03125,221.421875,220.4461538461538,219.0806451612903,213,210.9090909090909,215.7222222222222
207.6833333333334,213.4264705882354,222.3557692307693,222.15625,221.5714285714286,220.5846153846154,219.241935483871,213.2222222222222,211.3636363636363,216.2777777777778
207.9166666666667,213.5441176470589,222.4711538461539,222.28125,221.7142857142857,220.7230769230769,219.4032258064516,213.4444444444444,211.8181818181818,216.8333333333333
208.1388888888889,213.6617647058824,222.5865384615385,222.40625,221.8571428571429,220.8615384615385,219.5645161290323,213.6666666666667,212.2727272727273,217.2708333333333
208.3611111111112,213.8157894736843,222.7019230769232,222.53125,222,221,219.7258064516129,213.8888888888889,212.7272727272727,217.3541666666667
208.5833333333334,214.0789473684211,222.8173076923077,222.65625,222.1428571428571,221.1621621621621,219.8870967741935,214.1111111111111,213.1818181818182,217.4375
208.8055555555556,214.342105263158,222.9326923076924,222.7887323943662,222.2857142857143,221.3243243243244,220.0483870967742,214.3333333333333,213.6363636363636,217.5208333333333
209.0277777777778,214.6052631578948,223.048076923077,222.943661971831,222.4285714285714,221.4864864864865,220.2096774193548,214.5555555555555,214.0909090909091,217.6041666666667
209.2500000000001,214.8684210526316,223.1634615384616,223.0985915492958,222.5714285714286,221.6486486486486,220.3617021276596,214.7777777777778,214.5454545454545,217.6875
209.4722222222223,215.1315789473685,223.2884615384616,223.2535211267605,222.7142857142857,221.8108108108108,220.5106382978723,215,215,217.85
209.6944444444445,215.3947368421053,223.4423076923077,223.4084507042253,222.8571428571429,221.972972972973,220.6595744680851,215.2222222222222,215.0909090909091,218.25
209.8750000000001,215.6578947368422,223.5961538461539,223.5633802816901,223,222.1351351351351,220.8085106382979,215.4444444444445,215.1818181818182,218.65
210.0416666666667,215.921052631579,223.7500000000001,223.7183098591549,223.1428571428571,222.2972972972973,220.9574468085106,215.6666666666667,215.2727272727273,218.9
210.2083333333334,216.1842105263158,223.9038461538462,223.8732394366197,223.2857142857143,222.4594594594595,221.1063829787234,215.8888888888889,215.3636363636364,219.1
210.3750000000001,216.3289473684211,224.0576923076924,224.0281690140845,223.4285714285714,222.6216216216216,221.2553191489362,216.1111111111111,215.4545454545454,219.3
210.5416666666667,216.4342105263158,224.2115384615385,224.1830985915493,223.5714285714286,222.7837837837838,221.4042553191489,216.3333333333333,215.5454545454546,219.5
210.7083333333334,216.5394736842106,224.3225806451614,224.3380281690141,223.7142857142857,222.9459459459459,221.5531914893617,216.5555555555555,215.6363636363636,219.7
210.8750000000001,216.6447368421053,224.4193548387097,224.4929577464789,223.8571428571429,223.1081081081081,221.7021276595745,216.7777777777778,215.7272727272727,220.35
211.0416666666667,216.7500000000001,224.5161290322581,224.6478873239437,224,223.2702702702703,221.8510638297872,217,215.8181818181818,221.15
211.2083333333334,216.8552631578948,224.6129032258065,224.8028169014084,224.1428571428571,223.4324324324324,222,217.2272727272727,215.9090909090909,221.7727272727273
211.3750000000001,216.9605263157895,224.7096774193549,224.9577464788732,224.2857142857143,223.5945945945946,222.1818181818182,217.4545454545454,216,221.8636363636363
211.5416666666667,217.0657894736842,224.8064516129033,225.112676056338,224.4285714285714,223.7567567567568,222.3636363636363,217.6818181818182,216.25,221.9545454545454
211.7083333333334,217.171052631579,224.9032258064516,225.2676056338028,224.5714285714286,223.9189189189189,222.5454545454546,217.9090909090909,216.5,222.0454545454546
211.9062500000001,217.264705882353,225.0000000000001,225.4225352112676,224.7142857142857,224.0810810810811,222.7272727272727,218.1363636363636,216.75,222.1363636363636
212.1145833333334,217.3235294117648,225.0967741935484,225.5774647887324,224.8571428571429,224.2432432432433,222.9090909090909,218.3636363636363,217,222.2272727272727
212.3229166666667,217.3823529411765,225.1935483870968,225.7323943661972,225,224.4054054054054,223.0909090909091,218.5909090909091,217.25,222.4375
212.5312500000001,217.4411764705883,225.2903225806452,225.887323943662,225.1428571428572,224.5675675675676,223.2727272727273,218.8181818181818,217.5,222.6875
212.7395833333334,217.5000000000001,225.3870967741936,226.0422535211268,225.2857142857143,224.7297297297297,223.4545454545454,219.0454545454546,217.75,222.9375
212.9479166666667,217.5588235294118,225.483870967742,226.1971830985916,225.4285714285714,224.8918918918919,223.6363636363636,219.2727272727273,218,223.1875
213.1562500000001,217.6176470588236,225.5806451612904,226.3521126760564,225.5882352941177,225.0540540540541,223.8181818181818,219.5,218.25,223.4375
213.3645833333334,217.6764705882354,225.6774193548388,226.5070422535211,225.764705882353,225.2162162162162,224,219.7272727272727,218.5,223.6875
213.5729166666667,217.7352941176471,225.7717391304349,226.6619718309859,225.9411764705883,225.3783783783784,224.1929824561404,219.9545454545454,218.75,224.125
213.7812500000001,217.9166666666667,225.858695652174,226.8169014084507,226.1176470588236,225.5405405405405,224.3859649122807,220.1818181818182,219,224.625
213.9895833333334,218.1388888888889,225.9456521739131,226.9718309859155,226.2941176470588,225.7027027027027,224.578947368421,220.4090909090909,219.25,225.125
214.1979166666667,218.3611111111112,226.0326086956522,227.1267605633803,226.4705882352941,225.8648648648649,224.7719298245614,220.6363636363637,219.5,225.625
214.4051724137932,218.5833333333334,226.1195652173914,227.2816901408451,226.6470588235294,226.027027027027,224.9649122807018,220.8636363636363,219.75,225.75
214.6120689655173,218.8055555555556,226.2065217391305,227.4366197183099,226.8235294117647,226.1891891891892,225.1578947368421,221.0909090909091,220,225.75
214.8189655172415,219.0277777777778,226.2934782608696,227.5915492957747,227,226.3513513513514,225.3508771929825,221.3181818181818,220.2941176470588,225.75
215.0258620689656,219.2500000000001,226.3804347826087,227.7464788732394,227.1764705882353,226.5135135135135,225.5438596491228,221.5454545454546,220.5882352941177,225.75
215.2327586206897,219.4722222222223,226.4673913043479,227.9014084507042,227.3529411764706,226.6756756756757,225.7368421052632,221.7727272727273,220.8823529411765,225.8076923076923
215.4396551724138,219.6944444444445,226.554347826087,228.056338028169,227.5294117647059,226.8378378378378,225.9298245614035,222,221.1764705882353,226.0384615384615
215.646551724138,219.9375000000001,226.6413043478261,228.2112676056338,227.7058823529412,227,226.1228070175439,222.258064516129,221.4705882352941,226.2692307692308
215.8534482758621,220.1875000000001,226.7282608695652,228.34375,227.8823529411765,227.2,226.3157894736842,222.5161290322581,221.7647058823529,226.5
216.0603448275863,220.4375000000001,226.9000000000001,228.46875,228.0588235294118,227.4,226.5087719298246,222.7741935483871,222.0588235294118,226.7307692307692
216.2672413793104,220.6875000000001,227.1,228.59375,228.2352941176471,227.6,226.7017543859649,223.0322580645161,222.3529411764706,226.9615384615385
216.4741379310345,220.9375000000001,227.3,228.71875,228.4117647058824,227.8,226.9038461538462,223.2903225806452,222.6470588235294,227.1923076923077
216.6810344827587,221.1875000000001,227.5,228.84375,228.5882352941176,228,227.1089743589744,223.5483870967742,222.9411764705882,227.1923076923077
216.8879310344828,221.3181818181819,227.7,228.96875,228.7647058823529,228.2,227.3141025641026,223.8064516129032,223.2352941176471,227.1153846153846
217.094827586207,221.409090909091,227.9,229.09375,228.9411764705882,228.4,227.5192307692308,224.0645161290323,223.5294117647059,227.0384615384615
217.3750000000001,221.5000000000001,228.1,229.21875,229.1176470588235,228.6,227.724358974359,224.3225806451613,223.8235294117647,226.9615384615385
217.8750000000001,221.5909090909092,228.2717391304348,229.34375,229.2987804878049,228.7868852459016,227.9294871794872,224.5806451612903,224.1176470588235,226.8846153846154
218.3750000000001,221.6818181818182,228.3586956521739,229.46875,229.4939024390244,228.9344262295082,228.1346153846154,224.8387096774194,224.4117647058824,226.8076923076923
218.8750000000001,221.7727272727273,228.4456521739131,229.59375,229.6890243902439,229.0819672131148,228.3397435897436,225.0967741935484,224.7058823529412,226.9166666666667
219.2812500000001,221.8636363636364,228.5326086956522,229.71875,229.8841463414634,229.2295081967213,228.5448717948718,225.3548387096774,225,227.5833333333333
219.4062500000001,221.9545454545455,228.6195652173913,229.8537234042553,230.0792682926829,229.3770491803278,228.75,225.6129032258065,225.3333333333333,228.25
219.5312500000001,222.0454545454546,228.7065217391305,229.9920212765958,230.2743902439024,229.5245901639344,228.9551282051282,225.8709677419355,225.6666666666667,228.8055555555555
219.6562500000001,222.1363636363637,228.7934782608696,230.1303191489361,230.4695121951219,229.672131147541,229.1602564102564,226.1290322580645,226,229.0277777777778
219.7812500000001,222.2272727272728,228.8804347826087,230.2686170212766,230.6646341463415,229.8196721311475,229.3653846153846,226.3870967741935,226.3333333333334,229.25
219.9062500000001,222.3365384615385,228.9673913043479,230.406914893617,230.859756097561,229.9672131147541,229.5705128205128,226.6451612903226,226.6666666666666,229.4722222222222
220.0312500000001,222.4519230769232,229.054347826087,230.5452127659574,231.0548780487805,230.1147540983607,229.775641025641,226.9032258064516,227,229.6944444444445
220.1562500000001,222.5673076923077,229.1413043478261,230.6835106382979,231.25,230.2622950819672,229.9807692307692,227.1612903225806,227.3333333333333,229.9375
220.2962962962964,222.6826923076924,229.2282608695653,230.8218085106383,231.4451219512195,230.4098360655738,230.1858974358974,227.4193548387097,227.6666666666667,230.1875
220.4814814814816,222.798076923077,229.3522727272728,230.9601063829787,231.640243902439,230.5573770491803,230.3910256410256,227.6774193548387,228,230.4375
220.6666666666667,222.9134615384616,229.4886363636364,231.0984042553192,231.8353658536585,230.7049180327869,230.5961538461538,227.9354838709677,228.3333333333333,230.6875
220.8518518518519,223.0288461538462,229.6250000000001,231.2367021276596,232.030487804878,230.8524590163935,230.7922077922078,228.1935483870968,228.6666666666667,230.9375
221.0370370370371,223.1442307692308,229.7613636363637,231.375,232.2256097560976,231,230.961038961039,228.4516129032258,229,231.1875
221.2222222222223,223.2596153846154,229.8977272727273,231.5132978723404,232.4207317073171,231.25,231.1298701298701,228.7096774193548,229.1333333333334,231.3076923076923
221.4074074074074,223.3750000000001,230.034090909091,231.6515957446808,232.6158536585366,231.5,231.2987012987013,228.9677419354839,229.2666666666667,231.3846153846154
221.5925925925927,223.4903846153847,230.1704545454546,231.7898936170213,232.8109756097561,231.75,231.4675324675325,229.2258064516129,229.4,231.4615384615385
221.7777777777778,223.6057692307693,230.3068181818182,231.9281914893617,233.0060975609756,232,231.6363636363636,229.483870967742,229.5333333333333,231.5384615384615
221.962962962963,223.7211538461539,230.4431818181819,232.0664893617021,233.2012195121951,232.25,231.8051948051948,229.741935483871,229.6666666666667,231.6153846153846
222.1481481481482,223.8700000000001,230.5795454545455,232.2047872340426,233.3666666666667,232.5,231.9740259740259,230,229.8,231.6923076923077
222.3333333333334,224.0300000000001,230.7159090909092,232.343085106383,233.5222222222222,232.75,232.1428571428571,230.2,229.9333333333333,231.825
222.5185185185186,224.1900000000001,230.8888888888889,232.4813829787234,233.6777777777778,233,232.3116883116883,230.4,230.0666666666667,232.125
222.7037037037038,224.35,231.0740740740741,232.6196808510638,233.8333333333333,233.25,232.4805194805195,230.6,230.2,232.425
222.9583333333334,224.51,231.2592592592593,232.7579787234042,233.9888888888889,233.5,232.6493506493507,230.8,230.3333333333333,232.725
223.2361111111112,224.6700000000001,231.4444444444445,232.8962765957447,234.1444444444444,233.75,232.8181818181818,231,230.4666666666666,233.025
223.5138888888889,224.83,231.6296296296297,233.0345744680851,234.3,234,232.987012987013,231.2,230.6,233.2954545454546
223.7916666666667,224.9900000000001,231.8148148148149,233.1728723404255,234.4555555555555,234.1724137931034,233.1558441558442,231.4,230.7333333333333,233.4772727272727
224.0694444444445,225.1500000000001,232.0000000000001,233.3111702127659,234.6111111111111,234.3448275862069,233.3246753246754,231.6,230.8666666666666,233.6590909090909
224.3472222222223,225.3100000000001,232.1851851851852,233.4494680851064,234.7666666666667,234.5172413793103,233.4935064935065,231.8,231,233.8409090909091
224.6250000000001,225.4700000000001,232.3703703703704,233.5877659574468,234.9222222222222,234.6896551724138,233.6623376623376,232,231.304347826087,234.0227272727273
224.9027777777778,225.6300000000001,232.5555555555556,233.7260638297873,235.0777777777778,234.8620689655172,233.8311688311688,232.2,231.6086956521739,234.2045454545455
225.1805555555556,225.7678571428572,232.7407407407408,233.8643617021277,235.2333333333333,235.0344827586207,234,232.4,231.9130434782609,234.4375
225.3522727272728,225.8392857142858,232.925925925926,234.0026595744681,235.3888888888889,235.2068965517241,234.2753623188406,232.6,232.2173913043478,234.6875
225.4886363636364,225.9107142857144,233.1111111111112,234.1409574468085,235.5444444444445,235.3809523809524,234.5507246376812,232.8,232.5217391304348,234.9375
225.6250000000001,225.9821428571429,233.2656250000001,234.2792553191489,235.7,235.5555555555555,234.8260869565217,233,232.8260869565217,235.1875
225.7613636363637,226.0535714285715,233.3281250000001,234.4175531914894,235.8555555555556,235.7301587301587,235.1014492753623,233.2,233.1304347826087,235.4375
225.8977272727273,226.1250000000001,233.3906250000001,234.5558510638298,236.0111111111111,235.9047619047619,235.3768115942029,233.4,233.4347826086956,235.6875
226.034090909091,226.1964285714286,233.4531250000001,234.6941489361702,236.1666666666667,236.0793650793651,235.6521739130435,233.6,233.7391304347826,235.8076923076923
226.1704545454546,226.4285714285715,233.5156250000001,234.8324468085106,236.3222222222222,236.2539682539683,235.9275362318841,233.8,234.0434782608696,235.8846153846154
226.3068181818182,227.1428571428572,233.5781250000001,234.9707446808511,236.4777777777778,236.4285714285714,236.2028985507246,234,234.3478260869565,235.9615384615385
226.4431818181819,227.8571428571429,233.6406250000001,235.1090425531915,236.6333333333334,236.6031746031746,236.4782608695652,234.2,234.6521739130435,236.0384615384615
226.5795454545455,228.5714285714286,233.7031250000001,235.2473404255319,236.7847222222222,236.7777777777778,236.7536231884058,234.4,234.9565217391304,236.1153846153846
226.7159090909091,228.7941176470589,233.8125000000001,235.3856382978724,236.9236111111111,236.952380952381,237.0289855072464,234.6,235.2608695652174,236.1923076923077
226.8522727272728,228.8529411764707,234.0625,235.5239361702127,237.0625,237.1269841269842,237.3043478260869,234.8,235.5652173913044,236.3611111111111
226.9886363636364,228.9117647058824,234.3125,235.6622340425532,237.2013888888889,237.3015873015873,237.5797101449275,235,235.8695652173913,236.8055555555555
227.1250000000001,228.9705882352942,234.5625,235.8005319148936,237.3402777777778,237.4761904761905,237.8550724637681,235.2307692307692,236.1739130434783,237.25
227.2613636363637,229.0294117647059,234.7727272727273,235.938829787234,237.4791666666667,237.6507936507936,238.1304347826087,235.4615384615385,236.4782608695652,237.6944444444444
227.3977272727273,229.0882352941177,234.8636363636364,236.0771276595745,237.6180555555555,237.8253968253968,238.4057971014493,235.6923076923077,236.7826086956522,238.1388888888889
227.5340909090909,229.1470588235295,234.9545454545454,236.2154255319149,237.7569444444445,238,238.6811594202898,235.9230769230769,237.0869565217391,238.3214285714286
227.6704545454546,229.2058823529412,235.0454545454546,236.37,237.8958333333333,238.1489361702128,238.8769230769231,236.1538461538462,237.3913043478261,238.4166666666667
227.8068181818182,229.3125000000001,235.1363636363637,236.53,238.0347222222222,238.2978723404255,239.0461538461539,236.3846153846154,237.6956521739131,238.5119047619048
227.9431818181819,229.5625000000001,235.2272727272728,236.69,238.1736111111111,238.4468085106383,239.2153846153846,236.6153846153846,238,238.6071428571428
228.0795454545455,229.8125000000001,235.5000000000001,236.85,238.3125,238.5957446808511,239.3846153846154,236.8461538461538,238.2307692307693,238.702380952381
228.2159090909091,230.0625000000001,235.8333333333334,237.01,238.4513888888889,238.7446808510638,239.5538461538462,237.0769230769231,238.4615384615385,238.7976190476191
228.3641304347827,230.3125000000001,236.1666666666667,237.17,238.5902777777778,238.8936170212766,239.7230769230769,237.3076923076923,238.6923076923077,238.8928571428572
228.5163043478261,230.5625000000001,236.3400000000001,237.33,238.7291666666667,239.0425531914894,239.8923076923077,237.5384615384615,238.9230769230769,238.9880952380952
228.6684782608696,230.8125000000001,236.46,237.49,238.8680555555555,239.1914893617021,240.0615384615384,237.7692307692307,239.1538461538462,239.0833333333333
228.8206521739131,231.0625000000001,236.5800000000001,237.65,239.0069444444445,239.3404255319149,240.2307692307693,238,239.3846153846154,239.1785714285714
228.9728260869566,231.2833333333334,236.7,237.81,239.1458333333333,239.4893617021277,240.4,238.2727272727273,239.6153846153846,239.3026315789474
229.125,231.4166666666667,236.8200000000001,237.97,239.3043478260869,239.6382978723404,240.5692307692308,238.5454545454545,239.8461538461539,239.5131578947368
229.2771739130435,231.5500000000001,236.9400000000001,238.13,239.5217391304348,239.801724137931,240.7384615384615,238.8181818181818,240.0769230769231,239.7236842105263
229.429347826087,231.6833333333334,237.0600000000001,238.3076923076923,239.7391304347826,240.0086206896552,240.9076923076923,239.0909090909091,240.3076923076923,239.9342105263158
229.5815217391305,231.8166666666667,237.1800000000001,238.5384615384615,239.9565217391304,240.2155172413793,241.0769230769231,239.3636363636364,240.5384615384615,240.1447368421053
229.733695652174,231.95,237.3000000000001,238.7692307692308,240.1739130434783,240.4224137931035,241.2461538461538,239.6363636363636,240.7692307692308,240.3552631578947
229.8858695652174,232.0833333333334,237.4200000000001,239,240.3913043478261,240.6293103448276,241.4153846153846,239.9090909090909,241,240.5657894736842
230.0380434782609,232.2166666666667,237.54,239.2307692307692,240.6086956521739,240.8362068965517,241.5846153846154,240.1818181818182,241.3333333333333,240.7763157894737
230.1902173913044,232.3500000000001,237.6600000000001,239.4615384615385,240.8260869565217,241.0431034482759,241.7538461538462,240.4545454545455,241.6666666666667,240.9868421052632
230.3423913043479,232.4833333333334,237.7777777777779,239.6923076923077,241.0434782608696,241.25,241.9230769230769,240.7272727272727,242,241.1973684210526
230.4945652173914,232.6166666666667,237.8888888888889,239.6666666666667,241.2608695652174,241.4568965517241,242.0923076923077,241,242.3333333333333,241.3863636363637
230.6467391304348,232.7500000000001,238.0000000000001,239.5555555555556,241.4782608695652,241.6637931034483,242.2615384615385,241.2105263157895,242.6666666666667,241.5681818181818
230.7989130434783,232.8833333333334,238.1111111111112,239.4444444444445,241.6956521739131,241.8706896551724,242.4307692307692,241.4210526315789,243,241.75
230.9510869565218,233.0166666666667,238.2222222222223,239.3333333333333,241.8928571428571,242.0775862068965,242.6,241.6315789473684,243.1,241.9318181818182
231.1032608695653,233.1500000000001,238.3333333333334,239.325,242.0833333333333,242.2844827586207,242.7692307692308,241.8421052631579,243.2,242.1136363636364
231.2554347826087,233.275,238.4444444444445,239.625,242.2738095238095,242.4913793103448,242.9384615384616,242.0526315789474,243.3,242.2954545454545
231.4076086956522,233.3750000000001,238.5555555555556,239.925,242.4642857142857,242.698275862069,243.1076923076923,242.2631578947368,243.4,242.4772727272727
231.5597826086957,233.4750000000001,238.6666666666667,240.225,242.6547619047619,242.8372093023256,243.2769230769231,242.4736842105263,243.5,242.6590909090909
231.7119565217392,233.575,238.7788461538462,240.525,242.8452380952381,242.953488372093,243.4461538461538,242.6842105263158,243.6,242.8409090909091
231.8936170212767,233.6750000000001,238.8942307692308,240.7838983050848,243.0357142857143,243.0697674418604,243.6153846153846,242.8947368421053,243.7,243.0227272727273
232.0851063829788,233.775,239.0096153846154,240.9194915254238,243.2261904761905,243.1860465116279,243.7846153846154,243.1052631578947,243.8,243.2045454545454
232.2765957446809,233.8750000000001,239.1250000000001,241.0550847457627,243.4166666666667,243.3023255813953,243.9538461538461,243.3157894736842,243.9,243.3611111111111
232.468085106383,233.9750000000001,239.2403846153847,241.1906779661017,243.6071428571429,243.4186046511628,244.1230769230769,243.5263157894737,244,243.5092592592593
232.6595744680852,234.075,239.3557692307693,241.3262711864407,243.7934782608696,243.5348837209302,244.3125,243.7368421052632,244.25,243.6574074074074
232.8510638297873,234.1750000000001,239.4711538461539,241.4618644067797,243.9673913043478,243.6511627906977,244.5625,243.9473684210526,244.5,243.8055555555555
233.0425531914894,234.3281250000001,239.5865384615385,241.5974576271186,244.1413043478261,243.7674418604651,244.8125,244.1578947368421,244.75,243.9537037037037
233.2340425531916,234.6406250000001,239.7019230769232,241.7330508474576,244.3152173913044,243.8837209302326,245.0625,244.3684210526316,245,244.1018518518518
233.4255319148937,234.9531250000001,239.8173076923078,241.8686440677966,244.4891304347826,244,245.3125,244.5789473684211,245.25,244.25
233.6170212765958,235.2656250000001,239.9326923076923,242.0042372881356,244.6630434782608,244.2307692307693,245.5625,244.7894736842105,245.5,244.3981481481482
233.8085106382979,235.5781250000001,240.048076923077,242.1398305084746,244.8369565217391,244.4615384615385,245.8125,245,245.75,244.5462962962963
234.0000000000001,235.8906250000001,240.1634615384616,242.2754237288136,245.0108695652174,244.6923076923077,246.0625,245.25,246,244.6944444444444
234.1914893617022,236.2031250000001,240.2837837837838,242.4110169491526,245.1847826086957,244.9230769230769,246.3125,245.5,246.25,244.8425925925926
234.3829787234043,236.5156250000001,240.418918918919,242.5466101694915,245.3586956521739,245.1538461538462,246.5625,245.75,246.5,244.9907407407407
234.5744680851064,236.7717391304348,240.5540540540541,242.6822033898305,245.5326086956522,245.3846153846154,246.8125,246,246.75,245.1388888888889
234.7659574468086,236.858695652174,240.6891891891892,242.8177966101695,245.7065217391304,245.6153846153846,247.0625,246.25,247,245.2916666666667
234.9574468085107,236.9456521739131,240.8243243243244,242.9533898305085,245.8942307692308,245.8461538461538,247.3125,246.5,247.1868131868132,245.4583333333333
235.1489361702128,237.0326086956522,240.9594594594595,243.0889830508474,246.0865384615385,246.0769230769231,247.5625,246.75,247.3736263736264,245.625
235.3404255319149,237.1195652173914,241.0945945945946,243.2245762711864,246.2788461538461,246.3076923076923,247.8125,247,247.5604395604396,245.7916666666667
235.5319148936171,237.2065217391305,241.2297297297298,243.3601694915254,246.4711538461539,246.5384615384615,248.0625,247.2222222222222,247.7472527472527,245.9583333333333
235.7234042553192,237.2934782608696,241.3648648648649,243.4957627118644,246.6634615384615,246.7692307692307,248.2916666666667,247.4444444444444,247.934065934066,246.125
235.9148936170213,237.3804347826087,241.5000000000001,243.6313559322034,246.8557692307692,247,248.4583333333333,247.6666666666667,248.1208791208791,246.2916666666667
236.1063829787234,237.4673913043479,241.6351351351352,243.7669491525424,247.0480769230769,247.2,248.625,247.8888888888889,248.3076923076923,246.4583333333333
236.2750000000001,237.554347826087,241.7702702702703,243.9025423728814,247.2403846153846,247.4,248.7916666666667,248.1111111111111,248.4945054945055,246.625
236.3750000000001,237.6413043478261,241.9054054054055,244.0381355932203,247.4326923076923,247.6,248.9583333333333,248.3333333333333,248.6813186813187,246.7916666666667
236.475,237.7282608695653,242.0405405405406,244.1737288135593,247.625,247.8,249.125,248.5555555555555,248.8681318681319,246.9583333333333
236.5750000000001,237.8571428571429,242.1756756756757,244.3093220338983,247.8173076923077,248,249.2916666666667,248.7777777777778,249.0549450549451,247.125
236.6750000000001,238.0000000000001,242.3108108108109,244.4449152542373,248.0096153846154,248.2,249.4583333333333,249,249.2417582417582,247.2916666666667
236.7750000000001,238.1428571428572,242.445945945946,244.5805084745763,248.2019230769231,248.4,249.625,249.2222222222222,249.4285714285714,247.4583333333333
236.8750000000001,238.2857142857143,242.5810810810812,244.7161016949153,248.3823529411765,248.6,249.7916666666667,249.4444444444444,249.6153846153846,247.625
236.9750000000001,238.4285714285715,242.7162162162163,244.8693181818182,248.5588235294118,248.8,249.9583333333333,249.6666666666667,249.8021978021978,247.7916666666666
237.075,238.5714285714286,242.9078947368421,245.0284090909091,248.7352941176471,249,250.125,249.8888888888889,249.989010989011,247.9583333333333
237.175,238.7142857142858,243.1184210526316,245.1875,248.9117647058823,249.2,250.2916666666667,250.1111111111111,250.1758241758242,248.125
237.2750000000001,238.8571428571429,243.3289473684211,245.3465909090909,249.0882352941176,249.4,250.4583333333333,250.3333333333333,250.3626373626374,248.2916666666667
237.3750000000001,239.0000000000001,243.5394736842106,245.5056818181818,249.264705882353,249.6,250.625,250.5555555555555,250.5494505494505,248.4583333333333
237.4750000000001,239.1428571428572,243.7500000000001,245.6647727272727,249.4411764705882,249.8,250.7916666666667,250.7777777777777,250.7362637362637,248.625
237.575,239.2857142857143,243.9605263157895,245.8238636363636,249.6176470588235,250,250.9583333333333,251,250.9230769230769,248.7916666666667
237.675,239.4285714285715,244.171052631579,245.9829545454546,249.765625,250.1538461538462,251.125,251.2,251.1098901098901,248.9583333333333
237.8214285714286,239.5714285714286,244.3815789473685,246.1420454545454,249.828125,250.3076923076923,251.3088235294117,251.4,251.2962962962963,249.125
238.1071428571429,239.7142857142858,244.592105263158,246.3011363636364,249.890625,250.4615384615385,251.5441176470588,251.6,251.4814814814815,249.2916666666667
238.3928571428572,239.8142857142858,244.7763157894738,246.4602272727273,249.953125,250.6153846153846,251.7794117647059,251.8,251.6666666666667,249.4583333333333
238.6785714285715,239.9000000000001,244.8815789473685,246.6193181818182,250.015625,250.7692307692308,252.0147058823529,252,251.8518518518518,249.625
238.9642857142858,239.9857142857143,244.9868421052632,246.7784090909091,250.078125,250.9230769230769,252.25,252.1999999999999,252.037037037037,249.7916666666667
239.2500000000001,240.0714285714286,245.092105263158,246.9375,250.140625,251.0769230769231,252.4852941176471,252.4,252.2222222222222,249.9583333333333
239.5357142857143,240.1571428571429,245.1973684210527,247.0965909090909,250.203125,251.2307692307692,252.7205882352941,252.6,252.4074074074074,250.125
239.7750000000001,240.2428571428572,245.3026315789474,247.2556818181818,250.2870370370371,251.3846153846154,252.9558823529412,252.8,252.5925925925926,250.2697368421053
239.8750000000001,240.3285714285715,245.4078947368422,247.4147727272727,250.4351851851852,251.5384615384615,253.1911764705883,253,252.7777777777778,250.3486842105263
239.9750000000001,240.4142857142858,245.5131578947369,247.5738636363636,250.5833333333333,251.6923076923077,253.3529411764706,253.2,252.9629629629629,250.4276315789474
240.075,240.5000000000001,245.6184210526316,247.7329545454546,250.7314814814815,251.8461538461539,253.4901960784314,253.4,253.1481481481482,250.5065789473684
240.1750000000001,240.5857142857143,245.7236842105264,247.8920454545454,250.8796296296296,252,253.6274509803922,253.6,253.3333333333333,250.5855263157895
240.2750000000001,240.6714285714286,245.8437500000001,248.0511363636364,251.0277777777778,252.0769230769231,253.7647058823529,253.8,253.5185185185185,250.6644736842105
240.3750000000001,240.7571428571429,245.9687500000001,248.2102272727273,251.1759259259259,252.1538461538462,253.9019607843137,254,253.7037037037037,250.7434210526316
240.4750000000001,240.8428571428572,246.0937500000001,248.3382352941177,251.3240740740741,252.2307692307692,254.0392156862745,254.2,253.8888888888889,250.8223684210526
240.575,240.9285714285715,246.2187500000001,248.4558823529412,251.4722222222222,252.3076923076923,254.1764705882353,254.4,254.074074074074,250.9013157894737
240.6750000000001,241.0142857142858,246.3437500000001,248.5735294117647,251.6203703703704,252.3846153846154,254.3137254901961,254.6,254.2592592592592,250.9802631578947
240.7750000000001,241.1000000000001,246.4687500000001,248.6911764705882,251.7685185185185,252.4615384615385,254.4509803921569,254.8,254.4444444444444,251.0592105263158
240.8750000000001,241.1857142857144,246.5937500000001,248.8088235294118,251.9166666666667,252.5384615384615,254.5882352941176,255,254.6296296296296,251.1381578947368
240.9750000000001,241.3000000000001,246.7187500000001,248.9264705882353,252.0648148148148,252.6153846153846,254.7254901960784,255.1746031746032,254.8148148148148,251.2171052631579
241.075,241.5000000000001,246.8437500000001,249.0441176470588,252.212962962963,252.6923076923077,254.8627450980392,255.3492063492063,255,251.296052631579
241.1750000000001,241.7,246.9687500000001,249.1617647058824,252.3076923076923,252.7924528301887,255,255.5238095238095,255.0909090909091,251.375
241.2750000000001,241.9,247.0937500000001,249.2794117647059,252.3846153846154,252.9622641509434,255.1481481481481,255.6984126984127,255.1818181818182,251.453947368421
241.3750000000001,242.1000000000001,247.2187500000001,249.3970588235294,252.4615384615385,253.1320754716981,255.2962962962963,255.8730158730158,255.2727272727273,251.5328947368421
241.4750000000001,242.2884615384616,247.423076923077,249.514705882353,252.5384615384615,253.3018867924528,255.4444444444444,256.047619047619,255.3636363636363,251.6118421052632
241.575,242.4423076923077,247.6538461538462,249.6323529411765,252.6153846153846,253.4716981132075,255.5925925925926,256.2222222222222,255.4545454545454,251.6907894736842
241.6750000000001,242.5961538461539,247.8846153846154,249.75,252.6923076923077,253.6415094339623,255.7407407407407,256.3968253968254,255.5454545454545,251.8636363636364
241.775,242.7500000000001,248.1153846153847,249.8676470588235,252.7692307692308,253.811320754717,255.8888888888889,256.5714285714286,255.6363636363636,252.3181818181818
241.8750000000001,242.9038461538462,248.3461538461539,249.985294117647,252.8461538461539,253.9811320754717,256.037037037037,256.7460317460317,255.7272727272727,252.7727272727273
241.9750000000001,243.0576923076924,248.5769230769232,250.1029411764706,252.9230769230769,254.1509433962264,256.1851851851852,256.9206349206349,255.8181818181818,253.2272727272727
242.075,243.2115384615385,248.7804878048781,250.2205882352941,253,254.3207547169811,256.3333333333333,257.0952380952381,255.9090909090909,253.6818181818182
242.1750000000001,243.3671875000001,248.9024390243903,250.3310810810811,253.0769230769231,254.4905660377358,256.4814814814815,257.2698412698413,256,254.1363636363637
242.2750000000001,243.5234375000001,249.0243902439025,250.4391891891892,253.1538461538462,254.6603773584905,256.6296296296296,257.4444444444445,256.0833333333334,254.3181818181818
242.3750000000001,243.6796875000001,249.1463414634147,250.5472972972973,253.2307692307692,254.8301886792453,256.7777777777778,257.6190476190476,256.1666666666667,254.4090909090909
242.4750000000001,243.8359375000001,249.2682926829269,250.6554054054054,253.3333333333333,255,256.9259259259259,257.7808219178082,256.25,254.5
242.5750000000001,243.9921875000001,249.3902439024391,250.7635135135135,253.4444444444445,255.1666666666666,257.074074074074,257.9041095890411,256.3333333333333,254.5909090909091
242.6750000000001,244.1484375000001,249.5121951219513,250.8716216216216,253.5555555555555,255.3333333333333,257.2222222222222,258.027397260274,256.4166666666667,254.6818181818182
242.7857142857143,244.3046875000001,249.6341463414635,250.9797297297297,253.6666666666667,255.5,257.3703703703703,258.1506849315068,256.5,254.7727272727273
242.9285714285715,244.4609375000001,249.7560975609757,251.0878378378378,253.7777777777778,255.6666666666667,257.5185185185185,258.2739726027397,256.5833333333334,254.8636363636363
243.0714285714286,244.6171875000001,249.8780487804879,251.1959459459459,253.8888888888889,255.8333333333333,257.6666666666666,258.3972602739726,256.6666666666666,254.9545454545454
243.2142857142858,244.7734375000001,250.0000000000001,251.3040540540541,254,256,257.8148148148148,258.5205479452055,256.75,255.0454545454546
243.3571428571429,244.9296875000001,250.1219512195123,251.4121621621621,254.1111111111111,256.1666666666667,257.9629629629629,258.6438356164383,256.8333333333334,255.1363636363636
243.5000000000001,245.0859375000001,250.2439024390245,251.5202702702703,254.2222222222222,256.3333333333333,258.1111111111111,258.7671232876712,256.9166666666666,255.2272727272727
243.6428571428572,245.2421875000001,250.3658536585367,251.6283783783784,254.28125,256.5,258.2592592592592,258.8904109589041,257,255.3181818181818
243.7857142857143,245.3984375000001,250.4878048780488,251.7364864864865,254.3229166666667,256.6666666666667,258.4074074074074,259.013698630137,257.1052631578947,255.4090909090909
243.9285714285715,245.5546875000001,250.609756097561,251.8445945945946,254.3645833333333,256.8333333333333,258.5555555555555,259.1369863013699,257.2105263157895,255.5
244.0714285714286,245.7109375000001,250.7317073170732,251.9527027027027,254.40625,257,258.7037037037037,259.2602739726028,257.3157894736842,255.5909090909091
244.2142857142858,245.6750000000001,250.8536585365854,252.0608108108108,254.4479166666667,257,258.8518518518518,259.3835616438356,257.421052631579,255.6818181818182
244.3418367346939,245.575,250.9756097560976,252.1689189189189,254.4895833333333,257,259,259.5068493150685,257.5263157894737,255.7717391304348
244.4642857142858,245.4750000000001,251.0975609756098,252.2708333333333,254.53125,257,259.0588235294118,259.6301369863014,257.6315789473684,255.8586956521739
244.5867346938776,245.3750000000001,251.219512195122,252.3541666666667,254.5729166666667,257,259.1176470588235,259.7534246575343,257.7368421052631,255.945652173913
244.7091836734694,245.2750000000001,251.3055555555556,252.4375,254.6145833333333,257,259.1764705882353,259.8767123287672,257.8421052631579,256.0326086956522
244.8316326530613,245.4545454545455,251.3796296296297,252.5208333333333,254.65625,257,259.2352941176471,260,257.9473684210526,256.1195652173913
244.9540816326531,245.7272727272728,251.4537037037038,252.6041666666666,254.6979166666667,257,259.2941176470588,260.0625,258.0526315789473,256.2065217391304
245.0765306122449,246.0000000000001,251.5277777777778,252.6875,254.7395833333333,257,259.3529411764706,260.125,258.1578947368421,256.2934782608696
245.1989795918368,246.2727272727273,251.6018518518519,252.7708333333333,254.8181818181818,257,259.4117647058823,260.1875,258.2631578947368,256.3804347826087
245.3214285714286,246.5454545454546,251.675925925926,252.8541666666667,254.9090909090909,257.0612244897959,259.4705882352941,260.25,258.3684210526316,256.4673913043478
245.4438775510205,246.764705882353,251.7500000000001,252.9375,255,257.1224489795919,259.5294117647059,260.3125,258.4736842105263,256.554347826087
245.5663265306123,246.8235294117648,251.8240740740741,253.0208333333333,255.0909090909091,257.1836734693877,259.5882352941177,260.375,258.578947368421,256.6413043478261
245.6887755102042,246.8823529411765,251.8981481481482,253.1041666666667,255.1818181818182,257.2448979591837,259.6470588235294,260.4375,258.6842105263158,256.7282608695652
245.811224489796,246.9411764705883,251.9722222222223,253.1875,255.2727272727273,257.3061224489796,259.7058823529412,260.5,258.7894736842105,256.8152173913044
245.9336734693878,247.0000000000001,252.0462962962964,253.2708333333333,255.3636363636364,257.3673469387755,259.7647058823529,260.5625,258.8947368421053,256.9021739130435
246.0561224489796,247.0588235294118,252.1203703703704,253.3541666666667,255.4545454545454,257.4285714285714,259.8235294117647,260.625,259,256.9891304347826
246.1785714285715,247.1176470588236,252.1944444444445,253.4375,255.5454545454546,257.4897959183673,259.8823529411765,260.6875,259.0666666666667,257.0760869565217
246.3010204081633,247.1764705882354,252.2763157894737,253.5208333333333,255.6363636363636,257.5510204081633,259.9411764705882,260.75,259.1333333333333,257.1630434782609
246.4234693877552,247.2352941176471,252.3815789473685,253.6041666666667,255.7272727272727,257.6122448979592,260,260.8125,259.2,257.25
246.545918367347,247.3289473684211,252.4868421052632,253.6875,255.801724137931,257.6734693877551,260.0588235294118,260.875,259.2666666666667,257.3369565217391
246.6683673469388,247.4342105263158,252.592105263158,253.78125,255.8706896551724,257.734693877551,260.1176470588235,260.9375,259.3333333333334,257.4239130434783
246.7908163265307,247.5394736842106,252.6973684210527,253.90625,255.9396551724138,257.8095238095238,260.1764705882353,261,259.4,257.5108695652174
246.9132653061225,247.6447368421053,252.8026315789474,254.03125,256.0086206896552,257.8888888888889,260.2352941176471,261.0625,259.4666666666666,257.5978260869566
247.0357142857143,247.7500000000001,252.9078947368422,254.15625,256.0775862068965,257.968253968254,260.2941176470588,261.125,259.5333333333333,257.6847826086956
247.1581632653062,247.8552631578948,253.0131578947369,254.28125,256.1465517241379,258.047619047619,260.3529411764706,261.1875,259.6,257.7714285714286
247.2638888888889,247.9605263157895,253.1184210526316,254.40625,256.2155172413793,258.1269841269841,260.4117647058823,261.25,259.6666666666666,257.8571428571429
247.3194444444445,248.0657894736843,253.2236842105264,254.53125,256.2844827586207,258.2063492063492,260.4705882352941,261.3125,259.7333333333333,257.9428571428572
247.3750000000001,248.171052631579,253.3152173913044,254.65625,256.3534482758621,258.2857142857143,260.5294117647059,261.375,259.8,258.0285714285715
247.4305555555556,248.2678571428572,253.4021739130436,254.78125,256.4224137931034,258.3650793650793,260.5882352941177,261.4375,259.8666666666667,258.1142857142857
247.4861111111111,248.3392857142858,253.4891304347827,254.90625,256.4913793103448,258.4444444444445,260.6470588235294,261.5,259.9333333333333,258.2
247.5416666666667,248.4107142857144,253.5760869565218,255.03125,256.5603448275862,258.5238095238095,260.7058823529412,261.5625,260,258.2857142857143
247.5972222222223,248.4821428571429,253.6630434782609,255.15625,256.6293103448276,258.6031746031746,260.7552083333334,261.625,260,258.3714285714286
247.6527777777778,248.5535714285715,253.7500000000001,255.28125,256.698275862069,258.6825396825397,260.7760416666666,261.6875,260,258.4571428571429
247.7083333333334,248.6250000000001,253.8369565217392,255.40625,256.75625,258.7619047619048,260.796875,261.75,260,258.5428571428571
247.7638888888889,248.6964285714286,253.9239130434783,255.53125,256.78125,258.8412698412698,260.8177083333334,261.8125,260,258.6285714285714
247.8194444444445,248.7777777777778,254.0108695652175,255.65625,256.80625,258.9206349206349,260.8385416666666,261.875,260,258.7142857142857
247.8750000000001,248.888888888889,254.0978260869566,255.7727272727273,256.83125,259,260.859375,261.9375,260,258.8
247.9305555555556,249.0000000000001,254.1847826086957,255.8636363636364,256.85625,258.9166666666666,260.8802083333333,262,260,258.8857142857143
247.9861111111112,249.1111111111111,254.2916666666667,255.9545454545454,256.88125,258.8333333333334,260.9010416666667,262.0625,260,258.9714285714286
248.0416666666667,249.2222222222223,254.4583333333334,256.0454545454546,256.90625,258.75,260.921875,262.125,260,259.0571428571429
248.0972222222223,249.2826086956522,254.6250000000001,256.1363636363636,256.93125,258.6666666666667,260.9427083333333,262.1875,260,259.1428571428571
248.1527777777779,249.3260869565218,254.7916666666667,256.2272727272727,256.95625,258.5833333333333,260.9635416666667,262.25,260,259.2285714285714
248.2083333333334,249.3695652173914,254.9583333333334,256.3181818181818,256.98125,258.5,260.984375,262.3125,260,259.3839285714286
248.2604166666667,249.4130434782609,255.1250000000001,256.4090909090909,257.00625,258.4166666666666,261.0052083333333,262.375,260,259.5625
248.3020833333334,249.4565217391305,255.3500000000001,256.5,257.03125,258.3333333333334,261.0260416666667,262.4375,260,259.7410714285714
248.3437500000001,249.5000000000001,255.7500000000001,256.5909090909091,257.05625,258.25,261.046875,262.5,260.0508474576271,259.9196428571429
248.3854166666667,249.5434782608696,256.15,256.6818181818182,257.08125,258.1666666666666,261.0677083333333,262.5625,260.1016949152543,260.0982142857143
248.4270833333334,249.5869565217392,256.2500000000001,256.7727272727273,257.10625,258.0833333333334,261.0885416666667,262.625,260.1525423728813,260.2767857142857
248.4687500000001,249.6304347826087,256.2500000000001,256.8636363636364,257.13125,258,261.109375,262.6875,260.2033898305085,260.4553571428571
248.5104166666667,249.6739130434783,256.2500000000001,256.9545454545454,257.15625,258.1044776119403,261.1302083333333,262.75,260.2542372881356,260.6339285714286
248.5520833333334,249.7173913043479,256.2500000000001,257.0454545454546,257.18125,258.2089552238806,261.1510416666667,262.8125,260.3050847457627,260.8125
248.5937500000001,249.7763157894738,256.2500000000001,257.1363636363636,257.20625,258.3134328358209,261.171875,262.875,260.3559322033898,260.9910714285714
248.6354166666667,249.8815789473685,256.2500000000001,257.2272727272727,257.23125,258.4179104477612,261.1927083333333,262.9375,260.4067796610169,261.1696428571429
248.6770833333334,249.9868421052632,256.3437500000001,257.3372093023256,257.2555555555556,258.5223880597015,261.2135416666667,263,260.4576271186441,261.3482142857143
248.7187500000001,250.092105263158,256.4687500000001,257.453488372093,257.2777777777778,258.6268656716418,261.234375,263.0277777777778,260.5084745762712,261.5267857142857
248.7642857142858,250.1973684210527,256.5937500000001,257.5697674418604,257.3,258.7313432835821,261.25,263.0555555555555,260.5593220338983,261.7053571428571
248.8214285714286,250.3026315789475,256.7187500000001,257.6860465116279,257.3222222222223,258.8358208955224,261.25,263.0833333333333,260.6101694915254,261.75
248.8785714285715,250.4078947368422,256.8437500000001,257.8023255813954,257.3444444444444,258.9402985074627,261.25,263.1111111111111,260.6610169491526,261.75
248.9357142857143,250.5131578947369,256.9687500000001,257.9186046511628,257.3666666666667,259.044776119403,261.25,263.1388888888889,260.7118644067797,261.75
248.9928571428572,250.6184210526316,257.0937500000001,258.0348837209302,257.3888888888889,259.1492537313433,261.25,263.1666666666667,260.7717391304348,261.75
249.05,250.7236842105264,257.2187500000001,258.1511627906976,257.4111111111112,259.2537313432836,261.25,263.1944444444445,260.8586956521739,261.75
249.1071428571429,250.7894736842106,257.2812500000001,258.2674418604651,257.4333333333333,259.3582089552239,261.25,263.2222222222222,260.9456521739131,261.75
249.1642857142858,250.8421052631579,257.3229166666667,258.3837209302326,257.4555555555556,259.4626865671642,261.25,263.25,261.0326086956522,261.75
249.2214285714286,250.8947368421053,257.3645833333334,258.5,257.4777777777778,259.5671641791045,261.25,263.2777777777778,261.1195652173913,261.75
249.2785714285715,250.9473684210527,257.4062500000001,258.6162790697674,257.5,259.6716417910448,261.25,263.3055555555555,261.2065217391304,261.75
249.3357142857143,251.0000000000001,257.4479166666667,258.7325581395349,257.5222222222222,259.7543859649123,261.25,263.3333333333334,261.2934782608696,261.75
249.3928571428572,251.0526315789474,257.4895833333334,258.8488372093023,257.5444444444445,259.7719298245614,261.25,263.3611111111111,261.3804347826087,261.75
249.45,251.1052631578948,257.5312500000001,258.9651162790698,257.5666666666667,259.7894736842105,261.25,263.3888888888889,261.4673913043478,261.75
249.5071428571429,251.1578947368422,257.5729166666667,259.0813953488372,257.5888888888888,259.8070175438596,261.25,263.4166666666666,261.5543478260869,261.75
249.5642857142858,251.2105263157895,257.6145833333334,259.1976744186047,257.6111111111111,259.8245614035088,261.25,263.4444444444445,261.6413043478261,261.75
249.6214285714286,251.2575757575758,257.6562500000001,259.3139534883721,257.6333333333333,259.8421052631579,261.25,263.4722222222222,261.7282608695652,261.75
249.6785714285715,251.2878787878788,257.6979166666667,259.4302325581396,257.6555555555556,259.859649122807,261.25,263.5,261.7611940298507,261.75
249.7357142857144,251.3181818181819,257.7395833333334,259.546511627907,257.6777777777778,259.8771929824561,261.25,263.5277777777778,261.7761194029851,261.75
249.7783018867925,251.3484848484849,257.7954545454546,259.6627906976744,257.7,259.8947368421053,261.3076923076923,263.5555555555555,261.7910447761194,261.75
249.8160377358491,251.3787878787879,257.8560606060607,259.7546296296296,257.7222222222222,259.9122807017544,261.3846153846154,263.5833333333333,261.8059701492538,261.7586206896551
249.8537735849058,251.409090909091,257.9166666666667,259.7731481481482,257.7444444444445,259.9298245614035,261.4615384615385,263.6111111111111,261.8208955223881,261.7931034482759
249.8915094339623,251.439393939394,257.9772727272728,259.7916666666666,257.75,259.9473684210527,261.5384615384615,263.6388888888889,261.8358208955224,261.8275862068966
249.9292452830189,251.469696969697,258.0378787878789,259.8101851851852,257.75,259.9649122807018,261.6153846153846,263.6666666666667,261.8507462686567,261.8620689655172
249.9669811320755,251.5000000000001,258.0984848484849,259.8287037037037,257.75,259.9824561403508,261.6923076923077,263.6944444444445,261.865671641791,261.8965517241379
250.0047169811321,251.5303030303031,258.1590909090909,259.8472222222222,257.75,260,261.7692307692308,263.7222222222222,261.8805970149254,261.9310344827587
250.0424528301887,251.5606060606061,258.2196969696971,259.8657407407408,257.75,260.0666666666667,261.8461538461539,263.75,261.8955223880597,261.9655172413793
250.0801886792453,251.5909090909092,258.2803030303031,259.8842592592592,257.75,260.1333333333333,261.923076923077,263.7777777777778,261.910447761194,262
250.1179245283019,251.6212121212122,258.3409090909091,259.9027777777778,257.75,260.2,262,263.8055555555555,261.9253731343284,262.0344827586207
250.1556603773585,251.6515151515152,258.4015151515152,259.9212962962963,257.75,260.2666666666667,262.0769230769231,263.8333333333333,261.9402985074627,262.0689655172414
250.1933962264151,251.6818181818182,258.4621212121212,259.9398148148148,257.75,260.3333333333333,262.1538461538461,263.8611111111111,261.955223880597,262.1034482758621
250.2311320754717,251.7121212121213,258.5227272727274,259.9583333333333,257.75,260.4,262.2307692307692,263.8888888888889,261.9701492537313,262.1379310344827
250.2688679245284,251.7424242424243,258.5833333333334,259.9768518518518,257.75,260.4666666666667,262.3076923076923,263.9166666666667,261.9850746268656,262.1724137931034
250.306603773585,251.7241379310345,258.6439393939394,259.9953703703704,257.75,260.5333333333334,262.3846153846154,263.9444444444445,262,262.2068965517241
250.3443396226415,251.6896551724139,258.7045454545455,260.0138888888889,257.75,260.6,262.4615384615385,263.9722222222222,262.0793650793651,262.2413793103448
250.3820754716982,251.6551724137931,258.7600000000001,260.0324074074074,257.75,260.6666666666667,262.5384615384615,264,262.1587301587302,262.2928571428571
250.4198113207548,251.6206896551725,258.8,260.0509259259259,257.7794117647059,260.7333333333333,262.6153846153846,264,262.2380952380952,262.35
250.4575471698114,251.5862068965518,258.8400000000001,260.0694444444445,257.8970588235294,260.8,262.6923076923077,264,262.3174603174603,262.4071428571428
250.495283018868,251.5517241379311,258.8800000000001,260.0879629629629,258.014705882353,260.8666666666667,262.7589285714286,264,262.3968253968254,262.4642857142857
250.5330188679246,251.5172413793104,258.9200000000001,260.1064814814815,258.1323529411765,260.9333333333333,262.7946428571428,264,262.4761904761905,262.5214285714286
250.5707547169812,251.4827586206897,258.96,260.125,258.25,261,262.8303571428572,264,262.5555555555555,262.5785714285714
250.6084905660378,251.448275862069,259.0000000000001,260.1435185185185,258.3676470588235,261.0909090909091,262.8660714285714,264,262.6349206349206,262.6357142857143
250.6462264150944,251.4137931034483,259.0400000000001,260.162037037037,258.4852941176471,261.1818181818182,262.9017857142857,264,262.7142857142857,262.6928571428572
250.683962264151,251.3793103448277,259.08,260.1805555555555,258.6029411764706,261.2727272727273,262.9375,264,262.7936507936508,262.75
250.7216981132076,251.3448275862069,259.1200000000001,260.1990740740741,258.7205882352941,261.3636363636364,262.9732142857143,264,262.8730158730158,262.8071428571428
250.7500000000001,251.3103448275862,259.1600000000001,260.2175925925926,258.8382352941176,261.4545454545455,263.0089285714286,264,262.952380952381,262.8642857142857
250.7500000000001,251.2758620689656,259.2000000000001,260.2361111111111,258.9558823529412,261.5454545454546,263.0446428571428,264,263.031746031746,262.9214285714286
250.7500000000001,251.2546296296297,259.2400000000001,260.2552083333333,259.0735294117647,261.6363636363636,263.0803571428572,264,263.1111111111111,262.9785714285714
250.7500000000001,251.2731481481482,259.2800000000001,260.2760416666667,259.1911764705882,261.7272727272727,263.1160714285714,264,263.1904761904762,263.0357142857143
250.7500000000001,251.2916666666667,259.3200000000001,260.296875,259.3088235294118,261.8181818181818,263.1517857142857,264,263.2465753424657,263.0928571428572
250.7500000000001,251.3101851851852,259.36,260.3177083333333,259.4264705882353,261.9090909090909,263.1875,264,263.2328767123288,263.15
250.7500000000001,251.3287037037038,259.4,260.3385416666667,259.5441176470588,262,263.2232142857143,264,263.2191780821918,263.2071428571429
250.7500000000001,251.3472222222223,259.4400000000001,260.359375,259.6617647058824,262,263.2467532467533,264,263.2054794520548,263.2395833333333
250.7500000000001,251.3657407407408,259.4800000000001,260.3802083333333,259.7941176470588,262,263.2337662337662,264,263.1917808219178,263.1979166666667
250.7500000000001,251.3842592592593,259.52,260.4010416666667,259.9705882352941,262,263.2207792207792,264,263.1780821917808,263.15625
250.7500000000001,251.4027777777778,259.5600000000001,260.421875,260.1470588235294,262,263.2077922077922,264,263.1643835616438,263.1145833333334
250.7500000000001,251.4212962962964,259.6000000000001,260.4427083333333,260.3235294117647,262,263.1948051948052,264,263.1506849315068,263.0729166666666
250.7500000000001,251.4398148148149,259.64,260.4635416666667,260.5,262,263.1818181818182,264,263.1369863013699,263.03125
250.7500000000001,251.4583333333334,259.6800000000001,260.484375,260.6764705882353,262,263.1688311688312,264,263.1232876712329,262.9895833333333
250.7500000000001,251.4768518518519,259.72,260.5052083333333,260.8529411764706,262,263.1558441558441,264,263.1095890410959,262.9479166666667
250.7500000000001,251.4953703703704,259.7500000000001,260.5260416666667,261.0294117647059,262,263.1428571428571,264,263.0958904109589,262.90625
250.7500000000001,251.513888888889,259.7500000000001,260.546875,261.2058823529412,262,263.1298701298701,264,263.0821917808219,262.8645833333333
250.7500000000001,251.5324074074074,259.7500000000001,260.5677083333333,261.2767857142857,262,263.1168831168831,264,263.068493150685,262.8229166666667
250.7500000000001,251.550925925926,259.7500000000001,260.5885416666667,261.3125,262,263.1038961038961,264,263.0547945205479,262.78125
250.7500000000001,251.5694444444445,259.7500000000001,260.609375,261.3482142857143,262,263.0909090909091,264,263.041095890411,262.7364864864865
250.7500000000001,251.587962962963,259.7500000000001,260.6302083333333,261.3839285714286,262,263.077922077922,264,263.027397260274,262.6824324324324
250.7672413793104,251.6064814814815,259.7500000000001,260.6510416666667,261.4196428571429,262,263.0649350649351,264,263.013698630137,262.6283783783784
250.8362068965518,251.6250000000001,259.7500000000001,260.671875,261.4553571428571,262,263.051948051948,264,263,262.5743243243243
250.9051724137932,251.6435185185186,259.7500000000001,260.6927083333333,261.4910714285714,262,263.038961038961,264,262.9736842105263,262.5202702702703
250.9741379310345,251.6620370370371,259.7500000000001,260.7135416666667,261.5267857142857,262,263.0259740259741,264,262.9473684210527,262.4662162162162
251.0431034482759,251.6805555555556,259.7500000000001,260.734375,261.5625,262,263.012987012987,264,262.921052631579,262.4121621621621
251.1120689655173,251.6990740740741,259.7500000000001,260.7467105263158,261.5982142857143,262,263,264,262.8947368421053,262.3581081081081
251.1810344827587,251.7175925925927,259.7500000000001,260.733552631579,261.6339285714286,262,262.9655172413793,264,262.8684210526316,262.3040540540541
251.2500000000001,251.7361111111111,259.7500000000001,260.7203947368421,261.6696428571429,262,262.9310344827586,263.9375,262.8421052631579,262.25
251.3189655172414,251.7569444444445,259.7500000000001,260.7072368421053,261.7053571428571,261.9285714285714,262.896551724138,263.875,262.8157894736842,262.1959459459459
251.3879310344828,251.7847222222223,259.7500000000001,260.6940789473684,261.7410714285714,261.8571428571429,262.8620689655172,263.8125,262.7894736842105,262.1418918918919
251.4568965517242,251.8125000000001,259.7500000000001,260.6809210526316,261.6964285714286,261.7857142857143,262.8275862068965,263.75,262.7631578947368,262.0878378378378
251.5258620689656,251.8402777777778,259.7500000000001,260.6677631578947,261.625,261.7142857142857,262.7931034482758,263.6875,262.7368421052632,262.0337837837838
251.5948275862069,251.8680555555556,259.7500000000001,260.6546052631579,261.5535714285714,261.6428571428571,262.7586206896551,263.625,262.7105263157895,261.9797297297297
251.6637931034483,251.8958333333334,259.7500000000001,260.641447368421,261.4821428571429,261.5714285714286,262.7241379310345,263.5625,262.6842105263158,261.9256756756757
251.7327586206897,251.9236111111112,259.7500000000001,260.6282894736842,261.4107142857143,261.5,262.6896551724138,263.5,262.6578947368421,261.8716216216216
251.8437500000001,251.951388888889,259.7500000000001,260.6151315789474,261.3392857142857,261.4285714285714,262.6551724137931,263.4375,262.6315789473684,261.8175675675676
251.9687500000001,251.9791666666667,259.7329545454546,260.6019736842105,261.2678571428571,261.3571428571429,262.6206896551724,263.375,262.6052631578947,261.7635135135135
252.0937500000001,252.0069444444445,259.7102272727273,260.5888157894736,261.1964285714286,261.2857142857143,262.5862068965517,263.3125,262.578947368421,261.73125
252.2187500000001,252.0347222222223,259.6875000000001,260.5756578947369,261.125,261.2142857142857,262.551724137931,263.25,262.5526315789474,261.70625
252.3437500000001,252.0625000000001,259.6647727272728,260.5625,261.0535714285714,261.1428571428571,262.5172413793103,263.1875,262.5263157894737,261.68125
252.4687500000001,252.0902777777778,259.6420454545455,260.5493421052631,260.9821428571428,261.0714285714286,262.4827586206897,263.125,262.5,261.65625
252.5937500000001,252.1180555555556,259.6193181818182,260.5361842105264,260.9107142857143,261,262.448275862069,263.0625,262.4736842105263,261.63125
252.7187500000001,252.1458333333334,259.596590909091,260.5230263157895,260.8392857142857,261,262.4137931034483,263,262.4473684210527,261.60625
252.8437500000001,252.1736111111112,259.5738636363637,260.5098684210526,260.7678571428572,261,262.3793103448276,262.9375,262.421052631579,261.58125
252.9687500000001,252.2013888888889,259.5511363636364,260.4967105263158,260.8152173913044,261,262.3448275862069,262.875,262.3947368421053,261.55625
253.0937500000001,252.2291666666667,259.5284090909092,260.483552631579,260.9021739130435,261,262.3103448275862,262.8125,262.3684210526316,261.53125
253.2187500000001,252.2500000000001,259.5056818181819,260.4703947368421,260.9891304347826,261,262.2758620689655,262.75,262.3421052631579,261.50625
253.3437500000001,252.2500000000001,259.4829545454546,260.4572368421053,261.0760869565217,261,262.2413793103448,262.6875,262.3157894736842,261.48125
253.4687500000001,252.2500000000001,259.4602272727273,260.4440789473684,261.1630434782609,261,262.2068965517241,262.625,262.2894736842105,261.45625
253.5937500000001,252.2500000000001,259.4375000000001,260.4309210526316,261.25,261,262.1724137931034,262.5625,262.2631578947369,261.43125
253.7187500000001,252.3275862068966,259.4147727272727,260.4177631578947,261.3369565217391,261,262.1379310344828,262.5,262.2368421052631,261.40625
253.8214285714286,252.4310344827587,259.3920454545455,260.4046052631579,261.4239130434783,261,262.103448275862,262.4375,262.2105263157895,261.38125
253.9166666666667,252.5344827586207,259.3693181818182,260.391447368421,261.5108695652174,261,262.0689655172414,262.375,262.1842105263158,261.35625
254.0119047619048,252.6379310344828,259.346590909091,260.3782894736842,261.5978260869565,261,262.0344827586207,262.3125,262.1578947368421,261.33125
254.1071428571429,252.7413793103449,259.3238636363637,260.3651315789474,261.6847826086956,261,262,262.25,262.1315789473684,261.30625
254.202380952381,252.8448275862069,259.3011363636364,260.3519736842105,261.7381864623244,261,261.9545454545454,262.1875,262.1052631578947,261.28125
254.2976190476191,252.948275862069,259.2784090909091,260.3388157894736,261.690932311622,261,261.9090909090909,262.125,262.078947368421,261.25625
254.3928571428572,253.0517241379311,259.2556818181819,260.3256578947369,261.6436781609195,261,261.8636363636364,262.0625,262.0526315789473,261.1875
254.4880952380953,253.1551724137931,259.2366071428572,260.3125,261.5964240102171,261,261.8181818181818,262,262.0263157894737,261.1041666666666
254.5833333333334,253.2586206896552,259.2187500000001,260.2993421052631,261.5491698595147,261,261.7727272727273,261.8936170212766,262,261.0208333333334
254.6785714285715,253.3620689655173,259.2008928571429,260.2861842105264,261.5019157088122,261,261.7272727272727,261.7872340425532,261.904347826087,260.9375
254.7738095238096,253.4655172413794,259.1830357142858,260.2730263157895,261.4546615581098,261,261.6818181818182,261.6808510638298,261.8086956521739,260.8541666666666
254.8690476190476,253.5689655172415,259.1651785714286,260.2598684210526,261.4074074074074,261,261.6363636363636,261.5744680851064,261.7130434782609,260.7708333333334
254.9642857142858,253.6724137931035,259.1473214285715,260.2463235294118,261.360153256705,261,261.5909090909091,261.468085106383,261.6173913043478,260.15
255.0595238095239,253.7790697674419,259.1294642857143,260.2316176470588,261.3128991060025,261,261.5454545454545,261.3617021276596,261.5217391304348,259.35
255.154761904762,253.8953488372094,259.1116071428572,260.2169117647059,261.2656449553001,261,261.5,261.2553191489362,261.4260869565217,258.7361111111111
255.2500000000001,254.0116279069768,259.0937500000001,260.2022058823529,261.2183908045977,261,261.4545454545454,261.1489361702128,261.3304347826087,258.6805555555555
255.3452380952381,254.1279069767442,259.0758928571429,260.1875,261.1711366538953,260.9,261.4090909090909,261.0425531914894,261.2347826086957,258.625
255.4404761904763,254.2441860465117,259.0580357142858,260.1727941176471,261.1238825031928,260.8,261.3636363636364,260.936170212766,261.1391304347826,258.5694444444445
255.5357142857143,254.3604651162791,259.0401785714286,260.1580882352941,261.0766283524904,260.7,261.3181818181818,260.8297872340426,261.0434782608696,258.5138888888889
255.6309523809525,254.4767441860466,259.0223214285715,260.1433823529412,261.029374201788,260.6,261.2727272727273,260.7234042553191,260.9478260869565,258.4583333333333
255.7261904761905,254.593023255814,259.0044642857143,260.1286764705882,260.9821200510856,260.5,261.2272727272727,260.6170212765958,260.8521739130434,258.4027777777778
255.8461538461539,254.7093023255815,258.9866071428572,260.1139705882353,260.9348659003831,260.4,261.1818181818182,260.5106382978723,260.7565217391304,258.3472222222222
255.974358974359,254.8255813953489,258.9687500000001,260.0992647058823,260.8876117496807,260.3,261.1363636363636,260.4042553191489,260.6608695652174,258.2916666666667
256.1025641025642,254.9418604651163,258.9508928571429,260.0845588235294,260.8403575989782,260.2,261.0909090909091,260.2978723404256,260.5652173913043,258.2361111111111
256.2307692307693,255.0581395348838,258.9330357142858,260.0698529411765,260.7931034482758,260.1,261.0454545454546,260.1914893617021,260.4695652173913,258.1805555555555
256.3589743589744,255.1744186046512,258.9151785714286,260.0551470588235,260.7458492975734,260,261,260.0851063829787,260.3739130434783,258.125
256.4871794871796,255.2906976744187,258.8973214285715,260.0404411764706,260.698595146871,259.9850746268657,260.9285714285714,259.9787234042553,260.2782608695652,258.0694444444445
256.6153846153847,255.4069767441861,258.8794642857143,260.0257352941177,260.6513409961686,259.9701492537313,260.8571428571429,259.8723404255319,260.1826086956522,258.0138888888889
256.7435897435898,255.5232558139535,258.8616071428572,260.0110294117647,260.6040868454662,259.955223880597,260.7857142857143,259.7659574468085,260.0869565217391,257.9583333333334
256.871794871795,255.639534883721,258.8437500000001,259.9963235294118,260.5568326947637,259.9402985074627,260.7142857142857,259.6595744680851,259.9913043478261,257.9027777777778
257.0000000000001,255.7558139534884,258.8258928571429,259.9816176470588,260.5095785440613,259.9253731343284,260.6428571428571,259.5531914893617,259.895652173913,257.8472222222222
257.1282051282052,255.8720930232558,258.8080357142858,259.9669117647059,260.4623243933589,259.9104477611941,260.5714285714286,259.4468085106383,259.8,257.7916666666667
257.2564102564103,255.9883720930233,258.7901785714286,259.9522058823529,260.4150702426564,259.8955223880597,260.5,259.3404255319149,259.704347826087,257.7361111111111
257.3846153846155,256.1046511627908,258.7723214285715,259.9375,260.367816091954,259.8805970149253,260.4285714285714,259.2340425531915,259.6086956521739,257.6805555555555
257.5128205128206,256.2209302325582,258.7544642857143,259.9227941176471,260.3205619412516,259.865671641791,260.3571428571429,259.1276595744681,259.5130434782609,257.625
257.6410256410257,256.3076923076924,258.8100000000001,259.9080882352941,260.2733077905492,259.8507462686567,260.2857142857143,259.0212765957447,259.4173913043478,257.5694444444445
257.7692307692308,256.3846153846154,258.89,259.8933823529412,260.2260536398467,259.8358208955224,260.2142857142857,258.9148936170213,259.3217391304348,257.5138888888889
257.897435897436,256.4615384615386,258.97,259.8786764705882,260.1787994891443,259.8208955223881,260.1428571428571,258.8085106382979,259.2227272727273,257.4583333333333
258.0256410256411,256.5384615384616,259.0500000000001,259.8639705882353,260.1315453384419,259.8059701492538,260.0714285714286,258.7021276595744,259.1136363636364,257.4027777777778
258.1538461538462,256.6153846153846,259.1300000000001,259.8492647058823,260.0842911877394,259.7910447761194,260,258.5957446808511,259.0045454545455,257.3472222222222
258.2672413793104,256.6923076923077,259.2100000000001,259.8345588235294,260.037037037037,259.7761194029851,259.9285714285714,258.4893617021277,258.8954545454546,257.2916666666667
258.3362068965517,256.7692307692308,259.2900000000001,259.8198529411765,259.9897828863346,259.7611940298507,259.8571428571429,258.3829787234043,258.7863636363637,257.2265625
258.4051724137932,256.8461538461539,259.3700000000001,259.8051470588235,259.9425287356322,259.7446808510639,259.7857142857143,258.2765957446808,258.6772727272727,257.1328125
258.4741379310345,256.923076923077,259.45,259.7904411764706,259.8952745849297,259.7234042553191,259.7142857142857,258.1854304635762,258.5681818181818,257.0390625
258.5431034482759,257.0000000000001,259.53,259.7757352941177,259.8480204342273,259.7021276595744,259.6428571428571,258.0993377483443,258.4590909090909,256.9453125
258.6120689655173,257.0769230769232,259.6100000000001,259.7610294117647,259.8007662835249,259.6808510638298,259.5714285714286,258.0132450331126,258.35,256.8515625
258.6810344827587,257.1538461538462,259.6900000000001,259.75,259.7535121328225,259.6595744680851,259.5,257.9271523178808,258.2409090909091,256.7578125
258.7500000000001,257.2307692307693,259.7685185185186,259.75,259.7062579821201,259.6382978723404,259.4285714285714,257.841059602649,258.1318181818182,256.6640625
258.8189655172414,257.3076923076924,259.8425925925927,259.75,259.6590038314176,259.6170212765957,259.3571428571429,257.7549668874172,258.0227272727273,256.5703125
258.8879310344828,257.3846153846154,259.9166666666667,259.75,259.6117496807152,259.5957446808511,259.2857142857143,257.6688741721854,257.9136363636364,256.4765625
258.9568965517242,257.4615384615385,259.9907407407408,259.75,259.5644955300128,259.5744680851064,259.2142857142857,257.5827814569536,257.8045454545455,256.3828125
259.0258620689656,257.5384615384616,260.0648148148149,259.75,259.5172413793103,259.5531914893617,259.1428571428571,257.4966887417219,257.6954545454545,256.2890625
259.094827586207,257.6153846153846,260.138888888889,259.75,259.4699872286079,259.531914893617,259.0714285714286,257.4105960264901,257.5863636363636,256.1953125
259.1637931034484,257.6923076923077,260.212962962963,259.75,259.4227330779055,259.5106382978723,259,257.3245033112583,257.4772727272727,256.1015625
259.2327586206897,257.7391304347827,260.2870370370371,259.75,259.3754789272031,259.4893617021277,258.9830508474576,257.2384105960265,257.3681818181818,256.0078125
259.3017241379311,257.6956521739131,260.3611111111111,259.75,259.3282247765006,259.468085106383,258.9661016949153,257.1523178807947,257.2590909090909,255.9140625
259.3706896551725,257.6521739130436,260.4351851851852,259.75,259.2920479486142,259.4468085106383,258.9491525423729,257.0662251655629,257.15,255.8203125
259.4396551724138,257.608695652174,260.5092592592593,259.75,259.2606248791293,259.4255319148936,258.9322033898305,256.9801324503311,257.0409090909091,255.71
259.5086206896552,257.5652173913044,260.5833333333334,259.75,259.2292018096445,259.4042553191489,258.9152542372881,256.8940397350993,256.9318181818182,255.55
259.5775862068966,257.5217391304349,260.6574074074075,259.75,259.1977787401595,259.3829787234042,258.8983050847457,256.8079470198675,256.8227272727273,255.39
259.646551724138,257.4782608695653,260.7314814814815,259.75,259.1663556706746,259.3617021276596,258.8813559322033,256.7218543046358,256.7136363636364,255.23
259.7155172413794,257.4347826086957,260.6562500000001,259.75,259.1349326011897,259.3404255319149,258.864406779661,256.635761589404,256.6045454545455,255.07
259.7844827586208,257.3913043478261,260.5312500000001,259.75,259.1035095317049,259.3191489361702,258.8474576271186,256.5496688741722,256.4954545454545,254.91
259.8534482758621,257.3478260869566,260.4062500000001,259.75,259.07208646222,259.2978723404256,258.8305084745763,256.4635761589404,256.3863636363636,254.75
259.9224137931035,257.304347826087,260.2812500000001,259.75,259.0406633927352,259.2765957446808,258.8135593220339,256.3774834437086,256.2772727272727,254.59
259.9913793103449,257.2608695652174,260.3500000000001,259.75,259.0092403232503,259.2553191489362,258.7966101694915,256.2913907284768,256.1875,254.43
260.0603448275863,257.3125000000001,260.4833333333334,259.75,258.9778172537654,259.2325581395349,258.7796610169491,256.2052980132451,256.1041666666666,254.27
260.1293103448276,257.3958333333334,260.6166666666667,259.75,258.9463941842805,259.2093023255814,258.7627118644068,256.1192052980132,256.0208333333334,254.11
260.198275862069,257.4791666666667,260.7500000000001,259.75,258.9149711147956,259.1860465116279,258.7291666666667,256.0331125827814,255.9375,253.95
260.2732558139535,257.5625000000001,260.8833333333334,259.75,258.8835480453108,259.1627906976744,258.6458333333333,255.9470198675497,255.8541666666667,253.79
260.3662790697675,257.6458333333334,261.0166666666667,259.75,258.8521249758259,259.139534883721,258.5625,255.8609271523179,255.7708333333333,253.65625
260.4593023255815,257.7291666666667,261.15,259.75,258.820701906341,259.1162790697674,258.4791666666667,255.774834437086,255.6875,253.53125
260.5523255813954,257.8125000000001,261.2500000000001,259.75,258.7892788368561,259.0930232558139,258.3958333333333,255.6887417218543,255.6041666666667,253.40625
260.6453488372093,257.8958333333334,261.2500000000001,259.75,258.7578557673712,259.0697674418604,258.3125,255.6026490066225,255.5208333333333,253.28125
260.7383720930233,257.9791666666667,261.2500000000001,259.75,258.75,259.046511627907,258.2291666666667,255.5165562913907,255.4375,253.15625
260.8313953488372,258.0625000000001,261.2500000000001,259.75,258.75,259.0232558139535,258.1458333333333,255.4304635761589,255.3541666666667,253.03125
260.9244186046512,258.1458333333334,261.2500000000001,259.75,258.75,259,258.0625,255.3443708609271,255.2708333333333,252.90625
261.0174418604652,258.2291666666667,261.2500000000001,259.75,258.75,258.9767441860465,257.9791666666667,255.2582781456953,255.1838235294118,252.78125
261.1104651162792,258.3125000000001,261.2500000000001,259.75,258.75,258.953488372093,257.8958333333333,255.1721854304635,255.0955882352941,252.525
261.2034883720931,258.3958333333334,261.2500000000001,259.75,258.75,258.9302325581396,257.8125,255.0860927152318,255.0073529411765,252.225
261.296511627907,258.4791666666667,261.2500000000001,259.75,258.75,258.9069767441861,257.7592592592592,255,254.9191176470588,251.925
261.389534883721,258.5625000000001,261.2500000000001,259.75,258.75,258.8837209302326,257.7962962962963,254.9294605809128,254.8308823529412,251.625
261.4825581395349,258.6458333333334,261.2500000000001,259.75,258.75,258.860465116279,257.8333333333334,254.8589211618257,254.7426470588235,251.325
261.5755813953489,258.7291666666667,261.2500000000001,259.75,258.75,258.8372093023256,257.8703703703704,254.7883817427386,254.6544117647059,251.2142857142857
261.6686046511629,258.8461538461539,261.2500000000001,259.75,258.75,258.8139534883721,257.9074074074074,254.7178423236514,254.5661764705882,251.1666666666667
261.7616279069768,258.974358974359,261.2500000000001,259.75,258.75,258.7906976744186,257.9444444444445,254.6473029045643,254.4779411764706,251.1190476190476
261.8546511627908,259.1025641025641,261.2500000000001,259.75,258.75,258.7674418604651,257.9814814814815,254.5767634854772,254.3897058823529,251.0714285714286
261.9476744186047,259.2307692307693,261.2500000000001,259.75,258.75,258.75,258.0185185185185,254.50622406639,254.3014705882353,251.0238095238095
262.0406976744187,259.3589743589744,261.2500000000001,259.75,258.75,258.75,258.0555555555555,254.4356846473029,254.2132352941176,250.9761904761905
262.1337209302326,259.4871794871795,261.2500000000001,259.7758620689655,258.75,258.75,258.0925925925926,254.3651452282157,254.125,250.9285714285714
262.2267441860466,259.6153846153846,261.2500000000001,259.8103448275862,258.75,258.75,258.1296296296296,254.2946058091286,254.0367647058824,250.8809523809524
262.265306122449,259.7435897435898,261.2500000000001,259.8448275862069,258.75,258.75,258.1666666666667,254.2240663900415,253.9485294117647,250.8333333333333
262.2857142857143,259.8717948717949,261.2622950819673,259.8793103448276,258.75,258.75,258.2037037037037,254.1535269709543,253.8602941176471,250.7857142857143
262.3061224489796,260.0000000000001,261.3114754098361,259.9137931034483,258.75,258.75,258.2407407407408,254.0829875518672,253.7720588235294,250.6428571428571
262.3265306122449,260.1282051282052,261.360655737705,259.948275862069,258.75,258.75,258.25,254.01244813278,253.6838235294118,250.2142857142857
262.3469387755102,260.2564102564103,261.4098360655738,259.9827586206897,258.75,258.75,258.25,253.9419087136929,253.5955882352941,249.7857142857143
262.3673469387755,260.3846153846155,261.4590163934427,260.0172413793103,258.75,258.75,258.25,253.8713692946058,253.5073529411765,249.3571428571429
262.3877551020409,260.5128205128206,261.5081967213115,260.051724137931,258.75,258.75,258.25,253.8008298755187,253.4191176470588,249.1206896551724
262.4081632653062,260.6410256410257,261.5573770491804,260.0862068965517,258.75,258.75,258.25,253.7302904564315,253.3308823529412,248.948275862069
262.4285714285714,260.7692307692308,261.6065573770492,260.1206896551724,258.75,258.75,258.25,253.6597510373444,253.2426470588235,248.7758620689655
262.4489795918368,260.897435897436,261.6557377049181,260.1551724137931,258.75,258.75,258.25,253.5892116182573,253.1544117647059,248.6034482758621
262.4693877551021,261.0256410256411,261.704918032787,260.1896551724138,258.75,258.75,258.25,253.5186721991701,253.0661764705882,248.4310344827586
262.4897959183674,261.1538461538462,261.7540983606558,260.2241379310345,258.75,258.75,258.25,253.4481327800829,252.9779411764706,248.2586206896552
262.5102040816327,261.2608695652174,261.8032786885246,260.2586206896552,258.75,258.75,258.25,253.3775933609958,252.889705882353,248.0862068965517
262.530612244898,261.304347826087,261.8524590163935,260.2931034482759,258.75,258.75,258.25,253.3070539419087,252.8014705882353,247.9137931034483
262.5510204081633,261.3478260869566,261.9016393442623,260.3275862068966,258.75,258.75,258.2359550561798,253.2365145228216,252.7132352941177,247.7413793103448
262.5714285714286,261.3913043478261,261.9508196721312,260.3620689655172,258.75,258.75,258.1797752808989,253.1659751037344,252.625,247.5689655172414
262.5918367346939,261.4347826086957,262.0000000000001,260.3965517241379,258.75,258.75,258.123595505618,253.0954356846473,252.5367647058823,247.3965517241379
262.6122448979593,261.4782608695652,262.0491803278689,260.4310344827586,258.75,258.75,258.0674157303371,253.0248962655602,252.4485294117647,247.2241379310345
262.6326530612246,261.5217391304349,262.0983606557377,260.4655172413793,258.75,258.75,258.0112359550562,252.954356846473,252.360294117647,247.051724137931
262.6530612244899,261.5652173913044,262.1475409836066,260.5,258.75,258.75,257.9550561797753,252.8838174273859,252.2720588235294,246.8793103448276
262.6734693877552,261.608695652174,262.1967213114755,260.5344827586207,258.75,258.75,257.8988764044944,252.8132780082987,252.16,246.7261904761905
262.6938775510205,261.6521739130436,262.2459016393443,260.5689655172414,258.75,258.7384615384615,257.8426966292135,252.7427385892116,252.04,246.6309523809524
262.7142857142858,261.6956521739131,262.2950819672132,260.6034482758621,258.75,258.6923076923077,257.7865168539326,252.6721991701245,251.92,246.5357142857143
262.7346938775511,261.7391304347827,262.344262295082,260.6379310344828,258.75,258.6461538461539,257.7303370786517,252.6016597510373,251.8,246.4404761904762
262.7586206896552,261.7826086956522,262.3934426229509,260.6724137931034,258.75,258.6,257.6741573033707,252.5311203319502,251.68,246.3452380952381
262.7931034482759,261.8260869565218,262.4426229508197,260.7068965517241,258.75,258.5538461538462,257.6179775280899,252.4605809128631,251.56,246.25
262.8275862068966,261.8695652173914,262.4918032786886,260.7413793103448,258.75,258.5076923076923,257.561797752809,252.3900414937759,251.44,246.1547619047619
262.8620689655173,261.9130434782609,262.5409836065574,260.7758620689655,258.75,258.4615384615385,257.5056179775281,252.3195020746888,251.32,246.0595238095238
262.896551724138,261.9565217391305,262.5901639344263,260.8103448275862,258.75,258.4153846153847,257.4494382022472,252.2489626556016,251.2,245.9642857142857
262.9310344827587,262.0000000000001,262.6393442622951,260.8448275862069,258.75,258.3692307692307,257.3932584269663,252.1784232365145,251.08,245.8690476190476
262.9655172413794,262.0434782608696,262.688524590164,260.8793103448276,258.75,258.3230769230769,257.3370786516854,252.1078838174274,250.96,245.7738095238095
263.0000000000001,262.0869565217392,262.7377049180328,260.9137931034483,258.75,258.2769230769231,257.2808988764045,252.0373443983403,250.84,245.5
263.0344827586207,262.1304347826087,262.8437500000001,260.948275862069,258.75,258.2307692307692,257.2247191011236,251.9668049792531,250.72,245.1666666666667
263.0689655172415,262.1739130434783,262.9687500000001,260.9827586206897,258.75,258.1846153846154,257.1685393258427,251.896265560166,250.6,244.8333333333333
263.1034482758621,262.2173913043479,263.0937500000001,261.0172413793103,258.75,258.1384615384616,257.1123595505618,251.8257261410789,250.48,244.5
263.1379310344828,262.2702702702703,263.2187500000001,261.051724137931,258.75,258.0923076923077,257.0561797752809,251.7551867219917,250.36,244.1666666666667
263.1724137931035,262.3513513513514,263.3437500000001,261.0862068965517,258.75,258.0461538461539,257,251.6846473029046,250.24,243.8333333333333
263.2068965517242,262.4324324324325,263.4687500000001,261.1206896551724,258.75,258,257,251.6141078838174,250.12,243.5
263.2413793103449,262.5135135135135,263.5937500000001,261.1551724137931,258.75,258,257,251.5435684647303,250,243.235294117647
263.2758620689656,262.5945945945946,263.7187500000001,261.1896551724138,258.75,258,257,251.4730290456432,249.88,243.1764705882353
263.3103448275863,262.6756756756757,263.8437500000001,261.2241379310345,258.75,258,257,251.402489626556,249.76,243.1176470588235
263.344827586207,262.7567567567568,263.9687500000001,261.3076923076923,258.75,258,257,251.3319502074689,249.64,243.0588235294118
263.3793103448277,262.8378378378379,264.0937500000001,261.5384615384615,258.75,258,257,251.2614107883817,249.52,243
263.4137931034484,262.918918918919,264.2187500000001,261.7692307692308,259.05,258,257,251.1908713692946,249.4,242.9411764705882
263.4482758620691,263.0000000000001,264.3437500000001,262,259.45,258,257,251.1203319502075,249.28,242.8823529411765
263.4827586206897,263.0810810810812,264.4687500000001,262.2307692307692,259.7616279069767,258,257,251.0497925311203,249.1933962264151,242.8235294117647
263.5172413793104,263.1621621621622,264.5937500000001,262.4615384615385,259.8081395348837,258,257,250.9792531120332,249.1179245283019,242.7647058823529
263.5517241379311,263.2432432432433,264.7187500000001,262.6923076923077,259.8546511627907,258,257,250.9087136929461,249.0424528301887,242.5625
263.5862068965517,263.3243243243244,264.7500000000001,262.7941176470588,259.9011627906976,258,257,250.8381742738589,248.9669811320755,242.3125
263.6206896551724,263.4054054054055,264.7500000000001,262.8529411764706,259.9476744186047,258,257,250.7676348547718,248.8915094339623,242.0625
263.6551724137931,263.4864864864866,264.7500000000001,262.9117647058823,259.9941860465116,258,257,250.6486486486487,248.8160377358491,241.8125
263.6896551724138,263.5675675675676,264.7500000000001,262.9705882352941,260.0406976744186,258,257,250.5135135135135,248.7405660377358,241.5625
263.7241379310345,263.6486486486487,264.7500000000001,263.0294117647059,260.0872093023256,258,257,250.3783783783784,248.6650943396226,241.3125
263.7282608695652,263.7297297297298,264.7500000000001,263.0882352941176,260.1337209302325,258.0384615384615,257,250.2432432432433,248.5896226415094,240.9166666666667
263.6413043478261,263.7500000000001,264.7500000000001,263.1470588235294,260.1802325581396,258.0769230769231,257,250.1081081081081,248.5141509433962,240.4722222222222
263.554347826087,263.7500000000001,264.7500000000001,263.2058823529412,260.2267441860465,258.1153846153846,257,249.972972972973,248.438679245283,240.0277777777778
263.4673913043479,263.7500000000001,264.7500000000001,263.2647058823529,260.2732558139535,258.1538461538461,257,249.8378378378379,248.3632075471698,239.5833333333333
263.3804347826087,263.7500000000001,264.7500000000001,263.3235294117647,260.3197674418604,258.1923076923077,257,249.7027027027027,248.2877358490566,239.2
263.2934782608696,263.7500000000001,264.7500000000001,263.3823529411765,260.3662790697674,258.2307692307692,257,249.5675675675676,248.2122641509434,239
263.2065217391305,263.7500000000001,264.7672413793105,263.4411764705882,260.4127906976744,258.2692307692308,257,249.4324324324324,248.1367924528302,238.8
263.1195652173914,263.7500000000001,264.8362068965517,263.5,260.4593023255814,258.3076923076923,257,249.2972972972973,248.061320754717,238.6
263.0326086956522,263.7500000000001,264.9051724137932,263.5588235294118,260.5058139534884,258.3461538461539,257,249.1621621621622,247.9858490566038,238.4
262.9456521739131,263.7500000000001,264.9741379310345,263.6176470588235,260.5523255813953,258.3846153846154,257,249.027027027027,247.9103773584906,238.2
262.858695652174,263.7500000000001,265.0431034482759,263.6764705882353,260.5988372093023,258.4230769230769,257,248.8918918918919,247.8349056603774,238
262.7717391304349,263.7500000000001,265.1120689655173,263.7352941176471,260.6453488372093,258.4615384615385,257.0384615384615,248.7567567567568,247.7594339622642,237.8
262.725806451613,263.7500000000001,265.1810344827587,263.7941176470588,260.6918604651163,258.5,257.0769230769231,248.6216216216216,247.6839622641509,237.45
262.6935483870968,263.7500000000001,265.2500000000001,263.8529411764706,260.7383720930233,258.5384615384615,257.1153846153846,248.4864864864865,247.6084905660377,237.05
262.6612903225807,263.7500000000001,265.3189655172414,263.9117647058823,260.9375,258.5769230769231,257.1538461538461,248.3513513513514,247.5330188679245,236.65
262.6290322580646,263.7421875000001,265.3879310344828,263.9705882352941,261.1875,258.6153846153846,257.1923076923077,248.2162162162162,247.4575471698113,236.25
262.5967741935485,263.7109375000001,265.4568965517242,264.0294117647059,261.28,258.6538461538461,257.2307692307692,248.0810810810811,247.3820754716981,235.85
262.5645161290323,263.6796875000001,265.5258620689656,264.0882352941177,261.32,258.6923076923077,257.2692307692308,247.9459459459459,247.3066037735849,235.45
262.5322580645162,263.6484375000001,265.594827586207,264.1470588235294,261.36,258.7307692307692,257.3076923076923,247.8108108108108,247.2040816326531,235.05
262.5000000000001,263.6171875000001,265.6637931034484,264.2058823529412,261.4,258.7692307692308,257.3461538461539,247.6756756756757,247.0204081632653,234.7272727272727
262.4677419354839,263.5859375000001,265.7327586206897,264.2604166666667,261.44,258.8076923076923,257.3846153846154,247.5405405405405,246.8367346938775,234.6363636363636
262.4354838709678,263.5546875000001,265.8017241379311,264.3020833333333,261.48,258.8461538461539,257.4230769230769,247.4054054054054,246.6530612244898,234.5454545454545
262.4032258064517,263.5234375000001,265.8706896551724,264.34375,261.52,258.8846153846154,257.4615384615385,247.2702702702703,246.469387755102,234.4545454545455
262.3709677419355,263.4921875000001,265.9396551724138,264.3854166666667,261.56,258.9230769230769,257.5,247.1351351351351,246.2857142857143,234.3636363636364
262.3387096774194,263.4609375000001,266.0086206896552,264.4270833333333,261.6,258.9615384615385,257.5384615384615,247,246.1020408163266,234.2727272727273
262.3064516129033,263.4296875000001,266.0775862068966,264.46875,261.64,259,257.5769230769231,246.8692307692308,245.9183673469388,234.1875
262.2741935483871,263.3984375000001,266.146551724138,264.5104166666666,261.68,259.0909090909091,257.6153846153846,246.7384615384615,245.734693877551,234.1041666666667
262.2115384615385,263.3671875000001,266.2155172413794,264.5520833333334,261.72,259.1818181818182,257.6538461538462,246.6076923076923,245.5510204081633,234.0208333333333
262.0576923076924,263.3359375000001,266.2844827586208,264.59375,261.7604166666667,259.2727272727273,257.6923076923077,246.4769230769231,245.3673469387755,233.9375
261.9038461538462,263.3046875000001,266.3534482758621,264.6354166666666,261.8020833333333,259.3636363636364,257.7307692307692,246.3461538461538,245.1836734693878,233.8541666666667
261.7500000000001,263.2734375000001,266.4224137931035,264.6770833333334,261.84375,259.4545454545454,257.7692307692308,246.2153846153846,245,233.7708333333333
261.5961538461539,263.2380952380953,266.4913793103449,264.71875,261.8854166666667,259.5454545454546,257.8076923076923,246.0846153846154,244.8163265306123,233.6136363636364
261.4423076923077,263.1904761904763,266.5603448275863,264.7604166666666,261.9270833333333,259.6363636363636,257.8461538461538,245.9538461538461,244.6326530612245,233.4318181818182
261.2884615384616,263.1428571428572,266.6293103448277,264.8020833333334,261.96875,259.7272727272727,257.8846153846154,245.8230769230769,244.4489795918367,233.25
261.1346153846155,263.0952380952381,266.698275862069,264.84375,262.0104166666667,259.8181818181818,257.9230769230769,245.6923076923077,244.265306122449,233.0681818181818
260.9807692307693,263.0476190476191,266.7651515151516,264.8854166666666,262.0520833333333,259.9090909090909,257.9615384615385,245.5615384615385,244.0816326530612,232.8863636363636
260.8269230769232,263.0000000000001,266.8257575757576,264.9270833333334,262.09375,260,258,245.4307692307692,243.8979591836735,232.7045454545454
260.673076923077,262.952380952381,266.8863636363637,264.96875,262.1354166666667,260.0909090909091,258,245.3,243.7142857142857,232.5227272727273
260.5192307692308,262.904761904762,266.9469696969697,265.0104166666666,262.1770833333333,260.1818181818182,258,245.1692307692308,243.530612244898,232.3409090909091
260.3653846153846,262.8571428571429,267.0075757575758,265.0520833333334,262.21875,260.2727272727273,258,245.0384615384615,243.3469387755102,232.1590909090909
260.1944444444445,262.8095238095239,267.0681818181819,265.09375,262.294776119403,260.3636363636364,258,244.9076923076923,243.1632653061225,231.9772727272727
259.9722222222223,262.7619047619048,267.1287878787879,265.1354166666666,262.4738805970149,260.4545454545454,258,244.7769230769231,242.9795918367347,231.7954545454546
259.7500000000001,262.8289473684211,267.189393939394,265.1770833333334,262.6529850746269,260.5454545454546,258,244.6461538461539,242.7959183673469,231.609375
259.5277777777778,262.9342105263158,267.2500000000001,265.21875,262.8320895522388,260.6363636363636,258,244.5153846153846,242.5454545454545,231.421875
259.3055555555557,263.0394736842106,267.3106060606061,265.2807017543859,263.0111940298507,260.7272727272727,258,244.3846153846154,242.2727272727273,231.234375
259.0833333333334,263.1447368421053,267.3712121212122,265.4035087719298,263.1902985074627,260.8181818181818,258,244.2538461538462,242,231.046875
258.8611111111111,263.2500000000001,267.4318181818182,265.5263157894736,263.3694029850747,260.9090909090909,258,244.123076923077,241.7272727272727,230.859375
258.638888888889,263.3552631578948,267.4924242424243,265.6491228070175,263.5485074626866,261,258,243.9923076923077,241.4545454545454,230.671875
258.4166666666667,263.4605263157895,267.5530303030304,265.7719298245614,263.7276119402985,261.1052631578947,258,243.8615384615385,241.1818181818182,230.484375
258.2096774193549,263.5657894736843,267.6136363636364,265.8947368421053,263.9067164179104,261.2105263157895,258,243.7307692307693,240.9090909090909,230.296875
258.0483870967743,263.671052631579,267.6742424242425,266.0175438596491,264.0858208955224,261.3157894736842,258,243.6,240.6363636363636,230
257.8870967741937,263.76,267.7348484848486,266.140350877193,264.2649253731344,261.421052631579,258,243.4692307692308,240.3636363636364,229.6666666666667
257.7258064516129,263.8000000000001,267.9285714285715,266.2631578947369,264.4440298507463,261.5263157894737,258,243.3384615384615,240.0909090909091,229.3333333333333
257.5645161290323,263.84,268.1666666666667,266.3859649122807,264.6231343283582,261.6315789473684,258,243.2076923076923,239.8181818181818,229
257.4032258064516,263.8800000000001,268.4047619047619,266.5087719298245,264.8022388059701,261.7368421052632,258,243.0769230769231,239.5454545454545,228.6666666666667
257.241935483871,263.92,268.6428571428572,266.6315789473684,264.9813432835821,261.8421052631579,258,242.9461538461538,239.2727272727273,228.3333333333333
257.0806451612903,263.96,268.8809523809524,266.7543859649123,265.160447761194,261.9473684210526,258,242.8153846153846,239,228
