202.111111111111,206.6105263157894,207.8399999999999,209.4615384615384,209.7142857142856,209.758064516129,209.7571428571428,203.8775510204081,204.0675675675675,202.590909090909
202.2222222222221,206.7894736842105,207.97,209.6263736263736,209.8571428571428,209.8548387096774,209.8714285714285,203.938775510204,204.2027027027027,202.6818181818181
202.3333333333333,206.9684210526315,208.0999999999999,209.780487804878,209.9999999999999,209.9516129032258,209.9857142857142,203.9999999999999,204.3378378378378,202.7727272727272
202.4444444444444,207.1473684210526,208.2299999999999,209.9024390243902,210.1428571428571,210.0483870967741,210.0999999999999,204.2602739726027,204.4729729729729,202.8636363636363
202.5555555555555,207.3263157894736,208.36,210.0243902439024,210.2857142857142,210.1451612903225,210.2142857142857,204.5205479452054,204.6081081081081,202.9545454545454
202.6666666666666,207.5052631578947,208.4899999999999,210.1463414634146,210.4285714285714,210.2419354838709,210.3285714285714,204.7808219178082,204.7432432432432,203.0454545454545
202.7777777777777,207.6842105263157,208.6199999999999,210.2682926829268,210.5714285714285,210.3387096774193,210.4428571428571,205.0410958904109,204.8783783783783,203.1363636363636
202.8888888888888,207.8631578947368,208.7499999999999,210.390243902439,210.7142857142857,210.4354838709677,210.5571428571428,205.3013698630137,205.0135135135135,203.2272727272727
202.9999999999999,208.0421052631579,208.9034090909091,210.5121951219512,210.8571428571428,210.5322580645161,210.6714285714285,205.5616438356164,205.1486486486486,203.4293478260869
203.1818181818181,208.2210526315789,209.0568181818181,210.6341463414633,210.9999999999999,210.6290322580645,210.7857142857142,205.8219178082191,205.275641025641,203.6684782608695
203.3636363636363,208.3999999999999,209.2102272727272,210.7560975609755,211.0499999999999,210.7258064516128,210.8999999999999,206.0821917808219,205.3782051282051,203.9076086956521
203.5454545454545,208.578947368421,209.3636363636363,210.8780487804877,211.0999999999999,210.84375,211.0142857142856,206.3424657534246,205.4807692307692,204.1467391304347
203.7272727272727,208.757894736842,209.5170454545454,210.9999999999999,211.1499999999999,210.9687499999999,211.1285714285714,206.6027397260273,205.5833333333333,204.3858695652173
203.9090909090908,208.9368421052631,209.6704545454545,211.1219512195121,211.1999999999999,211.0937499999999,211.2428571428571,206.8630136986301,205.6858974358974,204.6249999999999
204.090909090909,209.1157894736841,209.8238636363636,211.2439024390243,211.2499999999999,211.2187499999999,211.3571428571428,207.1232876712328,205.7884615384615,204.8641304347826
204.2727272727272,209.2749999999999,209.9772727272726,211.3658536585365,211.2999999999999,211.3437499999999,211.4714285714285,207.3835616438355,205.8910256410256,205.1032608695652
204.4545454545454,209.3749999999999,210.1306818181817,211.4878048780487,211.3499999999999,211.4687499999999,211.5227272727272,207.6438356164383,205.9935897435897,205.3423913043478
204.6363636363636,209.475,210.2840909090908,211.6097560975609,211.3999999999999,211.5937499999999,211.5530303030303,207.904109589041,206.0961538461538,205.5815217391304
204.8181818181818,209.5749999999999,210.4374999999999,211.7317073170731,211.4499999999999,211.7187499999999,211.5833333333333,208.1643835616438,206.1987179487179,205.820652173913
204.9999999999999,209.675,210.590909090909,211.8536585365853,211.4999999999999,211.8437499999999,211.6136363636363,208.4246575342465,206.301282051282,206.0491071428571
205.1428571428571,209.7857142857142,210.7443181818181,211.9756097560975,211.55,211.9687499999999,211.6439393939393,208.6849315068493,206.4038461538461,206.2455357142857
205.2857142857142,209.9285714285714,210.8977272727272,212.0975609756097,211.6,212.0937499999999,211.6742424242424,208.8499999999999,206.5064102564102,206.4419642857142
205.4285714285714,210.0714285714285,211.0511363636363,212.2195121951219,211.6499999999999,212.2187499999999,211.7045454545454,208.9833333333333,206.6089743589743,206.6383928571428
205.5714285714285,210.2142857142857,211.2045454545454,212.3281249999999,211.6999999999999,212.3437499999999,211.7348484848484,209.1166666666666,206.7115384615384,206.8348214285714
205.7142857142857,210.3571428571428,211.3579545454544,212.4322916666666,211.7499999999999,212.4687499999999,211.7651515151514,209.2499999999999,206.8141025641025,207.0312499999999
205.8571428571428,210.4999999999999,211.5113636363635,212.5364583333333,211.8,212.5937499999999,211.7954545454545,209.3833333333333,206.9166666666666,207.2276785714285
205.9999999999999,210.6428571428571,211.6647727272726,212.6406249999999,211.85,212.7187499999999,211.8257575757575,209.5166666666666,207.0192307692307,207.4241071428571
206.1428571428571,210.7857142857142,211.8181818181817,212.7447916666666,211.8999999999999,212.801724137931,211.8560606060606,209.6499999999999,207.1217948717948,207.6205357142857
206.2857142857142,210.9285714285714,211.9715909090908,212.8489583333333,211.95,212.8706896551724,211.8863636363636,209.7697368421052,207.2243589743589,207.8169642857142
206.4285714285714,211.0714285714285,212.1249999999999,212.9531249999999,211.9999999999999,212.9396551724138,211.9166666666666,209.8486842105262,207.3888888888888,208.0133928571428
206.5714285714285,211.2142857142857,212.6249999999999,213.0572916666666,212.1460674157303,213.0086206896551,211.9469696969696,209.9276315789473,207.574074074074,208.2098214285714
206.7142857142856,211.3571428571428,213.1249999999999,213.1614583333333,212.2921348314606,213.0775862068965,211.9772727272727,210.0065789473684,207.7592592592592,208.4062499999999
206.8571428571428,211.4999999999999,213.1866438356163,213.2656249999999,212.438202247191,213.1465517241379,212.0384615384615,210.0855263157894,207.9444444444444,208.6026785714285
206.9999999999999,211.6428571428571,213.2482876712328,213.3697916666666,212.5842696629213,213.2155172413792,212.1923076923077,210.1644736842105,208.1296296296296,208.7654320987654
207.1666666666666,211.7888888888889,213.3099315068492,213.4739583333333,212.7303370786516,213.2844827586206,212.3461538461538,210.2434210526315,208.3148148148148,208.8271604938271
207.3333333333333,211.9444444444444,213.3715753424657,213.5781249999999,212.876404494382,213.353448275862,212.4999999999999,210.3223684210526,208.4999999999999,208.8888888888888
207.4999999999999,212.1,213.4332191780821,213.6822916666666,213.0224719101123,213.4224137931034,212.6538461538461,210.4013157894736,208.6851851851851,208.9506172839506
207.6666666666666,212.2555555555555,213.4948630136986,213.7864583333333,213.1685393258426,213.4913793103448,212.8076923076923,210.4802631578947,208.8703703703703,209.0123456790123
207.8333333333333,212.4111111111111,213.556506849315,213.8906249999999,213.314606741573,213.5603448275862,212.9615384615384,210.5592105263157,209.0555555555555,209.074074074074
207.9999999999999,212.5666666666666,213.6181506849314,213.9947916666666,213.4606741573033,213.6293103448275,213.1153846153846,210.6381578947368,209.2407407407407,209.1358024691357
208.1666666666666,212.7222222222222,213.6797945205479,214.0989583333333,213.6067415730337,213.6982758620689,213.2692307692307,210.7171052631578,209.4259259259259,209.1975308641975
208.3333333333333,212.8777777777777,213.7414383561643,214.2031249999999,213.752808988764,213.7740384615384,213.4230769230768,210.7960526315789,209.6111111111111,209.2592592592592
208.4999999999999,213.0333333333332,213.8030821917808,214.3072916666666,213.8988764044943,213.8701923076923,213.576923076923,210.8749999999999,209.7840909090909,209.3209876543209
208.6666666666666,213.1888888888888,213.8647260273972,214.4114583333333,214.0449438202247,213.9663461538461,213.7307692307692,210.953947368421,209.9204545454545,209.3827160493827
208.8333333333333,213.3444444444444,213.9263698630137,214.5156249999999,214.191011235955,214.0625,213.8846153846153,211.032894736842,210.0568181818181,209.4691430586575
208.9999999999999,213.4999999999999,213.9880136986301,214.6197916666666,214.3370786516853,214.1586538461538,214.0099999999999,211.1118421052631,210.1931818181818,209.6155267090967
209.1666666666666,213.6555555555555,214.0496575342466,214.7239583333333,214.4831460674157,214.2548076923077,214.05,211.1907894736842,210.3295454545454,209.7619103595358
209.3333333333333,213.811111111111,214.111301369863,214.7499999999999,214.629213483146,214.3509615384615,214.0899999999999,211.2708333333333,210.465909090909,209.908294009975
209.4999999999999,213.9666666666666,214.1729452054794,214.7499999999999,214.7752808988764,214.4471153846153,214.1299999999999,211.3541666666666,210.6022727272727,210.054677660414
209.6666666666666,214.1222222222221,214.2345890410959,214.7499999999999,214.9213483146067,214.5432692307692,214.17,211.4374999999999,210.7386363636363,210.2010613108532
209.8333333333333,214.2777777777777,214.7916666666666,214.7499999999999,215.067415730337,214.639423076923,214.21,211.5208333333333,210.8749999999999,210.3474449612923
209.9999999999999,214.4333333333333,215.5138888888888,214.7499999999999,215.2134831460673,214.7355769230769,214.2499999999999,211.6041666666666,211.0113636363636,210.4938286117315
210.1176470588235,214.5888888888888,215.8958333333332,214.7499999999999,215.3275862068965,214.8317307692307,214.2899999999999,211.6874999999999,211.1477272727272,210.6402122621706
210.235294117647,214.7444444444444,215.9374999999999,214.7499999999999,215.4310344827585,214.9278846153846,214.3299999999999,211.7708333333333,211.2851562499999,210.7735849056603
210.3529411764705,214.8999999999999,215.9791666666665,214.7499999999999,215.5344827586206,215.0240384615384,214.3699999999999,211.8541666666666,211.4257812499999,210.8679245283018
210.4705882352941,215.0555555555555,216.0208333333332,214.7499999999999,215.6379310344827,215.1201923076923,214.4099999999999,211.9374999999999,211.5664062499999,210.9622641509434
210.5882352941176,215.2111111111111,216.0624999999999,214.7499999999999,215.7413793103448,215.2163461538461,214.4499999999999,212.0208333333333,211.7070312499999,211.0566037735848
210.7058823529411,215.1666666666666,216.1041666666665,214.7499999999999,215.8448275862069,215.3124999999999,214.49,212.1041666666666,211.8476562499999,211.1509433962264
210.8235294117646,215.0555555555555,216.1458333333332,214.7499999999999,215.9482758620689,215.4086538461538,214.5681818181818,212.1874999999999,211.9882812499999,211.2452830188679
210.9411764705882,214.9444444444444,216.1874999999999,214.8513513513513,216.051724137931,215.5048076923077,214.6590909090909,212.2708333333333,212.1289062499999,211.3396226415094
211.0588235294117,214.8333333333333,216.2291666666666,214.9864864864864,216.155172413793,215.6009615384615,214.7499999999999,212.3541666666666,212.26953125,211.4339622641509
211.1764705882352,214.8035714285714,216.2708333333333,215.1216216216216,216.2586206896551,215.6971153846153,214.840909090909,212.4374999999999,212.4101562499999,211.5283018867924
211.2941176470588,215.0178571428571,216.3124999999999,215.2567567567567,216.3620689655172,215.7932692307692,214.9318181818181,212.5208333333333,212.5507812499999,211.6226415094339
211.4117647058823,215.2321428571428,216.3541666666666,215.3918918918918,216.4655172413792,215.889423076923,214.9886363636363,212.6041666666666,212.6914062499999,211.7169811320754
211.5294117647058,215.4464285714285,216.3958333333333,215.527027027027,216.5689655172413,215.9855769230769,214.9431818181818,212.6874999999999,212.8320312499999,211.8113207547169
211.6470588235294,215.6607142857142,216.4374999999999,215.6621621621621,216.6724137931034,216.0817307692307,214.8977272727272,212.8152173913043,212.9726562499999,211.9056603773584
211.7647058823529,215.8749999999999,216.4791666666666,215.7972972972973,216.7142857142857,216.1778846153846,214.8522727272727,213.0760869565217,213.1132812499999,211.9999999999999
211.8823529411764,216.0892857142857,216.5208333333333,215.9324324324324,216.5714285714285,216.2763157894736,214.8068181818181,213.3369565217391,213.2539062499999,212.1176470588235
211.9999999999999,216.2777777777777,216.5624999999999,216.0675675675675,216.4285714285714,216.3815789473684,214.7613636363636,213.5978260869565,213.3945312499999,212.235294117647
212.1052631578947,216.3888888888889,216.6041666666666,216.2027027027027,216.2857142857142,216.4868421052631,214.7124999999999,213.8586956521739,213.5351562499999,212.3529411764706
212.2105263157894,216.4999999999999,216.6458333333333,216.3378378378378,216.1428571428571,216.5921052631579,214.6625,214.1195652173912,213.6757812499999,212.4705882352941
212.3157894736841,216.611111111111,216.6874999999999,216.4729729729729,215.9999999999999,216.6973684210526,214.6125,214.3804347826086,213.8164062499999,212.5882352941176
212.4210526315789,216.7222222222222,216.7291666666666,216.6081081081081,215.8571428571428,216.8026315789473,214.5624999999999,214.641304347826,213.9570312499999,212.7058823529411
212.5263157894736,216.8333333333333,216.861111111111,216.7432432432432,215.7792207792207,216.9078947368421,214.5125,214.9021739130434,214.0976562499999,212.8235294117646
212.6315789473684,216.9444444444444,217.0833333333333,216.8783783783783,215.8961038961039,217.0131578947368,214.9090909090908,215.1630434782608,214.2382812499999,212.9411764705882
212.7368421052631,217.0555555555555,217.3055555555555,217.0135135135135,216.0129870129869,217.1184210526315,215.4545454545454,215.4239130434782,214.3789062499999,213.0588235294117
212.8421052631579,217.1666666666666,217.5277777777777,217.1486486486486,216.1298701298701,217.2236842105262,215.9999999999999,215.6847826086956,214.5195312499999,213.4092205323194
212.9473684210526,217.2583333333333,217.7499999999999,217.2702702702702,216.2467532467532,217.2499999999999,216.5454545454545,215.8214285714285,214.6601562499999,213.8217680608365
213.0526315789473,217.2916666666666,217.7499999999999,217.3513513513513,216.3636363636363,217.2499999999999,217.090909090909,215.9166666666666,214.8007812499999,214.2343155893536
213.1578947368421,217.3249999999999,217.7499999999999,217.4324324324324,216.4805194805194,217.2499999999999,217.4999999999999,216.0119047619047,214.9414062499999,214.6468631178707
213.2631578947368,217.3583333333333,217.7499999999999,217.5135135135134,216.5974025974025,217.2499999999999,217.4999999999999,216.1071428571428,215.0820312499999,214.8365384615384
213.3684210526315,217.3916666666666,217.7499999999999,217.5945945945945,216.7142857142857,217.2499999999999,217.4999999999999,216.2023809523809,215.2226562499999,214.951923076923
213.4736842105262,217.425,217.7499999999999,217.6756756756756,216.8311688311688,217.2499999999999,217.4999999999999,216.297619047619,215.3632812499999,215.0673076923077
213.578947368421,217.4583333333333,217.7499999999999,217.7567567567567,216.9480519480519,217.2499999999999,217.4999999999999,216.3928571428571,215.5039062499999,215.1826923076923
213.6842105263158,217.4916666666666,217.7499999999999,217.8378378378378,217.064935064935,217.2499999999999,217.4999999999999,216.4880952380952,215.6445312499999,215.2980769230768
213.7894736842105,217.5249999999999,217.7499999999999,217.9189189189188,217.1818181818181,217.2499999999999,217.5351562499999,216.5833333333333,215.7763157894736,215.4134615384615
213.8947368421052,217.5583333333333,217.590909090909,217.9999999999999,217.2987012987012,217.2499999999999,217.5820312499999,216.6785714285714,215.8815789473684,215.5288461538461
213.9999999999999,217.5916666666666,217.2727272727272,218.081081081081,217.4155844155844,217.2499999999999,217.6289062499999,216.7738095238095,215.9868421052631,215.6442307692307
214.1666666666666,217.6249999999999,216.9545454545454,218.1621621621621,217.5324675324675,217.2499999999999,217.6757812499999,216.8690476190476,216.0921052631578,215.7596153846153
214.3333333333333,217.6583333333333,217.0028409090908,218.2432432432432,217.6493506493506,217.2499999999999,217.7226562499999,216.9642857142857,216.1973684210525,215.8749999999999
214.4999999999999,217.6916666666666,217.1732954545453,218.3243243243243,217.7662337662337,217.2499999999999,217.7695312499999,217.0595238095237,216.3026315789473,215.9903846153846
214.6666666666666,217.7249999999999,217.3437499999999,218.4054054054053,217.8831168831168,217.2499999999999,217.8164062499999,217.1547619047618,216.4078947368421,216.1057692307692
214.8333333333333,217.7916666666666,217.5142045454545,218.4864864864865,217.9999999999999,217.2499999999999,217.8632812499999,217.2499999999999,216.5131578947368,216.2211538461538
214.9999999999999,217.9583333333333,217.684659090909,218.5675675675675,218.1162790697674,217.2499999999999,217.9101562499999,217.345238095238,216.6184210526315,216.3365384615384
215.1666666666666,218.1249999999999,217.8551136363636,218.6486486486486,218.2325581395348,217.2978723404255,217.9570312499999,217.4404761904761,216.7236842105263,216.451923076923
215.3333333333333,218.2916666666666,218.0255681818181,218.7297297297297,218.3488372093022,217.3617021276595,218.0039062499999,217.5357142857142,216.7784810126582,216.5673076923076
215.4999999999999,218.4583333333333,218.1960227272727,218.8124999999999,218.4651162790697,217.4255319148936,218.0507812499999,217.6309523809523,216.8164556962025,216.6826923076923
215.6666666666666,218.6249999999999,218.3664772727273,218.8958333333333,218.5813953488372,217.4893617021276,218.0976562499999,217.7261904761904,216.8544303797468,216.7980769230769
215.8333333333333,218.7916666666666,218.5369318181818,218.9791666666666,218.6976744186046,217.5531914893617,218.1445312499999,217.8135593220338,216.8924050632911,216.9134615384615
215.9999999999999,218.9583333333333,218.7073863636364,219.0624999999999,218.813953488372,217.6170212765957,218.1914062499999,217.8983050847457,216.9303797468354,217.0288461538461
216.1578947368421,219.1249999999999,218.8125,219.1458333333333,218.9302325581395,217.6808510638297,218.2382812499999,217.9830508474575,216.9683544303797,217.1442307692307
216.3157894736842,219.2916666666666,218.8958333333333,219.2291666666666,219.0465116279069,217.7446808510638,218.3303571428571,218.0677966101694,217.006329113924,217.2596153846154
216.4736842105262,219.4583333333333,218.9791666666667,219.3124999999999,219.1627906976744,217.8085106382978,218.4374999999999,218.1525423728813,217.0443037974683,217.3749999999999
216.6315789473684,219.6249999999999,219.0625,219.3958333333333,219.2622950819672,217.8723404255319,218.5446428571428,218.2372881355932,217.0822784810126,217.4903846153846
216.7894736842105,219.7916666666666,219.1458333333333,219.4791666666666,219.311475409836,217.9361702127659,218.6517857142857,218.3220338983051,217.1202531645569,217.6057692307692
216.9473684210526,219.9583333333333,219.2291666666667,219.5624999999999,219.3606557377049,217.9999999999999,218.7589285714285,218.4067796610169,217.1582278481012,217.7211538461538
217.1052631578947,220.1249999999999,219.3125,219.6458333333333,219.4098360655737,218.36,218.8660714285714,218.4915254237288,217.1962025316455,217.8392857142856
217.2631578947368,220.2916666666666,219.3958333333333,219.7291666666666,219.4590163934426,218.7199999999999,218.9732142857142,218.5762711864406,217.2341772151898,217.9583333333333
217.4210526315789,220.4583333333333,219.4791666666667,219.8124999999999,219.5081967213114,219.0799999999999,219.1874999999999,218.6610169491525,217.2721518987341,218.0773809523809
217.578947368421,220.6249999999999,219.5625,219.8958333333333,219.5573770491803,219.4399999999999,219.4374999999999,218.7457627118644,217.3101265822784,218.1964285714285
217.7368421052631,220.7916666666666,219.6458333333333,219.9791666666666,219.6065573770491,219.8,219.6874999999999,218.8305084745762,217.3481012658227,218.3154761904761
217.8947368421052,220.9583333333333,219.7291666666667,220.0624999999999,219.655737704918,220.1599999999999,219.9374999999999,218.9152542372881,217.386075949367,218.4345238095237
218.0526315789473,221.1249999999999,219.8372093023256,220.1458333333333,219.7049180327868,220.1428571428571,220.1874999999999,218.9999999999999,217.4240506329113,218.5535714285714
218.2105263157894,221.2499999999999,219.953488372093,220.2291666666666,219.7540983606557,219.9999999999999,220.4374999999999,219.1076923076922,217.4620253164557,218.672619047619
218.3684210526315,221.2499999999999,220.0697674418605,220.2928571428571,219.8032786885245,219.8571428571428,220.4999999999999,219.2153846153846,217.4999999999999,218.7916666666666
218.5263157894736,221.2499999999999,220.1860465116279,220.3499999999999,219.8524590163934,219.7142857142857,220.4999999999999,219.3230769230769,217.6304347826086,218.9107142857142
218.6842105263157,221.2499999999999,220.3023255813954,220.4071428571428,219.9016393442622,219.5714285714285,220.4999999999999,219.4307692307692,217.7608695652173,219.0297619047618
218.8421052631578,221.2499999999999,220.4186046511628,220.4642857142857,219.9508196721311,219.4285714285714,220.4999999999999,219.5384615384615,217.891304347826,219.1488095238095
218.9999999999999,221.2499999999999,220.5348837209302,220.5214285714285,219.9999999999999,219.2857142857142,220.4999999999999,219.6461538461538,218.0217391304347,219.2678571428571
219.1249999999999,221.2499999999999,220.6511627906977,220.5785714285714,220.0967741935484,219.1428571428571,220.4999999999999,219.7538461538461,218.1521739130434,219.3869047619047
219.2499999999999,221.2499999999999,220.7674418604651,220.6357142857142,220.1935483870967,218.9999999999999,220.4999999999999,219.8615384615384,218.2826086956521,219.5059523809523
219.3749999999999,221.2499999999999,220.8837209302326,220.6928571428571,220.2903225806451,219.1666666666666,220.4999999999999,219.9692307692307,218.4130434782608,219.6249999999999
219.4999999999999,221.2499999999999,221,220.7499999999999,220.3870967741935,219.3333333333333,220.4999999999999,220.076923076923,218.5434782608695,219.7440476190476
219.6249999999999,221.2499999999999,221.1162790697674,220.8071428571428,220.4838709677419,219.4999999999999,220.5299999999999,220.1846153846153,218.6739130434782,219.8630952380952
219.7499999999999,221.2499999999999,221.2325581395349,220.8642857142856,220.5806451612903,219.6666666666666,220.6499999999999,220.2923076923076,218.8043478260869,219.9821428571428
219.8749999999999,221.2499999999999,221.3488372093023,220.9214285714285,220.6774193548387,219.8333333333333,220.77,220.3999999999999,218.9347826086956,220.1011904761904
219.9999999999999,221.2499999999999,221.4651162790698,220.9785714285714,220.774193548387,219.9999999999999,220.8899999999999,220.5076923076923,219.0652173913043,220.220238095238
220.1249999999999,221.2499999999999,221.5813953488372,221.0357142857142,220.8709677419354,220.1666666666666,221.0099999999999,220.6153846153846,219.195652173913,220.2905405405405
220.2499999999999,221.2499999999999,221.6976744186047,221.0928571428571,220.9677419354838,220.3333333333333,221.1299999999999,220.7230769230769,219.3260869565217,220.3445945945945
220.3749999999999,221.2499999999999,221.8139534883721,221.1499999999999,221.0645161290322,220.4999999999999,221.2499999999999,220.8035714285714,219.4565217391304,220.3986486486486
220.4999999999999,221.2499999999999,221.9302325581396,221.2071428571428,221.1612903225806,220.6666666666666,221.3699999999999,220.8749999999999,219.5869565217391,220.4527027027027
220.6249999999999,221.2499999999999,222.046511627907,221.2641509433962,221.258064516129,220.8333333333333,221.49,220.9464285714285,219.7173913043478,220.5067567567567
220.7499999999999,221.2499999999999,222.1627906976744,221.3207547169811,221.3548387096774,220.9999999999999,221.6099999999999,221.0178571428571,219.8478260869565,220.5608108108108
220.8749999999999,221.2499999999999,222.2660256410256,221.377358490566,221.4516129032257,221.1182795698924,221.7299999999999,221.0892857142856,219.9782608695651,220.6148648648648
220.9999999999999,221.0357142857142,222.3301282051282,221.4339622641509,221.5483870967741,221.2365591397849,221.8499999999999,221.1607142857142,220.1086956521739,220.6689189189189
220.8837209302325,220.7499999999999,222.3942307692307,221.4905660377358,221.6451612903225,221.3548387096774,221.9699999999999,221.2321428571428,220.2391304347826,220.7229729729729
220.7674418604651,220.4642857142857,222.4583333333333,221.5471698113207,221.7419354838709,221.4731182795698,221.98125,221.3035714285714,220.3695652173913,220.777027027027
220.6511627906976,220.3863636363636,222.5224358974359,221.6037735849056,221.8387096774193,221.5913978494623,221.9562499999999,221.3749999999999,220.4999999999999,220.831081081081
220.5348837209302,220.9318181818181,222.5865384615384,221.6603773584905,221.9354838709677,221.7096774193548,221.9312499999999,221.4464285714285,220.6304347826087,220.885135135135
220.4186046511628,221.4772727272727,222.6506410256409,221.7169811320754,222.0322580645161,221.8279569892473,221.9062499999999,221.5178571428571,220.7608695652173,220.9391891891891
220.3023255813953,222.0227272727272,222.7147435897435,221.7735849056603,222.1290322580645,221.9462365591397,221.8812499999999,221.5892857142857,220.891304347826,220.9932432432432
220.1860465116279,222.5681818181818,222.778846153846,221.8301886792452,222.2258064516129,222.0645161290322,221.8562499999999,221.6607142857142,221.0217391304347,221.0472972972972
220.0697674418604,223.1136363636363,222.8429487179486,221.8867924528301,222.2285714285713,222.1827956989247,221.83125,221.7321428571428,221.1521739130434,221.1013513513513
219.9534883720929,223.2340425531914,222.9134615384614,221.943396226415,222.1999999999999,222.3010752688172,221.8062499999999,221.8035714285714,221.2599999999999,221.1554054054053
219.8372093023255,223.2127659574467,222.9903846153845,221.9999999999999,222.1714285714285,222.4193548387096,221.7812499999999,221.8749999999999,221.3,221.2094594594594
219.8020833333333,223.1914893617021,223.0673076923076,222.1111111111111,222.1428571428571,222.5376344086021,221.7562499999999,221.9464285714285,221.3399999999999,221.2583333333333
220.0104166666666,223.1702127659574,223.1442307692307,222.2222222222222,222.1142857142856,222.6559139784945,221.8068181818181,222.0178571428571,221.3799999999999,221.2916666666666
220.2187499999999,223.1489361702127,223.2211538461537,222.3333333333333,222.0857142857142,222.774193548387,221.8825757575757,222.0892857142857,221.42,221.3249999999999
220.4270833333333,223.210419402495,223.2980769230768,222.4444444444444,222.0571428571428,222.8924731182795,221.9583333333333,222.1607142857142,221.46,221.3583333333333
220.6354166666666,223.5036728496388,223.3749999999999,222.5555555555555,222.0285714285714,223.010752688172,222.0340909090908,222.2321428571428,221.4999999999999,221.3916666666666
220.8437499999999,223.7969262967826,223.451923076923,222.6666666666666,221.9999999999999,223.1290322580645,222.1098484848484,222.3035714285714,221.4230769230769,221.425
221.0520833333333,224.0901797439264,223.528846153846,222.7777777777777,222.1891891891891,223.2473118279569,222.185606060606,222.3749999999999,221.3461538461538,221.4583333333333
221.2604166666666,224.3834331910702,223.6057692307691,222.8888888888889,222.3783783783783,223.3655913978494,222.2613636363636,222.4464285714285,221.2692307692307,221.4916666666666
221.4687499999999,224.676686638214,223.6319444444443,222.9999999999999,222.5675675675675,223.4838709677419,222.3371212121212,222.5178571428571,221.1923076923076,221.5249999999999
221.6770833333333,224.7499999999999,223.6412037037036,223.1627906976744,222.7567567567567,223.6021505376344,222.4128787878787,222.5892857142857,221.1153846153845,221.5583333333333
221.8854166666666,224.7499999999999,223.6504629629629,223.3255813953488,222.9459459459459,223.7204301075268,222.4886363636363,222.6607142857142,221.0384615384615,221.5916666666666
222.0937499999999,224.7499999999999,223.6597222222221,223.4883720930232,223.1351351351351,223.7941176470588,222.5643939393939,222.7321428571428,220.9615384615384,221.6249999999999
222.2641509433962,224.7499999999999,223.6689814814814,223.6511627906976,223.3243243243243,223.8529411764705,222.6401515151515,222.7692307692307,220.8846153846153,221.6583333333333
222.3207547169811,224.7499999999999,223.6782407407407,223.8139534883721,223.5135135135135,223.9117647058823,222.715909090909,222.7948717948717,220.8076923076923,221.6916666666666
222.377358490566,224.6666666666666,223.6874999999999,223.9767441860465,223.7027027027027,223.9705882352941,222.7916666666666,222.8205128205128,220.7656249999999,221.7249999999999
222.4339622641509,224.3333333333333,223.6967592592592,224.1395348837209,223.6666666666666,224.0294117647058,222.8674242424242,222.8461538461538,220.8281249999999,221.9999999999999
222.4905660377358,224.3062499999999,223.7060185185185,224.3023255813953,223.5555555555555,224.0882352941176,222.9431818181818,222.8717948717948,220.8906249999999,222.7499999999999
222.5471698113207,224.3812499999999,223.7152777777778,224.4651162790697,223.4444444444444,224.1470588235293,222.9393939393939,222.8974358974358,220.9531249999999,222.7499999999999
222.6037735849056,224.45625,223.724537037037,224.6279069767441,223.3333333333333,224.2058823529411,222.6969696969696,222.9230769230768,221.0156249999999,222.7499999999999
222.6603773584905,224.5312499999999,223.7337962962963,224.7499999999999,223.2222222222222,224.2647058823529,222.4545454545454,222.9487179487179,221.0781249999999,222.7499999999999
222.7169811320754,224.6062499999999,223.7430555555555,224.7499999999999,223.111111111111,224.3235294117646,222.2121212121212,222.9743589743589,221.1406249999999,222.7499999999999
222.7735849056603,224.6812499999999,223.8333333333333,224.7499999999999,222.9999999999999,224.3823529411764,221.9696969696969,222.9999999999999,221.2031249999999,222.7499999999999
222.8301886792452,224.7562499999999,224.1666666666667,224.7499999999999,223.0169491525423,224.4411764705882,221.7272727272727,223.0714285714285,221.3571428571428,222.7499999999999
222.8867924528302,224.83125,224.5,224.7499999999999,223.0338983050847,224.4999999999999,221.4848484848484,223.1428571428571,221.7857142857142,222.7499999999999
222.943396226415,224.9062499999999,224.8333333333333,224.7499999999999,223.0508474576271,224.5588235294117,221.2424242424242,223.2142857142857,222.2142857142856,222.7499999999999
222.9999999999999,224.9812499999999,225.1666666666666,224.7499999999999,223.0677966101695,224.6176470588235,220.9999999999999,223.2857142857142,222.6428571428571,222.7499999999999
223.1666666666666,225.0562499999999,225.4999999999999,224.7499999999999,223.0847457627118,224.6764705882352,221.3076923076922,223.3571428571428,223.0714285714285,222.7499999999999
223.3333333333333,225.13125,225.7410714285714,224.7499999999999,223.1016949152542,224.735294117647,221.6153846153846,223.4285714285714,223.4999999999999,222.7499999999999
223.4999999999999,225.20625,225.7053571428571,224.7499999999999,223.1186440677965,224.7499999999999,221.9230769230768,223.4999999999999,223.4767441860465,222.7499999999999
223.6666666666666,225.2812499999999,225.6696428571428,224.7499999999999,223.1355932203389,224.7499999999999,222.4999999999999,223.5714285714285,223.453488372093,222.7499999999999
223.8333333333333,225.3562499999999,225.6339285714285,224.7499999999999,223.1525423728813,224.7499999999999,223.1666666666666,223.6428571428571,223.4302325581395,222.7499999999999
223.9999999999999,225.4312499999999,225.5982142857142,224.7045454545454,223.1694915254237,224.7499999999999,223.8333333333333,223.7142857142857,223.406976744186,222.7499999999999
224.1666666666666,225.5062499999999,225.5624999999999,224.5227272727272,223.1864406779661,224.7499999999999,224.4999999999999,223.7857142857142,223.3837209302325,222.7954545454545
224.3333333333333,225.58125,225.5267857142856,224.340909090909,223.2033898305084,224.7499999999999,224.9999999999999,223.8571428571428,223.360465116279,222.9772727272727
224.4999999999999,225.6562499999999,225.4910714285713,224.1590909090908,223.2203389830508,224.7499999999999,224.9999999999999,223.9285714285714,223.3372093023255,223.1590909090908
224.6666666666666,225.73125,225.4553571428571,223.9772727272727,223.2372881355932,224.7499999999999,224.9999999999999,223.9999999999999,223.3139534883721,223.340909090909
224.8333333333333,225.8275862068965,225.4196428571427,223.7954545454545,223.2499999999999,224.7499999999999,224.9999999999999,224.0819672131147,223.2906976744185,223.5227272727272
224.9999999999999,225.9310344827585,225.3839285714285,223.9264705882352,223.2499999999999,224.7499999999999,224.9999999999999,224.1639344262294,223.2674418604651,223.7045454545454
225.0666666666666,226.0344827586206,225.4714285714284,224.1617647058823,223.2499999999999,224.7499999999999,224.9999999999999,224.2459016393442,223.2681159420289,223.7727272727272
225.1333333333333,226.1379310344827,225.5999999999999,224.3970588235293,223.2499999999999,224.7499999999999,224.9999999999999,224.3278688524589,223.3405797101449,223.8030303030303
225.2,226.2413793103448,225.7285714285713,224.6323529411764,223.2499999999999,224.7499999999999,224.9999999999999,224.4098360655737,223.4130434782608,223.8333333333333
225.2666666666666,226.3448275862069,225.8571428571428,224.8676470588235,223.2499999999999,224.7499999999999,224.9999999999999,224.4918032786885,223.4855072463768,223.8636363636363
225.3333333333333,226.4482758620689,225.9857142857142,225.1029411764706,223.2499999999999,224.7499999999999,225.1333333333333,224.5737704918032,223.5579710144927,223.8939393939394
225.3999999999999,226.551724137931,226.1142857142856,225.3382352941176,223.2499999999999,224.7499999999999,225.2666666666666,224.655737704918,223.6304347826086,223.9242424242424
225.4666666666666,226.6551724137931,226.2428571428571,225.5735294117647,223.7499999999999,224.7499999999999,225.3999999999999,224.7377049180327,223.7028985507246,223.9545454545454
225.5333333333333,226.7586206896551,226.3714285714285,225.7738095238095,224.4166666666666,224.7499999999999,225.5130208333333,224.8196721311475,223.7753623188405,223.9848484848484
225.6,226.8620689655172,226.4999999999999,225.8690476190476,225.0833333333333,224.7499999999999,225.5651041666666,224.9016393442623,223.8478260869565,224.0151515151514
225.6666666666666,226.9655172413792,226.4189189189188,225.9642857142856,225.7499999999999,224.7499999999999,225.6171874999999,224.983606557377,223.9202898550724,224.0454545454545
225.7333333333333,227.0689655172413,226.3378378378378,226.0595238095238,226.2499999999999,224.7777777777777,225.6692708333333,225.0655737704918,223.9927536231883,224.0757575757575
225.7999999999999,227.1724137931034,226.2567567567567,226.1547619047619,226.2499999999999,224.8888888888888,225.7213541666666,225.1475409836065,224.0652173913043,224.1060606060606
225.8666666666666,227.2708333333333,226.1756756756756,226.2499999999999,226.2499999999999,224.9999999999999,225.7734374999999,225.2295081967213,224.1376811594203,224.1363636363636
225.9333333333333,227.3541666666666,226.0945945945945,226.345238095238,226.0714285714285,225.1111111111111,225.8255208333333,225.264423076923,224.2101449275362,224.1666666666666
225.9999999999999,227.4374999999999,226.0135135135134,226.4404761904761,225.3571428571428,225.2222222222222,225.8776041666666,225.2836538461538,224.2826086956521,224.1969696969696
226.076923076923,227.5208333333333,225.9324324324324,226.5357142857142,224.6428571428571,225.3333333333333,225.9296874999999,225.3028846153846,224.355072463768,224.2272727272727
226.1538461538461,227.6041666666666,225.8513513513513,226.6309523809523,223.9285714285714,225.4444444444444,225.9817708333333,225.3221153846154,224.427536231884,224.2195121951219
226.2307692307692,227.6874999999999,225.7702702702702,226.7261904761904,223.9051724137931,225.5555555555555,226.0338541666666,225.3413461538461,224.4999999999999,224.0975609756097
226.3076923076923,227.7708333333333,225.8843085106382,226.7105263157894,224.1120689655172,225.6666666666666,226.0859374999999,225.3605769230768,224.5714285714285,223.9756097560975
226.3846153846153,227.8541666666666,226.0633865248226,226.657894736842,224.3189655172413,225.7777777777777,226.1380208333333,225.3798076923077,224.6428571428571,223.8536585365853
226.4615384615384,227.9374999999999,226.242464539007,226.6052631578947,224.5258620689655,225.8888888888889,226.1901041666666,225.3990384615384,224.7142857142856,223.7317073170731
226.5384615384615,228.0208333333333,226.4215425531914,226.5526315789473,224.7327586206896,225.9999999999999,226.2421874999999,225.4182692307692,224.7857142857142,223.6097560975609
226.6153846153846,228.1041666666666,226.6006205673758,226.4999999999999,224.9396551724138,226.0588235294117,226.2942708333333,225.4374999999999,224.8571428571428,223.4878048780487
226.6923076923076,228.1874999999999,226.7796985815602,226.4473684210525,225.1465517241379,226.1176470588235,226.3463541666666,225.4567307692307,224.9285714285714,223.3658536585365
226.7692307692307,228.2413793103448,226.6114805966294,226.3947368421052,225.353448275862,226.1764705882352,226.3984374999999,225.4759615384615,224.9999999999999,223.2439024390243
226.8461538461538,228.2068965517241,226.3248531026021,226.3421052631578,225.5603448275862,226.235294117647,226.4505208333333,225.4951923076922,225.0714285714285,223.1219512195121
226.9230769230768,228.1724137931034,226.0382256085749,226.2894736842105,225.7672413793103,226.2499999999999,226.5026041666666,225.514423076923,225.1428571428571,222.9999999999999
226.9999999999999,228.1379310344827,225.7515981145476,226.2692307692307,225.9741379310344,226.2499999999999,226.5546874999999,225.5336538461538,225.2142857142857,223.3142857142856
226.8648648648648,228.103448275862,225.4649706205204,226.3461538461538,226.1810344827585,226.2499999999999,226.6067708333333,225.5528846153846,225.2857142857142,223.6285714285714
226.7297297297297,228.0689655172413,225.3249999999999,226.4230769230768,226.3879310344827,226.2499999999999,226.6588541666666,225.5721153846153,225.3571428571428,223.9428571428571
226.5945945945945,228.0344827586206,225.6249999999999,226.4999999999999,226.5948275862068,226.2499999999999,226.7109374999999,225.5913461538461,225.4285714285714,224.2571428571428
226.4594594594594,227.9999999999999,225.925,226.576923076923,226.7538461538461,226.2499999999999,226.7407407407407,225.6105769230768,225.4999999999999,224.5714285714285
226.3243243243243,228.1343283582089,226.225,226.6538461538461,226.7692307692307,226.1999999999999,226.7037037037037,225.6298076923077,225.3888888888888,224.8857142857142
226.1891891891891,228.2686567164178,226.525,226.7307692307692,226.7846153846153,226.1333333333333,226.6666666666666,225.6490384615384,225.2777777777777,225.1999999999999
226.054054054054,228.4029850746268,226.7972972972973,226.6,226.8,226.0666666666666,226.6296296296296,225.6682692307692,225.1666666666666,225.5142857142857
225.9189189189188,228.5373134328357,226.9864864864865,226.3999999999999,226.8153846153846,225.9999999999999,226.5925925925925,225.6874999999999,225.0555555555555,225.7647058823529
225.7837837837837,228.6716417910447,227.1756756756756,226.2,226.8307692307692,225.9333333333333,226.5555555555555,225.7067307692307,224.9444444444444,225.8235294117646
225.8135593220339,228.8059701492537,227.3648648648648,225.9999999999999,226.8461538461538,225.8666666666666,226.5185185185184,225.7259615384615,224.8333333333333,225.8823529411764
225.8983050847457,228.9402985074626,227.554054054054,226.1020408163265,226.8615384615384,225.8,226.4814814814814,225.7451923076923,224.7222222222221,225.9411764705882
225.9830508474576,229.0746268656716,227.7432432432432,226.204081632653,226.876923076923,225.7499999999999,226.4444444444444,225.9107142857142,224.6111111111111,225.9999999999999
226.0677966101694,229.2089552238805,227.9324324324324,226.3061224489795,226.8923076923076,225.7499999999999,226.4074074074074,226.1249999999999,224.4999999999999,226.0588235294117
226.1525423728813,229.3432835820895,228.1216216216216,226.4081632653061,226.9076923076922,225.7499999999999,226.3703703703703,226.3392857142857,224.7432432432432,226.1176470588235
226.2372881355931,229.4776119402985,228.3108108108108,226.5102040816326,226.9230769230768,225.7499999999999,226.3333333333333,226.5535714285714,224.9864864864865,226.1764705882352
226.322033898305,229.6119402985074,228.4999999999999,226.6122448979591,226.9384615384615,225.7499999999999,226.2962962962962,226.7678571428571,225.2297297297297,226.235294117647
226.4067796610169,229.7462686567164,228.5666666666666,226.7142857142857,226.9538461538461,225.7499999999999,226.2592592592592,226.9821428571428,225.4729729729729,226.2941176470588
226.4915254237287,229.8805970149253,228.6333333333333,226.8163265306122,226.9692307692307,225.7499999999999,226.4485294117646,227.1964285714285,225.7162162162162,226.3529411764705
226.5762711864406,230.0149253731343,228.7,226.9183673469387,226.9846153846153,225.7499999999999,226.7132352941176,227.3571428571428,225.9594594594594,226.4117647058823
226.6610169491525,230.1492537313432,228.7666666666666,227.0204081632652,226.9999999999999,225.7735849056603,226.9779411764706,227.4999999999999,226.2027027027027,226.4705882352941
226.7457627118644,230.2152777777777,228.8333333333333,227.1224489795918,226.9873417721518,225.8679245283018,227.2426470588235,227.6428571428571,226.4459459459459,226.5294117647058
226.8305084745762,230.0763888888889,228.8999999999999,227.2244897959183,226.9746835443037,225.9622641509434,227.5073529411764,227.7857142857142,226.6891891891891,226.5882352941176
226.9152542372881,229.9374999999999,228.9666666666666,227.2222222222222,226.9620253164556,226.0566037735848,227.7720588235293,227.9285714285714,226.4999999999999,226.6470588235294
226.9999999999999,229.7986111111111,229.0333333333333,227.1851851851851,226.9493670886075,226.1509433962264,228.0367647058823,228.0714285714285,226.1666666666666,226.7058823529411
227.090909090909,229.6597222222221,229.1,227.1481481481481,226.9367088607594,226.2452830188679,228.3014705882352,228.2142857142856,225.8333333333333,226.7499999999999
227.1818181818181,229.5208333333333,229.1666666666666,227.1111111111111,226.9240506329113,226.3396226415094,228.3928571428571,228.175,225.9545454545454,226.7499999999999
227.2727272727272,229.3819444444444,229.2333333333333,227.074074074074,226.9113924050633,226.4339622641509,227.9642857142856,228.0749999999999,226.2272727272727,226.7499999999999
227.3636363636363,229.2430555555555,229.0892857142857,227.037037037037,226.8987341772151,226.5283018867924,227.5357142857142,227.975,226.4999999999999,226.7499999999999
227.4545454545454,229.1041666666666,228.8749999999999,226.9999999999999,226.886075949367,226.6226415094339,227.1071428571428,227.8749999999999,226.7727272727272,226.7499999999999
227.5454545454545,228.9652777777777,228.6607142857142,226.9743589743589,226.8734177215189,226.7169811320754,227.1071428571428,227.7749999999999,227.0454545454545,226.7499999999999
227.6363636363636,228.8263888888888,228.4464285714286,226.9487179487179,226.8607594936709,226.8113207547169,227.2499999999999,227.675,227.2399999999999,226.7499999999999
227.7272727272727,228.6874999999999,228.2321428571428,226.9230769230768,226.8481012658227,226.9056603773584,227.3928571428571,227.575,227.1999999999999,226.7499999999999
227.8181818181818,228.5486111111111,228.0178571428571,226.8974358974358,226.8354430379746,226.9999999999999,227.5357142857142,227.4749999999999,227.16,226.7499999999999
227.9090909090908,228.4097222222222,227.8035714285714,226.8717948717948,226.8227848101265,226.8888888888888,227.6785714285714,227.3749999999999,227.1199999999999,226.7499999999999
227.9999999999999,228.2708333333333,227.8,226.8461538461538,226.8101265822784,226.7777777777777,227.8214285714285,227.2749999999999,227.0799999999999,226.7499999999999
227.7692307692307,228.1319444444444,227.8666666666666,226.8205128205128,226.7974683544303,226.6666666666666,227.9642857142857,227.3099999999999,227.04,226.7499999999999
227.5384615384615,227.9930555555555,227.9333333333333,226.7948717948717,226.7848101265822,226.5555555555555,228.1071428571428,227.3899999999999,226.9999999999999,226.7499999999999
227.3076923076922,227.8541666666666,228,226.7692307692307,226.7721518987341,226.4444444444444,228.2499999999999,227.4699999999999,226.9599999999999,226.7499999999999
227.076923076923,227.7743902439024,228.0666666666667,226.7142857142857,226.759493670886,226.3333333333333,228.3928571428571,227.5499999999999,226.92,226.7499999999999
226.8461538461538,227.8719512195121,228.1333333333333,226.5714285714285,226.8055555555555,226.2222222222222,228.5075757575757,227.6299999999999,226.8799999999999,226.7499999999999
226.6153846153846,227.9695121951219,228.2,226.4285714285714,227.0277777777777,226.1111111111111,228.5378787878787,227.71,226.8399999999999,226.7499999999999
226.3846153846153,228.0670731707316,228.25,226.2857142857142,227.2499999999999,226,228.5681818181818,227.7899999999999,226.8,226.7499999999999
226.1538461538461,228.1646341463414,228.25,226.1428571428571,227.4722222222222,226.0980392156862,228.5984848484848,227.8699999999999,226.76,226.7499999999999
225.9230769230768,228.2621951219512,228.25,225.9999999999999,227.6944444444444,226.1960784313725,228.6287878787878,227.9499999999999,226.8181818181818,226.7692307692307
225.6923076923076,228.3597560975609,228.25,226.2173913043478,227.6136363636363,226.2941176470588,228.6590909090909,228.03,226.9090909090908,226.8461538461538
225.4615384615384,228.4573170731707,228.25,226.4347826086956,227.4318181818181,226.3921568627451,228.6893939393939,228.11,226.9999999999999,226.9230769230768
225.2307692307692,228.5548780487804,228.2272727272727,226.6521739130434,227.2499999999999,226.4901960784313,228.7196969696969,228.1899999999999,227.090909090909,226.9999999999999
224.9999999999999,228.6524390243902,228.1363636363636,226.8695652173913,227.0681818181818,226.5882352941176,228.7499999999999,228.2699999999999,227.1818181818181,227.076923076923
225.4444444444444,228.7499999999999,228.0454545454546,227.0869565217391,226.8863636363636,226.6862745098039,228.780303030303,228.3499999999999,227.2642857142856,227.1538461538461
225.8888888888889,228.8475609756097,227.9545454545454,227.1363636363636,226.7499999999999,226.7843137254901,228.810606060606,228.4299999999999,227.3214285714285,227.2307692307692
226.3333333333333,228.9451219512194,227.8636363636363,226.6818181818181,226.7499999999999,226.8823529411764,228.8409090909091,228.5099999999999,227.3785714285714,227.3076923076923
226.7777777777777,229.0426829268292,227.7727272727273,226.2272727272726,226.7499999999999,226.9803921568627,228.8712121212121,228.5899999999999,227.4357142857142,227.3846153846153
227.2222222222222,229.140243902439,227.6818181818182,225.7727272727272,226.7499999999999,227.0784313725489,228.9015151515151,228.67,227.4928571428571,227.4615384615384
227.6666666666666,229.2378048780487,227.5909090909091,225.3181818181818,226.7499999999999,227.1764705882352,228.9318181818181,228.7499999999999,227.55,227.5384615384615
228.111111111111,229.3353658536585,227.5,224.8636363636363,226.7499999999999,227.2678571428571,228.9621212121212,228.8299999999999,227.6071428571428,227.6153846153846
228.5555555555555,229.4329268292682,227.4090909090909,225.1999999999999,226.5624999999999,227.3392857142857,228.9924242424242,228.9099999999999,227.6642857142857,227.6923076923077
228.9999999999999,229.530487804878,227.3181818181818,225.8,226.3124999999999,227.4107142857142,228.9605263157894,228.99,227.7214285714285,227.7567567567567
228.9999999999999,229.6280487804877,227.25,226.3999999999999,226.0624999999999,227.4821428571428,228.9078947368421,229.0699999999999,227.7785714285714,227.7837837837837
228.9999999999999,229.7256097560975,227.25,226.9999999999999,225.8124999999999,227.5535714285714,228.8552631578947,229.1499999999999,227.8357142857142,227.8108108108108
228.9999999999999,229.4166666666666,227.25,227.090909090909,226.0227272727272,227.6249999999999,228.8026315789473,229.23,227.8928571428571,227.8378378378378
228.9999999999999,228.9722222222222,227.25,227.1818181818181,226.3863636363636,227.6964285714285,228.7499999999999,229.2031249999999,227.9499999999999,227.8648648648648
228.9999999999999,228.5277777777777,227.25,227.2727272727272,226.7499999999999,227.7613636363636,228.6973684210526,229.1406249999999,228.0071428571428,227.8918918918918
228.9999999999999,228.0833333333333,227.25,227.3636363636363,227.1136363636363,227.8068181818181,228.6447368421052,229.0781249999999,228.0642857142857,227.9189189189188
228.9999999999999,227.7589285714285,227.325,227.4545454545454,227.4772727272727,227.8522727272727,228.5921052631578,229.0156249999999,228.1214285714285,227.9459459459459
228.9999999999999,227.7946428571428,227.425,227.5454545454545,227.7656249999999,227.8977272727273,228.5394736842105,228.9531249999999,228.1785714285714,227.9729729729729
228.9999999999999,227.8303571428571,227.525,227.6363636363636,227.8281249999999,227.9431818181818,228.5156249999999,228.8906249999999,228.2357142857142,227.9999999999999
228.9999999999999,227.8660714285714,227.625,227.7272727272727,227.8906249999999,227.9886363636363,228.5781249999999,228.8281249999999,228.2499999999999,227.8888888888888
228.9999999999999,227.9017857142856,227.725,227.8181818181818,227.9531249999999,228.0340909090908,228.6406249999999,228.7656249999999,228.2499999999999,227.7777777777777
228.9999999999999,227.9374999999999,227.7058823529412,227.9090909090908,228.0156249999999,228.0795454545454,228.7031249999999,228.7211538461538,228.2499999999999,227.6666666666666
228.9999999999999,227.9732142857142,227.6470588235294,227.9999999999999,228.0781249999999,228.1249999999999,228.7656249999999,228.6826923076922,228.2499999999999,227.5555555555555
228.9999999999999,228.0089285714285,227.5882352941177,227.9999999999999,228.1406249999999,228.1704545454545,228.8281249999999,228.6442307692307,228.2499999999999,227.4444444444444
228.9999999999999,228.0446428571428,227.5294117647059,227.9999999999999,228.2031249999999,228.215909090909,228.8906249999999,228.6057692307692,228.2499999999999,227.3333333333333
228.9999999999999,228.0803571428571,227.4705882352941,227.9999999999999,228.2386363636363,228.2222222222222,228.9531249999999,228.5673076923076,228.2499999999999,227.2222222222222
228.9999999999999,228.1160714285714,227.4117647058824,227.9999999999999,228.1931818181818,228.1111111111111,228.9624999999999,228.5288461538461,228.2499999999999,227.1111111111111
228.9999999999999,228.1517857142857,227.3529411764706,227.9999999999999,228.1477272727272,227.9999999999999,228.8124999999999,228.4903846153846,228.2548076923077,226.9999999999999
228.9999999999999,228.1874999999999,227.2941176470588,227.9999999999999,228.1022727272727,227.8888888888889,228.6625,228.451923076923,228.2740384615384,227.2173913043478
228.9999999999999,228.2232142857142,227.2297297297297,227.9999999999999,228.0568181818181,227.7777777777777,228.5124999999999,228.4134615384615,228.2932692307692,227.4347826086956
228.9999999999999,228.4999999999999,227.1486486486486,227.9999999999999,228.0113636363636,227.6666666666666,228.3625,228.3749999999999,228.3124999999999,227.6521739130434
228.9999999999999,229.4999999999999,227.0675675675676,227.9999999999999,227.965909090909,227.5555555555555,228.2318840579709,228.3365384615384,228.3317307692307,227.8695652173913
228.9999999999999,229.7499999999999,226.9864864864865,227.9999999999999,227.9204545454545,227.4444444444444,228.159420289855,228.2980769230768,228.3509615384615,228.0869565217391
228.9999999999999,229.7499999999999,226.9054054054054,227.9999999999999,227.8749999999999,227.3333333333333,228.0869565217391,228.2596153846153,228.3701923076923,228.2166666666666
228.9999999999999,229.7499999999999,226.8243243243243,227.9333333333333,227.8295454545454,227.2222222222222,228.0144927536231,228.3333333333333,228.389423076923,228.0833333333333
228.8333333333333,229.7499999999999,226.7432432432432,227.8666666666666,227.7840909090908,227.1111111111111,227.9420289855072,228.4444444444444,228.4086538461538,227.9499999999999
228.6666666666666,229.7499999999999,226.6621621621621,227.7999999999999,227.64,226.9999999999999,227.8695652173913,228.5555555555555,228.4278846153846,227.8166666666666
228.4999999999999,229.7499999999999,226.581081081081,227.7333333333333,227.1999999999999,226.8888888888888,227.7971014492753,228.6666666666666,228.4471153846154,227.6833333333333
228.3333333333333,229.7499999999999,226.4999999999999,227.6666666666666,226.7599999999999,226.7777777777777,227.7246376811594,228.7545454545454,228.4663461538461,227.55
228.1666666666666,229.7499999999999,226.6851851851851,227.6,226.3199999999999,226.8,227.6521739130434,228.7727272727272,228.4855769230768,227.4166666666666
227.9999999999999,229.7499999999999,226.8703703703703,227.5333333333333,225.8799999999999,226.8666666666666,227.5797101449275,228.790909090909,228.5048076923076,227.2833333333333
228.0588235294117,229.7499999999999,227.0555555555555,227.4666666666666,225.4399999999999,226.9333333333333,227.5072463768115,228.8090909090909,228.5240384615384,227.2848837209302
228.1176470588235,229.7499999999999,227.2407407407407,227.3999999999999,224.9999999999999,226.9999999999999,227.4347826086956,228.8272727272727,228.5432692307692,227.3313953488371
228.1764705882352,229.7499999999999,227.4259259259259,227.3333333333333,225.1929824561403,227.0666666666666,227.3623188405797,228.8454545454545,228.5624999999999,227.3779069767441
228.235294117647,229.7499999999999,227.6111111111111,227.2666666666666,225.3859649122807,227.1333333333333,227.2898550724637,228.8636363636363,228.5817307692307,227.4244186046511
228.2941176470588,229.3749999999999,227.75,227.1999999999999,225.578947368421,227.1999999999999,227.2173913043478,228.8818181818181,228.6009615384615,227.4709302325581
228.3529411764706,228.8749999999999,227.75,227.1333333333333,225.7719298245614,227.2916666666666,227.1449275362318,228.8999999999999,228.6201923076923,227.5174418604651
228.4117647058823,228.3749999999999,227.75,227.0666666666666,225.9649122807017,227.4583333333333,227.0724637681159,228.9181818181818,228.639423076923,227.563953488372
228.4705882352941,228.2714285714285,227.75,226.9999999999999,226.1578947368421,227.6249999999999,226.9999999999999,228.9363636363636,228.6586538461538,227.610465116279
228.5294117647058,228.2999999999999,227.75,226.938775510204,226.3508771929824,227.7916666666666,227.1739130434782,228.9545454545454,228.6778846153846,227.656976744186
228.5882352941176,228.3285714285714,227.75,226.8775510204081,226.5438596491227,227.9583333333333,227.3478260869564,228.9727272727272,228.6971153846153,227.703488372093
228.6470588235294,228.3571428571428,227.75,226.8163265306122,226.7368421052631,228.1249999999999,227.5217391304347,228.990909090909,228.7163461538461,227.7499999999999
228.7058823529411,228.3857142857142,227.75,226.7551020408163,226.9298245614034,228.2499999999999,227.695652173913,229.0090909090908,228.7355769230769,227.7965116279069
228.7647058823529,228.4142857142857,227.75,226.6938775510204,227.1228070175438,228.2499999999999,227.8695652173913,229.0272727272726,228.7543103448276,227.8430232558139
228.8235294117646,228.4428571428571,227.75,226.6326530612244,227.3157894736841,228.2499999999999,228.0535714285714,229.0454545454545,228.7715517241379,227.8895348837209
228.8823529411764,228.4714285714285,227.75,226.5714285714285,227.5087719298245,228.2499999999999,228.2678571428571,229.0636363636363,228.7887931034482,227.9360465116278
228.9411764705882,228.4999999999999,227.75,226.5102040816326,227.7017543859649,228.2499999999999,228.4821428571428,229.0818181818181,228.8060344827586,227.9825581395348
228.9999999999999,228.5285714285714,227.75,226.4489795918367,227.7499999999999,228.2499999999999,228.6964285714285,229.0999999999999,228.8232758620689,228.0290697674418
228.7499999999999,228.5571428571428,227.75,226.3877551020408,227.7499999999999,228.2499999999999,228.9107142857142,229.1181818181818,228.8405172413792,228.0755813953488
228.4999999999999,228.5857142857142,227.75,226.3265306122449,227.7499999999999,228.2499999999999,229.1249999999999,229.1363636363636,228.8577586206896,228.1220930232558
228.2499999999999,228.6142857142857,227.75,226.2653061224489,227.7499999999999,228.2499999999999,229.3392857142857,229.1545454545454,228.8749999999999,228.1686046511627
227.9999999999999,228.6428571428571,227.75,226.1549295774647,227.7499999999999,228.2499999999999,229.4736842105263,229.1727272727272,228.8922413793103,228.2151162790697
227.7499999999999,228.6714285714285,227.75,226.0281690140845,227.7499999999999,228.2499999999999,229.3684210526315,229.190909090909,228.9094827586206,228.2435897435897
227.4999999999999,228.6999999999999,227.75,225.9014084507042,227.7499999999999,228.2499999999999,229.2631578947368,229.2090909090908,228.926724137931,228.2179487179487
227.2499999999999,228.7285714285714,227.75,225.7746478873239,227.7499999999999,228.2499999999999,229.1578947368421,229.2272727272727,228.9439655172413,228.1923076923077
226.9999999999999,228.7968749999999,227.75,225.6478873239436,227.7499999999999,228.2499999999999,229.0526315789473,229.2454545454545,228.9612068965517,228.1666666666666
227.0499999999999,228.9843749999999,227.75,225.5211267605633,227.7499999999999,228.2499999999999,228.9473684210526,229.2499999999999,228.978448275862,228.1410256410256
227.1,229.1718749999999,227.75,225.394366197183,227.7499999999999,228.2499999999999,228.8421052631578,229.2499999999999,228.9956896551723,228.1153846153846
227.15,229.3593749999999,227.75,225.2676056338028,227.7499999999999,228.2499999999999,228.7368421052631,229.2499999999999,229.0129310344827,228.0897435897435
227.1999999999999,229.5468749999999,227.75,225.1408450704225,227.7499999999999,228.2499999999999,228.6315789473684,229.2499999999999,229.030172413793,228.0641025641025
227.2499999999999,229.7343749999999,227.75,225.0140845070422,227.7499999999999,228.2499999999999,228.5263157894736,229.2499999999999,229.0474137931034,228.0384615384615
227.2999999999999,229.9218749999999,227.75,224.8873239436619,227.7499999999999,228.2499999999999,228.5681818181818,229.2499999999999,229.0646551724137,228.0128205128204
227.3499999999999,230.1093749999999,227.75,224.7605633802816,227.7499999999999,228.2499999999999,228.6590909090909,229.2499999999999,229.0818965517241,227.9871794871794
227.3999999999999,230.0499999999999,227.75,224.6338028169014,227.7499999999999,228.2499999999999,228.7499999999999,229.2499999999999,229.0991379310344,227.9615384615384
227.45,229.2499999999999,227.75,224.5070422535211,227.6465517241379,228.2499999999999,228.8409090909091,229.2499999999999,229.1163793103448,227.9358974358974
227.4999999999999,228.4499999999999,227.75,224.3802816901408,227.5086206896551,228.2499999999999,228.9318181818181,229.2499999999999,229.1336206896551,227.9102564102564
227.55,227.6499999999999,227.75,224.2535211267605,227.3706896551724,228.2499999999999,228.9848484848484,229.2499999999999,229.1508620689654,227.8846153846153
227.5999999999999,226.8499999999999,227.75,224.1267605633802,227.2327586206896,228.2499999999999,228.9242424242424,229.2499999999999,229.1681034482758,227.8589743589743
227.6499999999999,226.4166666666666,227.75,223.9999999999999,227.0948275862069,228.2499999999999,228.8636363636363,229.2499999999999,229.1853448275862,227.8333333333333
227.7,227.0833333333333,227.75,223.9999999999999,226.9568965517241,228.2499999999999,228.8030303030303,229.2499999999999,229.2025862068965,227.8076923076922
227.7499999999999,227.7499999999999,227.75,223.9999999999999,226.8189655172413,228.2499999999999,228.7424242424242,229.2499999999999,229.2198275862069,227.7820512820512
227.8,228.2195121951219,227.75,223.9999999999999,226.6810344827585,228.2499999999999,228.6818181818181,229.2499999999999,229.2370689655172,227.7564102564102
227.8499999999999,228.0975609756097,227.7151770737916,223.9999999999999,226.5431034482758,228.2499999999999,228.6212121212121,229.2499999999999,229.2333333333333,227.6867469879518
227.8999999999999,227.9756097560975,227.6687465055138,223.9999999999999,226.405172413793,228.2499999999999,228.560606060606,229.2499999999999,229.1666666666666,227.6024096385542
227.95,227.8536585365853,227.622315937236,223.9999999999999,226.2672413793103,228.2499999999999,228.4999999999999,229.2499999999999,229.0999999999999,227.5180722891566
227.9999999999999,227.7317073170731,227.5758853689582,224.2195121951219,226.1293103448276,228.2499999999999,228.4393939393939,229.2499999999999,229.0333333333333,227.433734939759
227.7142857142856,227.6097560975609,227.5294548006804,224.4390243902438,225.9913793103448,228.2499999999999,228.3787878787878,229.2499999999999,228.9666666666666,227.3493975903614
227.4285714285714,227.4878048780487,227.4830242324026,224.6585365853658,225.853448275862,228.2499999999999,228.3181818181818,229.2499999999999,228.8999999999999,227.2650602409638
227.1428571428571,227.3658536585365,227.4365936641248,224.8780487804877,225.735294117647,228.2499999999999,228.2575757575757,229.2499999999999,228.8333333333333,227.1807228915662
226.8571428571428,227.2439024390243,227.3901630958471,225.0975609756097,225.6764705882352,228.2499999999999,228.1969696969696,229.2499999999999,228.7666666666666,227.0963855421686
226.5714285714285,227.1219512195121,227.3437325275693,225.3170731707316,225.6176470588235,228.2499999999999,228.1363636363636,229.2499999999999,228.340909090909,227.012048192771
226.2857142857142,226.9999999999999,227.2973019592915,225.5365853658536,225.5588235294117,228.2499999999999,228.0757575757575,229.2499999999999,227.7954545454545,226.9277108433734
225.9999999999999,227.1111111111111,227.2004100981073,225.7560975609755,225.4999999999999,228.2499999999999,228.0151515151515,229.2256097560975,227.2499999999999,226.8433734939758
226.0526315789473,227.2222222222222,227.0816088358438,225.9756097560975,225.4411764705882,228.2499999999999,228.9374999999999,229.1280487804877,226.7045454545454,226.7590361445783
226.1052631578947,227.3333333333333,226.9628075735804,226.1951219512194,225.3823529411764,228.2187499999999,230.1874999999999,229.030487804878,226.1590909090908,226.6746987951807
226.1578947368421,227.4444444444444,226.844006311317,226.328947368421,225.3235294117646,228.1770833333333,230.3235294117646,228.9329268292682,225.8076923076923,226.5903614457831
226.2105263157894,227.5555555555555,226.7252050490536,226.4342105263157,225.2647058823529,228.1354166666666,230.0882352941176,228.8353658536585,226.0384615384615,226.5060240963855
226.2631578947368,227.6666666666666,226.6064037867902,226.5394736842105,225.3454545454545,228.0937499999999,229.8529411764706,228.7378048780487,226.2692307692307,226.4216867469879
226.3157894736841,227.7368421052631,226.4876025245268,226.6447368421052,225.4727272727272,228.0520833333333,229.6176470588235,228.640243902439,226.4999999999999,226.3373493975903
226.3684210526316,227.6842105263157,226.3688012622634,226.7499999999999,225.6,228.0104166666666,229.3823529411764,228.5426829268292,226.603448275862,226.2530120481927
226.4210526315789,227.6315789473684,226.2499999999999,226.8552631578947,225.7272727272727,227.9687499999999,229.1470588235293,228.4451219512194,226.7068965517241,226.1686746987951
226.4736842105262,227.578947368421,226.3999999999999,226.9605263157894,225.8545454545454,227.9270833333333,228.9117647058823,228.3475609756097,226.8103448275861,226.0843373493975
226.5263157894736,227.5263157894736,226.55,227.0657894736842,225.9818181818181,227.8854166666666,228.6764705882352,228.2499999999999,226.9137931034482,225.9999999999999
226.578947368421,227.4736842105262,226.6999999999999,227.1710526315789,226.1090909090908,227.8437499999999,228.4840425531914,228.1524390243902,227.0172413793103,226.0196078431372
226.6315789473684,227.4210526315789,226.85,227.2124999999999,226.2363636363636,227.8020833333333,228.4202127659574,228.0548780487804,227.1206896551724,226.0392156862744
226.6842105263158,227.3684210526315,226.9999999999999,227.0624999999999,226.3636363636363,227.7604166666666,228.3563829787233,227.9573170731707,227.2241379310344,226.0588235294117
226.7368421052631,227.3157894736842,227.1499999999999,226.9125,226.490909090909,227.5999999999999,228.2925531914893,227.8597560975609,227.1923076923076,226.0784313725489
226.7894736842105,227.2631578947368,227.3,226.7624999999999,226.6181818181818,227.3999999999999,228.2287234042553,227.7621951219512,227.1153846153845,226.0980392156862
226.8421052631578,227.2105263157894,227.4499999999999,226.6125,226.7454545454545,227.1999999999999,228.1648936170212,227.6646341463414,227.0384615384615,226.1176470588235
226.8947368421052,227.157894736842,227.6,226.4624999999999,226.8727272727272,226.9999999999999,228.1010638297872,227.5670731707316,226.9615384615384,226.1372549019607
226.9473684210526,227.1052631578947,227.7499999999999,226.3124999999999,226.9999999999999,226.7999999999999,228.0372340425531,227.4695121951219,226.8846153846153,226.156862745098
226.9999999999999,227.0526315789473,227.55,226.1625,226.9887640449438,226.5999999999999,227.9734042553191,227.3719512195121,226.8076923076922,226.1764705882352
226.9166666666666,226.9999999999999,227.3499999999999,226.0125,226.9775280898876,226.3999999999999,227.9095744680851,227.2743902439024,226.7307692307692,226.1960784313725
226.8333333333333,227.0526315789473,227.1499999999999,225.8625,226.9662921348314,226.1999999999999,227.845744680851,227.1999999999999,226.6538461538461,226.2156862745097
226.7499999999999,227.1052631578947,226.95,225.7543859649122,226.9550561797752,225.9999999999999,227.7819148936169,227.1333333333333,226.576923076923,226.235294117647
226.6666666666666,227.1578947368421,226.7499999999999,225.7719298245613,226.943820224719,225.8,227.7180851063829,227.0666666666666,226.4999999999999,226.2264150943396
226.5833333333333,227.2105263157894,226.7499999999999,225.7894736842105,226.9325842696629,225.5999999999999,227.6542553191489,226.9999999999999,226.1206896551724,226.132075471698
226.4999999999999,227.1562499999999,226.7499999999999,225.8070175438596,226.9213483146067,225.3999999999999,227.5904255319148,226.9333333333333,225.7413793103448,226.0377358490566
226.4166666666666,226.7812499999999,226.7499999999999,225.8245614035087,226.9101123595505,225.1999999999999,227.5265957446808,226.8666666666666,225.3620689655172,225.943396226415
226.3333333333333,226.4062499999999,226.7499999999999,225.8421052631578,226.8988764044943,225,227.4627659574467,226.8,224.9827586206896,225.8490566037735
226.2499999999999,226.0312499999999,226.7499999999999,225.859649122807,226.8876404494382,225.4736842105263,227.3989361702127,226.7321428571428,224.603448275862,225.754716981132
226.1666666666666,225.8166666666666,226.7499999999999,225.8771929824561,226.876404494382,225.9473684210526,227.3351063829787,226.6607142857142,224.2241379310344,225.6603773584905
226.0833333333333,226.0833333333333,226.7499999999999,225.8947368421052,226.8651685393258,226.4210526315789,227.2712765957446,226.5892857142857,223.8448275862068,225.566037735849
225.9999999999999,226.3499999999999,226.7499999999999,225.9122807017543,226.8539325842696,226.8947368421052,227.2074468085106,226.5178571428571,223.8454545454545,225.4716981132075
225.9999999999999,226.6166666666666,226.7499999999999,225.9298245614034,226.8426966292134,227.2372881355932,227.1436170212766,226.4464285714285,223.9727272727272,225.377358490566
225.9999999999999,226.8833333333333,226.7499999999999,225.9473684210526,226.8314606741573,227.1864406779661,227.0797872340425,226.3749999999999,224.1,225.2830188679245
225.9999999999999,227.1499999999999,226.5833333333333,225.9649122807017,226.820224719101,227.1355932203389,227.0159574468084,226.3035714285714,224.2272727272727,225.188679245283
225.9999999999999,227.4166666666666,226.4166666666666,225.9824561403508,226.8089887640449,227.0847457627118,226.9999999999999,226.2321428571428,224.3545454545454,225.0943396226415
225.9999999999999,227.6833333333333,226.2499999999999,225.9999999999999,226.7977528089887,227.0338983050847,226.9999999999999,226.1607142857142,224.4818181818181,224.9999999999999
225.9999999999999,227.6562499999999,226.1666666666666,225.9999999999999,226.7865168539325,226.9830508474576,226.9999999999999,226.0892857142857,224.6090909090908,224.9295774647887
225.9999999999999,227.5312499999999,226.0833333333333,225.9999999999999,226.7752808988764,226.9322033898304,226.9999999999999,226.0178571428571,224.7363636363636,224.8591549295774
225.9999999999999,227.4062499999999,225.9999999999999,225.9999999999999,226.7640449438202,226.8813559322033,226.9999999999999,225.9464285714285,224.8636363636363,224.7887323943661
225.9999999999999,227.2812499999999,225.9166666666666,225.9999999999999,226.752808988764,226.8305084745762,226.9999999999999,225.8749999999999,224.990909090909,224.7183098591549
225.5882352941176,227.1562499999999,225.8333333333333,225.9999999999999,226.7499999999999,226.7796610169491,226.9999999999999,225.8035714285714,225.1181818181818,224.6478873239436
225.1764705882352,227.0312499999999,225.7499999999999,225.9999999999999,226.7499999999999,226.728813559322,226.9999999999999,225.7241379310344,225.2454545454545,224.5774647887324
224.7647058823529,226.9062499999999,225.6666666666666,225.9999999999999,226.7499999999999,226.6779661016948,226.9999999999999,225.6206896551723,225.3727272727272,224.507042253521
224.3529411764706,226.7812499999999,225.5833333333333,225.9999999999999,226.7499999999999,226.6271186440677,226.9999999999999,225.5172413793103,225.4999999999999,224.4366197183098
224.3999999999999,226.6976744186046,225.4999999999999,225.9999999999999,226.7499999999999,226.5762711864406,226.9999999999999,225.4137931034482,225.3666666666666,224.3661971830985
224.5999999999999,226.6279069767441,225.5238095238095,225.9999999999999,226.7499999999999,226.5254237288135,226.9999999999999,225.3103448275862,225.2333333333333,224.2957746478873
224.7999999999999,226.5581395348837,225.547619047619,225.9999999999999,226.7499999999999,226.4745762711864,226.9999999999999,225.2068965517241,225.1,224.225352112676
224.9999999999999,226.4883720930232,225.5714285714285,225.9999999999999,226.7499999999999,226.4237288135593,226.8333333333333,225.103448275862,224.9666666666666,224.1549295774647
225.1999999999999,226.4186046511628,225.595238095238,225.9090909090908,226.7499999999999,226.3728813559321,226.1666666666666,224.9999999999999,224.8333333333333,224.0845070422535
225,226.3488372093022,225.6190476190476,225.8181818181818,226.7499999999999,226.322033898305,225.9999999999999,224.8965517241379,224.6999999999999,224.0140845070422
224.6666666666666,226.2790697674418,225.6428571428571,225.7272727272727,226.7499999999999,226.2711864406779,225.9999999999999,224.7931034482758,224.5666666666666,223.9436619718309
224.3333333333333,226.2093023255813,225.6666666666666,225.6363636363636,226.7499999999999,226.2203389830508,225.9999999999999,224.6896551724137,224.4333333333333,223.8732394366197
224,226.1395348837209,225.6904761904761,225.5454545454545,226.7499999999999,226.1694915254237,225.9999999999999,224.5862068965517,224.3,223.8028169014084
223.6666666666666,226.0697674418604,225.7142857142857,225.4545454545454,226.7499999999999,226.1186440677966,225.9999999999999,224.4827586206896,224.1666666666666,223.7142857142857
223.3333333333333,225.9999999999999,225.7380952380952,225.3636363636363,226.7499999999999,226.0677966101694,225.9999999999999,224.3793103448275,224.0333333333333,223.5714285714285
223.516129032258,226.015873015873,225.71,225.2727272727272,226.7499999999999,226.0169491525423,225.9999999999999,224.2758620689655,223.8999999999999,223.4285714285714
223.8709677419354,226.031746031746,225.63,225.1818181818181,226.7499999999999,225.9661016949152,225.9999999999999,224.2134146341463,223.7666666666666,223.2857142857142
224.2258064516128,226.047619047619,225.55,225.090909090909,226.7499999999999,225.9152542372881,225.9999999999999,224.1646341463414,223.6333333333333,223.1428571428571
224.5806451612902,226.063492063492,225.47,224.9999999999999,226.7499999999999,225.864406779661,225.9999999999999,224.1158536585365,223.4999999999999,222.9999999999999
224.9354838709677,226.079365079365,225.39,224.8999999999999,226.7169811320754,225.8135593220338,225.9999999999999,224.0670731707316,223.4743589743589,222.8571428571428
225.2903225806451,226.095238095238,225.31,224.8,226.5849056603773,225.7627118644067,225.9999999999999,224.0182926829268,223.4487179487179,222.7142857142857
225.6451612903225,226.1111111111111,225.2352941176471,224.6999999999999,226.4528301886792,225.7058823529411,225.9999999999999,223.9695121951219,223.4230769230769,222.5714285714285
225.9999999999999,226.1269841269841,225.1764705882353,224.6,226.3207547169811,225.6470588235294,225.9516129032257,223.920731707317,223.3974358974358,222.4285714285714
225.5714285714285,226.1428571428571,225.1176470588235,224.4999999999999,226.188679245283,225.5882352941176,225.8870967741935,223.8719512195121,223.3717948717948,222.2857142857142
225.1428571428571,226.1587301587301,225.0588235294118,224.3999999999999,226.0566037735849,225.5294117647058,225.8225806451612,223.8231707317073,223.3461538461538,222.1428571428571
224.7142857142857,226.1746031746031,225,224.3,225.9245283018867,225.470588235294,225.758064516129,223.7743902439024,223.3205128205128,221.9999999999999
224.2857142857142,226.1904761904761,224.9411764705882,224.1999999999999,225.7924528301886,225.4117647058823,225.6935483870967,223.7256097560975,223.2948717948717,221.9206349206349
223.8571428571428,226.2063492063492,224.8823529411765,224.1,225.6603773584905,225.3529411764706,225.6290322580645,223.6768292682926,223.2692307692307,221.8412698412698
223.7611940298507,226.2222222222222,224.8235294117647,223.9999999999999,225.5283018867924,225.2941176470588,225.5645161290322,223.6280487804877,223.1785714285714,221.7619047619047
223.776119402985,226.2380952380952,224.764705882353,224.4285714285713,225.3962264150943,225.235294117647,225.4999999999999,223.5792682926829,222.8928571428571,221.6825396825396
223.7910447761193,226.2656249999999,224.6785714285714,224.7499999999999,225.2641509433962,225.1764705882352,225.4354838709677,223.530487804878,222.6071428571428,221.6031746031746
223.8059701492537,226.3281249999999,224.5833333333333,224.7499999999999,225.132075471698,225.1176470588235,225.3709677419354,223.4817073170731,222.3214285714285,221.5238095238095
223.820895522388,226.3906249999999,224.4880952380952,224.7499999999999,224.9999999999999,225.0588235294117,225.3064516129032,223.4329268292682,222.0357142857142,221.4444444444444
223.8358208955223,226.4531249999999,224.3928571428571,224.7499999999999,224.9552238805969,224.9999999999999,225.2419354838709,223.3841463414633,221.7499999999999,221.3650793650793
223.8507462686566,226.5156249999999,224.297619047619,224.7499999999999,224.910447761194,224.7777777777777,225.1774193548387,223.3353658536585,221.4642857142856,221.2857142857142
223.865671641791,226.5781249999999,224.202380952381,224.7499999999999,224.865671641791,224.5555555555555,225.1129032258064,223.2865853658536,221.2375,221.2063492063492
223.8805970149253,226.6406249999999,224.1071428571428,224.7499999999999,224.820895522388,224.3333333333333,225.0483870967741,223.2222222222222,221.1874999999999,221.1269841269841
223.8955223880596,226.7031249999999,224.0119047619048,224.7499999999999,224.776119402985,224.1111111111111,224.9838709677419,223.1111111111111,221.1374999999999,221.047619047619
223.910447761194,226.6388888888888,223.9166666666667,224.7499999999999,224.731343283582,223.8888888888888,224.9193548387096,222.9999999999999,221.0874999999999,220.9682539682539
223.9253731343283,226.1944444444444,223.8214285714286,224.7499999999999,224.6865671641791,223.6666666666666,224.8548387096774,222.8888888888888,221.0374999999999,220.8888888888889
223.9402985074626,225.7499999999999,223.7589285714286,224.7499999999999,224.6417910447761,223.4444444444444,224.7903225806451,222.7777777777777,220.9875,220.8095238095238
223.955223880597,225.3055555555555,223.7946428571428,224.7499999999999,224.5970149253731,223.2222222222222,224.7258064516128,222.6666666666666,220.9374999999999,220.7272727272727
223.9701492537313,224.8611111111111,223.8303571428572,224.6923076923077,224.5522388059701,222.9999999999999,224.6612903225806,222.5555555555555,220.8874999999999,220.6363636363636
223.9850746268656,224.7499999999999,223.8660714285714,224.4615384615384,224.5074626865671,223.1199999999999,224.5967741935484,222.4444444444444,220.8374999999999,220.5454545454545
223.9999999999999,224.7499999999999,223.9017857142857,224.2307692307692,224.4626865671641,223.24,224.5322580645161,222.3333333333333,220.7875,220.4545454545454
223.8852459016393,224.7499999999999,223.9375,223.9999999999999,224.4179104477611,223.36,224.4677419354838,222.2222222222222,220.7375,220.3636363636363
223.7704918032786,224.7499999999999,223.9732142857143,223.9859154929577,224.3731343283582,223.4799999999999,224.4032258064516,222.1111111111111,220.6874999999999,220.2727272727272
223.655737704918,224.7499999999999,224.0089285714286,223.9718309859154,224.3283582089552,223.6,224.3387096774193,221.9999999999999,220.6375,220.1818181818181
223.5409836065573,224.7499999999999,224.0446428571429,223.9577464788732,224.2835820895522,223.7199999999999,224.274193548387,221.8888888888888,220.5874999999999,220.090909090909
223.4262295081967,224.7638888888889,224.0803571428571,223.9436619718309,224.2413793103448,223.7199999999999,224.2096774193548,221.7777777777777,220.5374999999999,219.9999999999999
223.311475409836,224.8194444444444,224.1160714285714,223.9295774647887,224.2068965517241,223.6799999999999,224.1451612903225,221.6666666666666,220.4875,219.9090909090908
223.1967213114754,224.8749999999999,224.1517857142857,223.9154929577464,224.1724137931034,223.6399999999999,224.0806451612902,221.5555555555555,220.4374999999999,219.8181818181818
223.0819672131147,224.9305555555555,224.1875,223.9014084507042,224.1379310344827,223.5999999999999,224.016129032258,221.4444444444444,220.3874999999999,219.7272727272727
222.967213114754,224.9861111111111,224.2232142857143,223.8873239436619,224.103448275862,223.5599999999999,223.9347826086956,221.3333333333333,220.3374999999999,219.6363636363636
222.8524590163934,225.0416666666666,224.2434210526316,223.8732394366197,224.0689655172413,223.52,223.8478260869565,221.2150537634408,220.2874999999999,219.5454545454545
222.7377049180327,225.0972222222222,224.2171052631579,223.8591549295774,224.0344827586206,223.48,223.7608695652173,221.0752688172043,220.2172413793103,219.4545454545454
222.6229508196721,225.1527777777777,224.1907894736842,223.8450704225351,223.9999999999999,223.4399999999999,223.6739130434782,220.9354838709677,220.0862068965517,219.3636363636363
222.5081967213114,225.2083333333333,224.1644736842105,223.8309859154929,223.9655172413792,223.3999999999999,223.5869565217391,220.7956989247311,219.955172413793,219.2727272727272
222.3934426229508,225.1818181818181,224.1381578947368,223.8169014084506,223.9310344827585,223.36,223.4999999999999,220.6559139784946,219.8241379310344,219.1818181818181
222.2786885245901,224.9090909090908,224.1118421052632,223.8028169014084,223.8965517241379,223.3199999999999,223.4130434782608,220.516129032258,219.6931034482758,219.090909090909
222.2499999999999,224.6363636363636,224.0855263157895,223.7887323943661,223.8620689655172,223.2799999999999,223.3260869565217,220.3763440860214,219.5620689655172,218.9999999999999
222.2499999999999,224.3636363636363,224.0592105263158,223.7746478873239,223.8275862068965,223.2374999999999,223.2391304347826,220.2365591397849,219.4310344827585,218.8181818181818
222.2499999999999,224.090909090909,224.0328947368421,223.7605633802816,223.7931034482758,223.1874999999999,223.1521739130434,220.0967741935483,219.3,218.6363636363636
222.2499999999999,223.8181818181818,224.0065789473684,223.7265624999999,223.7586206896551,223.1374999999999,223.0652173913043,219.9569892473118,219.1689655172413,218.4545454545454
222.2499999999999,223.6899999999999,223.9802631578947,223.6328124999999,223.6071428571428,223.0874999999999,222.9782608695652,219.8172043010752,219.0379310344827,218.2727272727272
222.2499999999999,223.61,223.953947368421,223.5390624999999,223.4166666666666,223.0374999999999,222.891304347826,219.6774193548387,218.9068965517241,218.090909090909
222.2499999999999,223.5299999999999,223.9276315789474,223.4453124999999,223.2261904761904,222.9875,222.8043478260869,219.5376344086021,218.7758620689655,217.9090909090908
222.2499999999999,223.4499999999999,223.9013157894737,223.3515624999999,223.0357142857142,222.9374999999999,222.7173913043478,219.3978494623655,218.6448275862068,217.7272727272727
222.2499999999999,223.3699999999999,223.875,223.2578124999999,222.845238095238,222.8874999999999,222.6304347826086,219.258064516129,218.5137931034482,217.5454545454545
222.2499999999999,223.29,223.8486842105263,223.1640624999999,222.6547619047619,222.8374999999999,222.5434782608695,219.1182795698924,218.3827586206896,217.3636363636363
222.2499999999999,223.21,223.8223684210526,223.0703124999999,222.4642857142857,222.7874999999999,222.4565217391304,218.9784946236559,218.251724137931,217.1818181818181
222.2499999999999,223.1299999999999,223.796052631579,222.9765624999999,222.2738095238095,222.7229729729729,222.3695652173913,218.8387096774193,218.1206896551724,216.9999999999999
222.2499999999999,223.05,223.7697368421053,222.8828124999999,222.0833333333333,222.6148648648648,222.2826086956521,218.6989247311827,217.9896551724137,216.8571428571428
222.2499999999999,222.9699999999999,223.7291666666667,222.7890624999999,221.8928571428571,222.5067567567567,222.195652173913,218.5591397849462,217.8586206896551,216.7142857142857
222.2499999999999,222.8899999999999,223.6458333333333,222.6953124999999,221.7391304347825,222.3986486486486,222.1086956521739,218.4193548387096,217.7275862068965,216.5714285714285
222.2499999999999,222.8099999999999,223.5625,222.6015624999999,221.695652173913,222.2905405405405,222.0217391304347,218.2795698924731,217.5965517241379,216.4285714285714
222.2499999999999,222.7395833333333,223.4791666666667,222.5078124999999,221.6521739130434,222.1824324324324,221.9040697674418,218.1397849462365,217.4655172413792,216.2857142857142
222.2277227722772,222.6979166666666,223.3958333333333,222.4140624999999,221.6086956521739,222.0743243243243,221.7761627906976,217.9999999999999,217.3344827586207,216.1428571428571
222.1386138613861,222.6562499999999,223.3125,222.3203124999999,221.5652173913043,221.9662162162161,221.6482558139534,217.9256198347107,217.203448275862,215.9999999999999
222.049504950495,222.6145833333333,223.2291666666667,222.2333333333333,221.5217391304347,221.858108108108,221.5203488372093,217.8512396694214,217.0724137931034,215.8571428571428
221.9603960396039,222.5729166666666,223.1458333333333,222.1666666666666,221.4782608695651,221.7499999999999,221.3924418604651,217.7768595041322,216.9413793103448,215.6896551724138
221.8712871287128,222.5312499999999,223.0625,222.0999999999999,221.4347826086956,221.6418918918918,221.2645348837208,217.7024793388429,216.8103448275861,215.4482758620689
221.7821782178217,222.4895833333333,222.9791666666667,222.0333333333332,221.391304347826,221.5337837837837,221.1366279069767,217.6280991735537,216.6793103448275,215.2068965517241
221.6930693069306,222.4479166666666,222.8958333333333,221.9666666666666,221.3478260869565,221.4256756756756,221.0087209302325,217.5537190082644,216.5482758620689,214.9655172413792
221.6039603960395,222.4062499999999,222.8125,221.8999999999999,221.3043478260869,221.3175675675675,220.8808139534883,217.4793388429752,216.4172413793103,214.7241379310344
221.5148514851484,222.3645833333333,222.7291666666667,221.8333333333333,221.2608695652173,221.2094594594594,220.7529069767442,217.4049586776859,216.2862068965517,214.4827586206896
221.4257425742574,222.3229166666666,222.6458333333333,221.7666666666666,221.2173913043478,221.1013513513513,220.6249999999999,217.3305785123966,216.1551724137931,214.2413793103448
221.3366336633663,222.2812499999999,222.5625,221.6999999999999,221.1739130434782,220.9932432432432,220.4970930232558,217.2561983471074,216.0241379310344,213.9999999999999
221.2475247524752,222.2499999999999,222.4791666666667,221.6333333333333,221.1304347826087,220.8851351351351,220.3691860465116,217.1818181818181,215.8931034482758,213.9126213592233
221.1584158415841,222.2499999999999,222.3958333333333,221.5666666666666,221.0869565217391,220.777027027027,220.2412790697674,217.1074380165289,215.7620689655172,213.8252427184465
221.069306930693,222.2499999999999,222.3125,221.4999999999999,221.0434782608695,220.6268656716417,220.1133720930232,217.0330578512396,215.6310344827586,213.7378640776699
220.9801980198019,222.2499999999999,222.25,221.4333333333333,220.9999999999999,220.4626865671641,219.985465116279,216.9586776859504,215.4999999999999,213.6504854368932
220.8910891089108,222.2499999999999,222.25,221.3666666666666,220.9333333333333,220.2985074626865,219.8575581395348,216.8842975206611,215.530303030303,213.5631067961164
220.8019801980197,222.2499999999999,222.25,221.3,220.8666666666666,220.1343283582089,219.7296511627906,216.8099173553719,215.560606060606,213.4757281553397
220.7128712871286,222.2499999999999,222.25,221.2631578947368,220.8,219.9701492537313,219.6017441860465,216.7355371900826,215.590909090909,213.3883495145631
220.6237623762376,222.2499999999999,222.25,221.3157894736842,220.7333333333333,219.8059701492537,219.4738372093023,216.6611570247933,215.6212121212121,213.3009708737864
220.5346534653465,222.2499999999999,222.25,221.3684210526315,220.6666666666666,219.641791044776,219.3459302325581,216.5867768595041,215.6515151515151,213.2135922330096
220.4455445544554,222.2499999999999,222.25,221.4210526315789,220.6,219.4776119402985,219.2208333333333,216.5123966942148,215.6818181818181,213.1262135922329
220.3564356435643,222.2499999999999,222.25,221.4736842105262,220.5333333333333,219.3134328358208,219.1041666666666,216.4380165289256,215.7121212121211,213.0388349514562
220.2673267326732,222.2499999999999,222.25,221.5263157894736,220.4666666666666,219.1492537313432,218.9875,216.3636363636363,215.7424242424242,212.9514563106796
220.1782178217821,222.2499999999999,222.25,221.578947368421,220.3999999999999,218.9850746268656,218.8708333333333,216.2892561983471,215.2812499999999,212.8640776699029
220.089108910891,222.2499999999999,222.1617647058823,221.6315789473684,220.3333333333333,218.820895522388,218.7541666666666,216.2148760330578,214.6562499999999,212.7766990291261
219.9999999999999,222.2499999999999,222.0441176470588,221.6842105263158,220.2666666666666,218.6567164179104,218.6374999999999,216.1404958677685,214.0312499999999,212.6893203883495
219.8947368421052,222.2499999999999,221.9264705882353,221.7368421052631,220.2,218.4925373134328,218.5208333333333,216.0661157024793,213.4062499999999,212.6019417475728
219.7894736842105,222.2499999999999,221.8088235294118,221.6499999999999,220.1333333333333,218.3283582089552,218.4041666666666,215.99173553719,213.2499999999999,212.5145631067961
219.6842105263157,222.2499999999999,221.6911764705882,221.5166666666666,220.0666666666666,218.1641791044776,218.2874999999999,215.9173553719008,213.2499999999999,212.4271844660194
219.578947368421,222.2065217391304,221.5735294117647,221.3833333333333,219.9999999999999,217.9999999999999,218.1708333333333,215.8429752066115,213.2499999999999,212.3398058252427
219.4736842105263,222.0326086956521,221.4558823529412,221.2499999999999,219.8333333333333,217.9499999999999,218.0541666666666,215.7685950413222,213.2499999999999,212.2524271844659
219.3684210526315,221.8586956521739,221.3382352941177,221.1166666666666,219.6666666666666,217.8999999999999,217.9374999999999,215.6144578313252,213.2499999999999,212.1650485436893
219.2631578947368,221.6847826086956,221.2205882352941,220.9833333333333,219.4999999999999,217.8499999999999,217.8208333333333,215.433734939759,213.2499999999999,212.0776699029126
219.157894736842,221.5108695652173,221.1029411764706,220.8499999999999,219.3333333333333,217.8,217.7041666666666,215.2530120481927,213.2499999999999,211.9902912621359
219.0526315789473,221.3369565217391,220.9852941176471,220.7333333333333,219.1666666666666,217.7499999999999,217.5874999999999,215.0722891566264,213.2499999999999,211.9029126213592
218.9473684210526,221.1630434782608,220.8676470588235,220.6666666666666,218.9999999999999,217.6999999999999,217.4736842105263,214.8915662650602,213.2499999999999,211.8155339805825
218.8421052631579,220.9891304347826,220.75,220.6,218.8333333333333,217.6499999999999,217.3684210526315,214.7108433734939,213.2499999999999,211.7078651685393
218.7368421052631,220.8152173913043,220.6323529411765,220.5333333333333,218.6666666666666,217.5999999999999,217.2631578947368,214.5301204819276,213.2499999999999,211.5393258426966
218.6315789473684,220.641304347826,220.5147058823529,220.4666666666666,218.4999999999999,217.55,217.1578947368421,214.3493975903614,213.2499999999999,211.3707865168539
218.5263157894736,220.4673913043478,220.3970588235294,220.3999999999999,218.3333333333333,217.4999999999999,217.0526315789473,214.1686746987951,213.1470588235293,211.2022471910112
218.4210526315789,220.2934782608695,220.2794117647059,220.3333333333333,218.1666666666666,217.4499999999999,216.9473684210526,213.9879518072289,212.735294117647,211.0337078651685
218.3157894736841,220.1899999999999,220.1617647058823,220.2666666666666,217.9999999999999,217.3999999999999,216.8421052631578,213.8072289156626,212.3235294117647,210.8651685393258
218.2105263157894,220.1099999999999,220.0441176470588,220.1999999999999,217.8888888888888,217.3499999999999,216.7368421052631,213.6265060240963,211.9117647058823,210.6966292134831
218.1052631578947,220.0299999999999,219.9264705882353,220.1333333333333,217.7777777777777,217.3,216.6315789473684,213.44578313253,211.4999999999999,210.5280898876404
217.9999999999999,219.9499999999999,219.8088235294118,220.0666666666666,217.6666666666666,217.2499999999999,216.5263157894736,213.2650602409638,211.0882352941176,210.3595505617977
217.9999999999999,219.8699999999999,219.6911764705883,219.9999999999999,217.5555555555555,217.1999999999999,216.4137931034482,213.0843373493975,210.6764705882352,210.191011235955
217.9999999999999,219.79,219.5735294117647,219.9268292682926,217.4444444444444,217.1499999999999,216.2988505747126,212.9036144578313,210.2647058823529,210.0224719101123
217.9999999999999,219.71,219.4558823529412,219.8536585365853,217.3333333333333,217.0999999999999,216.183908045977,212.722891566265,209.8529411764706,209.8539325842696
217.9999999999999,219.6299999999999,219.3382352941177,219.780487804878,217.2222222222222,217.05,216.0689655172413,212.5421686746988,209.8571428571428,209.6853932584269
217.9999999999999,219.5499999999999,219.2323232323232,219.7073170731707,217.1111111111111,216.9999999999999,215.9540229885057,212.3614457831325,209.9999999999999,209.5168539325842
217.9999999999999,219.4699999999999,219.1616161616162,219.6341463414633,216.9999999999999,216.8666666666666,215.8390804597701,212.1807228915662,210.1428571428571,209.3483146067415
217.9999999999999,219.3899999999999,219.0909090909091,219.560975609756,216.8888888888888,216.7333333333333,215.7241379310344,211.9999999999999,210.2857142857142,209.1797752808988
217.9999999999999,219.3099999999999,219.020202020202,219.4878048780487,216.7777777777777,216.6,215.6091954022988,211.7142857142857,210.4285714285714,209.0112359550561
217.9999999999999,219.2499999999999,218.9494949494949,219.4146341463414,216.6666666666666,216.4666666666666,215.4942528735631,211.4285714285714,210.5714285714285,208.8426966292134
217.9999999999999,219.2499999999999,218.8787878787879,219.3414634146341,216.5555555555555,216.3333333333333,215.3793103448275,211.1428571428571,210.7142857142856,208.6741573033707
217.9999999999999,219.2499999999999,218.8080808080808,219.2682926829268,216.4444444444444,216.1999999999999,215.2643678160919,210.8571428571428,210.7499999999999,208.505617977528
217.9999999999999,219.2499999999999,218.7373737373737,219.05,216.3333333333333,216.0666666666666,215.1494252873563,210.5714285714285,210.7499999999999,208.3370786516853
217.9999999999999,219.2499999999999,218.6666666666667,218.7833333333333,216.2222222222222,215.9333333333333,215.0344827586206,210.2857142857142,210.7499999999999,208.1685393258426
217.8999999999999,219.2499999999999,218.5959595959596,218.5166666666666,216.1111111111111,215.8,214.919540229885,209.9999999999999,210.7499999999999,207.9999999999999
217.8,219.2499999999999,218.5252525252525,218.2499999999999,215.9999999999999,215.6666666666666,214.8045977011494,209.7142857142857,210.7499999999999,207.7272727272727
217.6999999999999,219.2499999999999,218.4545454545454,217.9833333333333,215.983606557377,215.5333333333332,214.6896551724138,209.4285714285714,210.7499999999999,207.4545454545454
217.5999999999999,219.2499999999999,218.3838383838384,217.7166666666666,215.967213114754,215.3999999999999,214.5747126436781,209.1428571428571,210.7187499999999,207.1818181818181
217.4999999999999,219.2499999999999,218.3131313131313,217.4499999999999,215.9508196721311,215.2666666666666,214.4597701149425,208.8571428571428,210.5937499999999,206.9090909090908
217.3999999999999,219.2393617021276,218.2424242424242,217.281914893617,215.9344262295081,215.1333333333333,214.3448275862068,208.5714285714285,210.4687499999999,206.6363636363636
217.3,219.1968085106382,218.1717171717171,217.409574468085,215.9180327868852,214.9999999999999,214.2298850574712,208.2857142857142,210.3437499999999,206.3636363636363
217.2,219.1542553191489,218.1010101010101,217.5372340425531,215.9016393442623,214.9047619047618,214.1149425287356,207.9999999999999,210.2187499999999,206.090909090909
217.1,219.1117021276595,218.030303030303,217.6648936170212,215.8852459016393,214.8095238095238,213.9999999999999,208.1052631578947,210.0937499999999,205.8181818181818
216.9999999999999,219.0691489361702,217.9595959595959,217.7925531914893,215.8688524590164,214.7142857142857,213.9117647058823,208.2105263157894,209.9687499999999,205.5454545454545
216.8999999999999,219.0265957446808,217.8888888888889,217.9202127659574,215.8524590163934,214.6190476190476,213.8235294117646,208.3157894736841,209.8437499999999,205.2727272727272
216.8,218.9840425531914,217.8181818181818,218.0478723404255,215.8360655737704,214.5238095238095,213.735294117647,208.4210526315789,209.7282608695652,204.9999999999999
216.6999999999999,218.9414893617021,217.7474747474747,218.1755319148936,215.8196721311475,214.4285714285714,213.6470588235294,208.5263157894736,209.641304347826,204.9545454545454
216.6,218.8989361702127,217.6767676767676,218.3031914893617,215.8032786885245,214.3333333333333,213.5588235294117,208.6315789473684,209.5543478260869,204.9090909090908
216.4999999999999,218.8563829787234,217.6060606060605,218.4308510638297,215.7868852459016,214.2380952380952,213.4705882352941,208.7368421052631,209.4673913043478,204.8636363636363
216.3999999999999,218.813829787234,217.5353535353535,218.5585106382978,215.7704918032786,214.1428571428571,213.3823529411764,208.8421052631578,209.3804347826086,204.8181818181818
216.3,218.7712765957446,217.4646464646464,218.6861702127659,215.7540983606557,214.047619047619,213.2941176470588,208.9473684210526,209.2934782608695,204.7727272727272
