202.6833333333333,215.0714285714286,221.2115384615385,222.6666666666667,224.73,224.7321428571428,223.7659574468085,219.6857142857142,217.7749999999999,216.29
202.95,215.2142857142857,221.3653846153846,222.7777777777777,224.81,224.8035714285714,223.8297872340425,219.7714285714285,217.8749999999999,216.45
203.2166666666666,215.3571428571429,221.5192307692308,222.8888888888889,224.89,224.875,223.8936170212766,219.8571428571428,217.975,216.61
203.4833333333333,215.5,221.6730769230769,222.9999999999999,224.97,224.9464285714286,223.9574468085106,219.9428571428571,218.0749999999999,216.77
203.75,215.6428571428572,221.8269230769231,223.1111111111111,225.05,225.0178571428571,224.0212765957446,220.0285714285714,218.175,216.93
204.0166666666667,215.7857142857143,221.9807692307692,223.2222222222222,225.13,225.0892857142857,224.0851063829787,220.1142857142857,218.275,217.09
204.2833333333333,215.9285714285714,222.1346153846154,223.3333333333333,225.21,225.1607142857143,224.1489361702127,220.2,218.375,217.25
204.55,216.0714285714286,222.2625,223.4444444444444,225.29,225.2321428571428,224.2127659574468,220.2857142857143,218.475,217.41
204.8214285714286,216.2142857142857,222.3125,223.5555555555555,225.37,225.3035714285714,224.2765957446808,220.3714285714285,218.575,217.57
205.1071428571429,216.3571428571429,222.3625,223.6666666666667,225.45,225.375,224.3404255319149,220.4571428571428,218.675,217.73
205.3928571428572,216.5,222.4125,223.7777777777778,225.53,225.4464285714286,224.4042553191489,220.5428571428571,218.775,217.89
205.6785714285714,216.6428571428571,222.4625,223.8888888888889,225.61,225.5178571428571,224.468085106383,220.6285714285714,218.875,218.05
205.825,216.7826086956522,222.5125,224,225.69,225.5892857142857,224.531914893617,220.7142857142857,218.975,218.21
205.925,216.9130434782609,222.5625,224.1111111111111,225.7720588235294,225.6607142857143,224.5957446808511,220.8,219.075,218.3571428571429
206.025,217.0434782608696,222.6125,224.2222222222222,225.8602941176471,225.7321428571428,224.6595744680851,220.8857142857142,219.175,218.5
206.125,217.1739130434783,222.6625,224.3333333333333,225.9485294117647,225.813829787234,224.7234042553191,220.9714285714286,219.297619047619,218.6428571428572
206.225,217.3043478260869,222.7125,224.4444444444445,226.0367647058823,225.8989361702128,224.7872340425532,221.0571428571428,219.4880952380952,218.7857142857143
206.325,217.4347826086957,222.7717391304348,224.5555555555555,226.125,225.9840425531915,224.8510638297872,221.1428571428571,219.6785714285714,218.9285714285714
206.425,217.5652173913044,222.8586956521739,224.6666666666667,226.2132352941177,226.0691489361702,224.9148936170213,221.2285714285714,219.8690476190476,219.0714285714286
206.525,217.6956521739131,222.945652173913,224.766129032258,226.3014705882353,226.1542553191489,224.9787234042553,221.3333333333333,220.0595238095238,219.2142857142857
206.625,217.8260869565217,223.0326086956522,224.8306451612903,226.3897058823529,226.2393617021277,225.0425531914894,221.4444444444444,220.25,219.35
206.725,217.9565217391304,223.1195652173913,224.8951612903226,226.4779411764706,226.3244680851064,225.1063829787234,221.5555555555555,220.4404761904762,219.4833333333333
206.825,218.0869565217391,223.2065217391304,224.9596774193548,226.5661764705882,226.4095744680851,225.1702127659574,221.6666666666667,220.6309523809524,219.6166666666667
206.925,218.2173913043478,223.2934782608696,225.0241935483871,226.6544117647059,226.4946808510639,225.2340425531915,221.7777777777778,220.8214285714286,219.75
207.025,218.3571428571429,223.3804347826087,225.0887096774194,226.7426470588235,226.5797872340426,225.2830882352941,221.8888888888889,221.0119047619048,219.8833333333333
207.125,218.5,223.4673913043478,225.1532258064516,226.8308823529412,226.6648936170213,225.327205882353,222,221.202380952381,220.0166666666667
207.225,218.6428571428571,223.5543478260869,225.2177419354839,226.9191176470588,226.75,225.3713235294117,222.1111111111111,221.2777777777778,220.15
207.484375,218.7857142857143,223.6413043478261,225.2822580645162,227.0073529411765,226.8351063829787,225.4154411764706,222.2222222222222,221.3148148148148,220.2916666666667
207.796875,218.9285714285714,223.7282608695652,225.3467741935484,227.0955882352941,226.9202127659574,225.4595588235294,222.31,221.3518518518518,220.4583333333333
208.109375,219.0714285714286,223.775,225.4112903225807,227.1838235294118,227.0053191489362,225.5036764705882,222.39,221.3888888888889,220.625
208.421875,219.2142857142857,223.8083333333333,225.4758064516129,227.258064516129,227.0904255319149,225.547794117647,222.47,221.4259259259259,220.7916666666667
208.734375,219.3571428571429,223.8416666666667,225.5403225806452,227.2903225806452,227.1755319148936,225.5919117647059,222.55,221.462962962963,220.9583333333333
209.046875,219.5,223.875,225.6048387096774,227.3225806451613,227.2606382978724,225.6360294117647,222.63,221.5,221.125
209.359375,219.6428571428571,223.9083333333333,225.6693548387097,227.3548387096774,227.3457446808511,225.6801470588235,222.71,221.537037037037,221.2916666666667
209.671875,219.7857142857143,223.9416666666667,225.733870967742,227.3870967741936,227.4308510638298,225.7242647058824,222.79,221.5740740740741,221.4583333333333
209.8823529411765,219.9285714285714,223.975,225.71875,227.4193548387097,227.5159574468085,225.7683823529412,222.87,221.6111111111111,221.625
210.0588235294118,220.0714285714286,224.0083333333333,225.6770833333333,227.4516129032258,227.6010638297872,225.8125,222.95,221.6481481481482,221.7619047619048
210.2352941176471,220.2142857142857,224.0416666666667,225.6354166666667,227.483870967742,227.6861702127659,225.8566176470588,223.03,221.6851851851852,221.8095238095238
210.4117647058824,220.21875,224.075,225.59375,227.516129032258,227.7558139534884,225.9007352941177,223.11,221.7222222222222,221.8571428571429
210.5882352941177,220.1770833333333,224.1083333333333,225.5520833333333,227.5483870967742,227.7790697674418,225.9448529411765,223.19,221.7857142857143,221.9047619047619
210.7647058823529,220.1354166666667,224.1416666666667,225.5104166666667,227.5806451612903,227.8023255813953,225.9889705882353,223.28,221.9285714285714,221.9523809523809
210.9411764705882,220.09375,224.175,225.46875,227.6129032258065,227.8255813953488,226.0330882352941,223.4,222.0714285714286,222
211.1176470588235,220.0520833333333,224.2083333333333,225.4270833333333,227.6451612903226,227.8488372093023,226.0772058823529,223.52,222.2142857142857,222.047619047619
211.28125,220.0104166666667,224.2416666666667,225.3854166666667,227.6774193548387,227.8720930232558,226.1213235294118,223.64,222.3571428571429,222.0952380952381
211.40625,219.96875,224.3125,225.34375,227.7096774193548,227.8953488372093,226.1654411764706,223.76,222.5,222.1428571428572
211.53125,219.9270833333333,224.3958333333333,225.3020833333333,227.741935483871,227.9186046511628,226.2095588235294,223.88,222.6428571428572,222.1904761904762
211.65625,219.8854166666667,224.4791666666667,225.2604166666667,227.8152173913044,227.9418604651163,226.2536764705882,224,222.7857142857143,222.2380952380952
211.78125,219.84375,224.5625,225.2840909090909,227.9021739130435,227.9651162790698,226.2977941176471,224.12,222.9285714285714,222.40625
211.90625,219.8020833333333,224.6458333333334,225.3295454545454,227.9891304347826,227.9883720930233,226.3419117647059,224.24,223.0714285714286,222.6145833333334
212.03125,219.7604166666667,224.7291666666667,225.375,228.0760869565217,228.0116279069767,226.3860294117647,224.36,223.2142857142857,222.8229166666667
212.15625,220.0833333333333,224.8125,225.4204545454546,228.1630434782608,228.0348837209302,226.4301470588235,224.48,223.3571428571429,223.03125
212.28125,220.5277777777778,224.8958333333334,225.4659090909091,228.25,228.0581395348837,226.4742647058824,224.6,223.5,223.2395833333333
212.40625,220.9722222222222,224.9791666666667,225.5113636363636,228.3369565217391,228.0813953488372,226.5183823529412,224.72,223.6428571428571,223.4479166666667
212.53125,221.4166666666667,225.0625,225.5568181818182,228.4239130434783,228.1046511627907,226.5625,224.703125,223.7763157894737,223.65625
212.65625,221.8,225.1458333333333,225.6022727272727,228.5108695652174,228.1279069767442,226.6066176470588,224.640625,223.8815789473684,223.8645833333333
212.7672413793103,222,225.2291666666667,225.6477272727273,228.5978260869565,228.1511627906977,226.6507352941177,224.578125,223.9868421052632,224.0729166666667
212.8362068965517,222.2,225.25,225.6931818181818,228.6847826086956,228.1744186046512,226.6948529411765,224.515625,224.0921052631579,224.28125
212.9051724137931,222.4,225.25,225.7386363636363,228.7291666666667,228.1976744186047,226.7389705882353,224.453125,224.1973684210526,224.4895833333333
212.9741379310345,222.6,225.25,225.8522727272727,228.6458333333333,228.2209302325581,226.828947368421,224.390625,224.3026315789474,224.6979166666667
213.0431034482759,222.8,225.25,225.9886363636364,228.5625,228.2441860465116,226.9342105263158,224.328125,224.4078947368421,224.8125
213.1120689655172,223,225.25,226.125,228.4791666666667,228.2620967741936,227.0394736842105,224.265625,224.5131578947368,224.8958333333333
213.1810344827586,223.2,225.25,226.2613636363637,228.3958333333333,228.2782258064516,227.1447368421053,224.375,224.6184210526316,224.9791666666667
213.25,223.0357142857143,225.25,226.3977272727273,228.3125,228.2943548387097,227.25,224.5416666666667,224.7236842105263,225.0625
213.3189655172414,222.75,225.25,226.5340909090909,228.2571428571429,228.3104838709677,227.3552631578947,224.7083333333333,224.828947368421,225.1458333333333
213.3879310344827,222.4642857142857,225.25,226.6704545454545,228.2857142857143,228.3266129032258,227.4605263157895,224.875,224.9342105263158,225.2291666666667
213.4568965517241,222.1785714285714,225.25,226.8068181818182,228.3142857142857,228.3427419354838,227.5657894736842,225.0416666666667,225.0394736842105,225.3125
213.5258620689655,221.8928571428571,225.25,226.9431818181818,228.3428571428572,228.358870967742,227.6710526315789,225.2083333333333,225.1447368421053,225.3958333333333
213.5948275862069,221.6071428571429,225.25,227.0795454545454,228.3714285714286,228.375,227.7395833333333,225.25,225.25,225.4791666666667
213.6637931034483,221.3214285714286,225.3035714285714,227.2159090909091,228.4,228.3911290322581,227.6979166666667,225.25,225.3552631578947,225.5625
213.7327586206897,221.4078947368421,225.5178571428572,227.2916666666667,228.4285714285714,228.4072580645162,227.65625,225.25,225.4605263157895,225.6458333333333
213.8289473684211,221.6184210526316,225.7321428571429,227.3472222222222,228.4571428571429,228.4233870967742,227.6145833333333,225.25,225.5657894736842,225.7291666666667
213.9342105263158,221.8289473684211,225.9464285714286,227.4027777777778,228.4857142857143,228.4395161290323,227.5729166666667,225.25,225.671052631579,225.8055555555556
214.0394736842105,222.0394736842105,226.1607142857143,227.4583333333333,228.5142857142857,228.4556451612903,227.53125,225.25,225.7631578947369,225.8796296296296
214.1447368421053,222.25,226.375,227.5138888888889,228.5428571428571,228.4717741935484,227.4895833333333,225.25,225.8157894736842,225.9537037037037
214.25,222.4605263157895,226.5892857142857,227.5694444444445,228.5714285714286,228.4879032258065,227.4479166666667,225.25,225.8684210526316,226.0277777777778
214.3552631578947,222.671052631579,226.725,227.625,228.6,228.5040322580645,227.40625,225.25,225.921052631579,226.1018518518518
214.4605263157895,222.8815789473684,226.625,227.6805555555555,228.6285714285714,228.5201612903226,227.3645833333333,225.25,225.9736842105263,226.1759259259259
214.5657894736842,223.0921052631579,226.525,227.7361111111111,228.6571428571428,228.5362903225806,227.3229166666667,225.25,226.0263157894737,226.25
214.671052631579,223.2575757575758,226.425,227.65625,228.6857142857143,228.5524193548387,227.28125,225.25,226.078947368421,226.3240740740741
214.7717391304348,223.2878787878788,226.325,227.53125,228.7142857142857,228.5685483870968,227.2647058823529,225.2916666666667,226.1315789473684,226.3981481481482
214.8586956521739,223.3181818181818,226.234375,227.40625,228.7428571428572,228.5846774193548,227.3235294117647,225.4583333333333,226.1842105263158,226.4722222222222
214.9456521739131,223.3484848484849,226.171875,227.28125,228.7741935483871,228.6008064516129,227.3823529411765,225.625,226.2368421052632,226.5462962962963
215.0326086956522,223.3787878787879,226.109375,227.15625,228.8064516129032,228.616935483871,227.4411764705882,225.7916666666667,226.2894736842105,226.6203703703704
215.1195652173913,223.4090909090909,226.046875,227.03125,228.8387096774194,228.6330645161291,227.5,225.9583333333333,226.3421052631579,226.6944444444445
215.2065217391304,223.4393939393939,225.984375,226.90625,228.8709677419355,228.6491935483871,227.5588235294118,226.125,226.3947368421053,226.78125
215.2934782608696,223.469696969697,225.921875,226.78125,228.9032258064516,228.6653225806452,227.6176470588235,226.2916666666667,226.4473684210526,226.90625
215.3804347826087,223.5,225.859375,226.7916666666667,228.9354838709677,228.6814516129032,227.6764705882353,226.4583333333333,226.5,227.03125
215.4673913043478,223.530303030303,225.796875,226.8472222222222,228.9677419354839,228.6975806451613,227.7352941176471,226.625,226.5526315789474,227.15625
215.5543478260869,223.5606060606061,225.77,226.9027777777778,229,228.7137096774194,227.7941176470588,226.7788461538462,226.6052631578947,227.28125
215.6413043478261,223.5909090909091,225.85,226.9583333333333,229.0322580645161,228.7298387096774,227.8529411764706,226.8942307692308,226.6578947368421,227.40625
215.7282608695652,223.6212121212121,225.93,227.0138888888889,229.0645161290323,228.7459677419355,227.9117647058824,227.0096153846154,226.7105263157895,227.53125
215.8571428571428,223.6515151515152,226.01,227.0694444444444,229.0967741935484,228.75,227.9705882352941,227.125,226.775,227.65625
216,223.6818181818182,226.09,227.125,229.1290322580645,228.75,228.0294117647059,227.2403846153846,226.875,227.78125
216.1428571428571,223.7121212121212,226.17,227.1805555555556,229.1612903225806,228.75,228.0882352941177,227.3557692307692,226.975,227.90625
216.2857142857143,223.7424242424242,226.25,227.2361111111111,229.1935483870968,228.75,228.1470588235294,227.4711538461538,227.075,228.03125
216.4285714285714,223.7,226.33,227.34375,229.2258064516129,228.75,228.2058823529412,227.5865384615385,227.175,228.15625
216.5714285714286,223.6333333333333,226.41,227.46875,229.24,228.75,228.2555555555555,227.7019230769231,227.275,228.28125
216.7142857142857,223.5666666666667,226.49,227.59375,229.2,228.75,228.2777777777778,227.8173076923077,227.375,228.40625
216.8214285714286,223.5,226.57,227.71875,229.16,228.75,228.3,227.9326923076923,227.475,228.53125
216.9166666666667,223.4333333333333,226.65,227.84375,229.12,228.75,228.3222222222222,228.0480769230769,227.575,228.65625
217.0119047619048,223.3666666666666,226.73,227.96875,229.08,228.75,228.3444444444444,228.1634615384615,227.675,228.75
217.1071428571428,223.3,226.8076923076923,228.09375,229.04,228.75,228.3666666666667,228.2717391304348,227.775,228.75
217.2023809523809,223.2826086956522,226.8846153846154,228.21875,229,228.75,228.3888888888889,228.3586956521739,227.875,228.75
217.297619047619,223.4130434782609,226.9615384615385,228.2105263157895,228.96,228.75,228.4111111111111,228.4456521739131,227.975,228.75
217.3928571428572,223.5434782608696,227.0384615384615,228.1578947368421,228.92,228.75,228.4333333333333,228.5326086956522,228.075,228.75
217.4880952380952,223.6739130434783,227.1153846153846,228.1052631578947,228.88,228.75,228.4555555555556,228.6195652173913,228.175,228.75
217.5833333333333,223.804347826087,227.1923076923077,228.0526315789473,228.84,228.75,228.4777777777778,228.7065217391304,228.2628205128205,228.75
217.6785714285714,223.9347826086957,227.25,228,228.8,228.75,228.5,228.7934782608696,228.3141025641026,228.75
217.7619047619048,224.0652173913043,227.25,227.9473684210526,228.76,228.75,228.5222222222222,228.8804347826087,228.3653846153846,228.75
217.8095238095238,224.1956521739131,227.25,227.8947368421053,228.825,228.75,228.5444444444444,228.9673913043478,228.4166666666667,228.7777777777778
217.8571428571428,224.3260869565217,227.25,227.8421052631579,228.925,228.75,228.5666666666667,229.0543478260869,228.4679487179487,228.8888888888889
217.9047619047619,224.4565217391304,227.25,227.7894736842105,229.025,228.75,228.5888888888889,229.1413043478261,228.5192307692308,229
217.952380952381,224.5869565217391,227.25,227.77,229.125,228.75,228.6111111111111,229.2282608695652,228.5705128205128,229.1111111111111
218,224.7173913043478,227.25,227.85,229.225,228.75,228.6333333333333,229.21875,228.6217948717949,229.2222222222222
218.047619047619,224.7833333333333,227.25,227.93,229.325,228.75,228.6555555555556,229.1770833333333,228.6730769230769,229.3333333333333
218.0952380952381,224.8277777777778,227.25,228.01,229.425,228.75,228.6777777777778,229.1354166666667,228.7243589743589,229.4444444444445
218.1428571428571,224.8722222222222,227.25,228.09,229.525,228.75,228.7,229.09375,228.775641025641,229.5555555555556
218.1904761904762,224.9166666666667,227.25,228.17,229.625,228.7875,228.7222222222222,229.0520833333333,228.8269230769231,229.6666666666667
218.2380952380952,224.9611111111111,227.25,228.25,229.725,228.8375,228.7444444444444,229.0104166666667,228.8782051282051,229.7777777777778
218.3125,225.0055555555556,227.25,228.33,229.75,228.8875,228.7291666666667,228.96875,228.9294871794872,229.8888888888889
218.3958333333333,225.05,227.25,228.41,229.75,228.9375,228.7013888888889,228.9270833333333,228.9807692307692,230
218.4791666666667,225.0944444444444,227.25,228.49,229.75,228.9875,228.6736111111111,228.8854166666667,229.0320512820513,230.1111111111111
218.5625,225.1388888888889,227.25,228.57,229.75,229.0375,228.6458333333333,228.84375,229.0833333333333,230.2222222222222
218.6458333333333,225.1833333333333,227.25,228.65,229.75,229.0875,228.6180555555555,228.8020833333333,229.1346153846154,230.2788461538462
218.7291666666667,225.2277777777778,227.25,228.73,229.75,229.1375,228.5902777777778,228.7604166666667,229.1858974358974,230.3173076923077
218.9545454545455,225.2722222222222,227.25,228.675,229.75,229.1875,228.5625,228.7285714285714,229.2371794871795,230.3557692307693
219.2272727272727,225.3166666666667,227.25,228.575,229.75,229.2375,228.5347222222222,228.7,229.2717391304348,230.3942307692308
219.5,225.3611111111111,227.25,228.475,229.75,229.2875,228.5069444444445,228.6714285714285,229.3007246376812,230.4326923076923
219.7727272727273,225.4055555555556,227.25,228.375,229.6847826086957,229.3375,228.4791666666667,228.6428571428571,229.3297101449275,230.4711538461538
220.0454545454546,225.45,227.25,228.275,229.5978260869565,229.3875,228.4513888888889,228.6142857142857,229.3586956521739,230.5096153846154
220.2666666666667,225.4944444444445,227.2678571428572,228.175,229.5108695652174,229.4375,228.4236111111111,228.5857142857143,229.3876811594203,230.5480769230769
220.3333333333333,225.5388888888889,227.3392857142857,228.075,229.4239130434783,229.4875,228.3958333333333,228.5571428571429,229.4166666666667,230.5865384615385
220.4,225.5833333333333,227.4107142857143,227.975,229.3369565217391,229.5375,228.3680555555555,228.5285714285714,229.4456521739131,230.625
220.4666666666667,225.6277777777778,227.4821428571429,227.875,229.25,229.5875,228.3402777777778,228.5,229.4746376811594,230.6634615384615
220.5333333333333,225.6722222222222,227.5535714285714,227.775,229.1630434782609,229.6375,228.3125,228.4714285714286,229.5036231884058,230.7019230769231
220.6,225.7166666666667,227.625,227.7857142857143,229.0760869565217,229.6875,228.2847222222222,228.4428571428571,229.5326086956522,230.7403846153846
220.6666666666667,225.7403846153846,227.6964285714286,227.8333333333333,228.9891304347826,229.7375,228.2569444444444,228.4142857142857,229.5615942028986,230.7697368421053
220.7333333333333,225.7019230769231,227.7291666666667,227.8809523809524,228.9021739130435,229.7083333333333,228.301724137931,228.3857142857143,229.5905797101449,230.796052631579
220.7894736842105,225.6634615384615,227.6458333333333,227.9285714285714,228.8152173913043,229.6527777777778,228.3706896551724,228.3571428571429,229.6195652173913,230.8223684210526
220.8421052631579,225.625,227.5625,227.9761904761905,228.75,229.5972222222222,228.4396551724138,228.3285714285714,229.6485507246377,230.8486842105263
220.8947368421053,225.5865384615385,227.4791666666667,228.0238095238095,228.75,229.5416666666667,228.5086206896552,228.3,229.6775362318841,230.875
220.9473684210526,225.5480769230769,227.3958333333333,228.0714285714286,228.75,229.4861111111111,228.5775862068965,228.2714285714286,229.7065217391304,230.9013157894737
221,225.5096153846154,227.3125,228.1190476190476,228.75,229.4305555555555,228.6465517241379,228.3026315789474,229.7355072463768,230.9276315789474
221.0526315789474,225.4711538461538,227.2375,228.1666666666667,228.75,229.375,228.7155172413793,228.5131578947368,229.7644927536232,230.953947368421
221.1052631578947,225.4326923076923,227.1875,228.2142857142857,228.75,229.3194444444445,228.7844827586207,228.7236842105263,229.7934782608696,230.9802631578947
221.1578947368421,225.3942307692308,227.1375,228.2586206896552,228.75,229.2638888888889,228.8534482758621,228.9342105263158,229.8224637681159,231.0065789473684
221.2105263157895,225.3557692307692,227.0875,228.2931034482759,228.75,229.2083333333333,228.9224137931034,229.1447368421053,229.8514492753623,231.0328947368421
221.27,225.3173076923077,227.0375,228.3275862068965,228.75,229.1527777777778,228.9913793103448,229.3552631578947,229.8804347826087,231.0592105263158
221.35,225.2788461538462,226.9875,228.3620689655172,228.75,229.0972222222222,229.0603448275862,229.5657894736842,229.9094202898551,231.0855263157895
221.43,225.2560975609756,226.9375,228.3965517241379,228.75,229.0416666666667,229.1293103448276,229.7763157894737,229.9384057971014,231.1118421052632
221.51,225.280487804878,226.8875,228.4310344827586,228.6428571428572,228.9861111111111,229.198275862069,229.9868421052632,229.9673913043478,231.1381578947368
221.59,225.3048780487805,226.8375,228.4655172413793,228.5,228.9305555555555,229.2424242424242,230.1973684210526,229.9963768115942,231.1644736842105
221.67,225.3292682926829,226.7875,228.5,228.3571428571429,228.875,229.2121212121212,230.2777777777778,230.0253623188406,231.1907894736842
221.75,225.3536585365854,226.775,228.5344827586207,228.2142857142857,228.8194444444445,229.1818181818182,230.3148148148148,230.054347826087,231.2171052631579
221.83,225.3780487804878,226.875,228.5689655172414,228.0714285714286,228.7638888888889,229.1515151515152,230.3518518518518,230.0833333333333,231.2434210526316
221.91,225.4024390243902,226.975,228.603448275862,227.9285714285714,228.75,229.1212121212121,230.3888888888889,230.1123188405797,231.2777777777778
221.99,225.4268292682927,227.075,228.6379310344828,227.7857142857143,228.75,229.0909090909091,230.4259259259259,230.1413043478261,231.3148148148148
222.07,225.4512195121951,227.175,228.6724137931035,227.8653846153846,228.75,229.0606060606061,230.4629629629629,230.1702898550725,231.3518518518518
222.15,225.4756097560976,227.275,228.7068965517241,228.0192307692308,228.75,229.030303030303,230.5,230.1992753623188,231.3888888888889
222.23,225.5,227.375,228.7413793103448,228.1730769230769,228.75,229,230.537037037037,230.2282608695652,231.4259259259259
222.25,225.5243902439024,227.475,228.7297297297297,228.3269230769231,228.75,228.969696969697,230.5740740740741,230.2692307692308,231.4629629629629
222.25,225.5487804878049,227.575,228.7027027027027,228.4807692307692,228.75,228.9393939393939,230.6111111111111,230.3461538461538,231.5
222.25,225.5731707317073,227.675,228.6756756756757,228.6346153846154,228.75,228.9090909090909,230.6481481481481,230.4230769230769,231.537037037037
222.25,225.5975609756098,227.7625,228.6486486486486,228.764705882353,228.75,228.8787878787879,230.6851851851852,230.5,231.5740740740741
222.25,225.6219512195122,227.8125,228.6216216216216,228.8235294117647,228.75,228.8484848484848,230.7222222222222,230.5769230769231,231.6111111111111
222.25,225.6463414634146,227.8625,228.5945945945946,228.8823529411765,228.75,228.8181818181818,230.7380952380952,230.6538461538462,231.6481481481482
222.25,225.6707317073171,227.9125,228.5675675675676,228.9411764705882,228.75,228.7878787878788,230.6904761904762,230.7307692307692,231.6851851851852
222.25,225.6951219512195,227.9625,228.5405405405406,229,228.75,228.7575757575758,230.6428571428571,230.8076923076923,231.7222222222222
222.3048780487805,225.719512195122,228.0125,228.5135135135135,229.0588235294118,228.75,228.81,230.5952380952381,230.8846153846154,231.75
222.3780487804878,225.7439024390244,228.0625,228.4864864864865,229.1176470588235,228.75,228.89,230.547619047619,230.9615384615385,231.75
222.4512195121951,225.7875,228.1125,228.4594594594595,229.1764705882353,228.75,228.97,230.5,231.0384615384615,231.75
222.5243902439024,225.8375,228.1625,228.4324324324324,229.235294117647,228.75,229.05,230.4523809523809,231.1153846153846,231.75
222.5975609756098,225.8875,228.2125,228.4054054054054,229.125,228.75,229.13,230.4047619047619,231.1923076923077,231.75
222.6707317073171,225.9375,228.2166666666667,228.3783783783784,228.9583333333333,228.7905405405405,229.21,230.3571428571429,231.2258064516129,231.75
222.7439024390244,225.9875,228.0833333333333,228.3513513513514,228.7916666666667,228.8445945945946,229.29,230.3095238095238,231.1290322580645,231.75
222.8170731707317,226.0375,227.95,228.3243243243243,228.625,228.8986486486486,229.37,230.2619047619048,231.0322580645162,231.75
222.890243902439,226.0875,227.8166666666667,228.2972972972973,228.4583333333333,228.9527027027027,229.45,230.2758620689655,230.9354838709678,231.75
222.9634146341463,226.1375,227.6833333333333,228.2702702702703,228.2916666666667,229.0067567567567,229.53,230.3103448275862,230.8387096774194,231.75
223.0365853658537,226.1875,227.55,228.2421875,228.125,229.0608108108108,229.61,230.3448275862069,230.741935483871,231.75
223.109756097561,226.2375,227.4166666666667,228.2109375,227.9583333333333,229.1148648648648,229.69,230.3793103448276,230.6451612903226,231.75
223.1829268292683,226.203125,227.2833333333333,228.1796875,227.7916666666667,229.1689189189189,229.7361111111111,230.4137931034483,230.5483870967742,231.75
223.2560975609756,226.140625,227.25,228.1484375,227.8684210526316,229.222972972973,229.6805555555556,230.448275862069,230.4516129032258,231.7445652173913
223.3292682926829,226.078125,227.25,228.1171875,228.0263157894737,229.277027027027,229.625,230.4827586206897,230.3548387096774,231.7228260869565
223.4024390243902,226.015625,227.25,228.0859375,228.1842105263158,229.3310810810811,229.5694444444444,230.5172413793103,230.258064516129,231.7010869565217
223.4756097560976,225.953125,227.25,228.0546875,228.3421052631579,229.3851351351352,229.5138888888889,230.551724137931,230.1612903225806,231.6793478260869
223.5487804878049,225.890625,227.25,228.0234375,228.5,229.4391891891892,229.4583333333333,230.5862068965517,230.0645161290323,231.6576086956522
223.6219512195122,225.828125,227.2604166666667,227.9921875,228.6578947368421,229.4932432432433,229.4027777777778,230.6206896551724,229.9677419354839,231.6358695652174
223.6951219512195,225.765625,227.3020833333333,227.9609375,228.8157894736842,229.5472972972973,229.3472222222222,230.6551724137931,229.8709677419355,231.6141304347826
223.7333333333333,225.7916666666667,227.34375,227.9296875,228.9736842105263,229.6013513513514,229.2916666666667,230.6896551724138,229.7741935483871,231.5923913043478
223.6666666666667,225.8472222222222,227.3854166666667,227.8984375,229.1315789473684,229.6554054054054,229.265625,230.7241379310345,229.7734375,231.5706521739131
223.6,225.9027777777778,227.4270833333333,227.8671875,229.2307692307693,229.7094594594595,229.328125,230.7403846153846,229.8046875,231.5489130434783
223.5333333333334,225.9583333333333,227.46875,227.8359375,229.1538461538462,229.6818181818182,229.390625,230.7019230769231,229.8359375,231.5271739130435
223.4666666666666,226.0138888888889,227.5104166666667,227.8046875,229.0769230769231,229.4090909090909,229.453125,230.6634615384615,229.8671875,231.5054347826087
223.4,226.0694444444444,227.5520833333333,227.7734375,229,229.1363636363636,229.515625,230.625,229.8984375,231.4836956521739
223.3333333333333,226.125,227.59375,227.75,228.9230769230769,228.8636363636364,229.578125,230.5865384615385,229.9296875,231.4619565217391
223.2666666666667,226.1805555555556,227.6354166666667,227.75,228.8461538461538,228.5909090909091,229.640625,230.5480769230769,229.9609375,231.4402173913043
223.2,226.2361111111111,227.6770833333333,227.75,228.7692307692308,228.3181818181818,229.703125,230.5096153846154,229.9921875,231.4184782608696
223.1333333333333,226.025,227.71875,227.75,228.825,228.2826086956522,229.75,230.4711538461538,230.0234375,231.3967391304348
223.0666666666667,225.725,227.764705882353,227.75,228.925,228.3260869565217,229.75,230.4326923076923,230.0546875,231.375
223,225.425,227.8235294117647,227.75,229.025,228.3695652173913,229.75,230.3942307692308,230.0859375,231.3532608695652
222.9333333333333,225.125,227.8823529411765,227.75,229.125,228.4130434782609,229.75,230.3557692307692,230.1171875,231.3315217391304
222.8666666666667,224.825,227.9411764705882,227.75,229.225,228.4565217391304,229.75,230.3173076923077,230.1484375,231.3097826086957
222.8,224.8863636363636,228,227.75,229.325,228.5,229.75,230.2788461538462,230.1796875,231.2880434782608
222.7596153846154,225.0681818181818,228.0588235294118,227.75,229.425,228.5434782608696,229.75,230.25,230.2109375,231.2663043478261
222.7980769230769,225.25,228.1176470588235,227.75,229.525,228.5869565217391,229.75,230.25,230.2421875,231.2403846153846
222.8365384615385,225.4318181818182,228.1764705882353,227.75,229.625,228.6304347826087,229.75,230.25,230.2083333333333,231.2019230769231
222.875,225.6136363636364,228.2352941176471,227.75,229.725,228.6739130434783,229.75,230.25,230.1527777777778,231.1634615384615
222.9134615384615,225.7638888888889,228.21875,227.75,229,228.7173913043478,229.75,230.25,230.0972222222222,231.125
222.9519230769231,225.8194444444445,228.1770833333333,227.75,228,228.6964285714286,229.5,230.25,230.0416666666667,231.0865384615385
222.9903846153846,225.875,228.1354166666667,227.7692307692308,227,228.4821428571428,229.1666666666666,230.25,229.9861111111111,231.0480769230769
223.0288461538461,225.9305555555555,228.09375,227.8461538461539,226.8181818181818,228.2678571428572,228.8333333333333,230.25,229.9305555555556,231.0096153846154
223.0673076923077,225.9861111111111,228.0520833333333,227.9230769230769,226.9090909090909,228.0535714285714,228.5,230.25,229.875,230.9711538461538
223.1057692307692,226.0416666666667,228.0104166666667,228,227,227.8392857142857,228.1666666666667,230.25,229.8194444444444,230.9326923076923
223.1442307692308,226.0972222222222,227.96875,228.0769230769231,227.0909090909091,227.625,227.8333333333333,230.25,229.7638888888889,230.8942307692308
223.1826923076923,226.1527777777778,227.9270833333333,228.1538461538461,227.1818181818182,227.4107142857143,227.85,230.25,229.7083333333333,230.8557692307692
223.2211538461538,226.2083333333333,227.8854166666667,228.2307692307692,227.25,227.3035714285714,227.9833333333333,230.25,229.6527777777778,230.8173076923077
223.25,226.1944444444444,227.84375,228.3076923076923,227.25,227.5178571428572,228.1166666666667,230.25,229.5972222222222,230.7788461538462
223.25,225.9722222222222,227.8020833333333,228.3846153846154,227.25,227.7321428571429,228.25,230.25,229.5416666666667,230.7375
223.25,225.75,227.7604166666667,228.4615384615385,227.25,227.9464285714286,228.3833333333333,230.25,229.4861111111111,230.6875
223.25,225.5277777777778,227.72,228.5384615384615,227.25,228.1607142857143,228.5166666666667,230.25,229.4305555555555,230.6375
223.25,225.3055555555556,227.68,228.6153846153846,227.4375,228.375,228.65,230.25,229.375,230.5875
223.25,225.3035714285714,227.64,228.6923076923077,227.6875,228.5892857142857,228.75,230.25,229.3194444444444,230.5375
223.25,225.375,227.6,228.7166666666667,227.9375,228.7604166666667,228.75,230.25,229.2638888888889,230.4875
223.25,225.4464285714286,227.56,228.5833333333333,228.1875,228.8020833333333,228.75,230.25,229.22,230.4375
223.25,225.5178571428572,227.52,228.45,228.4375,228.84375,228.75,230.25,229.18,230.3875
223.25,225.5892857142857,227.48,228.3166666666667,228.6875,228.8854166666667,228.75,230.25,229.14,230.3375
223.25,225.6607142857143,227.44,228.1833333333333,228.375,228.9270833333333,228.75,230.25,229.1,230.2875
223.25,225.7321428571429,227.4,228.05,227.875,228.96875,228.75,230.25,229.06,230.24
223.25,225.6818181818182,227.36,227.9166666666667,227.375,229.0104166666667,228.75,230.25,229.02,230.2
223.25,225.5909090909091,227.32,227.7833333333333,227.25,229.0520833333333,228.75,230.25,228.98,230.16
223.25,225.5,227.28,227.8076923076923,227.25,229.09375,227.8125,230.25,228.94,230.12
223.25,225.4090909090909,227.26,227.8846153846154,227.25,229.1354166666667,226.5625,230.25,228.9,230.08
223.25,225.3181818181818,227.3,227.9615384615385,227.25,229.1770833333333,226.4705882352941,230.25,228.86,230.04
223.25,225.2727272727273,227.34,228.0384615384615,227.25,229.21875,226.764705882353,230.25,228.82,230
223.25,225.3636363636364,227.38,228.1153846153846,227.25,229.2380952380952,227.0588235294118,230.25,228.78,229.96
223.25,225.4545454545454,227.42,228.1923076923077,227.3571428571429,229.1904761904762,227.3529411764706,230.25,228.7321428571429,229.92
223.25,225.5454545454546,227.46,228.2375,227.5,229.1428571428571,227.6470588235294,230.25,228.6607142857143,229.88
223.25,225.6363636363636,227.5,228.1875,227.6428571428571,229.0952380952381,227.9411764705882,230.25,228.5892857142857,229.84
223.25,225.7272727272727,227.54,228.1375,227.7857142857143,229.0476190476191,228.2352941176471,230.25,228.5178571428571,229.8
223.25,225.8181818181818,227.58,228.0875,227.9285714285714,229,228.5294117647059,230.25,228.4464285714286,229.76
223.25,225.9090909090909,227.62,228.0375,228.0714285714286,228.952380952381,228.7361111111111,230.25,228.375,229.6666666666667
223.25,226,227.66,227.9875,228.2142857142857,228.9047619047619,228.6805555555556,230.1428571428571,228.3035714285714,229.5555555555555
223.25,226.0909090909091,227.7,227.9375,228.15625,228.8571428571429,228.625,230,228.2321428571429,229.4444444444445
223.25,226.1818181818182,227.74,227.8875,228.03125,228.8095238095238,228.5694444444444,229.8571428571429,228.1607142857143,229.3333333333333
223.25,226.2282608695652,227.75,227.8375,227.90625,228.7619047619048,228.5138888888889,229.7142857142857,228.0892857142857,229.2222222222222
223.25,226.1413043478261,227.75,227.7875,227.78125,228.5357142857143,228.4583333333333,229.5714285714286,228.0178571428572,229.1111111111111
223.25,226.0543478260869,227.75,227.7205882352941,227.65625,228.25,228.4027777777778,229.4285714285714,227.9464285714286,229
223.2714285714286,225.9673913043478,227.75,227.6029411764706,227.53125,227.9642857142857,228.3472222222222,229.2857142857143,227.875,228.8888888888889
223.3,225.8804347826087,227.75,227.4852941176471,227.40625,227.6785714285714,228.2916666666667,229.1428571428572,227.8035714285714,228.7777777777778
223.3285714285714,225.7934782608696,227.75,227.3676470588235,227.28125,227.3928571428572,228.2261904761905,229,227.75,228.72
223.3571428571428,225.7065217391304,227.75,227.25,227.1,227.1071428571428,228.1309523809524,228.8571428571428,227.75,228.68
223.3857142857143,225.6195652173913,227.75,227.1323529411765,226.9,226.8214285714286,228.0357142857143,228.7142857142857,227.75,228.64
223.4142857142857,225.5326086956522,227.75,227.014705882353,226.7,226.6923076923077,227.9404761904762,228.5714285714286,227.75,228.6
223.4428571428572,225.4456521739131,227.75,226.8970588235294,226.5,226.6153846153846,227.8452380952381,228.4285714285714,227.75,228.56
223.4714285714286,225.3586956521739,227.75,226.7794117647059,226.3,226.5384615384615,227.75,228.2857142857143,227.75,228.52
223.5,225.2717391304348,227.75,226.6818181818182,226.1,226.4615384615385,227.6547619047619,228.2875,227.75,228.48
223.5285714285714,225.2159090909091,227.75,226.5909090909091,225.9,226.3846153846154,227.5595238095238,228.3375,227.75,228.44
223.5571428571429,225.1704545454546,227.625,226.5,225.7291666666667,226.3076923076923,227.4642857142857,228.3875,227.75,228.4
223.5857142857143,225.125,227.4583333333333,226.4090909090909,225.6458333333333,226.235294117647,227.3690476190476,228.4375,227.75,228.36
223.6142857142857,225.0795454545454,227.2916666666667,226.3181818181818,225.5625,226.1764705882353,227.2738095238095,228.4875,227.75,228.32
223.6428571428571,225.0340909090909,227.125,226.3181818181818,225.4791666666667,226.1176470588235,227.2058823529412,228.5375,227.75,228.28
223.6714285714286,224.9886363636364,226.9583333333333,226.5909090909091,225.3958333333333,226.0588235294118,227.1470588235294,228.5875,227.75,228.2380952380952
223.7,224.9431818181818,226.7916666666667,226.8636363636364,225.3125,226,227.0882352941177,228.6375,227.75,228.1904761904762
223.7285714285714,224.8977272727273,226.5357142857143,227.1363636363636,225.325,225.9411764705882,227.0294117647059,228.6875,227.6666666666667,228.1428571428571
223.73,224.8522727272727,226.25,227.4090909090909,225.625,225.8823529411765,226.9705882352941,228.7375,227.5555555555555,228.0952380952381
223.65,224.8068181818182,225.9642857142857,227.6818181818182,225.925,225.8235294117647,226.9117647058824,228.75,227.4444444444444,228.047619047619
223.57,224.7613636363637,225.875,227.6428571428572,226.225,225.7647058823529,226.8529411764706,228.75,227.3333333333333,228
223.49,224.7279411764706,226.375,227.5,226.525,225.78125,226.7941176470588,228.75,227.2222222222222,227.9523809523809
223.41,224.6985294117647,226.875,227.3571428571429,226.6818181818182,225.8229166666667,226.7638888888889,228.75,227.1111111111111,227.9047619047619
223.33,224.6691176470588,227.375,227.2142857142857,226.4090909090909,225.8645833333333,226.8194444444445,228.75,227,227.8571428571428
223.25,224.639705882353,227.75,227.0714285714286,226.1363636363636,225.90625,226.875,228.75,226.8888888888889,227.8095238095238
223.17,224.610294117647,227.75,226.9285714285714,225.8636363636364,225.9479166666667,226.9305555555555,228.75,226.7777777777778,227.7619047619048
223.09,224.5808823529412,227.75,226.7857142857143,225.5909090909091,225.9895833333333,226.9861111111111,228.75,226.6666666666667,227.703125
223.01,224.5514705882353,227.75,226.6964285714286,225.3181818181818,226.03125,227.0416666666667,228.7222222222222,226.5555555555555,227.640625
222.93,224.5220588235294,227.75,226.625,225.15625,226.0729166666667,227.0972222222222,228.6111111111111,226.4444444444445,227.578125
222.85,224.4926470588235,227.6666666666667,226.5535714285714,225.03125,226.1145833333333,227.1527777777778,228.5,226.3333333333333,227.515625
222.77,224.4632352941176,227.3333333333333,226.4821428571429,224.90625,226.15625,227.2083333333333,228.3888888888889,226.25,227.453125
222.6666666666667,224.4338235294118,227,226.4107142857143,224.78125,226.1979166666667,227.23,228.2777777777778,226.25,227.390625
222.5555555555555,224.4044117647059,226.6666666666667,226.3392857142857,224.7857142857143,226.2395833333333,227.15,228.1666666666667,226.25,227.328125
222.4444444444445,224.375,226.3333333333333,226.2678571428571,224.8333333333333,226.2083333333333,227.07,228.0555555555555,226.25,227.265625
222.3333333333333,224.3455882352941,225.96875,226.22,224.8809523809524,226.1527777777778,226.99,227.9444444444445,226.25,227.2894736842105
222.2222222222222,224.3161764705882,225.59375,226.18,224.9285714285714,226.0972222222222,226.91,227.8333333333333,226.25,227.3421052631579
222.1111111111111,224.2867647058824,225.21875,226.14,224.9761904761905,226.0416666666667,226.83,227.7222222222222,226.25,227.3947368421053
222,224.2573529411765,224.84375,226.1,225.0238095238095,225.9861111111111,226.75,227.6111111111111,226.25,227.4473684210527
221.8888888888889,224.25,224.7857142857143,226.06,225.0714285714286,225.9305555555555,226.67,227.5,226.25,227.5
221.7777777777778,224.25,224.8333333333333,226.02,225.1190476190476,225.875,226.59,227.3888888888889,226.25,227.5526315789473
221.9,224.25,224.8809523809524,225.98,225.1666666666667,225.8194444444445,226.51,227.2777777777778,226.25,227.6052631578947
222.1,224.25,224.9285714285714,225.94,225.2142857142857,225.7638888888889,226.43,227.0735294117647,226.25,227.6578947368421
222.3,224.25,224.9761904761905,225.9,225.25,225.6875,226.35,226.8382352941177,226.2282608695652,227.7105263157895
222.5,224.25,225.0238095238095,225.86,225.25,225.6041666666666,226.27,226.6029411764706,226.1413043478261,227.7222222222222
222.7,224.25,225.0714285714286,225.82,225.25,225.5208333333333,226.1785714285714,226.3676470588235,226.0543478260869,227.6111111111111
222.75,224.25,225.1190476190476,225.78,225.25,225.4375,226.0833333333333,226.1323529411765,225.9673913043478,227.5
222.75,224.25,225.1666666666667,225.74,225.25,225.3541666666667,225.9880952380952,225.8970588235294,225.8804347826087,227.3888888888889
222.75,224.25,225.2142857142857,225.7,225.25,225.2708333333333,225.8928571428571,225.6617647058824,225.7934782608696,227.2777777777778
222.75,224.2211538461538,225.2619047619048,225.66,225.25,225.05,225.797619047619,225.4264705882353,225.7065217391304,227.1666666666667
222.75,224.1826923076923,225.3095238095238,225.62,225.25,224.7833333333333,225.702380952381,225.3035714285714,225.6195652173913,227.0555555555555
222.75,224.1442307692308,225.3571428571429,225.58,225.25,224.5166666666667,225.6071428571429,225.5178571428571,225.5326086956522,226.9444444444445
222.75,224.1057692307692,225.4047619047619,225.54,225.25,224.25,225.5119047619048,225.7321428571429,225.4456521739131,226.8333333333333
222.75,224.0673076923077,225.452380952381,225.5,225.15625,223.9833333333333,225.4166666666667,225.9464285714286,225.3586956521739,226.7236842105263
222.75,224.0288461538461,225.5,225.46,225.03125,223.7166666666666,225.3214285714286,226.1607142857143,225.2717391304348,226.6184210526316
222.75,223.9903846153846,225.5476190476191,225.42,224.90625,223.45,225.2386363636363,226.375,225.16,226.5131578947368
222.7058823529412,223.9519230769231,225.5952380952381,225.38,224.78125,223.264705882353,225.1931818181818,226.5892857142857,225.04,226.4078947368421
222.5294117647059,223.9134615384615,225.6428571428571,225.34,224.84375,223.3235294117647,225.1477272727273,226.7857142857143,224.92,226.3026315789473
222.3529411764706,223.875,225.6904761904762,225.3,224.96875,223.3823529411765,225.1022727272727,226.9285714285714,224.8,226.1973684210527
222.1764705882353,223.8365384615385,225.7380952380952,225.26,225.09375,223.4411764705882,225.0568181818182,227.0714285714286,224.68,226.0921052631579
222,223.7980769230769,225.8076923076923,225.25,225.21875,223.5,225.0113636363636,227.2142857142857,224.56,225.9868421052632
221.8235294117647,223.7596153846154,225.8846153846154,225.25,225.34375,223.5588235294118,224.9659090909091,227.1346153846154,224.44,225.8815789473684
221.6470588235294,223.4342105263158,225.9615384615385,225.25,225.46875,223.6176470588235,224.9204545454546,226.9807692307692,224.32,225.7763157894737
221.4705882352941,223.0131578947368,226.0384615384615,225.25,225.59375,223.6764705882353,224.875,226.8269230769231,224.2,225.65
221.2941176470588,222.5921052631579,226.1153846153846,225.25,225.71875,223.735294117647,224.8295454545454,226.6730769230769,224.08,225.5166666666667
221.2125,222.1710526315789,226.1923076923077,225.25,225.6818181818182,223.7941176470588,224.7840909090909,226.5192307692308,223.96,225.3833333333333
221.1625,221.7499999999999,226.2166666666667,225.25,225.5909090909091,223.8529411764706,224.7291666666667,226.3653846153846,223.84,225.25
221.1125,221.6657319528328,226.0833333333333,225.25,225.5,223.9117647058824,224.6458333333333,226.2205882352941,223.7142857142857,225.1166666666667
221.0625,221.5814639056657,225.95,225.25,225.4090909090909,223.9705882352941,224.5625,226.1029411764706,223.5714285714286,224.9833333333333
221.0125,221.4971958584986,225.8166666666667,225.25,225.3181818181818,224.0294117647059,224.4791666666667,225.9852941176471,223.4285714285714,224.85
220.9625,221.4129278113315,225.6833333333333,225.25,225.2272727272727,224.0882352941177,224.3958333333333,225.8676470588235,223.2857142857143,224.75
220.9125,221.3286597641645,225.55,225.25,225.1363636363636,224.1470588235294,224.3125,225.75,223.1428571428571,224.75
220.8625,221.2443917169974,225.4166666666667,225.25,225.0454545454545,224.2058823529412,224.25,225.6323529411765,223,224.75
220.8125,221.1601236698303,225.2833333333333,225.25,224.9545454545455,224.275,224.25,225.5147058823529,222.8571428571428,224.75
220.7625,221.0758556226632,225.0769230769231,225.25,224.8636363636364,224.375,224.25,225.3970588235294,222.7142857142857,224.75
220.7173913043478,221.1468911003254,224.8461538461538,225.25,224.7727272727273,224.475,224.25,225.2794117647059,222.5714285714286,224.75
220.6739130434783,221.2222797127847,224.6153846153846,225.1944444444444,224.75,224.575,224.25,225.203125,222.4285714285714,224.75
220.6304347826087,221.297668325244,224.3846153846154,224.9722222222223,224.75,224.675,224.25,225.140625,222.2857142857143,224.75
220.5869565217391,221.3730569377034,224.1538461538462,224.75,224.75,224.625,224.25,225.078125,222.21875,224.75
220.5434782608696,221.4484455501627,223.9230769230769,224.5277777777778,224.75,224.125,224.25,225.015625,222.1770833333333,224.5892857142857
220.5,221.523834162622,223.7142857142857,224.3055555555555,224.75,223.625,224.25,224.953125,222.1354166666667,224.375
220.4565217391304,221.5992227750813,223.5714285714286,224.0833333333333,224.75,223.2222222222222,224.25,224.890625,222.09375,224.1607142857143
220.4130434782609,221.6746113875406,223.4285714285714,223.8611111111111,224.75,223.1111111111111,224.25,224.828125,222.0520833333333,223.9464285714286
220.3695652173913,221.7499999999999,223.2857142857143,223.6388888888889,224.75,223,224.25,224.765625,222.0104166666667,223.7321428571429
220.3260869565217,221.7074468085106,223.1428571428571,223.4166666666667,224.75,222.8888888888889,224.1428571428572,224.6818181818182,221.96875,223.5178571428571
220.2826086956522,221.6648936170212,223,223.25,224.698275862069,222.7777777777778,224,224.5909090909091,221.9270833333333,223.3035714285714
220.2321428571429,221.6223404255319,222.8571428571428,223.25,224.6293103448276,222.6666666666667,223.8571428571429,224.5,221.8854166666667,223.125
220.1607142857143,221.5797872340425,222.7321428571429,223.25,224.5603448275862,222.5555555555555,223.7142857142857,224.4090909090909,221.84375,222.9583333333333
220.0892857142857,221.5372340425531,222.6607142857143,223.25,224.4913793103448,222.4444444444445,223.5714285714286,224.3181818181818,221.8020833333333,222.7916666666667
220.0178571428571,221.4946808510638,222.5892857142857,223.25,224.4224137931034,222.3333333333333,223.4285714285714,224.1964285714286,221.7604166666667,222.625
219.9464285714286,221.4521276595744,222.5178571428571,223.25,224.3534482758621,222.2592592592593,223.2857142857143,223.9821428571429,221.75,222.4583333333333
219.875,221.4095744680851,222.4464285714286,223.25,224.2844827586207,222.2962962962963,223.1375,223.7678571428572,221.75,222.2916666666667
219.8035714285714,221.3670212765957,222.375,223.1428571428572,224.2155172413793,222.3333333333333,222.9875,223.5535714285714,221.75,222.1071428571429
219.7321428571429,221.3244680851063,222.3035714285714,223,224.1465517241379,222.3703703703704,222.8375,223.3392857142857,221.75,221.9166666666667
219.6607142857143,221.2819148936169,222.2352941176471,222.8571428571429,224.0775862068965,222.4074074074074,222.6875,223.125,221.75,221.7261904761905
219.5892857142857,221.2393617021276,222.1764705882353,222.7142857142857,224.0086206896552,222.4444444444445,222.5375,222.9107142857143,221.75,221.5357142857143
219.5178571428571,221.1968085106382,222.1176470588235,222.5714285714286,223.9396551724138,222.4814814814815,222.3875,222.75,221.75,221.3452380952381
219.4464285714286,221.1542553191489,222.0588235294118,222.4285714285714,223.8706896551724,222.5185185185185,222.2375,222.75,221.75,221.1547619047619
219.375,221.1117021276595,222,222.2857142857143,223.801724137931,222.5555555555555,222.0875,222.75,221.75,220.9642857142857
219.3035714285714,221.0691489361702,221.9411764705882,222.2916666666667,223.7314814814815,222.5925925925926,221.9375,222.75,221.7083333333333,220.7738095238095
219.2407407407407,221.0265957446808,221.8823529411765,222.3472222222222,223.6574074074074,222.6296296296296,221.7875,222.75,221.5416666666667,220.5833333333333
219.2037037037037,220.9840425531914,221.8235294117647,222.4027777777778,223.5833333333333,222.6666666666667,221.8333333333333,222.75,221.375,220.3928571428571
219.1666666666667,220.9414893617021,221.7647058823529,222.4583333333333,223.5092592592593,222.7037037037037,221.9444444444445,222.6833333333333,221.2083333333333,220.24
219.1296296296296,220.8989361702127,221.7875,222.5138888888889,223.4351851851852,222.7407407407407,222.0555555555555,222.4166666666667,221.0416666666667,220.2
219.0925925925926,220.8563829787233,221.8375,222.5694444444445,223.3611111111111,222.6875,222.1666666666667,222.15,220.875,220.16
219.0555555555555,220.813829787234,221.8875,222.625,223.287037037037,222.6041666666667,222.2777777777778,221.8833333333333,220.7083333333333,220.12
219.0185185185185,220.7712765957446,221.9375,222.6805555555555,223.212962962963,222.5208333333333,222.3888888888889,221.6166666666667,220.5416666666667,220.08
218.9814814814815,220.6959459459459,221.9875,222.7361111111111,223.1388888888889,222.4375,222.5,221.35,220.375,220.04
218.9444444444445,220.5878378378378,222.0375,222.6428571428571,223.0648148148148,222.3541666666667,222.6111111111111,221.0833333333333,220.2159090909091,220
218.9074074074074,220.4797297297297,222.0875,222.5,222.9907407407407,222.2708333333333,222.7222222222222,220.8166666666667,220.0795454545454,219.96
218.8703703703704,220.3716216216216,222.1375,222.3571428571429,222.9166666666667,222.1875,222.5625,220.72,219.9431818181818,219.92
218.8333333333333,220.2635135135135,222.1875,222.2142857142857,222.8425925925926,222.1041666666667,222.3125,220.68,219.8068181818182,219.88
218.7962962962963,220.1554054054053,222.2375,222.0714285714286,222.7685185185185,222.0208333333333,222.0625,220.64,219.6704545454546,219.84
218.7592592592593,220.0472972972973,222.1346153846154,221.9285714285714,222.6696428571429,221.9375,221.8125,220.6,219.5340909090909,219.8
218.6847826086957,219.9391891891891,221.9807692307692,221.7857142857143,222.5625,221.8541666666667,221.5625,220.56,219.3977272727273,219.76
218.5978260869565,219.831081081081,221.8269230769231,221.6428571428572,222.4553571428572,221.7708333333333,221.3125,220.52,219.2613636363636,219.5625
218.5108695652174,219.7229729729729,221.6730769230769,221.5,222.3482142857143,221.65625,220.9166666666667,220.48,219.125,219.3125
218.4239130434783,219.6148648648648,221.5192307692307,221.3571428571429,222.2410714285714,221.53125,220.4722222222222,220.44,218.9886363636364,219.0625
218.3369565217391,219.5067567567567,221.3653846153846,221.25,222.1339285714286,221.40625,220.0277777777778,220.4,218.8522727272727,218.8125
218.25,219.3986486486486,221.175,221.25,222.0267857142857,221.28125,219.5833333333333,220.36,218.7205882352941,218.5625
218.1630434782609,219.2905405405405,220.875,221.25,221.9196428571429,221.15625,219.2708333333333,220.32,218.6029411764706,218.3125
218.0760869565217,219.1824324324324,220.575,221.25,221.8125,221.03125,219.3541666666667,220.28,218.4852941176471,218.0625
217.9891304347826,219.0743243243243,220.275,221.25,221.7053571428571,220.90625,219.4375,220.2083333333333,218.3676470588235,217.8125
217.9021739130435,218.9662162162162,219.975,221.25,221.5982142857143,220.78125,219.5208333333333,220.0416666666667,218.25,217.6428571428572
217.8152173913043,218.858108108108,219.765625,221.25,221.4910714285714,220.65625,219.6041666666667,219.875,218.1323529411765,217.5
217.6538461538462,218.7499999999999,219.828125,221.25,221.3839285714286,220.53125,219.6875,219.7083333333333,218.0147058823529,217.3571428571429
217.2692307692308,218.6346153846153,219.890625,221.25,221.2767857142857,220.40625,219.625,219.5416666666667,217.8970588235294,217.2142857142857
216.8846153846154,218.5192307692307,219.953125,221.25,221.2142857142857,220.28125,219.125,219.375,217.7794117647059,217.0714285714286
216.5,218.4038461538461,220.015625,221.1477272727273,221.1666666666667,220.1847826086957,218.625,219.2083333333333,217.6847826086957,216.9285714285714
216.1153846153846,218.2884615384615,220.078125,221.0113636363637,221.1190476190476,220.0978260869565,218.125,219.0416666666667,217.5978260869565,216.7857142857143
215.7307692307692,218.1730769230769,220.140625,220.875,221.0714285714286,220.0108695652174,217.75,218.875,217.5108695652174,216.6428571428571
215.3461538461538,218.0576923076923,220.203125,220.7386363636364,221.0238095238095,219.9239130434783,217.75,218.6875,217.4239130434783,216.5
215.2840909090909,217.9423076923076,220.1666666666667,220.6022727272727,220.9761904761905,219.8369565217391,217.75,218.4375,217.3369565217391,216.3571428571429
215.3295454545454,217.826923076923,219.8333333333333,220.4659090909091,220.9285714285714,219.75,217.75,218.1875,217.25,216.2058823529412
215.375,217.7115384615384,219.5,220.3295454545454,220.8809523809524,219.6630434782609,217.75,217.9375,217.1630434782609,216.0294117647059
215.4204545454546,217.5961538461538,219.1666666666667,220.1931818181818,220.8333333333333,219.5760869565217,217.75,217.75,217.0760869565217,215.8529411764706
215.4659090909091,217.4807692307692,218.8333333333333,220.0568181818182,220.7857142857143,219.4891304347826,217.75,217.75,216.9891304347826,215.6764705882353
215.5113636363636,217.3653846153846,218.5,219.9204545454546,220.702380952381,219.4021739130435,217.75,217.75,216.9021739130435,215.5
215.5568181818182,217.2499999999999,218.125,219.7840909090909,220.5119047619048,219.3152173913043,217.75,217.75,216.8152173913043,215.3235294117647
215.6022727272727,217.1485507246376,217.625,219.75,220.3214285714286,219.2403846153846,217.75,217.75,216.703125,215.1470588235294
215.6477272727273,217.0471014492753,217.125,219.75,220.1309523809524,219.2019230769231,217.75,217.75,216.515625,214.9705882352941
215.6931818181818,216.945652173913,216.725,219.75,219.9404761904762,219.1634615384615,217.7159090909091,217.75,216.328125,214.7941176470588
215.7386363636363,216.8442028985507,216.625,219.75,219.75,219.125,217.6704545454546,217.75,216.140625,214.6774193548387
215.6666666666667,216.7427536231883,216.525,219.75,219.5595238095238,219.0865384615385,217.625,217.7023809523809,215.953125,214.5806451612903
215.5555555555555,216.641304347826,216.425,219.75,219.3690476190476,219.0480769230769,217.5795454545455,217.5119047619047,215.765625,214.4838709677419
215.4444444444445,216.5398550724637,216.325,219.75,219.1785714285714,219.0096153846154,217.5340909090909,217.3214285714286,215.578125,214.3870967741935
215.3333333333333,216.4384057971014,216.225,219.75,218.9880952380952,218.9711538461538,217.4886363636364,217.1309523809524,215.390625,214.2903225806452
215.2222222222222,216.3369565217391,216.125,219.7142857142857,218.797619047619,218.9326923076923,217.4431818181818,216.9404761904762,215.1363636363636,214.1935483870968
215.1111111111111,216.2355072463768,216.025,219.5714285714286,218.65,218.8942307692308,217.3977272727273,216.75,214.6818181818182,214.0967741935484
215,216.1340579710144,215.925,219.4285714285714,218.5166666666667,218.8557692307692,217.3522727272727,216.5595238095238,214.2272727272727,214
214.8888888888889,216.0326086956521,215.825,219.2857142857143,218.3833333333333,218.8173076923077,217.3068181818182,216.3690476190476,213.7727272727273,213.9032258064516
214.7777777777778,215.9311594202898,215.7375,219.1428571428572,218.25,218.7788461538461,217.2613636363636,216.1785714285714,213.3181818181818,213.8064516129032
214.55,215.8297101449275,215.6875,219,218.1166666666667,218.7,217.0833333333333,215.9880952380952,212.8636363636364,213.7096774193548
214.2833333333333,215.7282608695652,215.6375,218.8571428571428,217.9833333333333,218.5,216.8611111111111,215.7976190476191,212.72,213.6129032258065
214.0166666666667,215.6268115942028,215.5875,218.7105263157895,217.85,218.3,216.6388888888889,215.46875,212.68,213.5161290322581
213.75,215.5253623188405,215.5375,218.5526315789474,217.703125,218.1,216.4166666666667,215.09375,212.64,213.4193548387097
213.4833333333333,215.4239130434782,215.4875,218.3947368421053,217.515625,217.9,216.1944444444445,214.71875,212.6,213.3225806451613
213.2166666666667,215.3224637681159,215.4375,218.2368421052632,217.328125,217.7,215.9722222222222,214.34375,212.56,213.2211538461538
212.95,215.2210144927536,215.3875,218.078947368421,217.140625,217.5,215.75,214.1,212.52,213.1057692307693
212.7272727272727,215.1195652173913,215.3375,217.921052631579,216.953125,217.3,215.5277777777778,213.9,212.48,212.9903846153846
212.6363636363636,215.0181159420289,215.2875,217.7631578947368,216.765625,217.1,215.3055555555556,213.7,212.44,212.875
212.5454545454545,214.9166666666666,215.25,217.6052631578947,216.578125,216.9,215.25,213.5,212.4,212.7596153846154
212.4545454545454,214.8152173913043,215.25,217.4473684210526,216.390625,216.7,215.25,213.3,212.36,212.6442307692308
212.3636363636364,214.7137681159419,215.25,217.2894736842105,216.2282608695652,216.5,215.25,213.3863636363637,212.32,212.5288461538461
212.2727272727273,214.6123188405797,215.25,216.9375,216.1413043478261,216.3,215.25,213.5681818181818,212.28,212.4134615384615
212.3382352941177,214.5108695652173,215.25,216.5208333333333,216.0543478260869,216.2159090909091,215.25,213.75,212.2282608695652,212.2980769230769
212.4558823529412,214.409420289855,215.25,216.1041666666667,215.9673913043478,216.1704545454545,215.25,213.9318181818182,212.1413043478261,212.1826923076923
212.5735294117647,214.3079710144927,215.25,215.6875,215.8804347826087,216.125,215.25,214.1136363636364,212.0543478260869,212.0673076923077
212.6911764705882,214.2065217391304,215.25,215.2708333333333,215.7934782608696,216.0795454545455,215.175,214.2115384615385,211.9673913043478,211.9519230769231
212.8088235294118,214.105072463768,215.25,214.8541666666667,215.7065217391304,216.0340909090909,215.075,214.0576923076923,211.8804347826087,211.8365384615385
212.9264705882353,214.0036231884058,215.25,214.8214285714286,215.6195652173913,215.9886363636364,214.975,213.9038461538461,211.7934782608696,211.6785714285714
213.0441176470588,213.9021739130434,215.109375,214.9166666666667,215.5326086956522,215.9431818181818,214.875,213.75,211.7065217391304,211.3928571428571
213.1617647058824,213.8007246376811,214.921875,215.0119047619047,215.4456521739131,215.8977272727273,214.775,213.5961538461539,211.6195652173913,211.1071428571429
213.25,213.6982758620689,214.734375,215.1071428571428,215.3586956521739,215.8522727272727,214.675,213.4423076923077,211.5326086956522,210.8214285714286
213.25,213.5948275862068,214.546875,215.202380952381,215.2717391304348,215.8068181818182,214.575,213.2884615384615,211.4456521739131,210.5357142857143
213.25,213.4913793103448,214.359375,215.297619047619,215.2094594594595,215.7613636363636,214.475,213.1346153846154,211.3586956521739,210.25
213.25,213.3879310344827,214.171875,215.3928571428571,215.1554054054054,215.75,214.375,212.9807692307692,211.2717391304348,209.9642857142857
213.25,213.2844827586206,213.984375,215.4880952380952,215.1013513513513,215.75,214.275,212.8269230769231,211.13,209.6785714285714
213.25,213.1810344827586,213.796875,215.5833333333333,215.0472972972973,215.75,214.1346153846154,212.6730769230769,210.97,209.3928571428571
213.25,213.0775862068965,213.6666666666667,215.6785714285714,214.9932432432432,215.75,213.9807692307692,212.5192307692308,210.81,209.1071428571429
213.25,212.9741379310344,213.5555555555555,215.75,214.9391891891892,215.75,213.8269230769231,212.3653846153846,210.65,208.8214285714286
213.25,212.8706896551724,213.4444444444445,215.75,214.8851351351351,215.75,213.6730769230769,212.21,210.49,208.7159090909091
213.25,212.7672413793103,213.3333333333333,215.75,214.8310810810811,215.75,213.5192307692308,212.05,210.33,208.6704545454545
213.25,212.6637931034482,213.25,215.75,214.777027027027,215.5294117647059,213.3653846153846,211.89,210.17,208.625
213.0625,212.5603448275862,213.25,215.75,214.722972972973,215.2352941176471,213.225,211.73,210.01,208.5795454545455
212.8125,212.4568965517241,213.25,215.75,214.6689189189189,214.9411764705883,213.125,211.57,209.85,208.5340909090909
212.5625,212.353448275862,213.25,215.28125,214.6148648648648,214.6470588235294,213.025,211.41,209.69,208.4886363636364
212.3125,212.2499999999999,213.25,214.65625,214.5608108108108,214.3529411764706,212.925,211.25,209.53,208.4431818181818
212.0625,212.1287878787878,213.25,214.03125,214.5067567567567,214.0588235294118,212.825,211.09,209.37,208.3977272727273
211.8125,212.0075757575757,213.25,213.40625,214.4527027027027,213.764705882353,212.725,210.93,209.2282608695652,208.3522727272727
211.5625,211.8863636363636,213.25,213.25,214.3986486486486,213.4705882352941,212.625,210.77,209.1413043478261,208.3068181818182
211.3125,211.7651515151514,213.25,213.25,214.3445945945946,213.203125,212.525,210.61,209.0543478260869,208.2613636363636
211.1346153846154,211.6439393939393,213.2142857142857,213.25,214.2905405405405,213.015625,212.425,210.45,208.9673913043478,207.9772727272727
210.9807692307692,211.5227272727272,213.0714285714286,213.25,214.2391304347826,212.828125,212.325,210.29,208.8804347826087,207.6136363636364
210.8269230769231,211.4015151515151,212.9285714285714,213.25,214.195652173913,212.640625,212.2282608695652,210.0625,208.7934782608696,207.25
210.6730769230769,211.280303030303,212.7857142857143,213.25,214.1521739130435,212.453125,212.1413043478261,209.8125,208.7065217391304,206.8863636363637
210.5192307692308,211.1590909090908,212.6428571428571,213.25,214.1086956521739,212.265625,212.054347826087,209.5625,208.6195652173913,206.5227272727273
210.3653846153846,211.0378787878787,212.5,213.25,214.0652173913044,212.078125,211.9673913043478,209.3125,208.5326086956522,206.25
210.25,210.9166666666666,212.3571428571429,213.2166666666667,214.0217391304348,211.890625,211.8804347826087,209.0625,208.4456521739131,206.25
210.25,210.7954545454545,212.235294117647,213.0833333333333,213.9782608695652,211.7395833333333,211.7934782608696,208.8125,208.3586956521739,206.25
210.25,210.6742424242424,212.1764705882353,212.95,213.9347826086956,211.6979166666667,211.7065217391304,208.5625,208.2717391304348,206.25
210.25,210.5530303030303,212.1176470588236,212.8166666666667,213.8913043478261,211.65625,211.6195652173913,208.3125,208.0795454545455,206.25
210.25,210.4318181818181,212.0588235294118,212.6833333333333,213.8478260869565,211.6145833333333,211.5326086956522,208.1847826086957,207.8522727272727,206.25
210.25,210.310606060606,212,212.55,213.8043478260869,211.5729166666667,211.445652173913,208.0978260869565,207.625,206.25
210.25,210.1912751677852,211.9411764705882,212.4166666666667,213.7608695652174,211.53125,211.3586956521739,208.0108695652174,207.3977272727273,206.25
210.1666666666667,210.0738255033556,211.8823529411765,212.2833333333333,213.5769230769231,211.4895833333333,211.2717391304348,207.9239130434783,207.1704545454546,206.0892857142857
210.0555555555555,209.9563758389261,211.8235294117647,212.1923076923077,213.3461538461538,211.4479166666667,211.1617647058823,207.8369565217391,206.9431818181818,205.875
209.9444444444445,209.8389261744966,211.764705882353,212.1153846153846,213.1153846153846,211.40625,211.0441176470588,207.75,206.7159090909091,205.6607142857143
209.8333333333334,209.7214765100671,211.6785714285714,212.0384615384615,212.8846153846154,211.3645833333333,210.9264705882353,207.6630434782609,206.4886363636364,205.4464285714286
209.7222222222222,209.6040268456375,211.5833333333333,211.9615384615385,212.6538461538462,211.3229166666667,210.8088235294118,207.5760869565217,206.2613636363637,205.2321428571429
209.6111111111111,209.486577181208,211.4880952380953,211.8846153846154,212.4230769230769,211.28125,210.6911764705882,207.4891304347826,206.0340909090909,205.0178571428571
209.5,209.3691275167785,211.3928571428571,211.8076923076923,212.22,211.2410714285714,210.5735294117647,207.4021739130435,205.8068181818182,204.8035714285714
209.3888888888889,209.2516778523489,211.297619047619,211.7307692307692,212.1,211.2053571428571,210.4558823529412,207.3152173913043,205.6071428571429,204.609375
209.2777777777778,209.1342281879194,211.202380952381,211.6538461538462,211.98,211.1696428571429,210.3382352941177,207.25,205.4166666666667,204.421875
209.1818181818182,209.0167785234899,211.1071428571428,211.5769230769231,211.86,211.1339285714286,210.2261904761905,207.25,205.2261904761905,204.234375
209.0909090909091,208.891322573819,211.0119047619048,211.5,211.74,211.0982142857143,210.1309523809524,207.25,205.0357142857143,204.046875
209,208.7570493298403,210.9166666666667,211.4230769230769,211.62,211.0625,210.0357142857143,207.25,204.8452380952381,203.859375
208.9090909090909,208.6227760858615,210.8214285714286,211.3461538461539,211.5,211.0267857142857,209.9404761904762,207.25,204.6547619047619,203.671875
208.8181818181818,208.4885028418828,210.7125,211.2692307692308,211.38,210.9910714285714,209.8452380952381,207.25,204.4642857142857,203.484375
208.7272727272727,208.3542295979041,210.5625,211.1634615384615,211.26,210.9553571428571,209.75,207.25,204.2738095238095,203.296875
208.6363636363637,208.2199563539254,210.4125,211.0480769230769,211.14,210.9196428571429,209.6547619047619,207.25,204.0833333333334,203.1666666666667
208.5454545454546,208.0856831099467,210.2625,210.9326923076923,211.02,210.8839285714286,209.5595238095238,207.25,203.8928571428572,203.0555555555555
208.4545454545454,207.951409865968,210.1125,210.8173076923077,210.9,210.8482142857143,209.4642857142857,207.25,203.6956521739131,202.9444444444445
208.3636363636364,207.8171366219893,209.9625,210.7019230769231,210.78,210.8125,209.3690476190476,207.25,203.4782608695652,202.8333333333333
208.2727272727273,207.7142857142857,209.8125,210.5865384615385,210.69,210.7767857142857,209.2738095238095,207.21875,203.2608695652174,202.7222222222222
208.1818181818182,207.6428571428571,209.6625,210.4711538461539,210.61,210.7068965517241,209.1521739130435,207.09375,203.0434782608696,202.6111111111111
208.0909090909091,207.5714285714285,209.5125,210.3557692307692,210.53,210.5344827586207,209.0217391304348,206.96875,202.8260869565218,202.5
208,207.4999999999999,209.3625,210.2403846153846,210.45,210.3620689655173,208.8913043478261,206.84375,202.6086956521739,202.3888888888889
207.9090909090909,207.4285714285714,209.2236842105263,210.125,210.37,210.1896551724138,208.7608695652174,206.71875,202.3913043478261,202.2777777777778
207.8181818181818,207.3571428571428,209.1184210526316,210.0096153846154,210.29,210.0172413793103,208.6304347826087,206.59375,202.1739130434783,202.0625
207.7142857142857,207.2857142857142,209.0131578947368,209.8942307692308,210.21,209.8448275862069,208.5,206.46875,201.9565217391304,201.8125
207.5714285714286,207.2282608695652,208.9078947368421,209.7788461538461,210.13,209.6724137931035,208.3695652173913,206.34375,201.7391304347826,201.5625
207.4285714285714,207.1847826086956,208.8026315789473,209.65625,210.05,209.5,208.2391304347826,206.2216981132075,201.5217391304348,201.3125
207.2857142857143,207.141304347826,208.6973684210526,209.53125,209.97,209.3275862068966,208.1086956521739,206.1084905660377,201.304347826087,201.0625
207.1428571428572,207.0978260869565,208.5921052631579,209.40625,209.89,209.1551724137931,207.9782608695652,205.9952830188679,201.175,200.8124999999999
207,207.0543478260869,208.4868421052632,209.28125,209.81,208.9827586206897,207.8478260869565,205.8820754716981,201.075,200.5624999999999
206.8571428571429,207.0108695652173,208.3815789473684,209.15625,209.7125,208.8103448275862,207.7222222222222,205.7688679245283,200.975,200.3124999999999
206.7142857142857,206.9673913043478,208.2763157894737,209.03125,209.5625,208.6379310344828,207.6111111111111,205.6556603773585,200.875,200.1057692307691
206.5714285714286,206.9239130434782,208.1666666666667,208.90625,209.4125,208.4655172413793,207.5,205.5424528301887,200.775,199.9134615384615
206.4285714285714,206.8804347826086,208.0555555555555,208.78125,209.2625,208.2931034482759,207.3888888888889,205.4292452830189,200.675,199.7211538461538
206.2857142857143,206.8369565217391,207.9444444444444,208.65625,209.1125,208.19,207.2777777777778,205.3160377358491,200.575,199.5288461538461
206.1428571428572,206.7934782608695,207.8333333333333,208.53125,208.9625,208.11,207.1666666666667,205.2028301886793,200.475,199.3365384615384
206,206.7499999999999,207.7222222222222,208.40625,208.8125,208.03,207.0555555555555,205.0896226415094,200.375,199.1442307692307
205.8571428571429,206.3944444444444,207.6111111111111,208.28125,208.6625,207.95,206.9444444444445,204.9764150943396,200.275,198.951923076923
205.7142857142857,206.0388888888888,207.5,208.1847826086957,208.5125,207.87,206.8333333333333,204.8632075471698,200.16,198.7596153846154
205.5714285714286,205.6833333333333,207.3888888888889,208.0978260869565,208.3625,207.79,206.7166666666667,204.75,200.04,198.5673076923077
205.4285714285714,205.3277777777777,207.2777777777778,208.0108695652174,208.1578947368421,207.71,206.5833333333333,204.6367924528302,199.92,198.375
205.2857142857143,204.9722222222222,207.1666666666667,207.9239130434783,207.7894736842106,207.63,206.45,204.5235849056604,199.8,198.1826923076923
205.2159090909091,204.6166666666666,207.0555555555556,207.8369565217391,207.421052631579,207.55,206.3166666666667,204.4103773584906,199.68,197.9903846153846
205.1704545454545,204.2611111111111,206.9444444444445,207.75,207.0526315789474,207.47,206.1833333333333,204.2971698113208,199.56,197.7980769230769
205.125,203.9055555555555,206.8333333333333,207.6630434782609,206.6842105263158,207.39,206.05,204.1839622641509,199.44,197.5625
205.0795454545454,203.55,206.71875,207.5760869565217,206.3157894736842,207.31,205.9166666666667,204.0707547169811,199.32,197.3125
205.0340909090909,203.1944444444444,206.59375,207.4891304347826,205.9473684210527,207.2205882352941,205.7833333333334,203.9575471698113,199.2,197.0625
204.9886363636364,202.8388888888888,206.46875,207.4021739130435,205.5789473684211,207.1029411764706,205.6785714285714,203.8443396226415,199.08,196.8125
204.9431818181818,202.9,206.34375,207.3152173913043,205.2105263157895,206.985294117647,205.5833333333333,203.7311320754717,198.96,196.5625
204.8977272727273,203.0999999999999,206.21875,207.2314814814815,204.8421052631579,206.8676470588235,205.4880952380952,203.6179245283019,198.84,196.3125
204.8522727272727,203.3,206.09375,207.1574074074074,204.875,206.75,205.3928571428572,203.5047169811321,198.7272727272727,196.0625
204.8068181818182,203.4999999999999,205.96875,207.0833333333333,205.0416666666667,206.6323529411765,205.297619047619,203.3915094339623,198.6363636363636,195.8125
204.7613636363637,203.6999999999999,205.84375,207.0092592592592,205.2083333333333,206.514705882353,205.202380952381,203.2783018867924,198.5454545454546,195.5625
204.6071428571429,203.8999999999999,205.71875,206.9351851851852,205.375,206.3970588235294,205.1071428571429,203.1521739130435,198.4545454545454,195.3125
204.4166666666667,204.1,205.59375,206.8611111111111,205.5416666666667,206.2794117647059,205.0119047619048,203.0217391304348,198.3636363636364,195.0625
204.2261904761905,204.201923076923,205.46875,206.787037037037,205.7083333333333,206.1617647058824,204.9166666666667,202.8913043478261,198.2727272727273,194.8125
204.0357142857143,204.0096153846153,205.34375,206.712962962963,205.875,206.0441176470588,204.8214285714286,202.7608695652174,198.1818181818182,194.5625
203.8452380952381,203.8173076923076,205.25,206.6388888888889,206.0416666666667,205.9264705882353,204.6805555555556,202.6304347826087,198.0909090909091,194.3125
203.6547619047619,203.6249999999999,205.25,206.5648148148148,206.2083333333333,205.8088235294118,204.4027777777778,202.5,198,194.0625
203.4642857142857,203.4326923076923,205.25,206.4907407407407,206.15,205.6911764705882,204.125,202.3695652173913,197.9090909090909,193.8125
203.2738095238095,203.2403846153846,205.25,206.4166666666667,206.0166666666667,205.5735294117647,203.8472222222222,202.2391304347826,197.8181818181818,193.63
203.0833333333333,203.0480769230768,205.25,206.3425925925926,205.8833333333333,205.4558823529412,203.5694444444444,202.1086956521739,197.71,193.47
202.8928571428571,202.8557692307692,205.25,206.2685185185185,205.75,205.3382352941177,203.2916666666666,201.9782608695652,197.55,193.31
202.7053571428571,202.6634615384615,205.25,206.0892857142857,205.6166666666667,205.2407407407407,203.0138888888889,201.8478260869565,197.39,193.15
202.5267857142857,202.4711538461538,205.25,205.875,205.4833333333333,205.2037037037037,202.7361111111111,201.6911764705882,197.23,192.99
202.3482142857143,202.2788461538461,205.2352941176471,205.6607142857143,205.35,205.1666666666667,202.4583333333333,201.4558823529412,197.07,192.83
202.1696428571428,202.0865384615384,205.1764705882353,205.4464285714286,205.2375,205.1296296296296,202.2499999999999,201.2205882352941,196.91,192.67
201.9910714285714,201.8942307692307,205.1176470588235,205.2321428571428,205.1875,205.0925925925926,202.2499999999999,200.9852941176471,196.75,192.51
201.8125,201.7678571428571,205.0588235294118,205.0178571428571,205.1375,205.0555555555556,202.2499999999999,200.75,196.59,192.35
201.6339285714286,201.8392857142856,205,204.8035714285714,205.0875,205.0185185185185,202.2499999999999,200.5147058823529,196.43,192.19
201.4553571428571,201.9107142857142,204.9411764705882,204.6477272727273,205.0375,204.9814814814815,202.2499999999999,200.2794117647059,196.27,192.03
201.2767857142857,201.9821428571428,204.8823529411765,204.5113636363637,204.9875,204.9444444444445,202.2499999999999,200.0441176470588,196.11,191.87
201.0982142857143,202.0535714285714,204.8235294117647,204.375,204.9375,204.9074074074074,202.2499999999999,199.8088235294118,195.95,191.71
200.9196428571429,202.1249999999999,204.7647058823529,204.2386363636364,204.8875,204.8703703703704,202.25,199.6785714285714,195.79,191.55
200.7410714285714,202.1964285714285,204.5192307692308,204.1022727272727,204.8375,204.8333333333333,202.25,199.5833333333333,195.6111111111111,191.39
200.5625,202.235294117647,204.2115384615385,203.9659090909091,204.7875,204.7962962962963,202.25,199.4880952380952,195.4259259259259,191.23
200.3839285714286,202.1764705882352,203.9038461538461,203.8295454545454,204.6923076923077,204.7592592592593,202.25,199.3928571428571,195.2407407407407,191.07
200.2083333333333,202.1176470588235,203.5961538461539,203.6931818181818,204.4615384615385,204.6875,202.25,199.2976190476191,195.0555555555555,190.91
200.0416666666667,202.0588235294117,203.2884615384615,203.5568181818182,204.2307692307692,204.6041666666667,202.25,199.202380952381,194.8703703703704,190.75
199.875,201.9999999999999,202.9807692307692,203.4204545454546,204,204.5208333333333,202.171875,199.1071428571429,194.6851851851852,190.59
199.7083333333333,201.9411764705882,202.7613636363637,203.2840909090909,203.7692307692308,204.4375,201.859375,199.0119047619048,194.5,190.43
199.5416666666667,201.8823529411764,202.8068181818182,203.1666666666667,203.5384615384615,204.3541666666667,201.546875,198.9166666666667,194.3148148148148,190.27
199.375,201.8235294117647,202.8522727272727,203.0555555555556,203.3076923076923,204.2708333333333,201.234375,198.8214285714286,194.1296296296296,190.11
199.2083333333333,201.7647058823529,202.8977272727273,202.9444444444444,203.1857142857143,204.1875,200.921875,198.6538461538462,193.9444444444444,189.95
199.0416666666667,201.643280632411,202.9431818181818,202.8333333333333,203.1,204.1041666666667,200.609375,198.2692307692308,193.7592592592593,189.79
198.875,201.5009881422924,202.9886363636364,202.7222222222222,203.0142857142857,204.0208333333333,200.2968749999999,197.8846153846154,193.5740740740741,189.5416666666667
198.7352941176471,201.3586956521739,203.0340909090909,202.6111111111111,202.9285714285714,203.9375,199.9843749999999,197.5,193.3888888888889,189.2638888888889
198.6764705882353,201.2164031620553,203.0795454545455,202.5,202.8428571428572,203.8541666666667,199.7499999999999,197.1153846153846,193.18,188.9861111111111
198.6176470588235,201.0741106719367,203.125,202.3888888888889,202.7571428571429,203.7708333333333,199.7499999999999,196.7307692307692,192.9,188.7083333333333
198.5588235294118,200.9318181818181,203.1704545454545,202.2777777777778,202.6714285714286,203.45,199.7499999999999,196.3461538461539,192.62,188.4305555555555
198.5,200.7895256916995,203.2159090909091,202.1477272727273,202.5857142857143,203.05,199.7499999999999,196.1,192.34,188.1527777777778
198.4411764705882,200.647233201581,203.2058823529412,202.0113636363637,202.5,202.65,199.7499999999999,195.9,192.06,187.875
198.3823529411765,200.5465125319128,203.0294117647059,201.875,202.4142857142857,202.25,199.7499999999999,195.7,191.78,187.5972222222222
198.3235294117647,200.4499655583476,202.8529411764706,201.7386363636364,202.3285714285714,201.85,199.7499999999999,195.5,191.5,187.3194444444445
198.2647058823529,200.3534185847824,202.6764705882353,201.6022727272727,202.2428571428572,201.6724137931035,199.7499999999999,195.3,191.22,187.1057692307692
198.1,200.2568716112172,202.5,201.4659090909091,202.1571428571428,201.5689655172414,199.7499999999999,195.1,190.94,186.9134615384615
197.9,200.160324637652,202.3235294117647,201.3295454545454,202.0714285714286,201.4655172413793,199.7499999999999,194.9,190.66,186.7211538461538
197.7,200.0637776640868,202.1470588235294,201.1931818181818,201.9857142857143,201.3620689655173,199.6136363636363,194.7592592592593,190.38,186.5288461538462
197.5,199.9672306905217,201.9705882352941,201.0568181818182,201.9,201.2586206896552,199.4318181818181,194.7962962962963,190.1,186.3365384615385
197.3,199.8706837169564,201.7941176470588,200.9204545454546,201.8142857142857,201.1551724137931,199.2499999999999,194.8333333333333,189.82,186.1442307692308
197.1,199.7741367433912,201.625,200.7840909090909,201.75,201.051724137931,199.0681818181818,194.8703703703704,189.5921052631579,185.9519230769231
196.9,199.6724137931034,201.4583333333333,200.6774193548387,201.75,200.948275862069,198.8863636363636,194.9074074074074,189.3815789473684,185.7596153846154
196.7,199.5689655172413,201.2916666666667,200.5806451612903,201.75,200.8448275862069,198.7045454545454,194.9444444444445,189.171052631579,185.5673076923077
196.5,199.4655172413792,201.125,200.4838709677419,201.75,200.7413793103448,198.5227272727272,194.9814814814815,188.9605263157895,185.375
196.3,199.3620689655172,200.9583333333333,200.3870967741936,201.75,200.6379310344828,198.340909090909,195.0185185185185,188.75,185.1826923076923
196.1465517241379,199.2586206896551,200.7916666666667,200.2903225806452,201.75,200.5344827586207,198.1590909090908,195.0555555555555,188.5394736842105,184.9903846153846
196.0086206896552,199.1551724137931,200.625,200.1935483870968,201.75,200.4310344827586,197.9772727272727,195.0925925925926,188.328947368421,184.7980769230769
195.8706896551724,199.051724137931,200.4583333333333,200.0967741935484,201.75,200.3275862068965,197.7954545454545,195.1296296296296,188.1184210526316,184.515625
195.7327586206897,198.9482758620689,200.2916666666667,200,201.75,200.219696969697,197.7142857142857,195.1666666666667,187.9078947368421,184.203125
195.5948275862069,198.8448275862068,200.1847826086957,199.9032258064516,201.75,200.0984848484848,197.6666666666666,195.2037037037037,187.7333333333333,183.890625
195.4568965517241,198.7413793103448,200.0978260869565,199.8064516129032,201.55,199.9772727272727,197.6190476190476,195.2407407407407,187.6666666666667,183.578125
195.3189655172414,198.6379310344827,200.0108695652174,199.7096774193548,201.2833333333333,199.8560606060606,197.5714285714285,194.9821428571429,187.6,183.265625
195.1810344827586,198.5344827586206,199.9239130434783,199.6129032258064,201.0166666666667,199.7348484848485,197.5238095238095,194.625,187.5333333333333,182.953125
195.0431034482759,198.4310344827586,199.8369565217391,199.516129032258,200.75,199.6136363636364,197.4761904761904,194.2678571428572,187.4666666666667,182.640625
194.9051724137931,198.3275862068965,199.75,199.4193548387097,200.4833333333333,199.4924242424242,197.4285714285714,193.9107142857143,187.4,182.328125
194.7672413793103,198.2241379310344,199.6630434782608,199.3225806451613,200.2166666666667,199.3712121212121,197.3809523809524,193.5535714285714,187.3333333333333,182.0131578947368
194.6293103448276,198.1206896551724,199.5760869565217,199.23,199.95,199.25,197.3333333333333,193.1964285714286,187.2666666666667,181.6973684210526
194.4913793103448,198.0172413793103,199.4891304347826,199.15,199.675,199.1287878787879,197.2857142857142,192.8392857142857,187.025,181.3815789473684
194.3534482758621,197.9137931034482,199.4021739130434,199.07,199.375,199.0075757575758,197.2142857142856,192.703125,186.725,181.0657894736842
194.2368421052632,197.8103448275861,199.3152173913043,198.99,199.075,198.8863636363636,197.0714285714285,192.640625,186.425,180.75
194.1842105263158,197.7068965517241,199.2222222222222,198.91,198.775,198.7651515151515,196.9285714285714,192.578125,186.125,180.4342105263158
194.1315789473684,197.603448275862,199.1111111111111,198.83,198.475,198.6439393939394,196.7857142857142,192.515625,185.825,180.1184210526316
194.0789473684211,197.4999999999999,198.9999999999999,198.75,198.2236842105263,198.5227272727273,196.6428571428571,192.453125,185.675,179.8026315789474
194.0263157894737,197.3965517241379,198.8888888888888,198.67,198.1184210526316,198.4015151515152,196.4999999999999,192.390625,185.575,179.4868421052632
193.9736842105263,197.2931034482758,198.7777777777777,198.59,198.0131578947368,198.280303030303,196.3571428571428,192.328125,185.475,179.1785714285714
193.921052631579,197.1896551724137,198.6666666666666,198.51,197.9078947368421,198.1847826086957,196.2142857142857,192.265625,185.375,178.8928571428571
193.8684210526316,197.0862068965517,198.5555555555555,198.43,197.8026315789473,198.0978260869565,196.0714285714285,192.0294117647059,185.275,178.6071428571429
193.8157894736842,196.9827586206896,198.4444444444444,198.35,197.6973684210526,198.0108695652174,195.9285714285714,191.7352941176471,184.8214285714286,178.3214285714286
193.7631578947368,196.8793103448276,198.3333333333333,198.27,197.5921052631579,197.9239130434783,195.7857142857142,191.4411764705882,184.25,178.0357142857143
193.4375,196.7758620689655,198.2343749999999,198.1532258064516,197.4868421052632,197.8369565217391,195.6315789473684,191.1470588235294,183.6785714285714,177.75
193.0208333333333,196.6724137931034,198.1718749999999,198.0241935483871,197.3815789473684,197.75,195.4736842105262,190.8529411764706,183.1923076923077,177.4642857142857
192.6041666666667,196.5689655172413,198.1093749999999,197.8951612903226,197.2763157894737,197.6630434782609,195.3157894736842,190.5588235294118,182.9615384615385,177.1785714285714
192.1875,196.4655172413792,198.0468749999999,197.766129032258,197.203125,197.5760869565217,195.157894736842,190.264705882353,182.7307692307692,176.8928571428572
191.7708333333333,196.3620689655172,197.9843749999999,197.6370967741935,197.140625,197.4891304347826,194.9999999999999,189.9705882352941,182.5,176.6071428571429
191.3541666666667,196.2586206896551,197.9218749999999,197.508064516129,197.078125,197.4021739130435,194.8421052631579,189.7333333333333,182.2692307692308,176.3214285714286
191.0833333333333,196.155172413793,197.8593749999999,197.3790322580645,197.015625,197.3152173913043,194.6842105263158,189.6666666666667,182.0384615384615,176
190.8611111111111,196.051724137931,197.7968749999999,197.25,196.953125,197.2125,194.5263157894736,189.6,181.8076923076923,175.6666666666667
190.6388888888889,195.9482758620689,197.7031249999999,197.1209677419355,196.890625,197.0625,194.3684210526315,189.5333333333333,181.6477272727273,175.3333333333333
190.4166666666667,195.8448275862069,197.5156249999999,196.991935483871,196.828125,196.9125,194.1388888888888,189.4666666666667,181.5113636363637,175
190.1944444444445,195.7413793103448,197.3281249999999,196.8629032258065,196.765625,196.7625,193.6944444444444,189.4,181.375,174.6666666666667
189.9722222222222,195.6379310344827,197.1406249999999,196.733870967742,196.5921052631579,196.6125,193.2499999999999,189.3333333333333,181.2386363636364,174.3333333333333
189.75,195.5344827586206,196.9531249999999,196.6048387096774,196.3815789473684,196.4625,192.8055555555555,189.2666666666667,181.1022727272727,174
189.5277777777778,195.4310344827585,196.7656249999999,196.4758064516129,196.1710526315789,196.3125,192.361111111111,189.0625,180.9659090909091,173.7115384615385
189.3055555555555,195.3275862068965,196.578125,196.3467741935484,195.9605263157895,196.1625,192.3181818181818,188.8125,180.8295454545454,173.5576923076923
189.0294117647059,195.2416666666666,196.3906249999999,196.1973684210526,195.75,196.0125,192.4090909090909,188.5625,180.6931818181818,173.4038461538461
188.7352941176471,195.2083333333333,196.2222222222222,195.9868421052632,195.5394736842105,195.8625,192.5,188.3125,180.5568181818182,173.25
188.4411764705882,195.175,196.1111111111111,195.7763157894737,195.328947368421,195.7045454545455,192.5909090909091,188.0625,180.4204545454545,173.0961538461538
188.1470588235294,195.1416666666666,196,195.5657894736842,195.1184210526316,195.5227272727273,192.6818181818182,187.8125,180.2840909090909,172.9423076923077
187.8529411764706,195.1083333333333,195.8888888888889,195.3552631578947,194.9078947368421,195.3409090909091,192.7019230769231,187.5625,180.1,172.7884615384615
187.5588235294118,195.0749999999999,195.7777777777777,195.1447368421053,194.6923076923077,195.1590909090909,192.5096153846154,187.3125,179.9,172.6346153846154
187.2647058823529,195.0416666666666,195.6666666666666,194.9342105263158,194.4615384615385,194.9772727272727,192.3173076923077,187.0735294117647,179.7,172.4807692307692
186.9705882352941,195.0083333333333,195.5555555555555,194.7236842105263,194.2307692307692,194.7954545454545,192.125,186.8382352941177,179.5,172.326923076923
186.6785714285714,194.975,195.4444444444444,194.5131578947368,194,194.6136363636364,191.9326923076923,186.6029411764706,179.3,172.1730769230768
186.3928571428571,194.9416666666666,195.3333333333333,194.3026315789474,193.7692307692308,194.4318181818182,191.7403846153846,186.3676470588235,179.1,172.0192307692307
186.1071428571429,194.9083333333333,195.235294117647,194.1136363636364,193.5384615384615,194.25,191.5480769230769,186.1323529411765,178.9,171.8653846153846
185.8214285714286,194.8749999999999,195.1764705882352,193.9318181818182,193.3076923076923,194.0681818181818,191.3557692307692,185.8970588235294,178.6590909090909,171.6346153846153
185.5357142857143,194.8416666666666,195.1176470588235,193.75,193.0625,193.8863636363636,191.1634615384615,185.6617647058823,178.2954545454546,171.1730769230769
185.25,194.8083333333333,195.0588235294117,193.5681818181818,192.8125,193.6904761904762,190.9711538461539,185.4264705882353,177.9318181818182,170.7115384615384
184.9642857142857,194.7749999999999,194.9999999999999,193.3863636363636,192.5625,193.4523809523809,190.7788461538461,185.25,177.5681818181818,170.2499999999999
184.6785714285714,194.6363636363636,194.9411764705882,193.2045454545454,192.3125,193.2142857142857,190.5865384615385,185.25,177.2045454545454,169.7884615384615
184.3928571428571,194.1818181818181,194.8823529411764,193.0227272727273,192.0625,192.9761904761905,190.3942307692308,185.25,176.8409090909091,169.326923076923
184.1071428571429,193.7272727272727,194.8235294117646,192.8409090909091,191.8125,192.7380952380952,190.2,185.25,176.5625,168.8653846153846
183.8214285714286,193.2727272727272,194.7647058823529,192.6590909090909,191.5625,192.5,190,185,176.3125,168.4374999999999
183.65625,192.8181818181818,194.6,192.4772727272727,191.3125,192.2619047619048,189.8,184.6666666666667,176.0625,168.0208333333333
183.53125,192.3636363636363,194.4,192.2954545454545,191.1375,192.0238095238095,189.6,184.3333333333333,175.8125,167.6041666666666
183.40625,191.8516305325265,194.2,192.0714285714286,190.9875,191.7857142857143,189.4,184,175.5625,167.1874999999999
183.28125,191.3204712425618,193.9999999999999,191.8333333333333,190.8375,191.5476190476191,189.2,183.6666666666667,175.3125,166.7708333333333
183.15625,190.7893119525972,193.8,191.5952380952381,190.6875,191.3095238095238,189,183.3333333333333,174.75,166.3541666666666
183.03125,190.2581526626326,193.5454545454545,191.3571428571428,190.5375,191.0833333333333,188.8,183.1136363636364,174.0833333333333,165.9999999999999
182.90625,189.7269933726679,193.2727272727273,191.1190476190476,190.3875,190.8611111111111,188.6,182.9318181818182,173.4166666666667,165.6666666666666
182.78125,189.1958340827033,193,190.8809523809524,190.2375,190.6388888888889,188.4,182.75,173.125,165.3333333333333
182.4615384615385,188.6646747927387,192.7272727272727,190.6428571428571,190.0875,190.4166666666667,188.2083333333333,182.5779034112687,172.9583333333333,164.9999999999999
182.0769230769231,188.3867041198502,192.4545454545454,190.4047619047619,189.9375,190.1944444444445,188.0416666666667,182.4483518589498,172.7916666666667,164.6666666666666
181.6923076923077,188.2144194756554,192.1944444444444,190.1666666666667,189.7875,189.9722222222222,187.875,182.3188003066309,172.625,164.3333333333333
181.3076923076923,188.0421348314606,191.9722222222222,189.9285714285714,189.6176470588235,189.75,187.7083333333333,182.189248754312,172.4583333333333,163.9318181818181
180.9230769230769,187.8698501872659,191.7499999999999,189.6923076923077,189.4411764705882,189.5277777777778,187.5416666666667,182.0596972019931,172.2916666666667,163.5075757575757
180.5384615384615,187.6975655430711,191.5277777777777,189.4615384615385,189.264705882353,189.3055555555555,187.375,181.9301456496742,171.9375,163.0833333333333
180.1388888888889,187.5252808988764,191.3055555555555,189.2307692307692,189.0882352941177,189.175,187.1666666666667,181.8005940973553,171.5208333333333,162.6590909090908
179.6944444444444,187.3529962546816,191.0833333333333,189,188.9117647058823,189.075,186.8333333333333,181.6710425450364,171.1041666666667,162.2348484848484
179.25,187.1807116104868,190.8611111111111,188.7692307692308,188.7352941176471,188.975,186.5,181.5414909927175,170.6875,161.810606060606
178.8055555555556,187.0084269662921,190.6388888888889,188.5384615384615,188.5588235294118,188.875,186.1666666666667,181.4119394403986,170.2708333333333,161.3863636363636
178.3611111111111,186.8361423220973,190.4166666666666,188.3076923076923,188.3823529411765,188.775,185.8333333333333,181.2823878880797,169.8541666666667,160.9621212121212
