163.2187499999999,168.7604166666667,173.25,171.6367647058823,168.0821428571428,172.2416666666666,169.3141374196737,170.2527173913043,167.6538461538461,168.8
163.0937499999999,168.71875,173.25,171.660294117647,166.9964285714285,172.2083333333333,169.5706870983687,170.2418478260869,167.7307692307692,169
162.96875,168.6770833333333,173.25,171.6838235294117,165.9107142857142,172.175,169.8272367770637,170.2309782608696,167.8076923076922,169.2
162.84375,168.6354166666666,173.25,171.7073529411764,164.8249999999999,172.1416666666666,170.0837864557587,170.2201086956521,167.8846153846154,169.4
162.7307692307692,168.59375,173.25,171.7308823529411,163.9326923076923,172.1083333333333,170.3403361344538,170.2092391304348,167.9615384615384,169.6
162.6538461538461,168.5520833333333,173.25,171.7544117647058,164.3942307692307,172.075,170.5968858131488,170.1983695652174,168.0384615384615,169.8
162.5769230769231,168.5104166666666,173.25,171.7779411764705,164.8557692307692,172.0416666666667,170.8534354918438,170.1875,168.1153846153846,170
162.5,168.46875,173.25,171.8014705882352,165.3173076923077,172.0083333333333,171.0367647058823,170.1766304347826,168.1923076923077,170.2
162.4230769230769,168.4270833333333,173.25,171.825,166.5416666666666,171.975,171.0073529411765,170.1657608695652,168.2692307692307,170.34375
162.3461538461539,168.3854166666667,173.25,171.8485294117646,167.8749999999999,171.9416666666667,170.9779411764706,170.1548913043478,168.3461538461538,170.46875
162.2692307692307,168.34375,173.25,171.8720588235294,168.9999999999999,171.9083333333333,170.9485294117647,170.1440217391304,168.4230769230768,170.59375
161.625,168.3020833333333,173.25,172.3522727272727,169.9999999999999,171.875,170.9191176470588,170.133152173913,168.4999999999999,170.71875
160.7916666666666,168.2604166666667,173.25,172.8977272727272,170.9999999999999,171.8416666666667,170.8897058823529,170.1222826086957,168.576923076923,170.84375
159.9583333333333,168.2848837209302,173.175,173.3674242424242,171.2391304347826,171.8083333333333,170.860294117647,170.1114130434783,168.6538461538461,170.96875
160,168.3313953488372,173.075,173.3068181818181,171.3695652173913,171.775,170.8308823529412,170.1005434782609,168.7307692307692,171.09375
160.3333333333333,168.3779069767442,172.975,173.246212121212,171.5,171.7439024390244,170.8014705882353,170.0896739130435,168.8076923076922,171.21875
160.6666666666667,168.4244186046512,172.875,173.185606060606,171.6304347826087,171.7195121951219,170.7720588235294,170.0788043478261,168.8852459016393,171.15
161,168.4709302325581,172.775,173.1249999999999,171.7608695652174,171.6951219512195,170.7361111111111,170.0679347826087,168.967213114754,171.0166666666667
161.28125,168.5174418604651,173.25,173.0643939393939,171.8913043478261,171.6707317073171,170.6805555555556,170.0570652173913,169.0491803278688,170.8833333333333
161.40625,168.5639534883721,173.7586206896552,173.0037878787878,172.0217391304348,171.6463414634146,170.625,170.0461956521739,169.1311475409836,170.75
161.53125,168.6104651162791,173.7931034482759,172.9431818181818,172.1521739130435,171.6219512195122,170.5694444444445,170.0353260869565,169.2131147540983,170.6166666666667
161.65625,168.656976744186,173.8275862068966,172.8825757575757,172.2619047619048,171.5975609756098,170.5138888888889,170.0244565217391,169.2950819672131,170.4833333333333
161.6944444444444,168.703488372093,173.8620689655173,172.4999999999999,172.3095238095238,171.5731707317073,170.4583333333333,170.0135869565217,169.3770491803278,170.35
161.4722222222222,168.75,173.8965517241379,172.1785714285714,172.3571428571428,171.5487804878049,170.4027777777778,170.0027173913043,169.4590163934425,170.3
161.25,168.796511627907,173.9310344827586,172.6071428571428,172.4047619047619,171.5243902439024,170.3472222222222,169.9918478260869,169.5409836065573,170.5
161.0277777777778,168.8430232558139,173.9655172413793,172.8621439595902,172.452380952381,171.5,170.2916666666667,169.9809782608696,169.6229508196721,170.7
160.8055555555555,168.8895348837209,174,172.8278611851644,172.5,171.4756097560976,170.2361111111111,169.9701086956522,169.7049180327868,170.9
160.9264705882353,168.9360465116279,174.0344827586207,172.7935784107385,172.547619047619,171.4512195121951,170.1805555555555,169.9592391304348,169.7868852459016,171.1
161.1617647058824,168.9825581395349,174.0689655172414,172.6219512195121,172.5952380952381,171.4268292682927,170.125,169.9483695652174,169.8688524590164,171.3
161.3970588235294,169.0290697674419,174.1034482758621,172.3048780487804,172.6428571428572,171.4024390243902,170.0694444444445,169.9375,169.9508196721311,171.5
161.6323529411765,169.0755813953488,174.1379310344828,171.9878048780487,172.6904761904762,171.3780487804878,170.0138888888889,169.9266304347826,170.0327868852458,171.7
161.8676470588235,169.1220930232558,174.1724137931035,171.7692307692308,172.7380952380952,171.3536585365854,169.9583333333333,169.9157608695652,170.1147540983606,171.9166666666667
162.1029411764706,169.1686046511628,174.2068965517241,171.8461538461538,172.7215189873418,171.3292682926829,169.9027777777778,169.9048913043478,170.1959459459459,172.1388888888889
162.3382352941177,169.2151162790697,174.2413793103448,171.9230769230769,172.6835443037974,171.3048780487805,169.8472222222222,169.8940217391304,170.277027027027,172.3611111111111
162.5735294117647,169.2338709677419,174.1857142857143,172,172.6455696202531,171.280487804878,169.7916666666667,169.883152173913,170.3581081081081,172.5833333333333
162.7976190476191,169.1693548387097,174.1,172.0769230769231,172.6075949367088,171.2560975609756,169.7391304347826,169.8722826086956,170.4391891891891,172.7321428571428
162.9880952380953,169.1048387096774,174.0142857142857,172.1538461538461,172.5696202531645,171.2159090909091,169.6956521739131,169.8614130434783,170.5202702702702,172.6607142857143
163.1785714285714,169.0403225806452,173.9285714285714,172.2307692307692,172.5316455696202,171.1704545454545,169.6521739130435,169.8505434782609,170.6013513513513,172.5892857142857
163.3690476190476,168.9758064516129,173.8428571428571,172.2222222222222,172.4936708860759,171.125,169.6086956521739,169.8396739130435,170.6824324324324,172.5178571428571
163.5595238095238,168.9112903225806,173.7571428571429,172.1851851851852,172.4556962025316,171.0795454545454,169.5652173913043,169.8288043478261,170.7635135135135,172.4464285714286
163.75,168.8467741935484,173.6714285714286,172.1481481481482,172.4177215189873,171.0340909090909,169.5217391304348,169.8179347826087,170.8445945945945,172.375
163.9404761904762,168.7822580645162,173.5857142857143,172.1111111111111,172.379746835443,170.9886363636364,169.4782608695652,169.8070652173913,170.9166666666666,172.3035714285714
164.1309523809524,168.7177419354838,173.5,172.0740740740741,172.3203124999999,170.9431818181818,169.4347826086956,169.7961956521739,170.9833333333333,172.2321428571428
164.3214285714286,168.6532258064516,173.4142857142857,172.037037037037,172.2578124999999,170.8977272727273,169.391304347826,169.7853260869565,171.05,172.1607142857143
164.5119047619048,168.5887096774194,173.3285714285714,172,172.1953124999999,170.8522727272727,169.3478260869565,169.7744565217391,171.1166666666666,172.0892857142857
164.702380952381,168.5241935483871,173.2428571428571,171.962962962963,172.1328124999999,170.8068181818182,169.3043478260869,169.7635869565217,171.1833333333333,172.0178571428571
164.8181818181818,168.4596774193548,173.1571428571428,171.9259259259259,172.0703124999999,170.7613636363636,169.2608695652173,169.7527173913043,171.2499999999999,171.9464285714286
164.9090909090909,168.3951612903226,173.0714285714286,171.8888888888889,172.0078124999999,170.7159090909091,169.0499999999999,169.7348484848485,171.3166666666666,171.875
165,168.3306451612903,172.9857142857143,171.8518518518518,171.9453124999999,170.6704545454546,168.7833333333332,169.7146464646464,171.3833333333333,171.8035714285714
165.0909090909091,168.2661290322581,172.9,171.8148148148148,171.8828124999999,170.625,168.5166666666666,169.6944444444445,171.4499999999999,171.8214285714286
165.1818181818182,168.2894736842105,172.8142857142857,171.7777777777778,171.7740384615384,170.5795454545455,168.2499999999999,169.6742424242424,171.5166666666666,172.1071428571429
165.2727272727273,168.3421052631579,172.7333333333333,171.7333333333333,171.6586538461538,170.5340909090909,167.9833333333333,169.6540404040404,171.5833333333333,172.3928571428572
165.3636363636364,168.3947368421053,172.6666666666667,171.6666666666667,171.5432692307692,170.4886363636364,167.7166666666666,169.6338383838384,171.5714285714285,172.6785714285714
165.4545454545455,168.4473684210526,172.6,171.6,171.4278846153846,170.4431818181818,167.4499999999999,169.6136363636364,171.4285714285714,172.9642857142857
165.5454545454546,168.5,172.5333333333333,171.5333333333333,171.3124999999999,170.3977272727273,167.3124999999999,169.5934343434344,171.2857142857142,173.25
165.6363636363637,168.5526315789474,172.4666666666666,171.4666666666666,171.1971153846153,170.3522727272727,167.5625,169.5732323232323,171.1428571428571,173.5357142857143
165.7272727272727,168.6052631578947,172.4,171.4,171.0468749999999,170.3068181818182,167.8125,169.5530303030303,170.9999999999999,173.8333333333333
165.75,168.6578947368421,172.3333333333333,171.3333333333333,170.8385416666666,170.2613636363636,168.0625,169.5328282828283,170.8923611111111,174.1666666666667
165.75,168.7105263157895,172.2666666666667,171.2666666666666,170.6302083333333,170.1666666666667,168.2065217391304,169.5126262626263,171.0312499999999,174.5
165.75,168.7631578947368,172.2,171.1999999999999,170.4218749999999,170.0555555555555,168.0326086956522,169.4924242424242,171.1701388888888,174.8333333333333
165.75,168.8157894736842,172.1333333333333,171.1333333333333,170.2135416666666,169.9444444444444,167.8586956521739,169.4722222222222,171.3090277777777,175.1666666666667
165.8214285714286,168.8684210526316,172.0666666666667,171.1019736842105,170.0052083333333,169.8333333333333,167.6847826086957,169.4520202020202,171.4479166666666,175.5
166.1071428571429,168.921052631579,172,171.0756578947368,169.8428571428571,169.7222222222222,167.5108695652174,169.4318181818182,171.5868055555555,175.7613636363636
166.3928571428572,168.9736842105263,171.9333333333333,171.0493421052631,169.7571428571428,169.6111111111111,167.3369565217391,169.4116161616162,171.7256944444444,175.8068181818182
166.6785714285714,169.0263157894737,171.8666666666667,171.0230263157894,169.6714285714285,169.5,167.1630434782609,169.3914141414141,171.8645833333333,175.8522727272727
166.9642857142857,169.0789473684211,171.8,170.9967105263157,169.5857142857143,169.3888888888889,166.9891304347826,169.3712121212121,172.0034722222222,175.8977272727273
167.25,169.1315789473684,171.7333333333333,170.9703947368421,169.5,169.2777777777778,166.8152173913043,169.3510101010101,172.1302083333333,175.9431818181818
167.5357142857143,169.1842105263158,171.6666666666667,170.9440789473684,169.4142857142857,169.0357142857143,166.6413043478261,169.3308080808081,172.1718749999999,175.9886363636364
167.7375,169.2368421052632,171.6,170.9177631578947,169.3285714285714,168.75,166.4673913043478,169.3106060606061,172.2135416666666,176.0340909090909
167.6875,169.3076923076923,171.5333333333333,170.891447368421,169.2428571428571,168.4642857142857,166.2934782608696,169.290404040404,172.2552083333333,176.0795454545455
167.6375,169.3846153846154,171.4666666666667,170.7432432432432,169.1571428571428,168.1785714285714,166.15625,169.270202020202,172.2968749999999,176.125
167.5875,169.4615384615385,171.4,170.3918918918918,169.0714285714286,167.8928571428571,166.03125,169.25,172.3385416666666,176.1704545454545
167.5375,169.5384615384615,171.3333333333333,170.0405405405405,168.9857142857143,167.6071428571429,165.90625,169.229797979798,172.3785211267605,176.2159090909091
167.4875,169.6153846153846,171.2666666666667,169.6891891891892,168.9,167.3214285714286,165.78125,169.1948834108896,172.406690140845,176.2727272727273
167.4375,169.6923076923077,171.1818181818182,169.3378378378378,168.8142857142857,167.1617647058823,165.6562499999999,169.1553382188105,172.4348591549295,176.3636363636364
167.3875,169.7692307692308,171.0909090909091,169.1428571428571,168.6785714285714,167.0441176470588,165.5312499999999,169.1157930267314,172.463028169014,176.4545454545455
167.3375,169.8461538461538,171,169,168.3928571428571,166.9264705882353,165.40625,169.0762478346523,172.4911971830985,176.5454545454546
167.2875,169.9230769230769,170.9090909090909,168.8571428571429,168.1071428571429,166.8088235294118,165.2812499999999,169.0367026425733,172.519366197183,176.6363636363637
167.2794117647059,170,170.8181818181818,168.7142857142857,167.8214285714286,166.6911764705882,165.0624999999999,168.9971574504942,172.5475352112675,176.7272727272727
167.3970588235294,170.0769230769231,170.7272727272727,168.5714285714286,167.5357142857143,166.5735294117647,164.8124999999999,168.9576122584151,172.5757042253521,176.8181818181818
167.5147058823529,170.1538461538462,170.6363636363636,168.4285714285714,167.25,166.4558823529412,164.5624999999999,168.918067066336,172.6038732394366,176.9090909090909
167.6323529411765,170.2307692307692,170.5454545454545,168.2857142857143,166.9642857142857,166.3382352941177,164.3124999999999,168.878521874257,172.6508620689655,177
167.75,170.3076923076923,170.4545454545455,168.15,166.65,166.1904761904762,164.0625,168.8389766821779,172.7543103448275,177.0909090909091
167.8676470588235,170.3846153846154,170.3636363636364,168.0166666666667,166.25,165.952380952381,163.8125,168.7994314900988,172.8577586206896,177.1818181818182
167.9852941176471,170.4615384615385,170.2727272727273,167.8833333333333,165.85,165.7142857142857,163.5625,168.7598862980197,172.9612068965517,177.2205882352941
168.1029411764706,170.5384615384615,170.1818181818182,167.75,165.45,165.4761904761905,163.3125,168.75,173.0646551724137,177.1029411764706
168.2205882352941,170.6153846153846,170.0909090909091,167.6166666666667,165.05,165.2380952380952,163.125,168.7499999999999,173.1681034482758,176.985294117647
168.2916666666667,170.6923076923077,170,167.4833333333333,164.7375,165,162.9583333333333,168.7499999999999,173.2715517241379,176.8676470588235
168.3472222222222,170.7083333333333,169.9090909090909,167.35,164.6875,164.7619047619048,162.7916666666667,168.7499999999999,173.3749999999999,176.75
168.4027777777778,170.5416666666667,169.8181818181818,167.2666666666667,164.6375,164.5238095238095,162.625,168.75,173.451923076923,176.6323529411765
168.4583333333333,170.375,169.7115384615385,167.3333333333333,164.5875,164.2857142857143,162.4583333333333,168.75,173.5288461538461,176.514705882353
168.5138888888889,170.2083333333333,169.5576923076923,167.4,164.5375,164.0476190476191,162.2916666666667,168.75,173.6057692307692,176.3970588235294
168.5694444444445,170.0416666666667,169.4038461538462,167.4666666666667,164.4875,163.8095238095238,162.4375,168.75,173.6826923076922,176.2794117647059
168.625,169.875,169.25,167.5333333333333,164.4375,163.5892857142857,162.6875,168.75,173.7596153846153,176.1875
168.6805555555555,169.7083333333333,169.0961538461538,167.6,164.3875,163.375,162.9375,168.75,173.8365384615384,176.1041666666667
168.7361111111111,169.5416666666667,168.9423076923077,167.6666666666667,164.3375,163.1607142857143,163.1875,168.75,173.9134615384615,176.0208333333333
168.9264705882353,169.375,168.7884615384615,167.7333333333333,164.2875,162.9464285714286,163.4375,168.7596153846154,173.9903846153846,175.9375
169.1617647058823,169.2083333333333,168.6818181818182,167.5892857142857,164.2307692307693,162.7321428571429,163.6875,168.7980769230769,174.0673076923077,175.8541666666667
169.3970588235294,169.0416666666667,168.5909090909091,167.375,164.1538461538461,162.5178571428572,163.9375,168.8365384615385,174.1325757575757,175.7708333333333
169.6323529411765,168.875,168.5,167.1607142857143,164.0769230769231,162.3035714285714,164.1875,168.875,174.1628787878787,176.0178571428571
169.8676470588235,168.7661290322581,168.4090909090909,166.9464285714286,164,162.0892857142857,164.1923076923077,168.9134615384615,174.1931818181818,176.375
170.1029411764706,168.8306451612903,168.3181818181818,166.7321428571429,163.9230769230769,161.875,164.1153846153846,168.9519230769231,174.2234848484848,176.7321428571429
170.3382352941177,168.8951612903226,168.2272727272727,166.5178571428571,163.8461538461538,161.6607142857143,164.0384615384615,168.9903846153846,174.2537878787878,177.0892857142857
170.5735294117647,168.9596774193548,168.1363636363636,166.3035714285714,163.7692307692308,161.4464285714286,163.9615384615385,169.0288461538461,174.2840909090908,177.4464285714286
170.7894736842105,169.0241935483871,168.0454545454546,165.9166666666667,163.6923076923077,161.2321428571428,163.8846153846154,169.0673076923077,174.3143939393939,177.8035714285714
170.9473684210526,169.0887096774194,167.9545454545455,165.4722222222222,163.6153846153846,161.0178571428571,163.8076923076923,169.1057692307692,174.3446969696969,178.1607142857143
171.1052631578947,169.1532258064516,167.8636363636364,165.0277777777778,163.5384615384615,160.8035714285714,163.5,169.1442307692308,174.3749999999999,178.2894736842105
171.2631578947368,169.2177419354839,167.7727272727273,164.5833333333333,163.4615384615385,160.65625,162.5,169.1826923076923,174.405303030303,178.3421052631579
171.421052631579,169.2822580645161,167.6136363636363,164.2205882352941,163.3846153846154,160.53125,161.5,169.2211538461538,174.435606060606,178.3947368421053
171.5789473684211,169.3467741935484,167.4318181818182,164.1029411764706,163.3076923076923,160.40625,160.7361111111111,169.2125,174.465909090909,178.4473684210527
171.7368421052632,169.4112903225806,167.25,163.985294117647,163.21,160.28125,160.6805555555555,169.0625,174.4962121212121,178.5
171.8947368421053,169.4758064516129,167.0681818181818,163.8676470588235,163.05,160.15625,160.625,168.9125,174.5265151515151,178.5526315789474
172.0526315789474,169.5403225806452,166.8863636363636,163.75,162.89,160.03125,160.5694444444445,168.7625,174.5568181818181,178.6052631578947
172.2105263157895,169.6048387096774,166.7045454545454,163.6323529411765,162.73,159.90625,160.5138888888889,168.6125,174.5871212121212,178.6578947368421
172.15,169.6693548387097,166.5227272727273,163.5147058823529,162.57,159.78125,160.4583333333333,168.4625,174.6174242424242,178.7105263157895
172.0166666666667,169.733870967742,166.3409090909091,163.3970588235294,162.41,159.5192307692308,160.4027777777778,168.3125,174.2916666666666,178.7333333333333
171.8833333333333,169.6724137931035,166.1590909090909,163.2794117647059,162.25,159.2115384615385,160.3472222222222,168.1625,173.8472222222222,178.6666666666667
171.75,169.5689655172414,165.9772727272727,163,162.09,158.9038461538461,160.2916666666667,168.0125,173.6472222222222,178.6
171.6166666666667,169.4655172413793,165.7954545454546,162.6666666666667,161.93,158.5961538461538,160.2125,167.8625,173.6916666666666,178.5333333333333
171.4833333333333,169.3620689655172,165.6774193548387,162.3333333333333,161.77,158.2884615384615,160.0625,167.7380952380952,173.7361111111111,178.4666666666667
171.35,169.2586206896552,165.5806451612903,162,161.61,157.9807692307692,159.9125,167.6904761904762,173.7805555555555,178.4
171.225,169.1551724137931,165.483870967742,161.6666666666667,161.45,157.7115384615385,159.7625,167.6428571428571,173.8249999999999,178.3333333333333
171.125,169.051724137931,165.3870967741936,161.3333333333333,161.29,157.5576923076923,159.6125,167.5952380952381,173.8694444444444,178.2666666666667
171.025,168.948275862069,165.2903225806452,161.125,161.0526315789474,157.4038461538462,159.4625,167.547619047619,173.9138888888888,178.125
170.925,168.8448275862069,165.1935483870968,160.9583333333333,160.7894736842105,157.25,159.3125,167.5,173.9583333333333,177.9583333333333
170.825,168.7413793103448,165.0967741935484,160.7916666666667,160.5263157894737,157.0961538461538,159.1625,167.452380952381,174.0027777777777,177.7916666666667
170.8235294117647,168.6379310344828,165,160.625,160.2631578947368,156.9423076923077,159.0125,167.4047619047619,174.0472222222222,177.625
171.1176470588235,168.5344827586207,164.9032258064516,160.4583333333333,160,156.7884615384615,158.8625,167.3571428571429,174.0916666666666,177.4583333333333
171.4117647058823,168.4310344827586,164.8064516129032,160.2916666666667,159.7368421052632,156.75,158.7142857142857,167.3095238095238,174.1442307692307,177.2916666666667
171.7058823529412,168.3275862068966,164.7096774193548,160.1724137931034,159.4736842105263,156.75,158.5714285714286,167.2619047619048,174.2211538461538,177.125
172,168.1833333333333,164.6129032258065,160.0689655172414,159.2105263157895,156.75,158.4285714285714,167.1923076923077,174.2980769230769,176.9583333333333
172.2941176470588,167.9166666666667,164.516129032258,159.9655172413793,158.9473684210526,156.75,158.2857142857143,167.1153846153846,174.3749999999999,176.7916666666667
172.5882352941177,167.65,164.4193548387097,159.8620689655173,158.6875,156.75,158.1428571428571,167.0384615384615,174.451923076923,176.7058823529412
172.8823529411765,167.3833333333333,164.3225806451613,159.7586206896552,158.4375,156.675,158,166.9615384615385,174.5288461538461,176.6470588235294
173.1764705882353,167.1166666666667,164.202380952381,159.6551724137931,158.1875,156.575,157.8571428571429,166.8846153846154,174.6057692307692,176.5882352941177
173.2941176470588,166.85,164.0119047619048,159.551724137931,157.9375,156.475,157.7142857142857,166.8076923076923,174.5892857142857,176.5294117647059
173.3529411764706,166.5833333333333,163.8214285714286,159.448275862069,157.6875,156.375,157.5714285714286,166.7307692307692,174.5416666666666,176.4705882352941
173.4117647058824,166.3166666666667,163.6309523809524,159.3448275862069,157.4375,156.275,157.4285714285714,166.6538461538461,174.4940476190476,176.4117647058823
173.4705882352941,166.2058823529412,163.4404761904762,159.2413793103448,157.1888888888889,155.9772727272727,157.2857142857143,166.5769230769231,174.4464285714285,176.3529411764706
173.5294117647059,166.1470588235294,163.25,159.1379310344828,156.9444444444444,155.6136363636364,157.1428571428571,166.5,174.3988095238095,176.2941176470588
173.5882352941177,166.0882352941177,163.0595238095238,159.0344827586207,156.7,155.25,157,166.4230769230769,174.422619047619,176.3636363636364
173.6470588235294,166.0294117647059,162.8690476190476,158.9310344827586,156.4555555555555,154.8863636363636,156.8571428571428,166.3461538461538,174.5178571428571,176.8181818181818
173.7058823529412,165.9705882352941,162.6785714285714,158.8275862068966,156.2111111111111,154.5227272727273,156.71875,166.2692307692308,174.6130952380952,177.2727272727273
173.7321428571429,165.9117647058823,162.4880952380952,158.7096774193548,155.9666666666666,154.2115384615385,156.59375,166.1785714285714,174.7083333333333,177.7272727272727
173.6607142857143,165.8529411764706,162.297619047619,158.5483870967742,155.6428571428571,154.0576923076923,156.46875,166.0833333333333,174.8035714285714,178.1818181818182
173.5892857142857,165.7941176470588,162.1666666666667,158.3870967741935,155.2714285714285,153.9038461538461,156.34375,165.9880952380952,174.8583333333333,178.6363636363636
173.5178571428571,165.804347826087,162.0555555555555,158.2258064516129,154.9,153.75,156.21875,165.8928571428571,174.7916666666666,178.84375
173.4464285714286,166.0217391304348,161.9444444444445,158.0645161290323,154.5285714285714,153.5961538461538,156.09375,165.797619047619,174.7249999999999,178.96875
173.375,166.2391304347826,161.8333333333333,157.9032258064516,154.2058823529412,153.4423076923077,155.96875,165.702380952381,174.6583333333333,179.09375
173.3035714285714,166.4565217391304,161.7222222222222,157.741935483871,154.0294117647059,153.2884615384615,155.84375,165.6071428571429,174.5249999999999,179.21875
173.2894736842105,166.6739130434783,161.6111111111111,157.5806451612903,153.8529411764706,153.1666666666667,155.71875,165.5119047619048,174.3249999999999,179.34375
173.4473684210526,166.8913043478261,161.5,157.4193548387097,153.6764705882353,153.0555555555555,155.59375,165.4166666666667,174.1249999999999,179.46875
173.6052631578947,167.1086956521739,161.3888888888889,157.258064516129,153.5,152.9444444444445,155.46875,165.3214285714286,173.925,179.59375
173.7631578947368,167.3260869565217,161.2777777777778,157.0967741935484,153.3235294117647,152.8333333333333,155.34375,165.2272727272727,173.725,179.71875
173.921052631579,167.5434782608696,161.1666666666667,156.9354838709677,153.1470588235294,152.7222222222222,155.21875,165.1363636363636,173.4464285714285,179.75
174.078947368421,167.7608695652174,161.0555555555555,156.7741935483871,152.9705882352941,152.6111111111111,155.09375,165.0454545454546,173.0892857142857,179.75
174.2368421052632,167.9782608695652,160.9444444444445,156.6129032258065,152.7941176470588,152.5,154.96875,164.9545454545454,172.7321428571428,179.75
174.3947368421053,168.1956521739131,160.8333333333333,156.4516129032258,152.671052631579,152.3888888888889,154.84375,164.8636363636364,172.3749999999999,179.75
174.5526315789474,168.0892857142857,160.72,156.2903225806452,152.5657894736842,152.2777777777778,154.6911764705882,164.7727272727273,172.6477272727272,179.75
174.7105263157895,167.875,160.6,156.1875,152.4605263157895,152.0454545454545,154.4558823529412,164.6818181818182,172.9204545454545,179.75
174.7758620689655,167.6607142857143,160.48,156.1041666666667,152.3552631578947,151.7727272727273,154.2205882352941,164.5909090909091,173.2159090909091,179.6964285714286
174.8103448275862,167.4464285714286,160.36,156.0208333333333,152.25,151.5,153.985294117647,164.5,173.5795454545454,179.625
174.8448275862069,167.2321428571429,160.24,155.9375,152.1447368421053,151.2272727272727,153.75,164.4090909090909,173.9431818181818,179.5535714285714
174.8793103448276,167.0178571428571,160.12,155.8541666666667,152.0394736842105,150.9545454545455,153.5147058823529,164.3181818181818,174.3068181818181,179.4821428571428
174.9137931034483,166.8035714285714,160,155.7708333333333,151.9342105263158,150.7613636363636,153.2794117647059,164.2272727272727,174.6704545454545,179.4107142857143
174.948275862069,166.875,159.88,155.6875,151.828947368421,150.8068181818182,153.0441176470588,164.1363636363636,175.0340909090908,179.3392857142857
174.9827586206897,167.0416666666667,159.76,155.6041666666667,151.7307692307692,150.8522727272727,152.8088235294118,164.0454545454546,175.0714285714285,179.2678571428571
175.0172413793103,167.2083333333333,159.64,155.5208333333333,151.6538461538462,150.8977272727273,152.65625,163.9545454545455,174.9999999999999,178.625
175.051724137931,167.375,159.52,155.4375,151.5769230769231,150.9431818181818,152.53125,163.8636363636364,174.9285714285714,177.7916666666667
175.0862068965517,167.5416666666667,159.4,155.3541666666667,151.5,150.9886363636364,152.40625,163.7727272727273,174.8571428571428,176.9583333333333
175.1206896551724,167.7083333333333,159.28,155.2708333333333,151.4230769230769,151.0340909090909,152.28125,163.75,174.7857142857142,176.65
175.1551724137931,167.8076923076923,159.0769230769231,155.1944444444445,151.3461538461538,151.0795454545455,152.15625,163.75,174.7142857142856,176.5166666666667
175.1896551724138,167.8846153846154,158.8461538461539,155.1203703703704,151.2692307692308,151.125,152.03125,163.7499999999999,174.6428571428571,176.3833333333333
175.2241379310345,167.9615384615385,158.6153846153846,155.0462962962963,151.1923076923077,151.1704545454545,151.90625,163.7499999999999,174.2916666666666,176.25
175.2575757575758,168.0384615384615,158.3846153846154,154.9722222222222,151.1153846153846,151.2159090909091,151.78125,163.7499999999999,173.8472222222222,176.1166666666667
175.2878787878788,168.1153846153846,158.1538461538462,154.8981481481482,151.0384615384615,151.25,151.65625,163.7499999999999,173.4027777777777,175.9833333333333
175.3181818181818,168.1923076923077,157.9230769230769,154.8240740740741,150.9615384615385,151.25,151.53125,163.7499999999999,172.9583333333333,175.85
175.3484848484848,168.2692307692308,157.7395833333333,154.75,150.8846153846154,151.25,151.40625,163.7499999999999,172.6083333333333,175.7948717948718
175.3787878787879,168.3461538461538,157.6979166666667,154.6759259259259,150.8076923076923,151.25,151.28125,163.7499999999999,172.5416666666666,175.974358974359
175.4090909090909,168.4230769230769,157.65625,154.6018518518518,150.7578125,151.25,151.1428571428571,163.7499999999999,172.475,176.1538461538462
175.4393939393939,168.5,157.6145833333333,154.5277777777778,150.7890625,151.25,151,163.7499999999999,172.4083333333333,176.3333333333333
175.4696969696969,168.5769230769231,157.5729166666667,154.4537037037037,150.8203125,151.25,150.8571428571429,163.6562499999999,172.3416666666666,176.5128205128205
175.5,168.6538461538461,157.53125,154.3796296296296,150.8515625,151.2307692307693,150.7142857142857,163.5312499999999,172.2749999999999,176.6923076923077
175.530303030303,168.7307692307692,157.4895833333333,154.3055555555555,150.8828125,151.1538461538462,150.5714285714286,163.4062499999999,172.2083333333333,176.8717948717949
175.5606060606061,168.5454545454546,157.4479166666667,154.2314814814815,150.9140625,151.0769230769231,150.4285714285714,163.2812499999999,172.1416666666666,177.051282051282
175.5909090909091,168.2727272727273,157.40625,154.1574074074074,150.9453125,151,150.2857142857143,162.9166666666666,172.0749999999999,177.2307692307692
175.6212121212121,168,157.3645833333333,154.0833333333333,150.9765625,150.9230769230769,150.2894736842105,162.4722222222222,172.0083333333333,177.4102564102564
175.6515151515152,167.7272727272727,157.3229166666667,154.0092592592593,151.0078125,150.8461538461538,150.3421052631579,162.0277777777778,171.9416666666666,177.5897435897436
175.6818181818182,167.4545454545454,157.28125,153.9351851851852,151.0390625,150.7692307692308,150.3947368421053,161.5833333333333,171.8749999999999,177.7692307692308
175.7121212121212,167.15,157.2272727272727,153.8611111111111,151.0703125,150.7788461538462,150.4473684210526,161.2666666666667,171.5892857142857,177.948717948718
175.7424242424242,166.75,157.1363636363636,153.787037037037,151.1015625,150.8173076923077,150.5,161.3333333333333,171.3035714285714,178.1282051282051
175.6923076923077,166.35,157.0454545454545,153.712962962963,151.1328125,150.8557692307692,150.5526315789474,161.4,171.0178571428571,178.3076923076923
175.6153846153846,165.95,156.9545454545454,153.6388888888889,151.1640625,150.8942307692308,150.6052631578947,161.4666666666667,170.7321428571428,178.4871794871795
175.5384615384615,165.55,156.8636363636364,153.5648148148148,151.1953125,150.9326923076923,150.6578947368421,161.5333333333333,170.4464285714285,178.6666666666667
175.4615384615385,165.1875,156.7727272727273,153.4907407407407,151.2265625,150.9711538461538,150.7105263157895,161.6,170.1607142857142,178.8461538461538
175.3846153846154,164.9375,156.5,153.4166666666667,151.2717391304348,151.0096153846154,150.7870370370371,161.6666666666667,169.8749999999999,179.025641025641
175.3076923076923,164.6875,156.1666666666667,153.3425925925926,151.3586956521739,151.0480769230769,150.9351851851852,161.7333333333333,170.4305555555555,179.2051282051282
175.2307692307692,164.4375,155.8333333333333,153.2685185185185,151.4456521739131,151.0865384615385,151.0833333333333,161.59375,170.9861111111111,179.1964285714286
175.1538461538461,164.1875,155.5,153.15625,151.5326086956522,151.125,151.2314814814815,161.3854166666667,171.1785714285714,179.125
175.0769230769231,163.9375,155.2348484848485,153.03125,151.6195652173913,151.1634615384615,151.3796296296296,161.1770833333333,171.2499999999999,179.0535714285714
175,163.6875,155.1742424242424,152.90625,151.7065217391304,151.2019230769231,151.5277777777778,160.96875,171.3214285714285,178.9821428571429
174.9230769230769,163.4375,155.1136363636364,152.78125,151.7934782608696,151.2403846153846,151.675925925926,160.7604166666667,171.3928571428571,178.9107142857143
174.8461538461538,163.28125,155.0530303030303,152.65625,151.8804347826087,151.3863636363636,151.8240740740741,160.5520833333333,171.4642857142857,178.8392857142857
174.7692307692308,163.40625,154.9924242424242,152.53125,151.9673913043478,151.5681818181818,151.9722222222222,160.34375,171.5357142857142,178.7678571428572
174.7633928571428,163.53125,154.9318181818182,152.40625,152.054347826087,151.75,152.1203703703704,160.1354166666667,171.6071428571428,178.7857142857143
174.78125,163.65625,154.8712121212121,152.28125,152.1413043478261,151.9318181818182,152.2685185185185,159.9270833333333,171.6785714285714,178.8333333333333
174.7991071428572,163.78125,154.8106060606061,152.15625,152.2282608695652,152.1136363636363,152.4166666666667,159.71875,171.7499999999999,178.8809523809524
174.8169642857143,163.90625,154.75,152.03125,152.3863636363637,152.2954545454546,152.5648148148148,159.5104166666667,171.8214285714285,178.9285714285714
174.8348214285714,164.03125,154.6893939393939,151.90625,152.5681818181818,152.4772727272727,152.712962962963,159.3020833333333,171.8928571428571,178.9761904761905
174.8526785714286,164.15625,154.6287878787879,151.78125,152.75,152.6590909090909,152.8942307692308,159.2720588235294,171.9642857142857,179.0238095238095
174.8705357142857,164.28125,154.5681818181818,151.7083333333333,152.9318181818182,152.8409090909091,153.0865384615385,159.3014705882353,172.0357142857142,179.0714285714286
174.8883928571429,164.40625,154.5075757575758,151.6527777777778,153.1136363636364,153.0227272727273,153.2788461538462,159.3308823529412,172.1071428571428,179.1190476190476
174.90625,164.53125,154.4469696969697,151.5972222222222,153.2954545454546,153.2045454545455,153.4711538461539,159.3602941176471,172.3392857142857,179.1666666666667
174.9241071428571,164.65625,154.3863636363636,151.5416666666667,153.4772727272727,153.5108695652174,153.6634615384615,159.3897058823529,172.6249999999999,179.2142857142857
174.9419642857143,164.741935483871,154.3257575757576,151.4861111111111,153.6590909090909,153.8586956521739,153.8557692307692,159.4191176470588,172.9107142857142,179.2
174.9598214285714,164.7096774193548,154.2651515151515,151.4305555555555,153.8409090909091,154.2065217391304,154.0480769230769,159.4485294117647,173.0945121951219,179
174.9776785714286,164.6774193548387,154.2142857142857,151.375,154.0227272727273,154.554347826087,154.2403846153846,159.4779411764706,172.9725609756097,178.8
174.9955357142857,164.6451612903226,154.1666666666667,151.3194444444444,154.2045454545455,154.9021739130435,154.4326923076923,159.5073529411765,172.8506097560975,178.6
175.0133928571429,164.6129032258065,154.1190476190476,151.2638888888889,154.5625,155.25,154.625,159.5367647058823,172.7286585365853,178.4
175.03125,164.5806451612903,154.0714285714286,151.31,154.9791666666667,155.5978260869565,154.8173076923077,159.5661764705882,172.6067073170731,178.2
175.0491071428571,164.5483870967742,154.0238095238095,151.39,155.3958333333333,155.945652173913,155.0096153846154,159.5955882352941,172.4847560975609,178
175.0669642857143,164.516129032258,153.9761904761905,151.47,155.8125,156.2934782608696,155.2019230769231,159.625,172.3628048780487,177.8
175.0848214285714,164.483870967742,153.9285714285714,151.55,156.2291666666667,156.6413043478261,155.4051724137931,159.6544117647059,172.2408536585365,177.6
175.1026785714286,164.4516129032258,153.8809523809524,151.63,156.6458333333333,156.9891304347826,155.6120689655172,159.6838235294118,172.1189024390243,177.4
175.1205357142857,164.4193548387097,153.8333333333333,151.71,157.0625,157.3676470588235,155.8189655172414,159.7132352941177,171.9969512195121,177.3
175.1383928571429,164.3870967741935,153.7857142857143,151.79,157.4791666666667,157.8382352941177,156.0258620689655,159.7426470588235,171.8749999999999,177.5
175.15625,164.3548387096774,153.7380952380952,151.87,157.8958333333333,158.3088235294118,156.2327586206897,159.75,171.6826923076923,177.7
175.1741071428571,164.3225806451613,153.6904761904762,151.95,158.3125,158.7794117647059,156.4396551724138,159.75,171.4903846153846,177.9
175.1919642857143,164.2903225806452,153.6428571428571,152.03,158.7291666666667,159.25,156.6465517241379,159.75,171.2980769230768,178.1
175.2098214285714,164.258064516129,153.5952380952381,152.11,159.1458333333333,159.7205882352941,156.8534482758621,159.75,171.1057692307692,178.3
175.2276785714286,164.0454545454545,153.547619047619,152.19,159.45,160.1911764705883,157.0603448275862,159.75,170.9134615384615,178.5
175.2455357142857,163.7727272727273,153.5,152.2672413793103,159.7166666666666,160.6617647058823,157.2672413793103,159.75,170.7211538461538,178.7
175.2708333333333,163.5,153.452380952381,152.3362068965517,159.9833333333333,161.1323529411765,157.4741379310345,159.75,170.5865384615384,178.7159090909091
175.2986111111111,163.2272727272727,153.4047619047619,152.4051724137931,160.25,161.8235294117648,157.6810344827586,159.6730769230769,170.5096153846153,178.6704545454546
175.3263888888889,162.9545454545455,153.3571428571428,152.4741379310345,160.5166666666667,162.5882352941177,157.8879310344828,159.3653846153846,170.4326923076922,178.625
175.3541666666667,162.7291666666667,153.3095238095238,152.5431034482759,160.7833333333333,163.3529411764706,158.0948275862069,159.0576923076923,170.3014705882352,178.5795454545455
175.3819444444445,162.6458333333333,153.2619047619048,152.6120689655173,161.05,164.1176470588235,158.3125,158.75,170.0073529411764,178.5340909090909
175.4097222222222,162.5625,153.2067307692308,152.6810344827586,161.4076086956522,164.8823529411765,158.5625,158.4423076923077,169.7132352941176,178.4886363636364
175.4375,162.4791666666667,153.1490384615385,152.75,162.0380434782609,165.6470588235294,158.8125,158.1346153846153,169.4191176470588,178.4431818181818
175.4652777777778,162.3958333333333,153.0913461538462,152.8189655172414,162.6684782608696,166.4117647058823,159.0625,157.826923076923,169.1249999999999,178.3977272727273
175.4930555555555,162.3125,153.0336538461538,152.8879310344828,163.2989130434782,167.1764705882353,159.3125,157.9166666666666,169.0694444444444,178.3522727272727
175.5208333333333,162.2291666666667,152.9759615384615,152.9568965517241,163.9293478260869,167.8653846153846,159.5625,158.1388888888889,169.0138888888888,178.3068181818182
175.5486111111111,162.1458333333333,152.9182692307692,153.0258620689655,164.5597826086956,168.3269230769231,159.8125,158.3611111111111,168.9583333333333,178.2613636363636
175.5763888888889,162.0625,152.8605769230769,153.0948275862069,165.2835365853658,168.7884615384615,160.0625,158.5833333333333,168.9027777777777,178.1944444444445
175.6041666666667,161.9791666666667,152.8028846153846,153.1637931034483,166.1006097560975,169.25,160.3125,158.7166666666667,169.0937499999999,178.1203703703704
175.6319444444444,161.8958333333333,152.7451923076923,153.2327586206897,166.9176829268292,169.7115384615385,160.5625,158.5833333333333,169.5312499999999,178.0462962962963
175.6597222222222,161.8125,152.6875,153.3035714285714,167.7347560975609,170.1730769230769,160.8035714285714,158.45,169.9687499999999,177.9722222222222
175.6875,161.7291666666667,152.6298076923077,153.375,168.5518292682927,170.6346153846154,161.0178571428571,158.3166666666667,170.4062499999999,177.8981481481482
175.7152777777778,161.6458333333333,152.5721153846154,153.4464285714286,169.3689024390244,171.7045454545455,161.2321428571429,158.1833333333333,170.6249999999999,177.8240740740741
175.7430555555556,161.5625,152.5144230769231,153.5178571428572,170.1859756097561,172.9772727272727,161.4464285714286,158.05,170.6249999999999,177.75
175.6617647058823,161.4791666666667,152.4567307692308,153.5892857142857,171.0030487804878,174.25,161.6607142857143,157.9166666666667,169.860294117647,177.6759259259259
175.5441176470588,161.3958333333333,152.3990384615385,153.6607142857143,171.8201219512195,175.5227272727273,161.875,157.7833333333333,169.0955882352941,177.6018518518518
175.4264705882353,161.3125,152.3413461538462,153.7321428571429,172.6371951219512,176.7954545454545,162.0892857142857,157.7857142857143,168.3308823529411,177.5277777777778
175.3088235294118,161.2642857142857,152.2836538461538,153.75,173.4201388888889,177.8676470588235,162.3095238095238,157.8333333333333,167.5661764705882,177.4537037037037
175.1911764705882,161.3214285714286,152.2259615384615,153.75,174.1006944444444,178.3382352941176,162.547619047619,157.8809523809524,167.4875,177.3796296296296
175.0735294117647,161.3785714285714,152.1682692307692,153.75,174.78125,178.8088235294118,162.7857142857143,157.9285714285714,167.6374999999999,177.3055555555555
174.9558823529412,161.4357142857143,152.1105769230769,153.75,175.4618055555555,179.2794117647059,163.0238095238095,157.9761904761905,167.7874999999999,177.2321428571428
174.8382352941176,161.4928571428571,152.0528846153846,153.75,176.1423611111111,179.75,163.2619047619048,158.0238095238095,167.9374999999999,177.1607142857143
174.7426470588235,161.55,151.9951923076923,153.75,176.8229166666666,180.2205882352941,163.5,158.0714285714286,168.0874999999999,177.0892857142857
174.7132352941177,161.6071428571428,151.9375,153.75,177.5034722222222,180.6911764705882,163.7380952380952,158.1190476190476,167.9821428571428,177.0178571428571
174.6838235294118,161.6642857142857,151.8798076923077,153.75,178.1840277777777,181.1617647058823,163.9761904761905,158.1666666666667,167.7916666666666,176.9464285714286
174.6544117647059,161.7214285714286,151.8221153846154,153.75,178.8645833333333,181.6323529411765,164.2142857142857,158.2142857142857,167.6011904761904,176.875
174.625,161.7785714285714,151.7644230769231,153.7631578947368,179.3958333333333,181.875,164.452380952381,158.125,167.4107142857142,176.8035714285714
174.5955882352941,161.8357142857143,151.7105263157895,153.8157894736842,179.4791666666666,182.0416666666667,164.6904761904762,157.625,167.220238095238,176.7321428571428
174.5661764705882,161.8928571428571,151.6578947368421,153.8684210526316,179.5624999999999,182.2083333333333,164.8382352941177,157.175,167.172619047619,176.6607142857143
174.5367647058823,161.95,151.6052631578947,153.921052631579,179.6458333333333,182.375,164.9558823529412,156.875,167.2678571428571,176.5892857142857
174.5073529411765,162.0071428571429,151.5526315789474,153.9736842105263,179.7291666666666,182.5416666666667,165.0735294117647,156.575,167.3630952380952,176.5178571428571
174.4779411764706,162.0642857142857,151.5,154.0263157894737,179.8124999999999,182.7083333333333,165.1911764705882,156.275,167.4583333333333,176.4464285714286
174.4485294117647,162.1214285714286,151.4473684210526,154.078947368421,179.8958333333333,182.875,165.3088235294118,155.975,167.5535714285714,176.375
174.4191176470588,162.1785714285714,151.3947368421053,154.1315789473684,179.9791666666666,183.0416666666667,165.4264705882353,155.85,167.6442307692307,176.3035714285714
174.3897058823529,162.2357142857143,151.3421052631579,154.1842105263158,180.0624999999999,183.2083333333333,165.5441176470588,156.25,167.7211538461538,176.2380952380952
174.3602941176471,162.2058823529412,151.2894736842105,154.2368421052632,180.0846774193548,183.15625,165.6617647058823,156.65,167.7980769230768,176.1904761904762
174.3308823529412,162.1470588235294,151.2368421052632,154.1634615384615,179.9233870967741,183.03125,165.6973684210526,156.75,167.8749999999999,176.1428571428571
174.3014705882353,162.0882352941177,151.1842105263158,154.0480769230769,179.7620967741935,182.90625,165.4868421052632,156.75,166.1249999999999,176.0952380952381
174.2720588235294,162.0294117647059,151.1315789473684,153.9326923076923,179.6008064516128,182.78125,165.2763157894737,156.75,164.4218749999999,176.047619047619
174.2327586206897,161.9705882352941,151.078947368421,153.8173076923077,179.4395161290322,182.65625,165.0657894736842,156.75,164.6093749999999,176
174.1637931034483,161.9117647058824,151.0263157894737,153.7019230769231,179.2782258064516,182.53125,164.8552631578947,156.75,164.7968749999999,175.952380952381
174.0948275862069,161.8529411764706,150.9736842105263,153.5865384615385,179.1169354838709,182.40625,164.6447368421053,156.75,164.9843749999999,175.9047619047619
174.0258620689655,161.7941176470588,150.921052631579,153.4711538461538,178.9556451612903,182.28125,164.4342105263158,156.75,165.0982142857142,175.8571428571429
173.9568965517241,161.7352941176471,150.8684210526316,153.3557692307692,178.5892857142857,182.15625,164.2236842105263,156.75,164.9910714285714,175.8095238095238
173.8879310344828,161.6764705882353,150.8157894736842,153.2403846153846,178.0178571428571,182.03125,164.0131578947368,156.609375,164.8839285714285,175.7619047619048
173.8189655172414,161.6176470588235,150.7631578947368,153.125,177.4464285714285,181.90625,163.8026315789474,156.421875,164.7767857142857,175.6818181818182
173.75,161.5588235294118,150.7826086956522,153.0096153846154,176.8749999999999,181.78125,163.5,156.234375,164.6696428571428,175.5909090909091
173.6810344827586,161.5,150.8260869565217,152.8942307692308,176.3035714285714,181.375,163.1666666666667,156.046875,164.5624999999999,175.5
173.6120689655172,161.4411764705882,150.8695652173913,152.7788461538462,175.6499999999999,180.875,162.8333333333333,155.859375,164.4553571428571,175.4090909090909
173.5431034482759,161.3823529411765,150.9130434782609,152.69,174.7499999999999,180.375,162.5,155.671875,164.2916666666666,175.3181818181818
173.4741379310345,161.3235294117647,150.9565217391304,152.61,173.85,179.875,162.1666666666667,155.484375,163.9583333333333,175.23
173.4051724137931,161.2647058823529,151,152.53,172.9499999999999,179.375,161.8333333333333,155.296875,163.6249999999999,175.15
173.3362068965517,161.1710526315789,151.0434782608696,152.45,172.05,178.875,161.5454545454545,155.2758620689655,163.2916666666666,175.07
173.2672413793103,161.0657894736842,151.0869565217391,152.37,171.1544117647058,178.375,161.2727272727273,155.3103448275862,163.1249999999999,174.99
173.2788461538461,160.9605263157895,151.1304347826087,152.29,170.2720588235293,177.875,161,155.3448275862069,163.1249999999999,174.91
173.3173076923077,160.8552631578947,151.1739130434783,152.21,169.3897058823529,176.8125,160.7272727272727,155.3793103448276,163.1249999999999,174.83
173.3557692307692,160.75,151.2173913043478,152.13,168.5073529411764,175.5625,160.4545454545455,155.4137931034483,163.1249999999999,174.75
173.3942307692308,160.6447368421053,151.21875,152.05,167.6249999999999,174.3125,160.1785714285714,155.448275862069,163.1249999999999,174.67
173.4326923076923,160.5394736842105,151.09375,151.97,167.3472222222222,173.0625,159.8928571428571,155.4827586206897,163.9583333333333,174.59
173.4711538461538,160.4342105263158,150.96875,151.89,167.0694444444444,171.8125,159.6071428571429,155.5172413793103,165.6249999999999,174.51
173.5096153846154,160.328947368421,150.84375,151.81,166.7916666666666,170.5625,159.3214285714286,155.551724137931,165.5439189189189,174.43
173.5480769230769,160.2727272727273,150.71875,151.7205882352941,166.5138888888889,169.9090909090909,159.0357142857143,155.5862068965517,165.4628378378378,174.35
173.5865384615385,160.3636363636363,150.59375,151.6029411764706,166.2361111111111,169.4545454545455,158.75,155.6206896551724,165.3817567567567,174.27
173.625,160.4545454545454,150.46875,151.4852941176471,165.9583333333333,169,158.4642857142857,155.6551724137931,165.3006756756756,174.1375
173.6634615384615,160.5454545454546,150.34375,151.3676470588235,165.5714285714286,168.5454545454545,158.1578947368421,155.6896551724138,165.2195945945945,173.9875
173.7019230769231,160.6363636363636,150.21875,151.25,164.8571428571429,168.0909090909091,157.7894736842105,155.7241379310345,165.1385135135135,173.8375
173.7403846153846,160.7272727272727,150.09375,151.1323529411765,164.1428571428572,167.5454545454545,157.421052631579,155.7685185185185,165.0574324324324,173.6875
173.75,160.8181818181818,149.96875,151.014705882353,163.4285714285714,166.7272727272727,157.0526315789474,155.8425925925926,164.9763513513513,173.5375
173.75,160.9090909090909,149.84375,150.8970588235294,162.7142857142857,165.9090909090909,156.6842105263158,155.9166666666667,164.8952702702702,173.3875
173.75,161,149.741935483871,150.7794117647059,162,165.0909090909091,156.3157894736842,155.9907407407407,164.5624999999999,173.2375
173.75,161.0909090909091,149.7096774193548,150.75,161.2857142857143,164.2727272727273,155.9473684210526,156.0648148148148,164.1458333333333,173.0875
173.75,161.1818181818182,149.6774193548387,150.75,160.5833333333333,163.4545454545455,155.578947368421,156.1388888888889,163.7291666666666,172.9375
173.75,161.2738095238095,149.6451612903226,150.75,159.9166666666667,162.6666666666667,155.2105263157895,156.2129629629629,162.1249999999999,172.7875
173.75,161.3690476190476,149.6129032258065,150.75,159.25,161.8888888888889,154.8421052631579,156.287037037037,161.4749999999999,172.890625
173.75,161.4642857142857,149.5806451612903,150.75,158.5833333333333,161.1111111111111,154.9375,156.3611111111111,161.2749999999999,173.078125
173.75,161.5595238095238,149.5483870967742,150.75,157.9166666666667,160.3333333333333,155.1875,156.4351851851852,161.0749999999999,173.265625
173.75,161.6547619047619,149.516129032258,150.75,157.25,159.625,155.4375,156.5092592592593,160.8749999999999,173.453125
173.75,161.75,149.483870967742,150.6346153846154,156.6388888888889,159.125,155.6875,156.5833333333333,160.675,173.640625
173.75,161.8452380952381,149.4516129032258,150.4807692307692,156.1944444444445,158.625,155.4166666666667,156.6574074074074,160.7321428571428,173.828125
173.75,161.9404761904762,149.4193548387097,150.3269230769231,155.75,158.1071428571429,154.9722222222222,156.7314814814815,160.875,174.015625
173.75,162.0357142857143,149.3870967741935,150.1730769230769,155.3055555555555,157.5357142857143,154.5277777777778,156.8333333333333,161.0178571428571,174.203125
173.75,162.1309523809524,149.3548387096774,150.0192307692308,154.8611111111111,156.9642857142857,154.0833333333333,156.9444444444445,161.1607142857142,174.19
173.796875,162.2261904761905,149.3225806451613,149.8653846153846,154.4166666666667,156.3928571428571,153.6875,157.0555555555555,161.3035714285714,174.11
173.859375,162.1617647058823,149.2903225806452,149.7115384615385,153.9722222222222,155.8214285714286,153.4375,157.1666666666667,161.4464285714285,174.03
173.921875,162.0441176470588,149.258064516129,149.5576923076923,153.5277777777778,155.25,153.1875,157.375,161.5892857142857,173.95
173.984375,161.9264705882353,149.2659574468085,149.4038461538462,153.0833333333333,154.6785714285714,152.9375,157.875,161.7321428571428,173.87
174.046875,161.8088235294118,149.2872340425532,149.25,152.6875,154.1617647058823,152.6875,158.375,161.8749999999999,173.79
174.109375,161.6911764705882,149.3085106382979,149.0961538461538,152.4375,153.8088235294118,152.4375,158.75,163.0833333333333,173.71
174.171875,161.5735294117647,149.3297872340426,148.9423076923077,152.1875,153.4558823529412,152.1607142857143,158.75,164.4166666666667,173.63
174.234375,161.4558823529412,149.3510638297872,148.7884615384615,151.9375,153.1029411764706,151.8035714285714,158.75,165.125,173.55
174.0892857142857,161.3382352941177,149.3723404255319,148.7875,151.6875,152.75,151.4464285714286,158.6388888888889,165.625,173.47
173.875,161.2291666666667,149.3936170212766,148.8375,151.4375,152.3970588235294,151.0892857142857,158.1944444444445,165.15,173.39
173.6607142857143,161.1458333333333,149.4148936170213,148.8875,151.1875,152.0441176470588,150.7321428571429,157.75,164.35,173.31
173.4464285714286,161.0625,149.4361702127659,148.9375,150.9375,151.6911764705882,150.375,157.3055555555555,163.5,173.21875
173.2321428571429,160.9791666666667,149.4574468085106,148.9875,150.6875,151.3382352941177,150.0178571428571,156.8611111111111,162.5,173.09375
173.0178571428572,160.8958333333333,149.4787234042553,149.0375,150.4375,151.0795454545454,149.7333333333333,156.5192307692308,162.2142857142857,172.96875
172.8035714285714,160.8125,149.5,149.0875,150.1875,150.8522727272727,149.6666666666667,156.2115384615385,162.1666666666667,172.84375
172.7720588235294,160.7619047619048,149.5212765957447,149.1375,149.9375,150.625,149.6,155.9038461538461,162.1190476190476,172.71875
172.8014705882353,160.8095238095238,149.5425531914894,149.1875,149.7105263157895,150.3977272727273,149.5333333333333,155.5961538461538,162.0714285714286,172.59375
172.8308823529412,160.8571428571429,149.5638297872341,149.2375,149.5526315789474,150.1704545454545,149.4666666666667,155.2884615384615,162.0238095238095,172.46875
172.8602941176471,160.9047619047619,149.5851063829787,149.1875,149.3947368421053,149.9431818181818,149.4,154.9807692307692,161.9761904761905,172.34375
172.8897058823529,160.952380952381,149.6063829787234,149.1041666666667,149.2368421052632,149.7159090909091,149.3333333333333,154.765625,161.9285714285714,172.21875
172.9191176470588,161,149.6276595744681,149.0208333333333,149.078947368421,149.4886363636364,149.2666666666667,154.828125,161.8809523809524,172.09375
172.9485294117647,161.047619047619,149.6489361702128,148.9375,148.921052631579,149.2613636363636,149.1,154.890625,161.8333333333333,171.96875
172.9779411764706,161.0952380952381,149.6702127659574,148.8541666666667,148.7631578947368,149.0340909090909,148.9,154.953125,161.7857142857143,171.84375
173.0073529411765,161.1428571428571,149.6914893617021,148.7708333333333,148.6052631578947,148.8068181818182,148.7,155.015625,161.7692307692307,171.6875
173.0367647058824,161.1904761904762,149.7127659574468,148.6875,148.4473684210526,148.7758620689655,148.5,155.078125,161.8461538461538,171.4375
173.0661764705882,161.2380952380952,149.7340425531915,148.6041666666667,148.2894736842105,148.8103448275862,148.3,155.140625,161.9230769230769,171.1875
173.0955882352941,161.2788461538462,149.7559523809524,148.5208333333333,148.21875,148.8448275862069,148.203125,155.203125,162,170.9375
173.125,161.3173076923077,149.7797619047619,148.4375,148.1770833333333,148.8793103448276,148.140625,155.2840909090909,162.0769230769231,170.6875
173.1544117647059,161.3557692307692,149.8035714285714,148.3541666666667,148.1354166666667,148.9137931034483,148.078125,155.4204545454545,162.1538461538461,170.4375
173.1838235294118,161.3942307692308,149.827380952381,148.2708333333333,148.09375,148.948275862069,148.015625,155.5568181818182,162.2307692307692,170.1875
173.2132352941177,161.4326923076923,149.8511904761905,148.2983870967742,148.0520833333333,148.9827586206897,147.953125,155.6931818181818,162.3076923076923,169.9375
173.2426470588235,161.4711538461538,149.875,148.3629032258064,148.0104166666667,149.0172413793103,147.890625,155.8295454545454,162.3846153846154,169.75
173.1785714285714,161.5096153846154,149.8988095238095,148.4274193548387,147.96875,149.051724137931,147.828125,155.9659090909091,162.4615384615385,169.75
173.0833333333333,161.5480769230769,149.922619047619,148.491935483871,147.9270833333333,149.0862068965517,147.765625,156.1022727272727,162.5384615384615,169.75
172.9880952380952,161.5865384615385,149.9464285714286,148.5564516129032,147.8854166666667,149.1206896551724,147.8333333333333,156.2386363636364,162.6153846153846,169.75
172.8928571428571,161.625,149.9702380952381,148.6209677419355,147.84375,149.1551724137931,147.9444444444445,156.375,162.6923076923077,169.75
172.7976190476191,161.6634615384615,149.9940476190476,148.6854838709677,147.8020833333333,149.1896551724138,148.0555555555555,156.5113636363636,162.7596153846154,169.75
172.702380952381,161.7019230769231,150.0178571428572,148.75,147.7604166666667,149.2241379310345,148.1666666666667,156.6477272727273,162.7980769230769,169.75
172.6071428571429,161.7403846153846,150.0416666666667,148.8145161290323,147.796875,149.2352941176471,148.2777777777778,156.75,162.8365384615385,169.75
172.5119047619048,161.65625,150.0654761904762,148.8790322580645,147.859375,149.1764705882353,148.3888888888889,156.75,162.875,169.75
172.4166666666667,161.53125,150.0892857142857,148.9435483870968,147.921875,149.1176470588235,148.5,156.75,162.9134615384615,169.7142857142857
172.3214285714286,161.40625,150.1130952380952,149.008064516129,147.984375,149.0588235294118,148.6111111111111,156.75,162.9519230769231,169.5714285714286
172.23,161.28125,150.1369047619048,149.0725806451613,148.046875,149,148.7222222222222,156.75,162.9903846153846,169.4285714285714
172.15,161.15625,150.1607142857143,149.1370967741936,148.109375,148.9411764705882,148.8333333333333,156.75,163.0288461538462,169.2857142857143
172.07,161.03125,150.1845238095238,149.2016129032258,148.171875,148.8823529411765,148.9444444444444,156.6964285714286,163.0673076923077,169.1428571428572
171.99,160.90625,150.2083333333333,149.2666666666667,148.234375,148.8235294117647,149.0555555555555,156.625,163.1057692307692,169
171.91,160.78125,150.2321428571429,149.3333333333333,148.296875,148.7647058823529,149.1666666666667,156.5535714285714,163.1442307692308,168.8571428571428
171.83,160.8,150.25,149.4,148.359375,148.7058823529412,149.265625,156.4821428571429,163.1826923076923,168.7142857142857
171.75,160.8666666666667,150.25,149.4666666666667,148.421875,148.6470588235294,149.328125,156.4107142857143,163.2211538461539,168.5714285714286
171.67,160.9333333333333,150.25,149.5333333333333,148.484375,148.5882352941177,149.390625,156.3392857142857,163.34375,168.4285714285714
171.59,161,150.25,149.6,148.546875,148.5294117647059,149.453125,156.2678571428571,163.71875,168.2857142857143
171.51,161.0666666666667,150.25,149.6666666666667,148.609375,148.4705882352941,149.515625,156.1785714285714,164.09375,168.0769230769231
171.43,161.1333333333333,150.25,149.7333333333333,148.671875,148.4117647058823,149.578125,156.0833333333333,164.46875,167.8461538461539
171.35,161.2,150.25,149.8,148.734375,148.3529411764706,149.640625,155.9880952380952,164.7142857142857,167.6153846153846
171.27,161.2661290322581,150.3382352941177,149.8666666666667,148.7954545454546,148.2941176470588,149.703125,155.8928571428571,164.5714285714286,167.3846153846154
171.1136363636364,161.3306451612903,150.4558823529412,149.9333333333333,148.8560606060606,148.2589285714286,149.765625,155.7976190476191,164.4285714285714,167.1538461538462
170.9318181818182,161.3951612903226,150.5735294117647,150,148.9166666666667,148.2946428571429,149.828125,155.702380952381,164.2857142857143,166.9230769230769
170.75,161.4596774193548,150.6911764705882,150.0666666666667,148.9772727272727,148.3303571428571,149.890625,155.6071428571429,164.1428571428571,166.725
170.5681818181818,161.5241935483871,150.8088235294118,150.1333333333333,149.0378787878788,148.3660714285714,149.953125,155.5119047619048,164,166.625
170.3863636363636,161.5887096774194,150.9264705882353,150.2,149.0984848484848,148.4017857142857,150.015625,155.4166666666667,163.8571428571428,166.525
170.2045454545454,161.6532258064516,151.0441176470588,150.2678571428571,149.1590909090909,148.4375,150.078125,155.3214285714286,163.7391304347826,166.425
170.0227272727273,161.7177419354839,151.1617647058823,150.3392857142857,149.219696969697,148.4732142857143,150.140625,155.2666666666667,163.695652173913,166.325
169.8409090909091,161.7822580645161,151.2666666666667,150.4107142857143,149.280303030303,148.5089285714286,150.203125,155.3333333333333,163.6521739130435,166.225
169.6590909090909,161.8467741935484,151.3333333333333,150.4821428571429,149.3409090909091,148.5446428571429,150.2777777777778,155.4,163.6086956521739,166.125
169.4772727272727,161.9112903225806,151.4,150.5535714285714,149.4015151515152,148.5803571428571,150.3888888888889,155.4666666666667,163.5652173913043,166.025
169.2954545454545,161.9758064516129,151.4666666666667,150.625,149.4621212121212,148.6160714285714,150.5,155.5333333333333,163.5217391304348,165.925
169.1666666666667,162.0403225806452,151.5333333333333,150.6964285714286,149.5227272727273,148.6517857142857,150.6111111111111,155.6,163.4782608695652,165.825
169.0555555555556,162.1048387096774,151.6,150.7678571428571,149.5833333333333,148.6875,150.7222222222222,155.6666666666667,163.4347826086957,165.7380952380952
168.9444444444445,162.1693548387097,151.6666666666667,150.8392857142857,149.6439393939394,148.7232142857143,150.8333333333333,155.7333333333333,163.3913043478261,165.6904761904762
168.8333333333333,162.2338709677419,151.7333333333333,150.9107142857143,149.7045454545454,148.7828947368421,150.9444444444445,155.7173913043478,163.3478260869565,165.6428571428571
168.7222222222222,162.15625,151.8,150.9821428571429,149.7720588235294,148.9144736842105,151.0555555555555,155.6739130434783,163.304347826087,165.5952380952381
168.6111111111111,162.03125,151.8666666666667,151.0535714285714,149.8602941176471,149.046052631579,151.1666666666667,155.6304347826087,163.2608695652174,165.547619047619
168.5,161.90625,151.9333333333333,151.125,149.9485294117647,149.1776315789474,151.2777777777778,155.5869565217391,163.2159090909091,165.5
168.3888888888889,161.78125,152,151.1964285714286,150.0367647058823,149.3092105263158,151.3888888888889,155.5434782608696,163.1704545454546,165.452380952381
168.2777777777778,161.65625,152.0666666666667,151.287037037037,150.125,149.4407894736842,151.5,155.5,163.125,165.4047619047619
168.1666666666667,161.53125,152.1333333333333,151.4351851851852,150.2132352941177,149.5723684210526,151.6111111111111,155.4565217391304,163.0795454545455,165.3571428571429
168.0555555555555,161.40625,152.2,151.5833333333333,150.3014705882353,149.703947368421,151.7222222222222,155.4130434782609,163.0340909090909,165.3095238095238
167.9444444444444,161.28125,152.2857142857143,151.7314814814815,150.3897058823529,149.8355263157895,151.8333333333333,155.3695652173913,162.9886363636364,165.2619047619048
167.8333333333333,161.301724137931,152.4285714285714,151.8796296296296,150.4779411764706,149.9671052631579,151.9444444444445,155.3260869565217,162.9431818181818,165.2125
167.7327586206897,161.3706896551724,152.5714285714286,152.0277777777778,150.5661764705882,150.0986842105263,152.0555555555555,155.2826086956522,162.8977272727273,165.1625
167.6637931034483,161.4396551724138,152.7142857142857,152.1759259259259,150.6544117647059,150.2302631578947,152.1666666666667,155.2421875,162.8522727272727,165.1125
167.5948275862069,161.5086206896552,152.8571428571428,152.3240740740741,150.7426470588235,150.3618421052632,152.2596153846154,155.2109375,162.8068181818182,165.0625
167.5258620689655,161.5775862068965,153,152.4722222222222,150.8308823529412,150.4934210526316,152.2980769230769,155.1796875,162.7613636363637,165.0125
167.4568965517241,161.6465517241379,153.1428571428571,152.6203703703704,150.9191176470588,150.625,152.3365384615385,155.1484375,162.7058823529412,164.9625
167.3879310344827,161.7155172413793,153.2857142857143,152.7685185185185,151.0073529411765,150.7565789473684,152.375,155.1171875,162.6470588235294,164.9125
167.3189655172414,161.7844827586207,153.4285714285714,152.9166666666667,151.0955882352941,150.8881578947368,152.4134615384615,155.0859375,162.5882352941177,164.8625
167.25,161.8534482758621,153.5714285714286,153.0648148148148,151.1838235294118,151.0197368421053,152.4519230769231,155.0546875,162.5294117647059,164.8125
167.1810344827586,161.9224137931034,153.7142857142857,153.212962962963,151.27,151.1513157894737,152.4903846153846,155.0234375,162.4705882352941,164.7625
167.1120689655172,161.9913793103448,153.8571428571429,153.3,151.35,151.2678571428571,152.5288461538461,154.9921875,162.4117647058823,164.5454545454545
167.0431034482759,162.0603448275862,154,153.3666666666667,151.43,151.3392857142857,152.5673076923077,154.9609375,162.3529411764706,164.2727272727273
166.9741379310345,162.1293103448276,154.1428571428571,153.4333333333333,151.51,151.4107142857143,152.6057692307692,154.9296875,162.2941176470588,164
166.9051724137931,162.198275862069,154.2857142857143,153.5,151.59,151.4821428571428,152.6442307692308,154.8984375,162.2071428571429,163.7272727272727
166.8362068965517,162.2407407407408,154.4285714285714,153.5666666666667,151.67,151.5535714285714,152.6826923076923,154.8671875,162.0357142857143,163.4545454545455
166.7672413793103,162.2037037037037,154.5714285714286,153.6333333333333,151.75,151.625,152.7211538461538,154.8359375,161.8642857142857,163.2833333333333
166.6696428571429,162.1666666666667,154.7142857142857,153.7,151.83,151.6964285714286,152.77,154.8046875,161.6928571428571,163.4166666666667
166.5625,162.1296296296296,154.7840909090909,153.7205882352941,151.91,151.7678571428572,152.85,154.7734375,161.5214285714285,163.55
166.4553571428571,162.0925925925926,154.8295454545454,153.6029411764706,151.99,151.8392857142857,152.93,154.72,161.35,163.6833333333333
166.3482142857143,162.0555555555556,154.875,153.4852941176471,152.07,151.9107142857143,153.01,154.6,161.1785714285714,163.8166666666667
166.2410714285714,162.0185185185185,154.9204545454546,153.3676470588235,152.15,151.9821428571428,153.09,154.48,161.0071428571429,163.95
166.1339285714286,161.9814814814815,154.9659090909091,153.25,152.23,152.0535714285714,153.17,154.36,160.8357142857143,164.0833333333333
166.0267857142857,161.9444444444445,155.0113636363636,153.1323529411765,152.2954545454545,152.125,153.25,154.24,160.6642857142857,164.2166666666667
165.9196428571429,161.9074074074074,155.0568181818182,153.0147058823529,152.3560606060606,152.1964285714286,153.33,154.12,160.4928571428571,164.1
165.8125,161.8703703703704,155.1022727272727,152.8970588235294,152.4166666666667,152.2222222222222,153.41,154,160.3214285714286,163.9
165.7053571428571,161.8333333333333,155.1477272727273,152.7794117647059,152.4772727272727,152.1111111111111,153.49,153.88,160.15,163.7
165.5982142857143,161.7962962962963,155.1931818181818,152.8863636363637,152.5378787878788,152,153.57,153.76,159.9785714285714,163.5
165.4910714285714,161.7592592592593,155.2386363636363,153.0681818181818,152.5984848484848,151.8888888888889,153.65,153.64,159.8071428571429,163.3
165.3839285714286,161.6346153846154,155.28125,153.25,152.6590909090909,151.7777777777778,153.73,153.52,159.6357142857143,163.1
165.2767857142857,161.4807692307692,155.3229166666667,153.4318181818182,152.719696969697,151.6666666666667,153.7159090909091,153.4,159.4642857142857,162.9
165.2211538461538,161.3269230769231,155.3645833333333,153.6136363636364,152.780303030303,151.5555555555555,153.6704545454545,153.28,159.2928571428571,162.6923076923077
165.1826923076923,161.1730769230769,155.40625,153.7954545454546,152.8409090909091,151.4444444444445,153.625,153.2285714285714,159.1964285714286,162.4615384615385
165.1442307692308,161.0192307692308,155.4479166666667,153.9772727272727,152.9015151515152,151.3333333333333,153.5795454545455,153.2,159.125,162.2307692307692
165.1057692307692,160.8653846153846,155.4895833333333,154.1590909090909,152.9621212121212,151.2758620689655,153.5340909090909,153.1714285714285,159.0535714285714,162
165.0673076923077,160.7794117647059,155.53125,154.3409090909091,153.0227272727273,151.3793103448276,153.4886363636364,153.1428571428571,158.9821428571429,161.7692307692308
165.0288461538462,160.8970588235294,155.5729166666667,154.5227272727273,153.0833333333333,151.4827586206897,153.4431818181818,153.1142857142857,158.9107142857143,161.5384615384615
164.9903846153846,161.0147058823529,155.6145833333333,154.7045454545455,153.1439393939394,151.5862068965517,153.3977272727273,153.0857142857143,158.8392857142857,161.3076923076923
164.9519230769231,161.1323529411765,155.65625,154.7840909090909,153.2045454545455,151.6896551724138,153.3522727272727,153.0571428571429,158.7678571428571,161.0192307692307
164.9134615384615,161.25,155.6979166666667,154.8295454545454,153.234375,151.7931034482758,153.3068181818182,153.0285714285714,158.6964285714286,160.7115384615385
164.875,161.3676470588235,155.7395833333333,154.875,153.171875,151.8965517241379,153.2613636363637,153,158.625,160.4038461538462
164.8365384615385,161.485294117647,155.75,154.9204545454546,153.109375,152,153.2777777777778,152.9714285714286,158.5535714285714,160.0961538461539
164.7980769230769,161.6029411764706,155.75,154.9659090909091,153.046875,152.1034482758621,153.3148148148148,152.9428571428572,158.4821428571429,159.7884615384615
164.7596153846154,161.7205882352941,155.75,155.0113636363636,152.984375,152.2068965517241,153.3518518518518,152.9142857142857,158.4107142857143,159.4807692307693
164.698275862069,161.6315789473684,155.75,155.0568181818182,152.921875,152.3103448275862,153.3888888888889,152.8857142857143,158.3392857142857,159.1964285714286
164.6293103448276,161.4736842105263,155.75,155.1022727272727,152.859375,152.4137931034483,153.4259259259259,152.8571428571429,158.2678571428571,158.9821428571429
164.5603448275862,161.3157894736842,155.75,155.1477272727273,152.796875,152.5172413793103,153.462962962963,152.8285714285714,158.1136363636364,158.7678571428572
164.4913793103448,161.1578947368421,155.75,155.1931818181818,152.734375,152.6206896551724,153.5,152.8,157.9318181818182,158.5535714285714
164.4224137931034,161,155.75,155.2386363636363,152.671875,152.7241379310345,153.537037037037,152.7714285714286,157.75,158.3392857142857
164.3534482758621,160.8421052631579,155.75,155.2826086956522,152.609375,152.7714285714285,153.5740740740741,152.7386363636363,157.5681818181818,158.125
164.2844827586207,160.6842105263158,155.75,155.3260869565217,152.546875,152.8,153.6111111111111,152.6931818181818,157.3863636363636,157.9107142857143
164.2155172413793,160.5263157894737,155.75,155.3695652173913,152.484375,152.8285714285714,153.6481481481482,152.6477272727273,157.2045454545455,157.7794117647059
164.1465517241379,160.3684210526316,155.75,155.4130434782609,152.421875,152.8571428571429,153.6851851851852,152.6022727272727,157.0227272727273,157.8970588235294
164.0775862068966,160.2265625,155.75,155.4565217391304,152.359375,152.8857142857143,153.7222222222222,152.5568181818182,156.8409090909091,158.0147058823529
164.0086206896552,160.1328125,155.75,155.5,152.296875,152.9142857142857,153.7573529411765,152.5113636363636,156.6590909090909,158.1323529411765
163.9396551724138,160.0390625,155.698275862069,155.5434782608696,152.2575757575758,152.9428571428572,153.7867647058823,152.4659090909091,156.4772727272727,158.25
163.8706896551724,159.9453125,155.6293103448276,155.5869565217391,152.2878787878788,152.9714285714286,153.8161764705882,152.4204545454546,156.2954545454545,158.3676470588235
163.801724137931,159.8515625,155.5603448275862,155.6304347826087,152.3181818181818,153,153.8455882352941,152.375,156.2788461538462,158.4852941176471
163.7265625,159.7578125,155.4913793103448,155.6739130434783,152.3484848484848,153.0285714285714,153.875,152.3295454545455,156.3173076923077,158.6029411764706
163.6328125,159.6640625,155.4224137931035,155.7173913043478,152.3787878787879,153.0571428571428,153.9044117647059,152.2840909090909,156.3557692307692,158.7205882352941
163.5390625,159.5703125,155.3534482758621,155.7045454545455,152.4090909090909,153.0857142857143,153.9338235294118,152.2386363636364,156.3942307692308,158.65625
163.4453125,159.4765625,155.2844827586207,155.5227272727273,152.4393939393939,153.1142857142857,153.9632352941176,152.1931818181818,156.4326923076923,158.53125
163.3515625,159.3828125,155.2155172413793,155.3409090909091,152.469696969697,153.1428571428571,153.9926470588235,152.1477272727273,156.4711538461539,158.40625
163.2578125,159.2890625,155.1465517241379,155.1590909090909,152.5,153.1714285714286,154.0220588235294,152.1022727272727,156.5096153846154,158.28125
163.1640625,159.1953125,155.0775862068966,154.9772727272727,152.530303030303,153.2,154.0514705882353,152.0568181818182,156.5480769230769,158.15625
163.0703125,159.1015625,155.0086206896552,154.7954545454545,152.5606060606061,153.2285714285714,154.0808823529412,152.0113636363636,156.5865384615385,158.03125
162.9765625,159.0078125,154.9396551724138,154.6428571428571,152.5909090909091,153.2413793103449,154.1102941176471,151.9659090909091,156.625,157.90625
162.8828125,158.9140625,154.8706896551724,154.5,152.6212121212121,153.2068965517242,154.1397058823529,151.9204545454546,156.6634615384615,157.78125
162.7890625,158.8203125,154.801724137931,154.3571428571428,152.6515151515152,153.1724137931034,154.1691176470588,151.875,156.7019230769231,157.3750000000001
162.6953125,158.7222222222223,154.7430555555556,154.2142857142857,152.6818181818182,153.1379310344827,154.1985294117647,151.8295454545455,156.7403846153846,156.8750000000001
162.6015625,158.6111111111111,154.7152777777778,154.0714285714285,152.7121212121212,153.1034482758621,154.2279411764706,151.7840909090909,156.65625,156.3750000000001
162.5078125,158.5,154.6875,153.9285714285713,152.7424242424242,153.0689655172414,154.2272727272727,151.65,156.53125,155.8750000000001
162.4140625,158.3888888888889,154.6597222222222,153.7857142857142,152.71875,153.0344827586207,154.1363636363636,151.25,156.40625,155.375
162.3203125,158.2777777777778,154.6319444444445,153.8999999999999,152.6770833333333,153,154.0454545454545,150.85,156.28125,155.0833333333334
162.2222222222222,158.1666666666667,154.6041666666667,154.0999999999999,152.6354166666667,152.9655172413793,153.9545454545455,150.625,156.15625,154.8611111111111
162.1111111111111,158.0555555555555,154.5763888888889,154.2999999999999,152.59375,152.9310344827586,153.8636363636364,150.4583333333333,156.03125,154.6388888888889
162,157.9444444444445,154.5486111111111,154.4999999999999,152.5520833333333,152.8965517241379,153.7727272727273,150.2916666666667,155.90625,154.4166666666667
161.8888888888889,157.8333333333333,154.5208333333333,154.6999999999999,152.5104166666667,152.8620689655172,153.6818181818182,150.5833333333333,155.78125,154.265625
161.7777777777778,157.7222222222222,154.4930555555556,154.1874999999999,152.46875,152.8275862068965,153.5909090909091,151.0277777777778,155.65625,154.328125
161.6666666666667,157.6111111111111,154.4652777777778,153.4374999999999,152.4270833333333,152.7931034482759,153.5,151.4722222222222,155.53125,154.390625
161.5555555555555,157.5,154.4375,153.1749999999999,152.3854166666667,152.7586206896552,153.4090909090909,151.9166666666666,155.40625,154.453125
161.4444444444445,157.3888888888889,154.4097222222222,153.0749999999999,152.34375,152.7741935483871,153.3181818181818,152.1458333333334,155.28125,154.515625
161.3333333333333,157.2777777777778,154.3819444444445,152.9749999999999,152.3020833333333,152.8064516129032,153.258064516129,151.7291666666667,155.0892857142857,154.578125
161.2222222222222,157.3035714285714,154.3541666666667,152.8749999999999,152.2604166666667,152.8387096774194,153.2903225806452,151.3125,154.875,154.640625
161.1111111111111,157.375,154.3263888888889,152.7749999999999,152.2291666666667,152.8709677419355,153.3225806451613,150.8958333333334,154.6607142857143,154.703125
161,157.4464285714286,154.2986111111111,152.6562499999999,152.2013888888889,152.9032258064516,153.3548387096774,150.4791666666667,154.4464285714286,154.7625
160.8888888888889,157.5178571428571,154.2708333333333,152.5312499999999,152.1736111111111,152.9354838709677,153.3870967741935,150.0625,154.2321428571429,154.8125
160.7777777777778,157.5892857142857,154.2368421052632,152.4062499999999,152.1458333333333,152.9677419354839,153.4193548387097,149.6833333333333,154.0178571428572,154.8625
160.7241379310345,157.6607142857143,154.1842105263158,152.2812499999999,152.1180555555556,153,153.4516129032258,149.4166666666667,153.8035714285714,154.9125
160.6896551724138,157.7321428571428,154.1315789473684,152.1562499999999,152.0902777777778,153.0322580645161,153.4838709677419,149.15,153.6774193548387,154.9625
160.6551724137931,157.8035714285714,154.0789473684211,152.0312499999999,152.0625,153.0645161290323,153.516129032258,148.8833333333333,153.5806451612903,155.0125
160.6206896551724,157.875,154.0263157894737,151.9062499999999,152.0347222222222,153.0967741935484,153.5483870967742,148.6166666666667,153.483870967742,155.0625
160.5862068965517,157.9464285714286,153.9736842105263,151.7812499999999,152.0069444444445,153.1290322580645,153.5806451612903,148.35,153.3870967741935,155.1125
160.551724137931,158.0178571428571,153.921052631579,151.7874999999999,151.9791666666667,153.1612903225806,153.6129032258065,148.0833333333333,153.2903225806452,155.1625
160.5172413793103,158.0892857142857,153.8684210526316,151.8374999999999,151.9513888888889,153.1935483870968,153.6451612903226,147.8166666666667,153.1935483870968,155.2125
160.4827586206897,158.1607142857143,153.8157894736842,151.8874999999999,151.9236111111111,153.2258064516129,153.6774193548387,147.8,153.0967741935484,155.1923076923077
160.448275862069,158.2321428571429,153.7631578947368,151.9374999999999,151.8958333333333,153.2352941176471,153.7096774193548,147.8666666666667,153,154.9615384615385
160.4137931034483,158.2105263157895,153.7105263157895,151.9874999999999,151.8680555555555,153.1764705882353,153.741935483871,147.9333333333333,152.9032258064516,154.7307692307693
160.3793103448276,158.1578947368421,153.6578947368421,152.0374999999999,151.8402777777778,153.1176470588235,153.75,148,152.8064516129032,154.5
160.3448275862069,158.1052631578947,153.6052631578947,152.0874999999999,151.8125,153.0588235294118,153.75,148.0666666666667,152.7096774193548,154.2692307692308
160.3103448275862,158.0526315789474,153.5526315789474,152.1374999999999,151.7847222222222,153,153.75,148.1333333333333,152.6129032258065,154.0384615384615
160.2758620689655,158,153.5,152.1874999999999,151.7569444444444,152.9411764705882,153.75,148.2,152.516129032258,153.8076923076923
160.2410714285714,157.9473684210526,153.4473684210526,152.2374999999999,151.7633136094674,152.8823529411765,153.75,148.3125,152.4193548387097,153.5192307692308
160.2053571428571,157.8947368421053,153.3947368421053,152.2291666666665,151.7810650887574,152.8235294117647,153.75,148.5625,152.3225806451613,153.2115384615385
160.1696428571429,157.8421052631579,153.3421052631579,152.2013888888888,151.7988165680473,152.7647058823529,153.75,148.8125,152.2285714285714,152.9038461538462
160.1339285714286,157.7894736842105,153.2894736842105,152.173611111111,151.8165680473373,152.7058823529412,153.75,149.0625,152.1428571428571,152.5961538461539
160.0982142857143,157.7142857142857,153.2265625,152.1458333333332,151.8343195266272,152.6470588235294,153.75,149.3125,152.0571428571429,152.2884615384615
160.0625,157.5714285714286,153.1328125,152.1180555555554,151.8520710059171,152.5882352941177,153.75,149.5625,151.9714285714286,151.9807692307693
160.0267857142857,157.4285714285714,153.0390625,152.0902777777777,151.8698224852071,152.5294117647059,153.75,149.8125,151.8857142857143,151.7307692307693
159.9910714285714,157.2857142857143,152.9453125,152.0624999999999,151.887573964497,152.4705882352941,153.75,150.0625,151.8,151.6538461538462
159.9553571428571,157.1428571428572,152.8515625,152.0347222222221,151.905325443787,152.4117647058823,153.7692307692308,150.3125,151.7142857142857,151.5769230769231
159.9196428571429,157,152.7578125,152.0069444444443,151.9230769230769,152.3529411764706,153.8461538461538,150.5625,151.6285714285714,151.5
159.8839285714286,156.8571428571429,152.6640625,151.9791666666666,151.9408284023668,152.2941176470588,153.9230769230769,150.7395833333333,151.5428571428571,151.4230769230769
159.8482142857143,156.7142857142857,152.5703125,151.9513888888888,151.9585798816568,152.25,154,150.6979166666667,151.4571428571429,151.3461538461538
159.8125,156.5714285714286,152.4765625,151.923611111111,151.9763313609467,152.25,154.0769230769231,150.65625,151.3714285714286,151.2692307692308
159.7767857142857,156.4285714285714,152.3828125,151.8958333333332,151.9940828402366,152.25,154.1538461538462,150.6145833333333,151.2857142857143,150.875
159.7222222222222,156.2857142857143,152.2890625,151.8680555555555,152.0118343195266,152.25,154.2307692307693,150.5729166666667,151.2,150.375
159.6111111111111,156.1428571428571,152.1953125,151.8402777777777,152.0295857988165,152.25,154.1176470588235,150.53125,151.1142857142857,149.875
159.5,156,152.1015625,151.8124999999999,152.0473372781065,152.25,153.9411764705882,150.4895833333333,151.0285714285714,149.375
159.3888888888889,155.8571428571428,152.0078125,151.7847222222221,152.0650887573964,152.25,153.764705882353,150.4479166666667,150.9428571428572,148.875
159.2777777777778,155.7608695652174,151.9140625,151.7569444444443,152.0828402366863,152.25,153.5882352941177,150.40625,150.8571428571429,148.5357142857143
159.1666666666667,155.8043478260869,151.8203125,151.7105263157893,152.1005917159763,152.25,153.4117647058823,150.3645833333333,150.7714285714286,148.25
159.0555555555555,155.8478260869565,151.7452830188679,151.657894736842,152.1183431952662,152.25,153.2352941176471,150.3229166666667,150.5735294117647,147.9642857142857
158.9444444444445,155.8913043478261,151.7264150943396,151.6052631578946,152.093220338983,152.25,153.0588235294118,150.28125,150.3382352941177,147.6785714285714
158.8333333333333,155.9347826086957,151.7075471698113,151.5526315789473,152.0423728813559,152.25,152.8823529411765,150.2375,150.1029411764706,147.3928571428571
158.7222222222222,155.9782608695652,151.688679245283,151.4999999999999,151.9915254237288,152.25,152.7647058823529,150.1875,149.8676470588235,147.1071428571429
158.6111111111111,156.0217391304348,151.6698113207547,151.4473684210525,151.9406779661016,152.25,152.8235294117647,150.1375,149.6323529411765,146.8214285714286
158.5,156.0652173913043,151.6509433962264,151.3947368421051,151.8898305084746,152.25,152.8823529411765,150.0875,149.3970588235294,146.75
158.3888888888889,156.1086956521739,151.6320754716981,151.3421052631578,151.8389830508474,152.25,152.9411764705882,150.0375,149.1617647058823,146.75
158.2777777777778,156.1521739130435,151.6132075471698,151.2894736842104,151.7881355932203,152.25,153,149.9875,148.9264705882353,146.75
158.1136363636364,156.1956521739131,151.5943396226415,151.2447916666666,151.7391304347826,152.25,153.0588235294118,149.9375,148.7272727272727,146.75
157.9318181818182,156.2391304347826,151.5754716981132,151.2239583333332,151.695652173913,152.25,153.1176470588235,149.8875,148.6363636363636,146.75
157.75,156.375,151.5566037735849,151.2031249999999,151.6521739130435,152.2291666666667,153.1764705882353,149.8375,148.5454545454545,146.75
157.5681818181818,156.5416666666667,151.5377358490566,151.1822916666665,151.6086956521739,152.1458333333333,153.2352941176471,149.7875,148.4545454545455,146.75
157.3863636363636,156.7083333333333,151.5188679245283,151.1614583333332,151.5652173913043,152.0625,153.1875,149.6607142857143,148.3636363636364,146.609375
157.2045454545454,156.125,151.5,151.1406249999999,151.5217391304348,151.9791666666667,153.1041666666667,149.3035714285714,148.2727272727273,146.421875
157.0227272727273,155.2916666666667,151.4811320754717,151.1197916666665,151.4782608695652,151.8958333333333,153.0208333333333,148.9464285714286,148.1818181818182,146.234375
156.8409090909091,154.4583333333333,151.4622641509434,151.0989583333332,151.4347826086957,151.8125,152.9375,148.5892857142857,148.0909090909091,146.046875
156.6590909090909,154.28125,151.4433962264151,151.0781249999999,151.3913043478261,151.7291666666667,152.8541666666667,148.2321428571429,148,145.859375
156.4772727272727,154.3229166666667,151.4245283018868,151.0572916666666,151.3478260869565,151.6458333333333,152.7708333333333,147.875,147.9090909090909,145.671875
156.2954545454545,154.3645833333333,151.4056603773585,151.0364583333332,151.304347826087,151.5625,152.6875,147.5178571428572,147.8181818181818,145.484375
156.1521739130435,154.40625,151.3867924528302,151.0156249999999,151.2608695652174,151.4791666666667,152.6041666666667,147.2717391304348,147.71,145.296875
156.0217391304348,154.4479166666667,151.3679245283019,150.9947916666665,151.2666666666667,151.3958333333333,152.5208333333333,147.3586956521739,147.55,145.1428571428571
155.8913043478261,154.4895833333333,151.3490566037736,150.9739583333332,151.2888888888889,151.3125,152.4375,147.445652173913,147.39,145
155.7608695652174,154.53125,151.3301886792453,150.9531249999999,151.3111111111111,151.2352941176471,152.3541666666667,147.5326086956522,147.23,144.8571428571429
155.6304347826087,154.5729166666667,151.311320754717,150.9322916666666,151.3333333333333,151.1764705882353,152.2708333333333,147.6195652173913,147.07,144.7142857142857
155.5,154.6145833333333,151.2924528301887,150.9114583333332,151.3555555555556,151.1176470588235,152.1923076923077,147.7065217391304,146.91,144.5714285714286
155.3695652173913,154.65625,151.2735849056604,150.8906249999999,151.3777777777778,151.0588235294118,152.1153846153846,147.7934782608696,146.75,144.4285714285714
155.2391304347826,154.6979166666667,151.2547169811321,150.872950819672,151.4,151,152.0384615384615,147.8804347826087,146.59,144.2857142857143
155.1086956521739,154.7395833333333,151.2714285714286,150.8647540983605,151.4222222222222,150.9411764705882,151.9615384615385,147.9673913043478,146.43,143.875
154.9782608695652,154.6875,151.3,150.8565573770491,151.4444444444444,150.8823529411765,151.8846153846154,148.054347826087,146.27,143.375
154.8478260869565,154.6041666666667,151.3285714285714,150.8483606557376,151.4666666666666,150.8235294117647,151.8076923076923,148.1413043478261,146.11,142.875
154.7314814814815,154.5208333333333,151.3571428571428,150.8401639344261,151.4888888888889,150.7647058823529,151.765625,148.2282608695652,145.95,142.375
154.6574074074074,154.4375,151.3857142857143,150.8319672131146,151.5111111111111,150.7058823529412,151.828125,148.2173913043478,145.79,141.875
154.5833333333333,154.3541666666667,151.4142857142857,150.8237704918032,151.5333333333333,150.6470588235294,151.890625,148.1739130434783,145.6057692307692,141.5625
154.5092592592593,154.2708333333333,151.4428571428572,150.8155737704917,151.5555555555555,150.5882352941177,151.953125,148.1304347826087,145.4134615384615,141.3125
154.4351851851852,154.1875,151.4714285714286,150.8073770491802,151.5777777777777,150.5294117647059,152.015625,148.0869565217391,145.2211538461538,141.0625
154.3611111111111,154.1041666666667,151.5,150.7991803278687,151.6,150.4705882352941,152.078125,148.0434782608696,145.0288461538462,140.8125
154.287037037037,154.0208333333333,151.5285714285714,150.7909836065573,151.6222222222222,150.4117647058823,152.140625,148,144.8365384615385,140.5625
154.212962962963,153.9375,151.5571428571428,150.7827868852458,151.5555555555555,150.3529411764706,152.203125,147.9565217391304,144.6442307692308,140.3125
154.1388888888889,153.8541666666667,151.5857142857143,150.7745901639343,151.4761904761904,150.2941176470588,152.25,147.9130434782609,144.4519230769231,140.0625
154.0648148148148,153.7708333333333,151.6142857142857,150.7663934426229,151.3968253968253,150.265625,152.25,147.8695652173913,144.2596153846154,139.8125
153.9907407407407,153.5526315789474,151.6428571428571,150.7581967213114,151.3174603174602,150.328125,152.25,147.8260869565217,144.0673076923077,139.5769230769231
153.9166666666667,153.2894736842105,151.6714285714286,150.7499999999999,151.2380952380952,150.390625,152.25,147.7826086956522,143.875,139.3461538461539
153.8425925925926,153.0263157894737,151.7,150.7418032786884,151.1587301587301,150.453125,152.4375,147.7321428571429,143.6826923076923,139.1153846153846
153.7685185185185,152.7631578947368,151.7285714285714,150.733606557377,151.079365079365,150.515625,152.6875,147.6607142857143,143.4903846153846,138.8846153846154
153.7211538461538,152.5,151.7583333333333,150.7254098360655,150.9999999999999,150.578125,152.9375,147.5892857142857,143.2980769230769,138.6538461538462
153.6826923076923,152.2368421052632,151.7916666666667,150.717213114754,150.9206349206349,150.640625,153.1875,147.5178571428571,143.1428571428571,138.4230769230769
153.6442307692308,151.9736842105263,151.825,150.7090163934425,150.8412698412698,150.703125,153.0357142857143,147.4464285714286,143,138.2166666666667
153.6057692307692,151.7105263157895,151.8583333333333,150.700819672131,150.7619047619047,150.765625,152.75,147.375,142.8571428571429,138.0833333333333
153.5673076923077,151.4473684210526,151.8916666666667,150.6926229508196,150.6825396825396,150.828125,152.4642857142857,147.3035714285714,142.7142857142857,137.95
153.5288461538461,151.2142857142857,151.925,150.6844262295081,150.6031746031746,150.890625,152.234375,147.1818181818182,142.5714285714286,137.8166666666667
153.4903846153846,151.0714285714286,151.9583333333333,150.6762295081966,150.5238095238095,150.953125,152.171875,146.9090909090909,142.4285714285714,137.6833333333333
153.4519230769231,150.9285714285714,151.9916666666667,150.6680327868851,150.4444444444444,151.015625,152.109375,146.6363636363636,142.2857142857143,137.55
153.4134615384615,150.7857142857143,152.025,150.6598360655736,150.3636363636363,151.078125,152.046875,146.3636363636364,142.1428571428571,137.4166666666667
153.375,150.6428571428571,152.0583333333333,150.6516393442622,150.2727272727272,151.140625,151.984375,146.0909090909091,142,137.2833333333333
153.3365384615385,150.5,152.0916666666667,150.6434426229507,150.1818181818181,151.203125,151.921875,145.8181818181818,141.8571428571429,137.0892857142857
153.2980769230769,150.3571428571429,152.125,150.6352459016392,150.090909090909,151.2321428571429,151.859375,145.5,141.7045454545455,136.875
153.2596153846154,150.2613636363637,152.1583333333333,150.6270491803277,150,151.1607142857143,151.796875,145.1666666666667,141.5227272727273,136.6607142857143
153.0625,150.3068181818182,152.1916666666667,150.4926470588234,149.9090909090909,151.0892857142857,151.7272727272727,144.8333333333333,141.3409090909091,136.4464285714286
152.8125,150.3522727272727,152.225,150.3161764705881,149.8181818181818,151.0178571428571,151.6363636363636,144.5,141.1590909090909,136.2321428571429
152.5625,150.3977272727273,152.1428571428571,150.1397058823528,149.7272727272727,150.9464285714286,151.5454545454545,144.2205882352941,140.9772727272727,136.0178571428571
152.3125,150.4431818181818,151.7142857142857,149.9632352941175,149.6363636363636,150.875,151.4545454545455,144.1029411764706,140.7954545454546,135.8035714285714
152.0625,150.4886363636364,151.2857142857143,149.8620967741934,149.5454545454545,150.8035714285714,151.3636363636364,143.9852941176471,140.6136363636364,135.625
151.8125,150.5340909090909,150.8571428571429,149.8362903225805,149.4545454545454,150.7115384615385,151.2727272727273,143.8676470588235,140.4318181818182,135.4583333333333
151.5625,150.5795454545455,150.6818181818182,149.8104838709676,149.3636363636364,150.5576923076923,151.1818181818182,143.75,140.25,135.2916666666667
151.3125,150.625,150.5909090909091,149.7846774193547,149.2727272727273,150.4038461538462,151.0909090909091,143.6323529411765,140.0681818181818,135.125
151.1,150.6704545454545,150.5,149.7588709677418,149.1532258064516,150.25,151,143.5147058823529,139.8863636363636,134.9583333333333
150.9,150.7159090909091,150.4090909090909,149.7330645161289,149.0241935483871,150.0961538461538,150.9090909090909,143.3970588235294,139.69,134.7916666666667
150.7,150.7,150.3181818181818,149.707258064516,148.8951612903226,149.9423076923077,150.8181818181818,143.2794117647059,139.45,134.5
150.5,150.5,150.2272727272727,149.6814516129031,148.766129032258,149.7884615384615,150.6785714285714,143.1964285714286,139.21,134.1666666666667
150.3,150.3,150.1363636363636,149.6556451612902,148.6370967741935,149.671052631579,150.3928571428571,143.125,138.97,133.8333333333333
150.1,150.1,150.0454545454546,149.6298387096773,148.508064516129,149.5657894736842,150.1071428571429,143.0535714285714,138.73,133.5
149.9,149.9,149.9545454545454,149.6040322580644,148.3790322580645,149.4605263157895,149.8214285714286,142.9821428571428,138.49,133.1666666666667
149.65625,149.7,149.8636363636364,149.5782258064515,148.25,149.3552631578947,149.65625,142.9107142857143,138.25,132.8333333333333
149.28125,149.5,149.7727272727273,149.5524193548386,148.1209677419355,149.25,149.53125,142.8392857142857,138.01,132.65
148.90625,149.3,149.6818181818182,149.5266129032257,147.991935483871,149.1447368421053,149.40625,142.7678571428571,137.77,132.5166666666667
148.53125,149.0357142857143,149.5909090909091,149.5008064516128,147.8629032258065,149.0394736842105,149.28125,142.45,137.53,132.3833333333333
148.1964285714286,148.75,149.5,149.4749999999999,147.733870967742,148.9342105263158,149.15625,142.05,137.29,132.25
147.9821428571429,148.4642857142857,149.4090909090909,149.449193548387,147.6048387096774,148.828947368421,149.03125,141.65,137.05,132.1166666666667
147.7678571428572,148.1785714285714,149.3181818181818,149.4233870967741,147.4758064516129,148.7222222222222,148.90625,141.25,136.81,131.9833333333333
147.5535714285714,147.8928571428571,149.2307692307692,149.3975806451612,147.3467741935484,148.6111111111111,148.78125,140.85,136.375,131.85
147.3392857142857,147.6071428571429,149.1538461538462,149.3638059701491,147.2232142857143,148.5,148.5833333333333,140.7105263157895,135.875,131.7125
147.125,147.3214285714286,149.0769230769231,149.2742537313432,147.1160714285714,148.3888888888889,148.3611111111111,140.6578947368421,135.375,131.5625
146.9107142857143,147.0357142857143,149,149.1847014925372,147.0089285714286,148.2777777777778,148.1388888888889,140.6052631578947,134.875,131.4125
146.7,146.75,148.9230769230769,149.0951492537312,146.9017857142857,148.1666666666667,147.9166666666667,140.5526315789474,134.375,131.2625
146.5,146.4642857142857,148.8461538461538,149.0055970149253,146.7946428571428,148.0555555555555,147.7142857142857,140.5,134.25,131.1125
146.3,146.2777777777778,148.7692307692308,148.9160447761193,146.6875,147.9444444444445,147.5714285714286,140.4473684210526,134.25,130.9625
146.1,146.3888888888889,148.8125,148.8264925373133,146.5803571428572,147.8333333333333,147.4285714285714,140.3947368421053,134.25,130.8125
145.9,146.5,148.8958333333333,148.7369402985074,146.4732142857143,147.7222222222222,147.2857142857143,140.3421052631579,134.4642857142857,130.6625
145.7,146.6111111111111,148.9791666666667,148.6473880597014,146.3660714285714,147.6111111111111,147.1428571428571,140.2894736842105,134.75,130.5125
145.5,146.7222222222222,149.0625,148.5578358208954,146.2589285714286,147.5,147,140.2,135.0357142857143,130.3625
145.3,146.6,149.1458333333333,148.4682835820894,146.1517857142857,147.3888888888889,146.8571428571429,140,135.1041666666667,130.2083333333333
144.96875,146.4,149.2291666666667,148.3787313432835,146.0446428571429,147.2777777777778,146.7142857142857,139.8,134.5208333333333,130.0416666666667
144.59375,146.2,149.1136363636364,148.2891791044775,145.9375,147.1176470588235,146.5714285714286,139.6,133.9375,129.875
144.21875,146,148.9318181818182,148.1996268656715,145.8303571428571,146.9411764705882,146.4285714285714,139.4,133.3541666666667,129.7083333333333
143.84375,145.8,148.75,148.1100746268656,145.71875,146.7647058823529,146.2857142857143,139.2,132.7708333333333,129.5416666666667
143.65625,145.6,148.5681818181818,148.0205223880596,145.59375,146.5882352941176,146.0769230769231,139,132.1875,129.375
143.53125,145.4,148.3863636363636,147.9309701492536,145.46875,146.4117647058824,145.8461538461539,138.8,131.7,129.0714285714286
143.40625,145.2678571428571,148.1944444444444,147.8157894736841,145.34375,146.2352941176471,145.6153846153846,138.6,131.5,128.3571428571429
143.28125,145.3392857142857,147.9722222222222,147.657894736842,145.21875,146.0588235294118,145.3846153846154,138.4,131.3,127.6428571428571
143.15625,145.4107142857143,147.75,147.4999999999999,145.09375,145.8823529411765,145.1538461538462,138.1911764705882,131.1,126.9285714285714
143.03125,145.4821428571429,147.5277777777778,147.3421052631578,144.96875,145.6538461538462,144.9230769230769,137.9558823529412,130.9,126.525
142.90625,145.5535714285714,147.3055555555555,147.1842105263157,144.84375,145.2692307692308,144.7045454545455,137.7205882352941,130.7333333333333,126.225
142.78125,145.625,147.3333333333333,146.7787990196077,144.71875,144.8846153846154,144.5227272727273,137.4852941176471,130.6666666666667,125.925
142.4090909090909,145.6964285714286,147.4444444444445,146.2248774509803,144.59375,144.5,144.3409090909091,137.25,130.6,125.625
141.9545454545455,145.6666666666667,147.5555555555555,145.9583333333332,144.46875,144.1153846153846,144.1590909090909,137.0147058823529,130.5333333333333,125.325
141.5,145.3333333333333,147.6666666666667,145.8101851851851,144.34375,143.7307692307692,143.9772727272727,136.7794117647059,130.4666666666667,124.875
141.0454545454546,145,147.6428571428572,145.6620370370369,144.2236842105263,143.3461538461538,143.7954545454545,136.5441176470588,130.4,124.375
140.5909090909091,144.6666666666667,147.2142857142857,145.5138888888888,144.1184210526316,143.1923076923077,143.55,136.3088235294118,130.3333333333333,123.875
140.225,144.3333333333333,146.7857142857143,145.3657407407406,144.0131578947368,143.1153846153846,143.2833333333333,136.15625,130.2666666666667,123.375
140.125,144.0625,146.3571428571429,145.2175925925925,143.9078947368421,143.0384615384615,143.0166666666667,136.03125,130.0454545454545,122.875
140.025,143.8125,146.1875,145.0930851063829,143.8026315789474,142.9615384615385,142.75,135.90625,129.7727272727273,122.5833333333333
139.925,143.5625,146.1041666666667,145.0079787234041,143.6973684210526,142.8846153846154,142.4833333333333,135.78125,129.5,122.3611111111111
139.825,143.3125,146.0208333333333,144.9228723404254,143.5921052631579,142.8076923076923,142.2166666666667,135.65625,129.2272727272727,122.1388888888889
139.7,143.5714285714286,145.9375,144.8377659574467,143.4868421052632,142.6785714285714,141.95,135.53125,128.9545454545454,121.9166666666667
139.5,144,145.8541666666667,144.752659574468,143.3815789473684,142.3928571428571,141.75,135.40625,128.6071428571429,121.6875
139.3,144.4285714285714,145.7708333333333,144.6675531914892,143.2763157894737,142.1071428571428,141.75,135.28125,128.0357142857143,121.4375
