240.9166666666667,248.6855245932298,251.6759259259259,248.6666666666667,248.1844262295082,247,244.1854838709678,236,228.2243589743589,222
241.0833333333333,249.0565737796895,251.5277777777778,248.5,248.0532786885246,246.8717948717949,244.0564516129033,235.9047619047619,228.1730769230769,222.1428571428571
241.25,249.4276229661492,251.3796296296296,248.3333333333333,247.922131147541,246.7435897435898,243.9274193548387,235.8095238095238,228.1217948717948,222.2857142857143
241.4166666666667,249.7638694847432,251.2314814814815,248.1666666666667,247.7909836065574,246.6153846153846,243.7983870967742,235.7142857142857,228.0705128205128,222.4285714285714
241.5833333333333,249.9273307708008,251.0833333333333,248,247.6598360655738,246.4871794871795,243.6693548387097,235.6190476190476,228.0192307692307,222.5714285714286
241.75,250.0907920568585,250.9351851851852,247.8333333333334,247.5286885245902,246.3589743589744,243.5403225806452,235.5238095238095,227.9679487179487,222.7142857142857
241.9166666666667,250.2542533429162,250.787037037037,247.725,247.3975409836066,246.2307692307693,243.4112903225807,235.4285714285714,227.9166666666666,222.8571428571428
242.0833333333333,250.1716713787671,250.7894736842105,247.675,247.266393442623,246.1025641025641,243.2822580645162,235.3333333333333,227.8653846153846,223
242.25,250.0265360459215,250.8421052631579,247.625,247.1352459016394,245.974358974359,243.25,235.2380952380952,227.8141025641025,223.1428571428572
242.4166666666667,249.8814007130758,250.8947368421052,247.575,247.0040983606558,245.8461538461539,243.25,235.1428571428571,227.7628205128205,223.2857142857143
242.5833333333333,249.7362653802302,250.9473684210526,247.525,246.8729508196722,245.7236842105264,243.25,235.047619047619,227.7173913043478,223.4285714285714
242.75,249.5911300473846,251,247.475,246.7418032786886,245.6184210526316,243.25,234.952380952381,227.6739130434783,223.5714285714286
242.9166666666667,249.4459947145389,251,247.425,246.6106557377049,245.5131578947369,243.25,234.8571428571428,227.6304347826086,223.7142857142857
243.0833333333333,249.3023166023165,251,247.375,246.4795081967213,245.4078947368421,243.25,234.7619047619048,227.5869565217391,223.8571428571429
243.25,249.1594594594594,251,247.325,246.3483606557377,245.3026315789475,243.15625,234.6666666666667,227.5434782608696,224
243.4166666666667,249.0166023166022,251,247.275,246.2105263157895,245.1973684210527,243.03125,234.5714285714286,227.5,224.3725490196078
243.5833333333333,248.8737451737451,251,247.21875,246.0526315789474,245.0921052631579,242.9062500000001,234.4761904761905,227.625,224.7450980392157
243.75,248.730888030888,251,247.15625,245.8947368421053,244.9868421052632,242.7812500000001,234.3809523809524,227.75,225.1176470588235
243.9166666666667,248.5880308880308,250.75,247.0937500000001,245.7368421052632,244.8815789473685,242.6562500000001,234.2857142857143,227.875,225.4901960784314
244.0555555555555,248.6008646214104,250.5,247.0312500000001,245.5789473684211,244.7763157894738,242.5312500000001,234.1904761904762,228,225.8627450980392
244.1666666666667,248.8636808884656,250.25,246.9687500000001,245.421052631579,244.5921052631579,242.40625,234.0952380952381,228.125,226.235294117647
244.2777777777778,249.1264971555208,250,246.9062500000001,245.2631578947368,244.3815789473685,242.28125,234,228.25,226.6078431372549
244.3888888888889,249.3893134225761,249.8421052631579,246.84375,245.1052631578947,244.171052631579,242.1428571428572,233.9866666666667,228.375,226.9803921568627
244.5,249.6521296896313,249.6842105263158,246.78125,244.9473684210527,243.9605263157895,242,233.9733333333333,228.5,227.3529411764706
244.6111111111111,249.9149459566865,249.5263157894737,246.5441176470588,244.7894736842105,243.7500000000001,241.8571428571429,233.96,228.625,227.7254901960784
244.7222222222222,250.1777622237418,249.3684210526316,246.1323529411765,244.6315789473684,243.5394736842106,241.7142857142858,233.9466666666667,228.75,228.0980392156862
244.8333333333333,250.1934045141235,249.225,245.7205882352941,244.4736842105263,243.3289473684211,241.5714285714286,233.9333333333334,228.875,228.4705882352941
244.9444444444445,250.0321665089877,249.125,245.3088235294118,244.3157894736842,243.1184210526316,241.4285714285714,233.92,229,228.7826086956521
245.1222222222222,249.8709285038519,249.025,244.9642857142857,244.1578947368421,242.9078947368422,241.2857142857143,233.9066666666667,229.125,228.9130434782608
245.3666666666667,249.7727272727273,248.925,244.8214285714286,244,242.6785714285715,241.1428571428572,233.8933333333333,229.25,229.0434782608695
245.6111111111111,249.8636363636364,248.825,244.6785714285714,243.9333333333333,242.3928571428572,240.9574468085107,233.88,229.375,229.1739130434782
245.8555555555556,249.9545454545454,248.7083333333333,244.5357142857143,243.8666666666667,242.1071428571429,240.7659574468086,233.8666666666667,229.5,229.3043478260869
246.1,250.0454545454546,248.5416666666667,244.3928571428572,243.8,241.8214285714286,240.5744680851064,233.8533333333334,229.5769230769231,229.4347826086956
246.3444444444444,250.1363636363637,248.375,244.25,243.7333333333333,241.5357142857143,240.3829787234043,233.84,229.6538461538461,229.5652173913043
246.5888888888889,250.2272727272727,248.2083333333334,244.1071428571429,243.6666666666667,241.2500000000001,240.1914893617021,233.8266666666667,229.7307692307692,229.695652173913
246.8333333333334,250.4728331177232,248.0416666666667,243.97,243.6,240.9642857142858,240,233.8133333333334,229.8076923076923,229.8260869565217
247.0777777777778,250.769943941354,247.875,243.85,243.5333333333333,240.7250000000001,239.6666666666667,233.8,229.8846153846154,229.9565217391304
247.3222222222223,251.0670547649849,247.6944444444445,243.73,243.4666666666667,240.6250000000001,239.3333333333334,233.7866666666667,229.9615384615385,230.0869565217391
247.5666666666667,251.0715707001617,247.4722222222222,243.61,243.4,240.5250000000001,239,233.7733333333333,230.0384615384615,230.2173913043478
247.7608695652174,250.8938564855117,247.25,243.49,243.3333333333333,240.425,238.6666666666667,233.76,230.1153846153846,230.3478260869565
247.804347826087,250.7161422708618,247.0277777777778,243.37,243.2666666666667,240.325,238.3333333333333,233.6470588235294,230.1923076923077,230.4782608695652
247.8478260869566,250.5384280562119,246.8055555555555,243.25,243.2,240.2250000000001,238,233.2352941176471,230.2692307692308,230.6086956521739
247.8913043478261,250.360713841562,246.72,243.1388888888889,243.1333333333333,240.1250000000001,237.8163265306122,232.8235294117647,230.3461538461539,230.7391304347826
247.9347826086957,250.1829996269121,246.68,243.0277777777778,243.0666666666667,240.025,237.6326530612245,232.4117647058824,230.4230769230769,230.8695652173913
247.9782608695652,250.0052854122622,246.64,242.9166666666667,243,239.9250000000001,237.4489795918367,232,230.5,231
248.075,249.8275711976123,246.6,242.8055555555556,242.8571428571429,239.825,237.265306122449,231.75,230.5740740740741,231.2727272727273
248.225,249.6498569829623,246.56,242.6944444444445,242.7142857142857,239.7250000000001,237.0816326530613,231.5,230.6481481481482,231.5454545454546
248.375,249.4721427683124,246.52,242.5833333333334,242.5714285714286,239.6250000000001,236.8979591836735,231.25,230.7222222222222,231.8181818181818
248.525,249.2944285536625,246.48,242.4722222222223,242.4285714285714,239.5250000000001,236.75,231,230.7962962962963,232.0909090909091
248.675,249.2593908230954,246.44,242.3611111111111,242.2857142857143,239.4250000000001,236.6071428571429,230.8421052631579,230.8703703703704,232.3636363636364
248.825,249.2719119205558,246.4,242.25,242.1428571428571,239.325,236.4642857142857,230.6842105263158,230.9444444444444,232.6363636363636
248.975,249.2844330180163,246.36,242.0277777777778,242,239.1842105263158,236.3214285714286,230.5263157894737,231.0185185185185,232.9090909090909
249.125,249.2969541154767,246.32,241.8055555555556,241.6,238.921052631579,236.1785714285714,230.3684210526316,231.0925925925926,233.1818181818182
249.275,249.3094752129371,246.28,241.5833333333334,241.2,238.6578947368421,236.0357142857143,230.2857142857143,231.1666666666667,233.4545454545454
249.425,249.3219963103976,246.219512195122,241.3611111111111,240.8,238.3947368421053,235.8928571428572,230.4285714285714,231.2407407407408,233.7272727272727
249.575,249.334517407858,246.0975609756098,241.173076923077,240.4,238.1315789473685,235.8888888888889,230.5714285714286,231.3148148148148,234
249.725,249.3470385053185,245.9756097560976,241.0192307692308,240,237.8684210526316,235.9047619047619,230.7142857142857,231.3888888888889,234.0666666666667
249.875,249.3595596027789,245.8536585365854,240.8653846153846,239.9090909090909,237.6052631578948,235.9206349206349,230.8571428571429,231.462962962963,234.1333333333334
250.025,249.3720807002394,245.7317073170732,240.7115384615385,239.8181818181818,237.3421052631579,235.936507936508,231,231.537037037037,234.2
250.175,249.3846017976998,245.609756097561,240.5576923076923,239.7272727272727,237.0789473684211,235.952380952381,230.8333333333333,231.6111111111111,234.2666666666667
250.325,249.4484684684684,245.4878048780488,240.4038461538462,239.6363636363636,236.8157894736843,235.968253968254,230.6666666666667,231.6851851851852,234.3333333333333
250.475,249.6484684684684,245.3658536585366,240.25,239.5454545454545,236.6144578313254,235.984126984127,230.5,231.7592592592592,234.4
250.625,249.8484684684684,245.2439024390244,240.1630434782609,239.4545454545454,236.4337349397591,236,230.3333333333333,231.8333333333333,234.4666666666667
250.775,250.0484684684685,245.1219512195122,240.0760869565217,239.3636363636364,236.2530120481928,235.8,230.1666666666667,231.9074074074074,234.5333333333334
250.925,250.2484684684684,245,239.9891304347826,239.2727272727273,236.0722891566266,235.6,230,231.9814814814815,234.6
251.0454545454545,250.0155740136458,244.8888888888889,239.9021739130435,239.1818181818182,235.8915662650603,235.4,230.0847457627119,232.0555555555556,234.6666666666667
251.1363636363636,249.6780876100069,244.7777777777778,239.8152173913044,239.0909090909091,235.710843373494,235.2,230.1694915254238,232.1296296296296,234.7333333333333
251.2272727272727,249.340601206368,244.6666666666667,239.7282608695652,239,235.5301204819277,235,230.2542372881356,232.2037037037037,234.8
251.3181818181818,249.0031148027292,244.5555555555555,239.6413043478261,238.7272727272727,235.3493975903615,234.8,230.3389830508475,232.2777777777778,234.8666666666667
251.4090909090909,248.762082727365,244.4444444444445,239.554347826087,238.4545454545454,235.1686746987952,234.6,230.4237288135594,232.3518518518518,234.9333333333333
251.5,248.8104136368249,244.3333333333333,239.4673913043479,238.1818181818182,234.9879518072289,234.4,230.5084745762712,232.4259259259259,235
251.5909090909091,248.8587445462847,244.2222222222222,239.3804347826087,237.9090909090909,234.8072289156627,234.2,230.5932203389831,232.5,235.05
251.6818181818182,248.9070754557446,244.1111111111111,239.2934782608696,237.6363636363636,234.6265060240964,234,230.6779661016949,232.4285714285714,235.1
251.7727272727273,248.9554063652045,244,239.1637931034483,237.3636363636364,234.4457831325302,233.7017543859649,230.7627118644068,232.3571428571429,235.15
251.8636363636363,249.0037372746643,243.8333333333333,238.9913793103449,237.0909090909091,234.2650602409639,233.4035087719298,230.8474576271187,232.2857142857143,235.2
251.9545454545454,249.0520681841242,243.6666666666667,238.8189655172414,236.8181818181818,234.0843373493976,233.1052631578947,230.9322033898305,232.2142857142857,235.25
252.0454545454545,249.100399093584,243.5,238.6465517241379,236.5454545454545,233.9036144578313,232.8070175438597,231.0169491525424,232.1428571428571,235.3
252.1363636363636,249.1487300030439,243.3333333333333,238.4741379310345,236.2727272727273,233.7228915662651,232.5087719298245,231.1016949152543,232.0714285714286,235.35
252.2272727272727,249.1970609125038,243.1666666666667,238.301724137931,236,233.5421686746988,232.2105263157895,231.1864406779661,232,235.4
252.3181818181818,249.2453918219636,243,238.1293103448276,235.7692307692308,233.3614457831326,231.9122807017544,231.2211538461539,231.9285714285714,235.45
252.4090909090909,249.2937227314235,242.875,237.96875,235.5384615384615,233.1807228915663,231.7264150943396,231.1057692307693,231.8571428571429,235.5
252.5,249.3420536408834,242.75,237.84375,235.3076923076923,233,231.556603773585,230.9903846153846,231.7857142857143,235.55
252.5909090909091,249.3903845503432,242.625,237.71875,235.0769230769231,232.7619047619048,231.3867924528302,230.875,231.7142857142857,235.6
252.6818181818181,249.0666313865101,242.5,237.59375,234.8461538461539,232.5238095238095,231.2169811320755,230.7596153846154,231.6428571428571,235.65
252.7727272727273,248.7155296834408,242.375,237.46875,234.6153846153846,232.2857142857143,231.0471698113207,230.6442307692308,231.5714285714286,235.7
252.8636363636363,248.3644279803714,242.25,237.34375,234.3846153846154,232.0476190476191,230.877358490566,230.5288461538462,231.5,235.75
252.9545454545454,248.013326277302,242.125,237.21875,234.1538461538461,231.8095238095239,230.7142857142857,230.4134615384615,231.5833333333333,235.8
252.9090909090909,247.7372506034235,242,237.09375,233.9230769230769,231.6774193548387,230.5714285714286,230.2980769230769,231.6666666666667,235.85
252.7272727272727,247.6862530171173,241.8648648648649,236.9568965517242,233.6923076923077,231.5806451612904,230.4285714285714,230.1826923076923,231.75,235.9
252.5454545454545,247.6352554308112,241.7297297297297,236.7844827586207,233.4615384615385,231.483870967742,230.2857142857143,230.0673076923077,231.8333333333333,235.95
252.3636363636364,247.584257844505,241.5945945945946,236.6120689655173,233.2307692307692,231.3870967741936,230.1428571428572,229.9519230769231,231.9166666666667,236
252.1818181818182,247.5332602581988,241.4594594594595,236.4396551724138,233,231.2903225806452,230,229.8365384615385,232,236.0681818181818
252,247.4822626718927,241.3243243243243,236.2672413793104,232.8148148148148,231.1935483870968,229.75,229.7083333333333,232.0833333333333,236.1363636363636
251.8181818181818,247.4312650855865,241.1891891891892,236.0948275862069,232.6296296296296,231.0967741935484,229.5,229.5416666666667,232.1666666666667,236.2045454545455
251.6363636363636,247.3802674992803,241.0540540540541,235.9224137931035,232.4444444444445,231,229.25,229.375,232.25,236.2727272727273
251.4545454545454,247.3292699129742,240.9189189189189,235.75,232.2592592592593,230.9333333333333,229,229.2083333333333,232.3333333333333,236.3409090909091
251.2727272727273,247.278272326668,240.7837837837838,235.5591316168239,232.0740740740741,230.8666666666667,228.75,229.0416666666667,232.4166666666667,236.4090909090909
251.0909090909091,247.2272747403618,240.6279069767442,235.3682632336478,231.8888888888889,230.8,228.5,228.8750000000001,232.5,236.4772727272727
250.9545454545454,247.1762771540556,240.4651162790697,235.1773948504718,231.7428571428572,230.7333333333333,228.25,228.7083333333334,232.4523809523809,236.5454545454546
250.8636363636363,247.1252795677495,240.3023255813953,234.9865264672957,231.7142857142858,230.6666666666667,228,228.5416666666667,232.4047619047619,236.6136363636364
250.7727272727273,247.0742819814433,240.139534883721,234.7956580841197,231.6857142857143,230.6,227.9333333333333,228.375,232.3571428571429,236.6818181818182
250.6818181818182,247.0232843951372,239.9767441860465,234.6047897009436,231.6571428571429,230.5333333333334,227.8666666666667,228.2413793103449,232.3095238095238,236.75
250.5909090909091,246.972286808831,239.8139534883721,234.4139213177675,231.6285714285714,230.4666666666667,227.8,228.2068965517242,232.2619047619048,236.8181818181818
250.5,246.9212892225248,239.6511627906977,234.2230529345914,231.6,230.4,227.7333333333333,228.1724137931035,232.2142857142857,236.8863636363636
250.4090909090909,246.8702916362187,239.4883720930233,234.0303633394571,231.5714285714286,230.3333333333334,227.6666666666667,228.1379310344828,232.1666666666667,236.9545454545455
250.3181818181818,246.8192940499125,239.3255813953488,233.7760257195346,231.5428571428571,230.2666666666667,227.6,228.1034482758621,232.1190476190476,237.0227272727273
250.2272727272727,246.7682964636064,239.1627906976744,233.5216880996122,231.5142857142857,230.0833333333334,227.5333333333333,228.0689655172414,232.0714285714286,237.0909090909091
250.1363636363636,246.7172988773002,239,233.2673504796898,231.4857142857143,229.8611111111112,227.4666666666666,228.0344827586207,232.0238095238095,237.1590909090909
250.0454545454546,246.6116487175485,238.7441860465117,233.0130128597673,231.4571428571429,229.6388888888889,227.4,228,231.9761904761905,237.2272727272727
250.1428571428571,246.5004682378648,238.4883720930233,232.7586752398449,231.4285714285714,229.4166666666667,227.3333333333333,227.9230769230769,231.9285714285714,237.2954545454545
250.4285714285714,246.3892877581811,238.2325581395349,232.5043376199224,231.4,229.2205882352942,227.2666666666667,227.8461538461539,231.8809523809524,237.3636363636364
250.7142857142857,246.2781072784975,237.9767441860465,232.25,231.3714285714286,229.1029411764707,227.218085106383,227.7692307692307,231.8333333333333,237.4318181818182
251,246.1669267988138,237.7209302325581,232.25,231.3428571428572,228.9852941176471,227.1755319148936,227.6923076923077,231.7857142857143,237.5
251.2857142857143,246.0557463191301,237.4651162790698,232.25,231.3142857142857,228.8676470588236,227.1329787234042,227.6153846153846,231.7380952380952,237.5681818181818
251.5714285714286,245.9445658394465,237.2093023255814,232.25,231.2857142857143,228.7500000000001,227.0904255319149,227.5384615384615,231.6904761904762,237.6363636363636
251.8571428571429,245.8333853597628,236.953488372093,232.25,231.2571428571429,228.6323529411765,227.0478723404255,227.4615384615385,231.6428571428571,237.7045454545455
252,245.5625,236.6976744186047,232.25,231.2409638554217,228.514705882353,227.0053191489361,227.3846153846154,231.5952380952381,237.7727272727273
252,244.8125000000001,236.4418604651163,232.25,231.2289156626506,228.3970588235294,226.9627659574468,227.3076923076923,231.547619047619,237.8409090909091
252,244.2205346294046,236.225806451613,232.25,231.2168674698795,228.2794117647059,226.9202127659574,227.2307692307693,231.5,237.9090909090909
251.8529411764706,244.102673147023,236.1290322580646,232.25,231.2048192771084,228.325,226.8776595744681,227.1538461538461,231.5384615384615,237.9772727272727
251.5588235294118,244.1108108108108,236.0322580645162,232.25,231.1927710843374,228.425,226.8351063829787,227.0769230769231,231.5769230769231,238.0454545454546
251.2647058823529,244.3108108108108,235.9354838709677,232.25,231.1807228915663,228.5250000000001,226.7925531914894,227,231.6153846153846,238.1136363636364
250.9705882352941,244.5108108108108,235.8387096774194,232.25,231.1686746987952,228.6250000000001,226.75,226.9230769230769,231.6538461538462,238.1818181818182
250.725,244.7108108108108,235.741935483871,232.35,231.1566265060241,228.7250000000001,226.7074468085106,226.8461538461539,231.6923076923077,238.25
250.6249999999999,244.9108108108108,235.6451612903226,232.55,231.144578313253,228.825,226.6648936170213,226.7692307692308,231.7307692307692,238.3181818181818
250.525,244.2900779588944,235.5483870967742,232.75,231.1325301204819,228.9250000000001,226.6223404255319,226.6923076923077,231.7692307692308,238.3863636363636
250.425,243.6055988660524,235.4516129032258,232.95,231.1204819277108,229.0250000000001,226.5797872340426,226.6153846153846,231.8076923076923,238.4545454545455
250.325,242.9211197732105,235.3548387096774,233.15,231.1084337349398,229.1250000000001,226.5411919321961,226.5384615384615,231.8461538461538,238.5227272727273
250.235,242.800508408291,235.258064516129,233.2770270270271,231.0963855421687,229.2250000000001,226.5127829632013,226.4615384615385,231.8846153846154,238.5909090909091
250.175,242.8678529526789,235.1612903225807,233.3310810810811,231.0843373493976,229.2812500000001,226.4843739942066,226.3846153846154,231.9230769230769,238.6590909090909
250.115,242.9351974970668,235.0645161290323,233.3851351351352,231.0722891566265,229.3229166666667,226.4559650252119,226.3076923076923,231.9615384615385,238.7272727272727
250.055,243.0025420414548,234.9677419354839,233.4391891891892,231.0602409638554,229.3645833333334,226.4275560562171,226.2307692307692,232,238.7954545454545
249.995,243.0698865858427,234.8709677419355,233.4932432432433,231.0481927710844,229.4062500000001,226.3991470872224,226.1538461538461,232.0384615384615,238.8636363636364
249.935,243.1372311302307,234.7741935483871,233.5472972972973,231.0361445783133,229.4479166666667,226.3707381182277,226.0769230769231,232.0769230769231,238.9318181818182
249.875,242.7701986754966,234.6774193548387,233.6013513513514,231.0240963855422,229.4895833333334,226.3423291492329,226,232.1153846153846,239
249.815,242.3992173389524,234.5806451612903,233.6554054054054,231.0120481927711,229.5312500000001,226.3139201802382,225.9767441860465,232.1538461538462,239.011583011583
249.755,242.0282360024082,234.4838709677419,233.7094594594595,231,229.5729166666667,226.2855112112434,225.953488372093,232.1923076923077,239.023166023166
249.6950000000001,241.75,234.3870967741935,233.7635135135135,231.0967741935484,229.6145833333334,226.2571022422487,225.9302325581395,232.2307692307692,239.034749034749
249.635,241.75,234.2903225806452,233.8175675675676,231.1935483870968,229.6562500000001,226.2816901408451,225.906976744186,232.2692307692308,239.0463320463321
249.575,241.75,234.1935483870968,233.8716216216216,231.2903225806452,229.6979166666667,226.3239436619718,225.8837209302326,232.3076923076923,239.0579150579151
249.515,241.75,234.0967741935484,233.9256756756757,231.3870967741935,229.7395833333334,226.3661971830986,225.8604651162791,232.3461538461538,239.0694980694981
249.455,241.75,234,233.9797297297297,231.483870967742,229.84,226.4084507042254,225.8372093023256,232.3846153846154,239.0810810810811
249.395,241.75,233.972972972973,234.0337837837838,231.5806451612903,229.9600000000001,226.4507042253521,225.8139534883721,232.4230769230769,239.0926640926641
249.335,241.659633199214,233.9459459459459,234.0878378378379,231.6774193548387,230.08,226.4929577464789,225.7906976744186,232.4615384615385,239.1042471042471
249.275,241.5391441314994,233.9189189189189,234.1418918918919,231.7741935483871,230.2,226.5352112676056,225.7674418604651,232.5,239.1158301158301
249.215,241.4186550637847,233.8918918918919,234.195945945946,231.8709677419355,230.3200000000001,226.5774647887324,225.7586206896552,232.4624060150376,239.1274131274131
249.155,241.29816599607,233.8648648648648,234.25,231.9677419354839,230.4400000000001,226.6197183098591,225.7931034482758,232.4248120300752,239.1389961389961
249.095,241.1776769283553,233.8378378378378,234.2954545454546,232.0645161290323,230.56,226.6619718309859,225.8275862068965,232.3872180451128,239.1505791505791
249.035,241.0571878606406,233.8108108108108,234.3409090909091,232.1612903225806,230.6800000000001,226.7042253521127,225.8620689655172,232.3496240601504,239.1621621621622
248.975,240.936698792926,233.7837837837838,234.3863636363637,232.258064516129,230.8,226.7464788732394,225.8965517241379,232.312030075188,239.1737451737451
248.915,240.8162097252113,233.7567567567568,234.4318181818182,232.3548387096774,230.92,226.7887323943662,225.9310344827586,232.2744360902255,239.1853281853282
248.855,240.6957206574966,233.7297297297297,234.4772727272727,232.4516129032258,231.04,226.830985915493,225.9655172413793,232.2368421052632,239.1969111969112
248.795,240.5752315897819,233.7027027027027,234.5227272727273,232.5483870967742,231.16,226.8732394366197,226,232.1992481203008,239.2084942084942
248.7259615384616,240.4547425220672,233.6756756756757,234.5681818181819,232.6451612903226,231.28,226.9154929577465,226.0344827586207,232.1616541353384,239.2200772200772
248.6298076923077,240.3342534543526,233.6486486486486,234.6136363636364,232.741935483871,231.4,226.9577464788732,226.0689655172414,232.124060150376,239.2316602316602
248.5336538461539,240.2137643866379,233.6216216216216,234.6590909090909,232.8387096774194,231.52,227,226.1034482758621,232.0864661654135,239.2432432432432
248.4375,240.0932753189232,233.5945945945946,234.7045454545455,232.9354838709677,231.64,227.1538461538462,226.1379310344828,232.0488721804511,239.2548262548262
248.3413461538462,239.9819000819,233.5675675675676,234.75,233.0322580645162,231.76,227.3076923076923,226.1724137931034,232.0112781954887,239.2664092664093
248.2451923076923,239.8909909909909,233.5405405405405,234.7954545454546,233.1290322580645,231.88,227.4615384615385,226.2068965517241,231.9736842105263,239.2779922779923
248.1490384615385,239.8000819000818,233.5135135135135,234.8409090909091,233.2258064516129,232,227.6153846153846,226.2413793103448,231.9360902255639,239.2895752895753
248.0528846153846,239.7091728091728,233.4864864864865,234.8863636363637,233.3225806451613,232.0566037735849,227.7692307692308,226.2105263157895,231.8984962406015,239.3011583011583
247.9567307692308,239.6182637182636,233.4594594594595,234.9318181818182,233.4193548387097,232.1132075471698,227.9230769230769,226.1578947368421,231.8609022556391,239.3127413127413
247.8605769230769,239.5273546273546,233.4324324324324,234.9772727272727,233.516129032258,232.1698113207547,228.0769230769231,226.1052631578947,231.8233082706767,239.3243243243243
247.7644230769231,239.4364455364455,233.4054054054054,235.0227272727273,233.6129032258064,232.2264150943396,228.2307692307692,226.0526315789473,231.7857142857143,239.3359073359073
247.6682692307693,239.3455364455364,233.3783783783784,235.0681818181819,233.7096774193548,232.2830188679246,228.3846153846154,226,231.7481203007519,239.3474903474903
247.5721153846154,239.2546273546273,233.3513513513514,235.1136363636364,233.8064516129032,232.3396226415095,228.5384615384615,225.9473684210526,231.7105263157895,239.3590733590734
247.4759615384615,239.1637182637182,233.3243243243243,235.1590909090909,233.9032258064516,232.3962264150944,228.6923076923077,225.8947368421053,231.6729323308271,239.3706563706563
247.3798076923077,239.0794871794872,233.2972972972973,235.2045454545455,234,232.4528301886793,228.8461538461538,225.8421052631579,231.6353383458647,239.3822393822394
247.2836538461539,239.0025641025641,233.2702702702703,235.25,234.1596638655462,232.5094339622642,229,225.7894736842105,231.5977443609023,239.3938223938224
247.1875000000001,238.925641025641,233.2432432432432,235.33,234.3193277310924,232.5660377358491,229.0909090909091,225.7368421052632,231.5601503759399,239.4054054054054
247.0913461538462,238.8487179487179,233.2162162162162,235.41,234.4789915966387,232.622641509434,229.1818181818182,225.6842105263158,231.5225563909775,239.4169884169884
246.9951923076923,238.7717948717948,233.1891891891892,235.49,234.6386554621849,232.6792452830189,229.2727272727273,225.6315789473684,231.4849624060151,239.4285714285714
246.8990384615385,238.6948717948718,233.1621621621622,235.57,234.7983193277311,232.7358490566038,229.3636363636364,225.578947368421,231.4473684210527,239.4401544401544
246.8028846153846,238.5950950950951,233.1351351351351,235.6500000000001,234.9579831932773,232.9661016949153,229.4545454545454,225.5263157894737,231.4097744360903,239.4517374517374
246.7067307692308,238.483983983984,233.1081081081081,235.73,235.1176470588235,233.2542372881356,229.5454545454545,225.4736842105263,231.3721804511279,239.4633204633204
246.610576923077,238.3728728728728,233.0810810810811,235.8100000000001,235.2773109243698,233.542372881356,229.6363636363637,225.4210526315789,231.3345864661654,239.4749034749034
246.5144230769231,238.2617617617617,233.0540540540541,235.89,235.436974789916,233.8305084745763,229.7272727272727,225.3684210526316,231.296992481203,239.4864864864865
246.4182692307693,238.1506506506506,233.027027027027,235.97,235.5966386554622,234.1186440677967,229.8181818181818,225.3157894736842,231.2593984962406,239.4980694980695
246.3221153846154,238.0395395395395,233,236.05,235.7563025210084,234.406779661017,229.9090909090909,225.2631578947368,231.3461538461539,239.5096525096525
246.2348484848485,237.9284284284284,233.0263157894737,236.1300000000001,235.9159663865546,234.6949152542373,230,225.2105263157895,231.474358974359,239.5212355212355
246.1742424242425,237.8173173173173,233.0526315789474,236.21,236.0756302521008,234.9830508474577,230.1111111111111,225.1578947368421,231.6025641025641,239.5328185328185
246.1136363636364,237.8124536301007,233.078947368421,236.29,236.2352941176471,235.271186440678,230.2222222222222,225.1335227272727,231.7307692307693,239.5444015444015
246.0530303030303,237.8712771595124,233.1052631578947,236.3700000000001,236.3949579831933,235.5159371805594,230.3333333333333,225.15625,231.8589743589744,239.5559845559845
245.9924242424243,237.9301006889242,233.1315789473684,236.45,236.5546218487395,235.6655205526129,230.4444444444445,225.1789772727273,231.9871794871795,239.5675675675675
245.9318181818182,237.988924218336,233.1578947368421,236.53,236.7142857142857,235.8151039246663,230.5555555555555,225.2017045454545,232.1153846153846,239.5791505791505
245.8712121212121,238.0477477477477,233.1842105263158,236.61,236.873949579832,235.9646872967197,230.6666666666667,225.2244318181818,232.2435897435898,239.5907335907335
245.8106060606061,238.1065712771594,233.2105263157895,236.6900000000001,237.0336134453782,236.1142706687731,230.7777777777778,225.2471590909091,232.3717948717949,239.6023166023166
245.75,238.1653948065712,233.2368421052631,236.77,237.1932773109244,236.2638540408265,230.8888888888889,225.2698863636363,232.5,239.6138996138995
245.689393939394,238.2203049203049,233.2631578947368,236.85,237.3529411764706,236.4134374128799,231,225.2926136363636,232.5,239.6254826254826
245.6287878787879,238.1433818433818,233.2894736842105,236.93,237.5126050420168,236.5630207849333,231.1379310344828,225.3153409090909,232.5,239.6370656370656
245.5681818181819,238.0664587664587,233.3157894736842,237.01,237.672268907563,236.7126041569867,231.2758620689655,225.3380681818181,232.5,239.6486486486486
245.5075757575758,237.9895356895356,233.3421052631579,237.09,237.8319327731093,236.8571428571429,231.4137931034483,225.3607954545454,232.5,239.6602316602316
245.4469696969697,237.9126126126126,233.3684210526316,237.17,237.9915966386555,237.0000000000001,231.551724137931,225.3626373626373,232.5,239.6718146718146
245.3863636363636,237.8356895356895,233.3947368421053,237.25,238.1512605042017,237.1428571428572,231.6896551724138,225.3296703296703,232.5,239.6833976833976
245.3257575757576,237.7317117117117,233.421052631579,237.3489010989011,238.3109243697479,237.2857142857143,231.8275862068966,225.2967032967033,232.5,239.6949806949806
245.2651515151516,237.5317117117117,233.4473684210527,237.4478021978022,238.4705882352941,237.4285714285714,231.9655172413793,225.2637362637362,232.5,239.7065637065637
245.2045454545455,237.3317117117117,233.4736842105263,237.5467032967034,238.6302521008404,237.5714285714286,232.1034482758621,225.2307692307692,232.5,239.7181467181467
245.1439393939394,237.1317117117117,233.5,237.6456043956044,238.8367346938776,237.7142857142857,232.2413793103448,225.1978021978022,232.5,239.7297297297297
245.0833333333334,236.9317117117117,233.5263157894737,237.7445054945055,239.1836734693878,237.8571428571429,232.3793103448276,225.1648351648352,232.5,239.7413127413127
245.0227272727273,236.7317117117117,233.5526315789474,237.8434065934066,239.530612244898,238,232.5172413793103,225.1318681318681,232.5,239.7588932806323
244.9621212121212,236.5317117117116,233.578947368421,237.9423076923077,239.8775510204082,238.3898305084746,232.6551724137931,225.0989010989011,232.5,239.794466403162
244.9015151515152,236.3317117117116,233.6052631578947,238.0412087912088,240.2244897959184,238.7796610169492,232.7931034482759,225.0659340659341,232.5,239.8300395256916
244.8409090909091,236.1317117117117,233.6315789473684,238.1401098901099,240.5714285714286,239.1694915254238,232.9310344827586,225.032967032967,232.5,239.8656126482213
244.7803030303031,235.9317117117116,233.6578947368421,238.239010989011,240.9183673469388,239.5593220338983,233.0689655172414,225,232.5,239.9011857707509
244.719696969697,235.7317117117116,233.6842105263158,238.3379120879121,241.265306122449,239.9491525423729,233.2068965517241,225.0326797385621,232.5,239.9367588932806
244.6590909090909,235.5370188370188,233.7105263157895,238.5170454545455,241.6122448979592,240.3389830508475,233.3448275862069,225.0653594771242,232.5,239.9723320158102
244.5984848484849,235.4461097461097,233.7368421052632,238.7443181818182,241.9591836734694,240.728813559322,233.4827586206897,225.0980392156863,232.5,240.0079051383399
244.5378787878788,235.3552006552006,233.7631578947368,238.9715909090909,242.3061224489796,241.1186440677967,233.6206896551724,225.1307189542484,232.5,240.0434782608695
244.4772727272728,235.2642915642915,233.7894736842105,239.1988636363637,242.6530612244898,241.5084745762712,233.7586206896552,225.1633986928105,232.5,240.0790513833992
244.4166666666667,235.1733824733824,233.8157894736842,239.4261363636364,243,241.8983050847458,233.8965517241379,225.1960784313726,232.5,240.1146245059288
244.3560606060606,235.0812612612612,233.8421052631579,239.6499120333239,243.4901960784314,242.2881355932204,234.0344827586207,225.2287581699346,232.5,240.1501976284584
244.2954545454546,234.9812612612612,233.8684210526316,239.8492082999147,243.9803921568627,242.6779661016949,234.1724137931034,225.2614379084967,232.5,240.1857707509881
244.2452380952381,234.8812612612612,233.8947368421053,240.0485045665054,244.4705882352941,243.0677966101695,234.3103448275862,225.2941176470588,232.5,240.2213438735178
244.2261904761905,234.7812612612612,233.921052631579,240.2478008330962,244.9607843137255,243.4576271186441,234.448275862069,225.3267973856209,232.5,240.2569169960474
244.2071428571429,234.6812612612612,233.9473684210526,240.447097099687,245.4509803921569,243.8500000000001,234.5862068965517,225.359477124183,232.5,240.292490118577
244.1880952380953,234.6477477477477,233.9736842105263,240.7309347935011,245.9411764705883,244.2500000000001,234.7241379310345,225.3921568627451,232.5,240.3280632411067
244.1690476190476,234.6477477477477,234,241.0699170769082,246.4313725490196,244.65,234.8620689655172,225.4248366013072,232.5,240.3636363636363
244.15,234.6477477477477,234.0467289719626,241.4088993603153,246.921568627451,245.0500000000001,235,225.4575163398693,232.5,240.399209486166
244.1309523809524,234.6477477477477,234.0934579439252,241.7478816437224,247.4117647058824,245.4500000000001,235.3333333333333,225.4901960784314,232.5,240.4347826086956
244.1119047619048,234.6477477477477,234.1401869158879,241.9852941176471,247.9019607843137,245.8500000000001,235.6666666666667,225.5228758169935,232.5,240.4703557312253
244.0928571428572,234.6477477477477,234.1869158878504,242.1617647058824,248.3921568627451,246.2500000000001,236,225.5555555555555,232.5,240.5059288537549
244.0738095238095,234.6477477477477,234.2336448598131,242.3382352941177,248.8823529411765,246.6500000000001,236.3333333333333,225.5882352941177,232.5,240.5415019762845
244.0547619047619,234.6477477477477,234.2803738317757,242.514705882353,249.3962264150944,247.1694915254238,236.6666666666667,225.6209150326798,232.5,240.5770750988142
244.0357142857143,234.6477477477477,234.3271028037383,242.67,249.9811320754717,247.7288135593221,237,225.6535947712418,232.5,240.6126482213438
244.0166666666667,234.6477477477477,234.3738317757009,242.79,250.5660377358491,248.2881355932204,237.2,225.6862745098039,232.525641025641,240.6482213438735
243.9976190476191,234.6477477477477,234.4205607476636,242.91,251.1509433962264,248.8474576271187,237.4,225.718954248366,232.551282051282,240.6837944664031
243.9785714285715,234.6477477477477,234.4672897196262,243.202380952381,251.7358490566038,249.406779661017,237.6,225.7516339869281,232.5769230769231,240.7193675889328
243.9595238095238,234.6763191763191,234.5140186915888,244.0119047619048,252.3207547169812,249.9661016949153,237.8,225.7843137254902,232.6025641025641,240.7549407114624
243.9404761904762,234.7239382239382,234.5607476635514,244.8214285714286,252.9056603773585,250.5254237288136,238,225.8169934640523,232.6282051282051,240.7905138339921
243.9214285714286,234.7715572715572,234.607476635514,245.0965909090909,253.4905660377358,251.0847457627119,238.2,225.8496732026144,232.6538461538462,240.8260869565217
243.902380952381,234.8191763191763,234.6542056074766,245.0511363636364,254.0754716981132,251.6440677966102,238.4,225.8823529411765,232.6794871794872,240.8616600790513
243.8833333333333,234.8667953667953,234.7009345794393,245.0056818181819,254.6603773584906,252.2033898305085,238.6,225.9150326797386,232.7051282051282,240.897233201581
243.8642857142857,234.9144144144144,234.7476635514019,244.9602272727273,255.245283018868,252.7627118644068,238.8,225.9477124183007,232.7307692307692,240.9328063241106
243.8452380952381,234.9620334620334,234.7943925233645,244.9147727272727,255.8301886792453,253.3220338983051,239,225.9803921568628,232.7564102564102,240.9683794466403
243.8261904761904,235.0096525096524,234.8411214953271,244.9112903225807,256.4150943396227,253.8813559322034,239.0985915492958,226.0130718954249,232.7820512820513,241.0039525691699
243.8071428571428,235.0572715572715,234.8878504672898,245.2016129032259,257,254.4406779661017,239.1971830985916,226.045751633987,232.8076923076923,241.0395256916996
243.7880952380952,235.1126126126126,234.9345794392523,245.491935483871,257.4615384615385,255,239.2957746478873,226.078431372549,232.8333333333334,241.0750988142292
243.7690476190476,235.1959459459459,234.981308411215,245.7822580645161,257.9230769230769,255.4285714285714,239.3943661971831,226.1111111111111,232.8589743589743,241.1106719367589
243.75,235.2792792792792,235.0280373831775,246.0625,258.3846153846154,255.8571428571428,239.4929577464789,226.1437908496732,232.8846153846154,241.1462450592885
243.7309523809524,235.3626126126126,235.0747663551402,246.3125,258.8461538461538,256.2857142857143,239.5915492957747,226.1764705882353,232.9102564102564,241.1818181818182
243.7119047619047,235.4459459459459,235.1214953271028,246.5625,259.3076923076923,256.7142857142857,239.6901408450705,226.2091503267974,232.9358974358975,241.2173913043478
243.6928571428571,235.5292792792792,235.1682242990654,246.8125,259.7692307692308,257.1428571428571,239.7887323943662,226.2418300653595,232.9615384615385,241.2529644268774
243.6738095238095,235.4845045045044,235.214953271028,247.0625,260.2307692307692,257.5714285714286,239.887323943662,226.2222222222222,232.9871794871795,241.2885375494071
243.6547619047619,235.4178378378377,235.2325581395349,247.3125,260.6923076923077,258,239.9859154929578,226.1851851851852,233.0128205128205,241.3241106719368
243.6357142857143,235.3511711711711,235.1627906976744,247.5625,261.1538461538461,258.1272727272727,240.0845070422535,226.1481481481482,233.0384615384615,241.3596837944664
243.6166666666666,235.2845045045044,235.093023255814,247.8125,261.6153846153846,258.2545454545455,240.1830985915493,226.1111111111111,233.0641025641026,241.395256916996
243.597619047619,235.2178378378377,235.0232558139535,248.0948275862069,262.0769230769231,258.3818181818182,240.2816901408451,226.0740740740741,233.0897435897436,241.4308300395257
243.5785714285714,235.1511711711711,234.953488372093,248.4741379310345,262.5384615384615,258.6015625,240.3802816901409,226.0370370370371,233.1153846153846,241.4664031620553
243.5595238095238,235.0814336075205,234.8837209302325,248.8534482758621,263,258.8932291666666,240.4788732394366,226,233.1410256410256,241.5019762845849
243.5404761904762,234.9944770857814,234.8139534883721,249.2327586206897,263.125,259.1848958333334,240.5774647887324,225.962962962963,233.1666666666667,241.5375494071146
243.5214285714285,234.9075205640422,234.7441860465116,249.4791666666667,263.25,259.5833333333334,240.6760563380282,225.925925925926,233.1923076923077,241.5731225296443
243.5023809523809,234.8205640423031,234.6744186046512,249.6458333333334,263.375,260.0648148148148,240.7407407407408,225.8888888888889,233.2179487179487,241.6086956521739
243.4833333333333,234.733607520564,234.6046511627907,249.8125,263.5,260.3518518518518,240.7037037037037,225.8518518518519,233.2435897435898,241.6442687747036
243.4642857142857,234.6466509988249,234.5348837209302,251.4375000000001,263.625,260.5,240.6666666666667,225.8148148148149,233.2692307692308,241.6798418972332
243.4452380952381,234.5596944770858,234.4651162790698,250.8125000000001,263.75,260.1666666666667,240.6296296296296,225.7777777777778,233.2948717948718,241.7154150197628
243.4261904761904,234.4727379553466,234.3953488372093,249.9166666666667,263.875,260.2758620689655,240.5925925925926,225.7540983606557,233.3205128205128,241.7509881422925
243.4071428571428,234.3857814336075,234.3255813953488,249.9833333333334,264,260.448275862069,240.5555555555556,225.7704918032787,233.3461538461538,241.7865612648221
243.3880952380952,234.2988249118684,234.2558139534884,250.05,264.125,260.6206896551724,240.5185185185185,225.7868852459017,233.3717948717949,241.8221343873518
243.3690476190476,234.2118683901292,234.1860465116279,250.1166666666667,264.25,260.7560975609757,240.4814814814815,225.8032786885246,233.3974358974359,241.8577075098814
243.35,234.2425139425139,234.1162790697674,250.1833333333334,264.375,260.7804878048781,240.4444444444445,225.8196721311476,233.4230769230769,241.8932806324111
243.3309523809523,234.2901329901329,234.046511627907,250.25,264.5,260.8048780487806,240.4074074074074,225.8360655737705,233.448717948718,241.9288537549407
243.3119047619047,234.337752037752,233.9767441860465,250.3804347826087,264.625,260.829268292683,240.3703703703704,225.8524590163935,233.4743589743589,241.9644268774703
243.2928571428571,234.3853710853711,233.906976744186,250.5108695652174,264.75,260.8536585365854,240.3333333333333,225.8688524590164,233.5,242
243.2738095238095,234.4329901329901,233.8372093023256,250.625,264.875,260.8780487804878,240.2962962962963,225.8852459016393,233.5680628272251,241.96
243.2547619047618,234.4806091806091,233.7674418604651,250.625,265,260.9024390243903,240.2592592592593,225.9016393442623,233.6361256544503,241.92
243.1992187499999,234.5282282282282,233.6976744186047,249.125,264.8333333333333,260.9268292682927,240.2222222222222,225.9180327868852,233.7041884816754,241.88
243.1315104166666,234.5758472758473,233.6279069767442,248.2166666666667,264.6666666666667,260.9512195121952,240.1851851851852,225.9344262295082,233.7722513089005,241.84
243.0638020833333,234.6234663234663,233.5581395348837,247.75,264.5,260.9756097560976,240.1481481481482,225.9508196721312,233.8403141361257,241.8
242.9960937499999,234.60574002574,233.4883720930233,247.2833333333334,264.3333333333334,261,240.1111111111111,225.9672131147541,233.9083769633508,241.76
242.9283854166666,234.5200257400257,233.4186046511628,246.875,264.1666666666666,260.7272727272727,240.0740740740741,225.983606557377,233.9764397905759,241.72
242.8606770833333,234.4343114543114,233.3488372093023,246.875,264,260.4545454545454,240.037037037037,226,234.0445026178011,241.68
242.7929687499999,234.3485971685971,233.2790697674419,246.875,263.8333333333334,260.1818181818182,240,226.0526315789474,234.1125654450262,241.64
242.7252604166666,234.2628828828828,233.2093023255814,246.875,263.6666666666666,259.9090909090909,239.9090909090909,226.1052631578947,234.1806282722513,241.6
242.6575520833333,234.1771685971685,233.1395348837209,246.875,263.5,259.6363636363636,239.8181818181818,226.1578947368421,234.2486910994764,241.56
242.5898437499999,234.0914543114543,233.0697674418605,246.875,263.3333333333334,259.3636363636364,239.7272727272727,226.2105263157895,234.3167539267016,241.52
242.5221354166666,234.00574002574,233,246.5568181818182,263.1666666666666,259.0909090909091,239.6363636363636,226.2631578947368,234.3848167539267,241.48
242.4544270833333,233.9200257400257,232.8888888888889,246.1931818181819,263,258.8181818181818,239.5454545454545,226.3157894736842,234.4528795811518,241.44
242.3867187499999,233.8343114543114,232.7777777777778,245.8409090909091,262.4848484848485,258.5454545454545,239.4545454545454,226.3684210526316,234.520942408377,241.4
242.3190104166666,233.7485971685971,232.6666666666667,245.5681818181819,261.969696969697,258.2727272727273,239.3636363636364,226.421052631579,234.5890052356021,241.36
242.2513020833333,233.6628828828829,232.5555555555556,245.2954545454546,261.4545454545455,258,239.2727272727273,226.4736842105263,234.6570680628272,241.32
242.1835937499999,233.5771685971685,232.4444444444444,245.0227272727273,260.9393939393939,257.3333333333334,239.1818181818182,226.5263157894737,234.7251308900524,241.28
242.1158854166666,233.4914543114543,232.3333333333333,244.75,260.4242424242424,256.6666666666667,239.0909090909091,226.578947368421,234.7931937172775,241.24
242.0481770833333,233.40574002574,232.2222222222222,244.4772727272727,259.9090909090909,256,239,226.6315789473684,234.8612565445026,241.2
241.9804687499999,233.3200257400257,232.1111111111111,244.2045454545455,259.3939393939394,255.3333333333333,238.7692307692308,226.6842105263158,234.9293193717278,241.16
241.9127604166666,233.2612369125882,232,243.9166666666667,258.8787878787879,254.6666666666667,238.5384615384615,226.7368421052632,234.9973821989529,241.12
241.8450520833333,233.2071828585342,231.8888888888889,243.5833333333333,258.2596153846154,254,238.3076923076923,226.7894736842105,235.065445026178,241.08
241.7773437499999,233.1531288044801,231.7777777777778,243.25,257.6057692307692,253.3333333333333,238.0769230769231,226.8421052631579,235.1335078534032,241.04
241.7096354166666,233.0990747504261,231.6666666666667,242.9121621621622,256.9519230769231,252.6666666666667,237.8461538461539,226.8947368421053,235.2015706806283,241
241.6419270833333,233.045020696372,231.5555555555555,242.5608108108108,256.2980769230769,252,237.6153846153846,226.9473684210527,235.2696335078534,239.6
241.5742187499999,232.990966642318,231.4444444444444,242.2094594594595,255.6442307692308,251.3333333333333,237.3846153846154,227,235.3376963350785,239.2499999999999
241.5065104166666,232.9369125882639,231.3333333333333,241.8581081081081,254.9903846153846,250.6666666666667,237.1538461538461,227.0526315789474,235.4057591623037,239.2499999999999
241.4388020833333,232.8828585342098,231.2222222222222,241.5067567567568,254.3365384615385,250,236.9230769230769,227.1052631578947,235.4738219895288,239.2499999999999
241.3710937499999,232.8288044801558,231.1111111111111,241.2151162790698,253.6826923076923,249.3333333333333,236.6923076923077,227.1578947368421,235.541884816754,239.6137092463923
241.3033854166666,232.7747504261017,231,240.9593023255814,253.0288461538462,248.6666666666667,236.4615384615385,227.2105263157895,235.6099476439791,241.0685462319615
241.2356770833333,232.7206963720477,230.8888888888889,240.703488372093,252.375,248,236.2307692307692,227.2631578947368,235.6780104712042,241.3888888888889
241.1679687499999,232.6666423179936,230.7777777777778,240.4476744186047,251.7211538461539,247.5,236,227.3157894736842,235.7460732984293,241.4444444444445
241.1002604166666,232.6125882639396,230.6666666666667,240.1918604651163,251.0673076923077,247,235.8205128205128,227.3684210526316,235.8141361256545,241.5
241.0325520833333,232.5585342098855,230.5555555555555,239.9214285714286,250.4134615384616,246.5,235.6410256410256,227.421052631579,235.8821989528796,241.5555555555556
240.9648437499999,232.5044801558315,230.4444444444445,239.6071428571429,249.7142857142858,246,235.4615384615385,227.4736842105263,235.9502617801047,241.6111111111111
240.8971354166666,232.4504261017774,230.3333333333333,239.2928571428571,249,245.5,235.2820512820513,227.5263157894737,236.0183246073299,241.6666666666667
240.8294270833333,232.3388977212506,230.2222222222222,238.9785714285715,248.2857142857143,245,235.1025641025641,227.578947368421,236.086387434555,241.7222222222222
240.7617187499999,232.1036036036035,230.1111111111111,238.6642857142857,247.5714285714286,244.6530612244898,234.9230769230769,227.6315789473684,236.1544502617801,241.7777777777778
240.6940104166666,231.8683094859565,230,238.35,246.8571428571429,244.3061224489796,234.7435897435898,227.6842105263158,236.2225130890053,241.8333333333333
240.6263020833333,231.6330153683094,229.8888888888889,238.0357142857143,246.1428571428572,243.9591836734694,234.5641025641026,227.7368421052632,236.2905759162304,241.8888888888889
240.5585937499999,231.3977212506623,229.7777777777778,237.7214285714286,245.4285714285715,243.6122448979592,234.3846153846154,227.7894736842105,236.3586387434555,241.9444444444444
240.4908854166666,231.1624271330153,229.6666666666667,237.4071428571429,244.8857142857143,243.265306122449,234.15625,227.8421052631579,236.4267015706806,242
240.4231770833333,230.9271330153682,229.5555555555555,237.0948275862069,244.4,242.9183673469388,233.78125,227.8947368421053,236.4947643979058,242.0227272727273
240.3554687499999,230.6918388977212,229.4444444444445,236.7844827586207,243.9142857142857,242.5714285714286,233.40625,227.9473684210526,236.5628272251309,242.0454545454545
240.2877604166666,230.6741741741741,229.3333333333333,236.4741379310345,243.4285714285714,242.2244897959184,233.03125,228,236.6308900523561,242.0681818181818
240.2200520833333,230.7408408408408,229.2222222222222,236.1637931034483,242.9428571428572,241.8775510204082,232.7291666666667,228.0833333333333,236.6989528795812,242.0909090909091
240.1523437499999,230.8075075075074,229.1111111111111,235.8534482758621,242.4571428571429,241.530612244898,232.6458333333333,228.1666666666667,236.7594594594595,242.1136363636364
240.0846354166666,230.8741741741741,229,235.5431034482759,241.9714285714286,241.1836734693878,232.5625,228.25,236.7972972972973,242.1363636363636
240.0169270833333,230.9408408408408,228.8888888888889,235.2327586206897,241.4857142857143,240.8367346938776,232.4791666666667,228.3333333333334,236.8351351351351,242.1590909090909
239.9492187499999,231.0075075075075,228.7777777777778,234.9396551724138,241,240.5192307692308,232.3958333333333,228.4166666666666,236.872972972973,242.1818181818182
239.8815104166666,231.0792932349779,228.6666666666667,234.698275862069,240.8,240.2115384615385,232.3125,228.5,236.9108108108108,242.2045454545455
239.8138020833333,231.1634025599435,228.5555555555555,234.4568965517241,240.6,239.9038461538462,232.1818181818182,228.5833333333333,236.9486486486487,242.2272727272727
239.7460937499999,231.2475118849092,228.4444444444445,234.2155172413793,240.4,239.5961538461539,231.9090909090909,228.6666666666667,236.9864864864865,242.25
239.6783854166666,231.3316212098748,228.3333333333333,233.9741379310345,240.2,239.2884615384616,231.6363636363636,228.75,237.0243243243244,242.2727272727273
239.6106770833333,231.4157305348404,228.2378378378378,233.7327586206897,240,238.9807692307693,231.3636363636364,228.8333333333333,237.0621621621622,242.2954545454546
239.5429687499999,231.4998398598061,228.1891891891892,233.4913793103449,239.8,238.6666666666667,231.0909090909091,228.9166666666667,237.1,242.3181818181818
239.4752604166666,231.6600462493798,228.1405405405405,233.25,239.6,238.3333333333334,230.8181818181818,229,237.1378378378378,242.3409090909091
239.4075520833333,231.9091434274742,228.0918918918919,233.1436170212766,239.4,238.0000000000001,230.6774193548387,228.8571428571429,237.1756756756757,242.3636363636364
239.3398437499999,232.1582406055687,228.0432432432433,233.0372340425532,239.2,237.6666666666667,230.5806451612903,228.7142857142857,237.2135135135135,242.3863636363636
239.2721354166666,232.4073377836631,227.9945945945946,232.9308510638298,239,237.3333333333334,230.4838709677419,228.5714285714286,237.2513513513514,242.4090909090909
239.2044270833333,232.6564349617575,227.945945945946,232.8244680851064,238.8,237,230.3870967741935,228.4285714285714,237.2891891891892,242.4318181818182
239.1367187499999,232.9055321398519,227.8972972972973,232.718085106383,238.6,236.6666666666667,230.2903225806452,228.2857142857143,237.327027027027,242.4545454545454
239.0690104166666,233.1546293179463,227.8486486486486,232.6117021276596,238.4,236.3333333333333,230.1935483870968,228.1428571428571,237.3648648648649,242.4772727272727
239.0013020833333,233.3002759321402,227.8,232.5053191489362,238.2,236,230.0967741935484,228,237.4027027027028,242.5
238.9335937499999,233.2669425988069,227.7513513513514,232.3989361702128,238,235.6808510638298,230,228.0408163265306,237.4405405405406,242.5227272727273
238.8658854166666,233.2336092654736,227.7027027027027,232.2925531914894,237.6923076923077,235.3617021276596,229.9032258064516,228.0816326530612,237.4783783783784,242.5454545454546
238.7981770833333,233.2002759321402,227.6540540540541,232.186170212766,237.3846153846154,235.0425531914894,229.8064516129032,228.1224489795919,237.5162162162162,242.5681818181818
238.7304687499999,233.1669425988069,227.6054054054054,232.0797872340426,237.0769230769231,234.7234042553191,229.7096774193548,228.1632653061224,237.5540540540541,242.5909090909091
238.6627604166666,233.1336092654736,227.5567567567568,231.9469696969697,236.7692307692308,234.404255319149,229.6129032258065,228.2040816326531,237.5918918918919,242.6136363636364
238.5950520833333,233.1002759321403,227.5081081081081,231.7348484848485,236.4615384615385,234.0851063829788,229.5161290322581,228.2448979591836,237.6297297297297,242.6363636363636
238.5273437499999,233.0669425988069,227.4594594594595,231.5227272727273,236.1538461538461,233.7659574468086,229.4193548387097,228.2857142857143,237.6675675675676,242.6590909090909
238.4596354166666,233.0336092654736,227.4108108108108,231.3106060606061,235.8461538461539,233.4468085106383,229.3225806451613,228.3265306122449,237.7054054054054,242.6818181818182
238.3919270833333,233.0002759321403,227.3621621621622,231.0984848484849,235.5384615384615,233.1276595744681,229.2941176470588,228.3673469387755,237.7432432432433,242.7045454545454
238.3242187499999,232.966942598807,227.3135135135136,230.8863636363636,235.2307692307692,232.8085106382979,229.4705882352941,228.4081632653061,237.7810810810811,242.7272727272727
238.2565104166666,232.9336092654736,227.2648648648649,230.6742424242425,234.923076923077,232.4893617021277,229.6470588235294,228.4489795918367,237.8189189189189,242.75
238.1888020833333,232.9002759321403,227.2162162162162,230.4621212121212,234.6153846153846,232.202380952381,229.8235294117647,228.4897959183673,237.8567567567568,242.7727272727273
238.1210937499999,232.8669425988069,227.1675675675676,230.25,234.3076923076923,232.0119047619048,230,228.530612244898,237.8945945945946,242.7954545454545
238.0533854166666,232.397736943391,227.1189189189189,230,234,231.8214285714286,229.9375,228.5714285714286,237.9324324324324,242.8181818181818
237.9856770833333,231.9107864086781,227.0702702702703,229.75,233.6923076923077,231.6309523809524,229.875,228.6122448979592,237.9702702702703,242.8409090909091
237.9179687499999,231.4238358739653,227.0216216216216,229.5,233.3846153846154,231.4404761904763,229.8125,228.6530612244898,238.0081081081081,242.8636363636364
237.8502604166666,231.0841502535762,226.972972972973,229.25,233.0769230769231,231.2500000000001,229.75,228.6938775510204,238.045945945946,242.8863636363636
237.7825520833333,231.0414397066732,226.9243243243243,229,232.7692307692308,231.0595238095239,229.6875,228.734693877551,238.0837837837838,242.9090909090909
237.7148437499999,230.9987291597702,226.8756756756757,228.75,232.4615384615385,230.8690476190477,229.625,228.7755102040816,238.1216216216216,242.9318181818182
237.6471354166666,230.9560186128671,226.827027027027,228.7500000000001,232.1538461538461,230.6785714285715,229.5625,228.8163265306122,238.1594594594595,242.9545454545455
237.5794270833333,230.9133080659641,226.7783783783784,228.75,231.8461538461538,230.4880952380953,229.5,228.8571428571428,238.1972972972973,242.9772727272727
237.5117187499999,230.8705975190611,226.7297297297297,228.7500000000001,231.5384615384615,230.2976190476191,229.4375,228.8979591836734,238.2351351351351,243
237.4440104166666,230.8278869721581,226.6810810810811,228.7500000000001,231.2307692307692,230.1428571428572,229.375,228.9387755102041,238.272972972973,242.991452991453
237.3763020833333,230.785176425255,226.6324324324324,228.7500000000001,230.9230769230769,230.0000000000001,229.3125,228.9795918367347,238.3108108108108,242.982905982906
237.3085937499999,230.742465878352,226.5837837837838,228.686170212766,230.6153846153846,229.8571428571429,229.25,229.0204081632653,238.3486486486486,242.974358974359
237.2408854166666,230.699755331449,226.5351351351351,228.6223404255319,230.3076923076923,229.7142857142857,229.1875,229.0612244897959,238.3864864864865,242.965811965812
237.1731770833333,230.6570447845459,226.4864864864865,228.5585106382979,230,229.5714285714286,229.125,229.1020408163265,238.4243243243243,242.957264957265
237.1054687499999,230.6143342376429,226.4378378378378,228.4946808510638,229.8947368421053,229.4285714285714,229.0625,229.1428571428571,238.4621621621622,242.948717948718
237.0377604166666,230.5716236907398,226.3891891891892,228.4308510638298,229.7894736842105,229.2857142857143,229,229.1836734693878,238.5,242.9401709401709
236.9700520833333,230.5289131438368,226.3405405405405,228.3670212765958,229.6842105263158,229.1428571428572,228.7142857142857,229.2244897959184,238.5,242.9316239316239
236.9023437499999,230.4862025969338,226.2918918918919,228.3031914893617,229.5789473684211,229,228.4285714285714,229.265306122449,238.5,242.9230769230769
236.8346354166666,230.4434920500308,226.2432432432433,228.2393617021277,229.4736842105263,228.8666666666666,228.1428571428571,229.3061224489796,238.5,242.9145299145299
236.7669270833333,230.4007815031277,226.1945945945946,228.1755319148936,229.3684210526316,228.7333333333333,227.8571428571429,229.3469387755102,238.5,242.9059829059829
236.6299999999999,230.3580709562247,226.1459459459459,228.1117021276596,229.2631578947368,228.6,227.5714285714286,229.3877551020408,238.5,242.8974358974359
236.47,230.3153604093217,226.0972972972973,228.0478723404255,229.1578947368421,228.4666666666667,227.2857142857143,229.4285714285714,238.5,242.8888888888889
236.3099999999999,230.2726498624186,226.0486486486487,227.9705882352941,229.0526315789474,228.3333333333333,227,229.469387755102,238.5,242.8803418803419
236.1499999999999,230.2299393155156,226,227.8529411764706,228.9473684210527,228.2,227.0555555555555,229.5102040816327,238.5,242.8717948717949
235.99,230.1872287686126,225.8923076923077,227.7352941176471,228.8421052631579,228.0666666666667,227.1111111111111,229.5510204081633,238.5,242.8632478632478
235.83,230.18528154506,225.7846153846154,227.6176470588235,228.7368421052632,227.9333333333333,227.1666666666667,229.5918367346939,238.5,242.8547008547008
235.6699999999999,230.1860538264801,225.6769230769231,227.5,228.6315789473684,227.8,227.2222222222222,229.6326530612245,238.5,242.8461538461538
235.5099999999999,230.1868261079002,225.5692307692308,227.3823529411765,228.5263157894737,227.6666666666667,227.2777777777778,229.6734693877551,238.5,242.8376068376068
235.35,230.1875983893203,225.4615384615385,227.2647058823529,228.4210526315789,227.5333333333333,227.3333333333333,229.7142857142857,238.5,242.8290598290598
235.1899999999999,230.1883706707404,225.3538461538461,227.1470588235294,228.3157894736842,227.4,227.3888888888889,229.7551020408163,238.5,242.8205128205128
235.0299999999999,230.1891429521605,225.2461538461538,227.0294117647059,228.2105263157895,227.2666666666667,227.4444444444445,229.7959183673469,238.5,242.8119658119658
234.8699999999999,230.1899152335806,225.1384615384615,226.9117647058823,228.1052631578947,227.1333333333333,227.5,229.8367346938776,238.5,242.8034188034188
234.7,230.1906875150007,225.0307692307692,226.7941176470588,228,227,227.5555555555555,229.8775510204082,238.5,242.7948717948717
234.4999999999999,230.1914597964208,224.9230769230769,226.6764705882353,227.9130434782609,226.9976905311778,227.6111111111111,229.9183673469388,238.5,242.7863247863247
234.3,230.1922320778409,224.8153846153846,226.5588235294118,227.8260869565217,226.9953810623556,227.6666666666667,229.9591836734694,238.5,242.7777777777777
234.1,230.193004359261,224.7076923076923,226.4411764705882,227.7391304347826,226.9930715935335,227.7222222222222,230,238.5,242.7692307692307
233.8999999999999,230.1937766406811,224.6,226.3235294117647,227.6521739130435,226.9907621247113,227.7777777777778,230.025,238.5,242.7606837606837
233.6999999999999,230.1945489221012,224.4923076923077,226.2058823529412,227.5652173913043,226.9884526558891,227.8333333333333,230.05,238.5,242.7521367521367
233.4999999999999,230.1953212035213,224.3846153846154,226.0882352941176,227.4782608695652,226.9861431870669,227.8888888888889,230.075,238.5,242.6847826086956
233.2999999999999,230.1960934849414,224.2769230769231,225.98,227.3913043478261,226.9838337182448,227.9444444444444,230.1,238.5,242.5978260869564
233.1562499999999,230.1968657663615,224.2941176470588,225.9,227.3043478260869,226.9815242494226,228,230.125,238.5,242.5108695652174
233.0312499999999,230.1976380477816,224.3529411764706,225.82,227.2173913043478,226.9792147806004,227.969696969697,230.15,238.5,242.4239130434782
232.9062499999999,230.1984103292017,224.4117647058823,225.74,227.1304347826087,226.9769053117783,227.939393939394,230.175,238.5,242.3369565217391
232.7812499999999,230.1991826106218,224.4705882352941,225.66,227.0434782608696,226.9745958429561,227.9090909090909,230.2,238.5,242.2499999999999
232.3214285714285,230.1999548920419,224.5294117647059,225.58,226.9565217391304,226.9722863741339,227.8787878787879,230.225,238.5,242.1630434782608
231.7499999999999,230.200727173462,224.5882352941177,225.5,226.8695652173913,226.9699769053118,227.8484848484848,230.25,238.5,242.0760869565217
231.1785714285714,230.2014994548821,224.6470588235294,225.42,226.7826086956522,226.9676674364896,227.8181818181818,230.275,238.5,241.9891304347826
230.6562499999999,230.2022717363022,224.7058823529412,225.34,226.6956521739131,226.9653579676674,227.7878787878788,230.3,238.5,241.9021739130434
230.2812499999999,230.2030440177223,224.7647058823529,225.26,226.6086956521739,226.9630484988452,227.7575757575758,230.325,238.5,241.8152173913043
229.9062499999999,230.2038162991424,224.8235294117647,225.18,226.5217391304348,226.9607390300231,227.7272727272727,230.35,238.4393939393939,241.754716981132
229.5312499999999,230.2045885805626,224.8823529411765,225.1,226.4347826086957,226.9584295612009,227.6969696969697,230.375,238.3787878787879,241.7735849056603
229.2812499999999,230.1111570325673,224.9411764705882,225.02,226.3478260869565,226.9561200923787,227.6666666666667,230.4,238.3181818181818,241.7924528301886
229.4062499999999,230.014382839019,225,224.94,226.2608695652174,226.9538106235566,227.6363636363636,230.425,238.2575757575758,241.811320754717
229.5312499999999,229.9176086454706,225.0588235294118,224.86,226.1739130434783,226.9515011547344,227.6060606060606,230.45,238.1969696969697,241.8301886792453
229.6562499999999,229.8208344519222,225.1176470588235,224.78,226.0869565217391,226.9491916859122,227.5757575757576,230.475,238.1363636363637,241.8490566037735
229.7777777777777,229.7240602583738,225.1764705882353,224.7,226,226.94688221709,227.5454545454545,230.5,238.0757575757576,241.8679245283018
229.8888888888888,229.6272860648254,225.235294117647,224.62,225.988326848249,226.9445727482679,227.5151515151515,230.525,238.0151515151516,241.8867924528302
229.9999999999999,229.530511871277,225.2045454545455,224.54,225.976653696498,226.9422632794457,227.4848484848485,230.55,237.9545454545455,241.9056603773585
230.1111111111111,229.4337376777286,225.1439393939394,224.46,225.9649805447471,226.9399538106235,227.4545454545455,230.575,237.8939393939394,241.9245283018868
230.0454545454545,229.3369634841802,225.0833333333333,224.38,225.9533073929961,226.9376443418014,227.4242424242424,230.6,237.8333333333333,241.9433962264151
229.9545454545454,229.2401892906319,225.0227272727273,224.3,225.9416342412451,226.9428571428571,227.3939393939394,230.625,237.7727272727273,241.9622641509434
229.8636363636363,229.1434150970834,224.9621212121212,224.22,225.9299610894942,226.9485714285714,227.3636363636363,230.65,237.7121212121212,241.9811320754717
229.7727272727272,229.0466409035351,224.9015151515152,224.14,225.9182879377432,226.9542857142857,227.3333333333333,230.675,237.6515151515152,242
229.6818181818181,228.9498667099867,224.8409090909091,224.06,225.9066147859922,226.96,227.3030303030303,230.7,237.5909090909091,241.5263157894737
229.590909090909,228.8711670375541,224.780303030303,224.0071428571429,225.8949416342412,226.9657142857143,227.2727272727273,230.725,237.5303030303031,241.0526315789473
229.4999999999999,228.9336670375541,224.719696969697,224.0357142857143,225.8832684824903,226.9714285714286,227.2644628099173,230.75,237.469696969697,240.578947368421
229.4090909090909,228.9961670375541,224.6590909090909,224.0642857142857,225.8715953307393,226.9771428571428,227.3223140495868,230.775,237.4090909090909,240.1052631578947
229.3181818181818,229.0586670375541,224.5984848484848,224.0928571428572,225.8599221789883,226.9828571428571,227.3801652892562,230.8,237.3484848484849,239.7567567567567
229.2272727272727,229.1211670375541,224.5378787878788,224.1214285714286,225.8482490272374,226.9885714285714,227.4380165289256,230.825,237.2878787878788,239.7837837837837
229.1363636363636,229.1836670375541,224.4772727272727,224.15,225.8365758754863,226.9942857142857,227.4958677685951,230.85,237.2272727272727,239.8108108108108
229.0454545454545,229.2461670375541,224.4166666666667,224.1785714285714,225.8249027237354,227,227.5537190082645,230.875,237.1666666666667,239.8378378378378
228.9545454545454,229.3086670375541,224.3560606060606,224.2071428571429,225.8132295719844,226.9917355371901,227.6115702479339,230.9,237.1060606060606,239.8648648648648
228.8636363636363,229.2204631376368,224.2954545454545,224.2357142857143,225.8015564202335,226.9834710743802,227.6694214876033,230.925,237.0454545454545,239.8918918918919
228.7727272727272,229.1266200987891,224.2307692307693,224.2642857142857,225.7898832684825,226.9752066115703,227.7272727272727,230.95,236.9848484848485,239.9189189189189
228.5192307692307,229.0327770599415,224.1538461538462,224.2928571428571,225.7782101167315,226.9669421487603,227.7851239669421,230.975,236.9242424242424,239.9459459459459
228.2115384615384,228.9389340210938,224.0769230769231,224.3214285714286,225.7665369649806,226.9586776859504,227.8429752066116,231,236.8636363636364,239.972972972973
227.9038461538461,228.8450909822461,224,224.35,225.7548638132296,226.9504132231405,227.900826446281,230.9,236.8030303030303,240
227.5961538461538,228.7512479433985,223.923076923077,224.3785714285714,225.7431906614786,226.9421487603306,227.9586776859504,230.8,236.7424242424242,240.0612244897959
227.2884615384615,228.6574049045508,223.8461538461539,224.4071428571428,225.7315175097276,226.9338842975207,228.0165289256198,230.7,236.6818181818182,240.1224489795918
226.9807692307692,228.5635618657031,223.7692307692308,224.4357142857143,225.7198443579766,226.9256198347108,228.0743801652893,230.6,236.6212121212121,240.1836734693877
226.6718749999999,228.4697188268554,223.6923076923077,224.4642857142857,225.7081712062257,226.9173553719008,228.1322314049587,230.5,236.5606060606061,240.2448979591837
226.3593749999999,228.3758757880077,223.6153846153846,224.4928571428571,225.6964980544747,226.9090909090909,228.1900826446281,230.4,236.5,240.3061224489796
226.0468749999999,228.2820327491601,223.5384615384615,224.5214285714286,225.6848249027237,226.900826446281,228.2479338842975,230.3,235.7105263157895,240.3673469387755
225.7343749999999,228.1881897103124,223.4615384615385,224.55,225.6731517509727,226.8925619834711,228.3057851239669,230.2,234.921052631579,240.4285714285714
225.4218749999999,228.0943466714647,223.3846153846154,224.5785714285714,225.6614785992218,226.8842975206612,228.3636363636364,230.1,234.1315789473684,240.4897959183673
225.1093749999999,228.0019839556304,223.3076923076923,224.6071428571429,225.6498054474708,226.8760330578513,228.4214876033058,230,233.3421052631579,240.5510204081632
225.0160940361493,227.9346434739568,223.2307692307692,224.6357142857143,225.6381322957198,226.8677685950414,228.4793388429752,229.9,232.8333333333333,240.6122448979592
224.9315331634684,227.8673029922833,223.1538461538462,224.6642857142857,225.6264591439688,226.8595041322315,228.5371900826447,229.8,233.1666666666667,240.6734693877551
224.8469722907874,227.7999625106098,223.0769230769231,224.6928571428571,225.6332288401254,226.8512396694215,228.595041322314,229.7,233.5,240.734693877551
224.7624114181065,227.7326220289362,223,224.7214285714286,225.6426332288401,226.8429752066116,228.6528925619835,229.6,233.8333333333334,240.6428571428571
224.6778505454255,227.6652815472627,223.0285714285714,224.75,225.6520376175548,226.8347107438017,228.7107438016529,229.5,234.1666666666667,240.4999999999999
224.6603773584905,227.5979410655891,223.0571428571428,224.7785714285714,225.6614420062696,226.8264462809918,228.7685950413223,229.4,234.5,240.3571428571428
224.7547169811321,227.5306005839156,223.0857142857143,224.8071428571429,225.6708463949843,226.8181818181818,228.8264462809917,229.3,234.8333333333334,240.2142857142857
224.8490566037736,227.4632601022421,223.1142857142857,224.8357142857143,225.680250783699,226.8099173553719,228.8842975206611,229.2,235.1666666666667,240.0714285714285
224.943396226415,227.3959196205685,223.1428571428571,224.8642857142857,225.6896551724138,226.801652892562,228.9421487603306,229.1,235.5,239.9285714285714
225.0377358490566,227.328579138895,223.1714285714286,224.8928571428571,225.6990595611285,226.7933884297521,229,229,235.8333333333334,239.7857142857142
225.1320754716981,227.2612386572215,223.2,224.9214285714286,225.7084639498432,226.7851239669422,228.9361702127659,229.0555555555556,236.1666666666667,239.7118644067796
225.2264150943396,227.1938981755479,223.2285714285714,224.95,225.717868338558,226.7768595041323,228.8723404255319,229.1111111111111,236.2714285714286,239.6610169491525
225.1923076923076,227.1265576938744,223.2571428571429,224.9785714285714,225.7272727272727,226.7685950413224,228.8085106382979,229.1666666666667,236.3,239.6101694915254
225.1153846153846,227.0210957272248,223.2857142857143,224.9861111111111,225.7366771159874,226.7603305785125,228.7446808510638,229.2222222222222,236.3285714285715,239.5593220338983
225.0384615384615,226.8068100129391,223.3142857142857,224.9305555555555,225.7460815047021,226.7520661157025,228.6808510638298,229.2777777777778,236.3571428571428,239.5084745762711
224.9615384615384,226.5925242986534,223.3428571428572,224.875,225.7554858934169,226.7500000000001,228.6170212765958,229.3333333333333,236.3857142857143,239.457627118644
224.8846153846153,226.3782385843677,223.3714285714286,224.8194444444445,225.7648902821317,226.7500000000001,228.5531914893617,229.3888888888889,236.4142857142857,239.4067796610169
224.8076923076923,226.163952870082,223.4,224.7638888888889,225.7742946708464,226.7500000000001,228.4893617021277,229.4444444444445,236.4428571428572,239.3559322033898
224.7307692307692,225.9496671557962,223.4285714285714,224.7083333333333,225.7836990595611,226.7500000000001,228.4255319148936,229.5,236.4714285714286,239.3050847457627
224.6538461538461,225.7354685065081,223.4571428571429,224.6527777777778,225.7931034482758,226.7500000000001,228.3617021276596,229.5555555555555,236.5,239.2542372881356
224.576923076923,225.545566459257,223.4857142857143,224.5972222222222,225.8025078369906,226.7500000000001,228.2978723404255,229.6111111111111,236.4615384615385,239.2033898305085
224.4999999999999,225.3556644120059,223.5142857142857,224.5416666666667,225.8119122257053,226.7500000000001,228.2363456790123,229.6666666666667,236.4230769230769,239.1525423728813
224.4230769230769,225.2907034904605,223.5428571428571,224.4861111111111,225.82131661442,226.7500000000001,228.1817283950618,229.7222222222222,236.3846153846154,239.1016949152542
224.3461538461538,225.3424123308982,223.5714285714286,224.4305555555555,225.8307210031348,226.7500000000001,228.1271111111111,229.7777777777778,236.3461538461538,239.0508474576271
224.2692307692307,225.3941211713359,223.6,224.375,225.8401253918495,226.7500000000001,228.0724938271605,229.8333333333333,236.3076923076923,239
224.1290322580645,225.4458300117735,223.6285714285714,224.3194444444445,225.8495297805642,226.7500000000001,228.0178765432099,229.8888888888889,236.2692307692307,238.9
223.9677419354838,225.4975388522112,223.6571428571428,224.2638888888889,225.858934169279,226.7500000000001,227.8709677419355,229.9444444444445,236.2307692307693,238.8
223.8064516129032,225.5492476926489,223.6857142857143,224.2083333333333,225.8683385579937,226.7500000000001,227.5806451612903,230,236.1923076923077,238.7
223.6451612903225,225.6009565330866,223.7142857142857,224.1527777777778,225.8777429467085,226.7500000000001,227.2903225806452,230.0588235294118,236.1538461538462,238.6
223.5454545454545,225.6526653735243,223.7428571428572,224.0972222222222,225.8871473354232,226.7500000000001,227,230.1176470588235,236.1153846153846,238.5
223.4545454545454,225.704374213962,223.7714285714286,224.0416666666667,225.8965517241379,226.7500000000001,227.1186440677966,230.1764705882353,236.0769230769231,238.4
223.3636363636363,225.5433702711685,223.8,224.0277777777778,225.9059561128527,226.7500000000001,227.2372881355932,230.235294117647,236.0384615384615,238.3
223.2727272727273,225.0433702711686,223.8285714285714,224.1388888888889,225.9153605015674,226.7500000000001,227.3559322033898,230.2941176470588,236,238.2
223.1818181818181,224.5433702711685,223.8571428571429,224.25,225.9247648902821,226.7500000000001,227.4745762711864,230.3529411764706,235.9615384615385,238.1
223.090909090909,224.0433702711685,223.8857142857143,224.3611111111111,225.9341692789969,226.7500000000001,227.5932203389831,230.4117647058824,235.9230769230769,238
223,223.8746744990988,223.9142857142857,224.4722222222222,225.9435736677116,226.7500000000001,227.7118644067797,230.4705882352941,235.8846153846154,238
222.9090909090909,223.7832996657655,223.9428571428571,224.5833333333333,225.9529780564263,226.7045454545455,227.8305084745763,230.5294117647059,235.8461538461538,238
222.8181818181818,223.6919248324322,223.9714285714286,224.6944444444445,225.9623824451411,226.6439393939394,227.9491525423729,230.5882352941177,235.8076923076923,238
222.6874999999999,223.600549999099,224,224.8055555555555,225.9717868338558,226.5833333333334,228.0677966101695,230.6470588235294,235.7692307692308,238
222.4374999999999,223.5091751657657,223.9184549356223,224.9166666666667,225.9811912225705,226.5227272727273,228.1864406779661,230.7058823529412,235.7307692307692,238
222.1874999999999,223.4246147401659,223.8369098712446,224.9642857142857,225.9905956112853,226.4621212121212,228.3050847457627,230.764705882353,235.6923076923077,238
221.9374999999999,223.3438337339813,223.755364806867,224.8214285714286,226,226.4015151515152,228.4237288135593,230.8235294117647,235.6538461538462,238
221.6874999999999,223.2630527277966,223.6738197424893,224.6785714285714,225.9423076923077,226.3409090909091,228.5423728813559,230.8823529411765,235.6153846153846,238
221.4374999999999,223.182271721612,223.5922746781116,224.5357142857143,225.8846153846154,226.2803030303031,228.6610169491526,230.9411764705882,235.5769230769231,238
221.1874999999999,223.1014907154274,223.5107296137339,224.3928571428571,225.8269230769231,226.2196969696971,228.7425742574258,231,235.5384615384615,238
220.9374999999999,223.0207097092427,223.4291845493562,224.25,225.7692307692308,226.159090909091,228.7128712871287,230.9206349206349,235.5,238
220.7199999999999,222.9399287030581,223.3476394849786,224.1071428571429,225.7115384615385,226.0984848484849,228.6831683168317,230.8412698412698,235.4333333333333,238
220.6,222.8591476968735,223.2660944206008,223.9642857142857,225.6538461538461,226.0378787878789,228.6534653465347,230.7619047619048,235.3666666666666,238
220.48,222.7783666906889,223.1845493562232,223.8214285714286,225.5961538461539,225.9772727272728,228.6237623762376,230.6825396825397,235.3,238
220.36,222.6975856845042,223.1030042918455,223.6785714285714,225.5384615384615,225.9166666666667,228.5940594059406,230.6031746031746,235.2333333333333,238
220.2399999999999,222.6168046783196,223.0214592274678,223.5357142857143,225.4807692307692,225.8560606060607,228.5643564356436,230.5238095238095,235.1666666666667,237.75
220.12,222.536023672135,222.9399141630901,223.3928571428571,225.4230769230769,225.7954545454546,228.5346534653465,230.4444444444445,235.1,237.5
219.9999999999999,222.4552426659504,222.8583690987124,223.25,225.3653846153846,225.7348484848486,228.5049504950495,230.3650793650794,235.0333333333334,237.25
219.8799999999999,222.3744616597658,222.7768240343348,223.1071428571429,225.3076923076923,225.6742424242425,228.4752475247525,230.2857142857143,234.9666666666667,237
219.7599999999999,222.2936806535811,222.6952789699571,222.96875,225.25,225.6136363636364,228.4455445544554,230.2063492063492,234.9,236.75
219.6399999999999,222.2128996473965,222.6137339055794,222.84375,225.1923076923077,225.5530303030304,228.4158415841584,230.1269841269841,234.8333333333333,236.5
219.5199999999999,222.1372298554965,222.5321888412017,222.71875,225.1346153846154,225.4924242424243,228.3861386138614,230.0476190476191,234.7666666666667,236.25
219.3999999999999,222.0705631888299,222.4506437768241,222.59375,225.0769230769231,225.4318181818182,228.3564356435643,229.968253968254,234.7,236
219.2799999999999,222.0038965221632,222.3690987124463,222.46875,225.0192307692308,225.3712121212122,228.3267326732673,229.8888888888889,234.6333333333333,236.0857142857143
219.0999999999999,221.9372298554965,222.2875536480687,222.34375,224.9615384615385,225.3106060606061,228.2970297029703,229.8095238095238,234.5666666666667,236.1714285714286
218.8999999999999,221.8705631888298,222.206008583691,222.21875,224.9038461538461,225.2500000000001,228.2673267326733,229.7232142857143,234.5,236.2571428571428
218.6999999999999,221.8038965221632,222.1244635193133,222.09375,224.8461538461539,225.189393939394,228.2376237623762,229.6160714285714,234.3666666666667,236.3428571428571
218.4999999999999,221.7372298554965,222.0429184549356,221.9444444444445,224.7884615384615,225.1287878787879,228.2079207920792,229.5089285714286,234.2333333333333,236.4285714285714
218.3,221.5541820575721,221.9613733905579,221.7222222222223,224.7307692307692,225.0681818181819,228.1782178217822,229.4017857142857,234.1,236.5142857142857
218.1,221.3110269814241,221.8798283261802,221.5,224.6730769230769,225.0075757575758,228.1485148514851,229.2946428571428,233.9666666666666,236.6
217.8999999999999,221.0678719052761,221.7982832618026,221.2777777777778,224.6153846153846,224.9469696969697,228.1188118811881,229.1875,233.8333333333333,236.6857142857142
217.6999999999999,220.824716829128,221.7167381974249,221.0555555555556,224.5576923076923,224.8863636363637,228.0891089108911,229.0803571428572,233.7,236.7083333333333
217.4999999999999,220.58156175298,221.6351931330472,220.8333333333333,224.5,224.8257575757576,228.059405940594,228.9732142857143,233.5666666666667,236.5416666666666
217.3,220.338406676832,221.5536480686695,220.6111111111111,224.4423076923077,224.7651515151516,228.0297029702971,228.8660714285714,233.4333333333333,236.3749999999999
217.0999999999999,220.0952516006839,221.4721030042919,220.3888888888889,224.3846153846154,224.7329545454546,228,228.7589285714286,233.3,236.2083333333333
216.8999999999999,219.9008093861935,221.3905579399142,220.1666666666667,224.3269230769231,224.7102272727273,227.8846153846154,228.6517857142857,233.1666666666667,236.0416666666666
216.6999999999999,219.7649385886963,221.3090128755365,220.0564516129032,224.2692307692308,224.6875000000001,227.7692307692308,228.5446428571429,233.0333333333333,235.8749999999999
216.4999999999999,219.629067791199,221.2274678111588,220.2822580645161,224.2115384615385,224.6647727272728,227.6538461538461,228.4375,232.9,235.6874999999999
216.2999999999999,219.4931969937018,221.1459227467811,220.508064516129,224.1538461538461,224.6420454545455,227.5384615384615,228.3303571428571,232.7666666666667,235.4374999999999
216.1874999999999,219.3573261962045,221.0643776824035,220.7338709677419,224.0961538461539,224.6193181818182,227.4230769230769,228.2232142857143,232.6333333333333,235.1875
216.1041666666666,219.2214553987073,220.9828326180258,220.9596774193548,224.0384615384615,224.5965909090909,227.3076923076923,228.1160714285714,232.5,234.9374999999999
216.0208333333333,219.08558460121,220.901287553648,221.1854838709677,223.9807692307692,224.5738636363637,227.1923076923077,228.0089285714286,232.3235294117647,234.6874999999999
215.9374999999999,218.9497138037128,220.8197424892704,221.4112903225806,223.9230769230769,224.5511363636364,227.0769230769231,227.9017857142857,232.1470588235294,234.4374999999999
215.8541666666666,218.8138430062155,220.7381974248927,221.6370967741935,223.8653846153846,224.5284090909092,226.9615384615385,227.7946428571429,231.9705882352941,234.1874999999999
215.7708333333333,218.6779722087182,220.656652360515,221.69,223.8076923076923,224.5056818181819,226.8461538461539,227.6875,231.7941176470588,233.9374999999999
215.3749999999999,218.542101411221,220.5751072961373,221.57,223.75,224.4829545454546,226.7307692307692,227.5803571428571,231.6176470588235,233.6874999999999
214.8749999999999,218.4062306137237,220.4935622317597,221.45,223.6923076923077,224.4602272727273,226.6153846153846,227.4732142857143,231.4411764705882,233.4374999999999
214.3749999999999,218.2703598162265,220.412017167382,221.33,223.6346153846154,224.4375000000001,226.5,227.3660714285714,231.264705882353,233.1874999999999
214.1346153846153,218.1344890187293,220.3304721030043,221.21,223.5769230769231,224.4147727272728,226.3846153846154,227.2589285714286,231.0882352941177,232.9374999999999
213.9807692307692,217.9723723723723,220.2489270386266,221.09,223.5192307692308,224.3920454545455,226.2692307692308,227.1517857142857,230.9117647058823,232.6874999999999
213.826923076923,217.8057057057056,220.1673819742489,220.9772727272727,223.4615384615385,224.3693181818182,226.1538461538462,227.0446428571429,230.7352941176471,232.4374999999999
213.6730769230768,217.639039039039,220.0858369098713,220.8863636363636,223.4038461538461,224.346590909091,226.0384615384615,226.9375,230.5588235294118,232.2075471698113
213.5192307692307,217.4723723723723,220.0042918454936,220.7954545454545,223.3461538461539,224.3238636363637,225.9230769230769,226.8303571428571,230.3823529411765,232.0377358490566
213.3653846153846,217.3057057057056,219.9227467811159,220.7045454545455,223.2884615384615,224.3011363636364,225.8076923076923,226.7310606060606,230.2058823529412,231.8679245283018
213.2749999999999,217.139039039039,219.8412017167382,220.6136363636364,223.2307692307692,224.2784090909092,225.6923076923077,226.655303030303,230.0294117647059,231.6981132075472
213.3749999999999,216.9723723723723,219.7596566523605,220.5227272727273,223.1730769230769,224.2556818181819,225.5769230769231,226.5795454545455,229.8529411764706,231.5283018867924
213.475,216.8057057057057,219.6781115879828,220.4318181818182,223.1153846153846,224.1607142857143,225.4615384615385,226.5037878787879,229.6764705882353,231.3584905660377
213.5749999999999,216.639039039039,219.5965665236052,220.3409090909091,223.0576923076923,224.0416666666667,225.3461538461538,226.4280303030303,229.5,231.188679245283
213.675,216.4723723723723,219.5150214592275,220.25,223,223.9226190476191,225.2307692307692,226.3522727272727,229.4047619047619,231.0188679245283
213.6388888888888,216.3102442750685,219.4334763948498,220.1590909090909,222.8928571428571,223.8035714285715,225.1153846153846,226.2765151515151,229.3095238095238,230.8490566037736
213.1944444444444,216.1790551576468,219.3519313304721,220.0681818181818,222.7857142857143,223.6845238095239,225,226.2007575757576,229.2142857142857,230.6792452830189
212.7499999999999,216.047866040225,219.2703862660944,219.9527027027027,222.6785714285714,223.5654761904763,225,226.125,229.1190476190476,230.5094339622641
212.3055555555555,215.9166769228033,219.1125,219.7635135135135,222.5714285714286,223.4464285714286,225,226.0492424242424,229.0238095238095,230.3396226415094
211.8611111111111,215.7854878053815,218.9291666666667,219.5743243243243,222.4642857142857,223.327380952381,225,225.9734848484849,228.9285714285714,230.1698113207547
211.5624999999999,215.6542986879597,218.7458333333333,219.3851351351352,222.3571428571429,223.2083333333334,225,225.8977272727273,228.8333333333334,230
211.3124999999999,215.523109570538,218.5625,219.1959459459459,222.25,223.0892857142858,225,225.8219696969697,228.7380952380952,229.875
211.0624999999999,215.3919204531163,218.3791666666667,219.0067567567568,222.1428571428571,222.9702380952382,225,225.7462121212121,228.6428571428571,229.75
210.8124999999999,215.2607313356945,218.1958333333333,218.8175675675676,222.0357142857143,222.8511904761905,225,225.6704545454545,228.547619047619,229.625
210.5624999999999,215.1295422182727,218.0125,218.6283783783784,221.9285714285714,222.7321428571429,225,225.5946969696969,228.452380952381,229.5
210.3124999999999,214.9915139697007,217.8291666666667,218.4391891891892,221.8214285714286,222.6130952380953,224.6666666666667,225.5189393939394,228.3571428571429,229.375
210.1346153846153,214.7937119239926,217.6458333333333,218.25,221.7142857142857,222.4940476190477,224.3333333333334,225.4431818181818,228.2619047619048,229.25
209.9807692307692,214.5959098782845,217.4625,218.1166666666667,221.6071428571429,222.3750000000001,224,225.3674242424242,228.1666666666667,229.125
209.826923076923,214.3981078325764,217.2791666666666,217.9833333333333,221.5,222.2559523809524,223.6666666666667,225.2916666666667,228.0714285714286,229
209.6730769230768,214.2003057868683,217.0958333333334,217.85,221.3928571428571,222.1369047619048,223.3333333333333,225.2159090909091,227.9761904761905,228.875
209.5192307692307,214.0025037411602,216.9125,217.7166666666667,221.2857142857143,222.0178571428572,223,225.1401515151515,227.8809523809524,228.75
209.3653846153846,213.8047016954522,216.7291666666667,217.5833333333333,221.1785714285714,221.8988095238096,222.9285714285714,225.0643939393939,227.7857142857143,228.625
209.2065217391304,213.6068996497441,216.5458333333333,217.45,221.0714285714286,221.779761904762,222.8571428571429,224.9886363636364,227.6904761904762,228.5
209.0326086956521,213.409097604036,216.3625,217.3166666666667,220.9642857142857,221.659090909091,222.7857142857143,224.9128787878788,227.5952380952381,228.375
208.8586956521739,213.2112955583279,216.1791666666667,217.1581632653061,220.8571428571428,221.5378787878788,222.7142857142857,224.8371212121212,227.5,228.25
208.6847826086956,213.0134935126198,215.9958333333333,216.9744897959184,220.75,221.4166666666667,222.6428571428571,224.7613636363636,227.3666666666667,228.125
208.5108695652173,212.8156914669118,215.8125,216.7908163265306,220.6428571428572,221.2954545454546,222.5714285714286,224.6856060606061,227.2333333333333,228
208.3369565217391,212.6368189566168,215.6291666666667,216.6071428571429,220.5357142857143,221.1742424242425,222.5,224.6098484848485,227.1,227.9
208.1630434782608,212.4668839988512,215.4458333333333,216.4234693877551,220.4285714285714,221.0530303030304,222.4285714285714,224.5340909090909,226.9666666666667,227.8
207.9891304347825,212.2969490410856,215.2625,216.2397959183673,220.3214285714286,220.9318181818182,222.3571428571429,224.4583333333333,226.8333333333333,227.7
207.8152173913043,212.1270140833199,215.0791666666667,216.0561224489796,220.2142857142857,220.8106060606061,222.2857142857143,224.3825757575758,226.7,227.6
207.641304347826,211.9570791255543,214.8958333333333,215.8724489795918,220.1071428571429,220.689393939394,222.2142857142857,224.3068181818182,226.5666666666667,227.5
207.4673913043478,211.7618936680227,214.7125,215.6887755102041,220,220.5681818181819,222.1428571428571,224.2142857142857,226.4333333333333,227.4
207.2934782608695,211.547607953737,214.5291666666667,215.5051020408163,219.8235294117647,220.4469696969697,222.0714285714286,224.0714285714286,226.3,227.3
206.9615384615384,211.3333222394513,214.3458333333333,215.3214285714286,219.6470588235294,220.3257575757576,222,223.9285714285714,226.1666666666667,227.2
206.576923076923,211.1190365251656,214.1625,215.1377551020408,219.4705882352941,220.2045454545455,221.8666666666667,223.7857142857143,226.0333333333333,227.1
206.1923076923076,210.9047508108799,213.9791666666667,214.9895833333333,219.2941176470588,220.0833333333334,221.7333333333333,223.6428571428571,225.9,227
205.8076923076923,210.6904650965942,213.7958333333333,214.9479166666667,219.1176470588235,219.9621212121213,221.6,223.5,225.7666666666667,226.9333333333333
205.4230769230768,210.397383174532,213.6666666666667,214.90625,218.9411764705882,219.8409090909092,221.4666666666667,223.3571428571428,225.6333333333333,226.8666666666667
205.0384615384615,209.931738290168,213.5555555555555,214.8645833333333,218.7647058823529,219.7222222222223,221.3333333333334,223.2142857142857,225.5,226.8
204.6249999999999,209.4660934058039,213.4444444444444,214.8229166666667,218.5882352941176,219.6111111111112,221.2,223.0714285714286,225.2857142857143,226.7333333333333
204.1249999999999,209.0830667540789,213.3333333333333,214.78125,218.4117647058824,219.5000000000001,221.0666666666667,222.9285714285714,225.0714285714286,226.6666666666667
203.6249999999999,208.8347352304475,213.2222222222222,214.7395833333333,218.2352941176471,219.3888888888889,220.9333333333333,222.7857142857143,224.8571428571428,226.6
203.2142857142857,208.5864037068162,213.1111111111111,214.6979166666667,218.0588235294118,219.2777777777778,220.8,222.6428571428572,224.6428571428572,226.5333333333333
203.0714285714285,208.3380721831849,213,214.65625,217.8823529411765,219.1666666666667,220.6666666666667,222.5,224.4285714285714,226.4666666666667
202.9285714285714,208.0897406595536,212.9,214.6145833333333,217.7058823529412,219.0555555555556,220.5333333333333,222.3571428571429,224.2142857142857,226.4
202.7857142857142,207.8414091359223,212.8,214.5729166666667,217.5294117647059,218.9444444444445,220.4,222.2142857142857,224,226.3333333333333
202.6428571428571,207.593077612291,212.7,214.53125,217.3529411764706,218.8333333333334,220.2666666666667,222.0714285714286,223.7857142857143,226.2666666666667
202.4999999999999,207.3436918418569,212.6,214.4895833333333,217.1764705882353,218.7222222222223,220.1333333333333,221.9285714285714,223.5714285714286,226.2
202.3571428571428,207.0928915124216,212.5,214.4479166666667,217,218.6111111111111,220,221.7857142857143,223.3571428571429,226.1333333333333
202.0833333333333,206.8420911829863,212.4,214.40625,216.9411764705882,218.5000000000001,219.8641975308642,221.6756756756757,223.1428571428571,226.0666666666667
201.4166666666666,206.5912908535511,212.3,214.3645833333333,216.8823529411765,218.3888888888889,219.7283950617284,221.5765765765766,222.9285714285714,226
200.7499999999999,206.3404905241158,212.2,214.3229166666667,216.8235294117647,218.2777777777778,219.5925925925926,221.4774774774775,222.7142857142857,225.875
200.1944444444444,206.0896901946805,212.1,214.28125,216.7647058823529,218.1666666666667,219.4567901234568,221.3783783783784,222.5,225.75
199.9722222222221,205.8388898652452,212,214.2395833333333,216.7058823529412,218.0555555555556,219.320987654321,221.2792792792793,222.4333333333333,225.625
199.7499999999999,205.58808953581,211.9,214.1979166666667,216.6470588235294,217.9444444444445,219.1851851851852,221.1801801801802,222.3666666666667,225.5
199.5277777777777,205.3372892063747,211.8,214.15625,216.5882352941177,217.8333333333334,219.0493827160494,221.0810810810811,222.3,225.375
199.3055555555555,205.0864888769394,211.7,214.1145833333333,216.5294117647059,217.7291666666667,218.9135802469136,220.981981981982,222.2333333333333,225.25
198.7999999999999,204.8356885475042,211.6,214.0729166666667,216.4705882352941,217.6458333333334,218.7777777777777,220.8828828828829,222.1666666666666,225.125
198.1999999999999,204.5848882180689,211.5,214.03125,216.4117647058823,217.5625000000001,218.6419753086419,220.7837837837838,222.1,225
197.6749999999999,204.3340878886336,211.4,213.9615384615385,216.3529411764706,217.4791666666667,218.7022058823529,220.6846846846847,222.0333333333333,224.7692307692308
197.3749999999999,204.0832875591984,211.3,213.8076923076923,216.2941176470588,217.3958333333334,218.7904411764706,220.5855855855856,221.9666666666667,224.5384615384615
197.0749999999999,203.8324872297631,211.2,213.6538461538461,216.235294117647,217.3125000000001,218.8786764705882,220.4864864864865,221.9,224.3076923076923
196.7749999999999,203.6290090090089,211.1,213.5,216.1764705882353,217.2291666666667,218.9669117647059,220.3873873873874,221.8333333333333,224.0769230769231
196.4749999999999,203.429009009009,211,213.3461538461539,216.1176470588235,217.1458333333334,219.0551470588235,220.2882882882883,221.7666666666667,223.8461538461538
196.2120714347543,203.2290090090089,210.9,213.1923076923077,216.0588235294118,217.0625000000001,219.1433823529412,220.1891891891892,221.7,223.6153846153846
196.0603571737718,203.029009009009,210.8,213.0384615384615,216,216.9791666666667,219.2316176470588,220.0900900900901,221.6333333333333,223.3846153846153
195.9086429127893,202.829009009009,210.7,212.8846153846154,215.8888888888889,216.8958333333334,219.3198529411764,219.990990990991,221.5666666666667,223.1538461538461
195.7569286518069,202.6290090090089,210.6,212.7307692307692,215.7777777777778,216.8125000000001,219.3308823529412,219.8918918918919,221.5,222.9230769230769
195.6052143908244,202.429009009009,210.5,212.5769230769231,215.6666666666667,216.7216494845362,219.2132352941176,219.7927927927928,221.3235294117647,222.6666666666666
195.4535001298419,202.229009009009,210.4,212.4230769230769,215.5555555555555,216.6082474226805,219.0955882352941,219.6936936936937,221.1470588235294,222.3333333333333
195.3017858688594,202.029009009009,210.3,212.2692307692308,215.4444444444445,216.4948453608248,218.9779411764706,219.5945945945946,220.9705882352941,221.9999999999999
195.150071607877,201.829009009009,210.2,212.1153846153846,215.3333333333333,216.3814432989691,218.860294117647,219.4954954954955,220.7941176470588,221.6666666666666
194.9983573468944,201.629009009009,210.1,211.9797297297297,215.2222222222222,216.2680412371134,218.7426470588235,219.3963963963964,220.2812499999999,221.3333333333333
194.8466430859119,201.429009009009,210,211.8986486486486,215.1111111111111,216.1546391752578,218.625,219.2972972972973,219.6562499999999,220.9999999999999
194.6949288249295,201.229009009009,209.8421052631579,211.8175675675676,215,216.0412371134021,218.5073529411764,219.1981981981982,219.0312499999999,220.6666666666666
194.543214563947,201.0590733590733,209.6842105263158,211.7364864864865,214.8888888888889,215.9278350515464,218.3897058823529,219.0990990990991,218.4062499999999,220.3333333333333
194.3915003029645,200.9162162162162,209.5263157894737,211.6554054054054,214.7777777777778,215.8144329896908,218.2159090909091,219,218.0999999999999,219.9999999999999
194.239786041982,200.773359073359,209.3684210526316,211.5743243243243,214.6666666666667,215.7010309278351,218.0340909090909,218.8787878787879,217.9,219.6666666666666
194.0880717809995,200.6305019305019,209.2105263157895,211.4932432432432,214.5555555555555,215.5876288659794,217.8522727272727,218.7575757575758,217.7,219.3333333333333
193.9446227929373,200.4876447876447,209.0526315789473,211.4121621621622,214.4444444444445,215.4742268041238,217.6704545454545,218.6363636363636,217.4999999999999,218.85
193.8220973782771,200.3447876447876,208.8947368421053,211.3310810810811,214.3333333333333,215.3608247422681,217.4886363636363,218.5151515151515,217.3,218.3166666666666
193.6995719636168,200.1054054054053,208.7368421052632,211.25,214.2222222222222,215.2474226804124,217.3068181818182,218.3939393939394,217.1,217.7833333333332
193.5770465489566,199.6054054054054,208.5789473684211,211.05,214.1111111111111,215.1340206185567,217.125,218.2727272727273,216.9,217.2499999999999
193.4545211342964,199.1054054054054,208.421052631579,210.85,214,215.020618556701,216.9431818181818,218.1515151515151,216.7,216.7166666666666
193.3319957196361,198.6054054054054,208.2631578947368,210.65,213.8888888888889,214.9072164948454,216.7241379310344,218.030303030303,216.5,216.1833333333333
193.2094703049759,198.382462714277,208.1052631578947,210.45,213.7777777777778,214.7938144329897,216.4827586206897,217.9090909090909,216.4117647058823,215.6499999999999
193.0869448903156,198.280822316411,207.9473684210526,210.25,213.6666666666667,214.680412371134,216.2413793103448,217.7878787878788,216.3235294117647,215.1999999999999
192.9644194756554,198.1791819185451,207.7894736842105,210.05,213.5555555555555,214.5670103092784,216,217.6666666666667,216.235294117647,215
192.8418940609951,198.0775415206791,207.6315789473684,209.85,213.4444444444445,214.4536082474227,215.8,217.5454545454545,216.1470588235294,214.8
192.6333333333333,197.9759011228132,207.4736842105263,209.65,213.3333333333333,214.340206185567,215.6,217.4242424242424,216.0588235294117,214.6
192.1666666666666,197.8742607249472,207.3157894736842,209.45,213.2222222222222,214.2268041237113,215.4,217.3030303030303,215.9705882352941,214.4
191.7,197.7726203270813,207.1578947368421,209.25,213.1111111111111,214.1134020618557,215.2,217.1818181818182,215.8823529411764,214.2
191.2333333333333,197.6709799292154,207,209.05,213,214,215,217.0606060606061,215.7941176470588,214
