98.27777777777773,96.79017857142857,97.66071428571423,99.35714285714283,100.8382352941177,100.85,100.1666666666666,100.3392857142857,98.63235294117641,105.8333333333333
98.38888888888886,97.32589285714285,98.01785714285708,99.78571428571428,101.1911764705882,101.25,100.5,100.6964285714285,99.10294117647054,106.1666666666667
98.49999999999997,97.86160714285714,98.37499999999997,100.2142857142857,101.5441176470588,101.65,100.8333333333333,101.0535714285714,99.57352941176468,106.5
98.61111111111109,98.39732142857142,98.73214285714285,100.6428571428572,101.8970588235294,102.05,101.1666666666666,101.4107142857143,100.0441176470588,106.8333333333333
98.7222222222222,98.93303571428569,99.08928571428572,101.0714285714286,102.25,102.45,101.5,101.7678571428571,100.5147058823529,107.1666666666667
98.83333333333334,99.46874999999997,99.44642857142858,101.5,102.6029411764706,102.85,101.8333333333333,102.125,100.9852941176471,107.75
98.94444444444447,100.0044642857143,99.80357142857146,101.9285714285714,102.9558823529412,103.25,102.1666666666667,102.4821428571429,101.4558823529412,108.4166666666667
99.05555555555559,100.5401785714286,100.1607142857143,102.2916666666667,103.3088235294118,103.65,102.5,102.8461538461539,101.9264705882353,109.0833333333333
99.16666666666671,101.0443548387097,100.6000000000001,102.4583333333334,103.6617647058824,103.9886363636364,102.8333333333334,103.2307692307693,102.3970588235294,109.3382352941177
99.34210526315795,101.4959677419354,101.0666666666667,102.625,104.1666666666667,104.3068181818182,103.1666666666667,103.6153846153847,102.8269230769231,109.4558823529412
99.71052631578952,101.9475806451613,101.5333333333334,102.7916666666667,104.7222222222223,104.6250000000001,103.55,104.0000000000001,103.1346153846154,109.5735294117647
100.0789473684211,102.3991935483871,102,102.9583333333334,105.2777777777778,104.9431818181819,103.95,104.3846153846154,103.4423076923077,109.6911764705883
100.4473684210527,102.8508064516129,102.4666666666667,103.125,105.8333333333334,105.2613636363637,104.3500000000001,104.7692307692308,103.7500000000001,109.8088235294118
100.8157894736843,103.3024193548387,102.9333333333334,103.4166666666667,106.3166666666667,105.5795454545455,104.7500000000001,105.1538461538462,104.0576923076923,109.9264705882353
101.1842105263158,103.7540322580645,103.4,104.0833333333333,106.5833333333333,105.8977272727273,105.15,105.5800000000001,104.3653846153847,110.0441176470589
101.5526315789474,104.2056451612903,103.8333333333334,104.75,106.85,106.2159090909091,105.5500000000001,106.02,104.673076923077,110.1617647058824
101.921052631579,104.75,104.1666666666667,105.3125,107.1166666666667,106.534090909091,105.95,106.46,105.0909090909092,110.3333333333334
102.2894736842106,105.35,104.5,105.5625,107.3833333333334,106.8522727272728,106.3571428571429,106.9,105.5454545454546,110.6666666666667
102.6578947368422,105.9140625,104.8333333333334,105.8125,107.65,107.1704545454546,106.7857142857143,107.34,106,111
103.2083333333334,106.2265625,105.1666666666667,106.0625,107.9166666666667,107.5000000000001,107.2142857142858,107.7800000000001,106.4545454545455,111.3333333333334
103.8194444444445,106.5390625,105.5000000000001,106.3409090909091,108.1833333333334,107.8333333333334,107.6428571428572,108.22,106.9090909090909,111.6666666666667
104.4305555555556,106.8515625,105.8333333333334,106.7045454545455,108.5909090909091,108.1666666666667,108.0714285714286,108.6600000000001,107.3750000000001,112.125
105.0416666666667,107.1533333333333,106.1666666666667,107.0681818181818,109.0454545454546,108.5000000000001,108.5,109.1000000000001,107.875,112.625
105.6527777777778,107.38,106.5000000000001,107.4318181818182,109.5,108.8333333333334,108.9285714285715,109.54,108.375,113.125
106.2638888888889,107.6066666666666,106.8125,107.7954545454546,109.9545454545455,109.1666666666667,109.3333333333334,109.98,108.8750000000001,113.625
106.875,107.8333333333333,107.0625000000001,108.1590909090909,110.4090909090909,109.5,109.6666666666667,110.42,109.375,114.125
107.4861111111112,108.06,107.3125000000001,108.5833333333333,110.8125,109.8461538461539,110.0000000000001,110.8500000000001,109.8269230769231,114.625
108.0972222222223,108.2866666666667,107.5625,109.0277777777778,111.0625,110.2307692307693,110.3333333333334,111.25,110.1346153846154,115.125
108.6447368421053,108.5133333333333,107.8392857142858,109.4722222222222,111.3125,110.6153846153847,110.6666666666667,111.65,110.4423076923077,115.625
109.171052631579,108.74,108.1964285714286,109.9166666666667,111.5625,111.0000000000001,111,112.05,110.7500000000001,115.890625
109.6973684210527,108.9666666666667,108.5535714285715,110.2857142857143,111.8125,111.3846153846154,111.3333333333334,112.45,111.0576923076924,116.078125
110.2236842105263,109.1933333333334,108.9107142857143,110.4285714285715,112.0625,111.7692307692308,111.6666666666667,112.8500000000001,111.3653846153847,116.265625
110.75,109.6538461538462,109.2678571428572,110.5714285714286,112.3125,112.1538461538462,112,113.2500000000001,111.673076923077,116.453125
111.2763157894737,110.1923076923077,109.625,110.7142857142857,112.5625,112.3571428571429,112.3333333333334,113.65,112.1538461538462,116.640625
111.8026315789474,110.7307692307693,109.9821428571429,111,112.8125,112.5000000000001,112.6666666666667,114.05,112.6923076923077,116.828125
112.3289473684211,111.2692307692308,110.2941176470589,111.3333333333333,113.0625,112.6428571428572,113.0200000000001,114.45,113.2307692307693,117.015625
112.8552631578947,111.8076923076923,110.4705882352942,111.6666666666667,113.3125,112.85,113.3800000000001,114.85,113.7692307692308,117.203125
113.3235294117647,112.3461538461539,110.6470588235295,112,113.5625,113.25,113.74,115.25,114.3076923076923,117.5909090909091
113.6176470588236,112.875,110.8235294117648,112.3333333333333,113.84375,113.65,114.1000000000001,115.65,114.8461538461539,118.0454545454546
113.9117647058824,113.375,111.0000000000001,112.6666666666667,114.21875,114.05,114.4600000000001,116.05,115.3500000000001,118.5
114.2058823529412,113.875,111.1764705882353,113,114.59375,114.45,114.8200000000001,116.45,115.75,118.9545454545455
114.5,114.375,111.3529411764706,113.3125,114.96875,114.8235294117648,115.18,116.8353658536586,116.15,119.4090909090909
114.7941176470588,114.8035714285714,111.5294117647059,113.5625,115.3382352941177,115.1176470588236,115.54,117.1768292682927,116.55,119.8
115.0882352941177,115.0178571428572,111.7058823529412,113.8125,115.6911764705883,115.4117647058824,115.9,117.5182926829269,116.95,120
115.3823529411765,115.2321428571429,112.1875,114.0625,116.0441176470589,115.7058823529412,116.26,117.859756097561,117.3500000000001,120.2
115.6764705882353,115.4464285714286,112.7708333333334,114.3409090909091,116.3970588235294,116.0000000000001,116.62,118.2012195121952,117.7500000000001,120.4
116.1538461538462,115.6607142857143,113.3541666666667,114.7045454545455,116.75,116.2941176470589,116.98,118.5426829268293,118.15,120.6
116.6923076923077,115.875,113.9375,115.0681818181818,117.1029411764706,116.5882352941177,117.3518518518519,118.8841463414635,118.5714285714286,120.90625
117.2307692307692,116.0892857142857,114.5208333333334,115.4318181818182,117.4558823529412,116.8823529411765,117.7592592592593,119.2256097560976,119.0000000000001,121.53125
117.7692307692308,116.3214285714286,115.1041666666667,115.7954545454546,117.8088235294118,117.1764705882353,118.1666666666667,119.5670731707318,119.4285714285715,122.15625
118.3076923076923,116.6071428571429,115.4750000000001,116.1590909090909,118.1617647058824,117.5625000000001,118.5740740740741,119.9085365853659,119.8571428571429,122.78125
118.8461538461539,116.8928571428572,115.775,116.5657894736842,118.475,117.9791666666667,118.9814814814815,120.2500000000001,120.2857142857143,123.2708333333334
119.3088235294118,117.1785714285714,116.075,116.9868421052632,118.775,118.3958333333334,119.3888888888889,120.5914634146342,120.7142857142858,123.3541666666667
119.5441176470588,117.4642857142857,116.3750000000001,117.4078947368421,119.075,118.8125,119.7962962962963,120.9329268292683,121.1428571428572,123.4375
119.7794117647059,117.75,116.675,117.8289473684211,119.375,119.2291666666667,120.2037037037038,121.2743902439025,121.55,123.5208333333333
120.014705882353,118.0357142857143,116.9545454545455,118.25,119.675,119.6458333333334,120.6111111111112,121.6158536585366,121.95,123.6041666666667
120.25,118.425,117.2272727272728,118.671052631579,120.25,120.0625000000001,121.0185185185186,121.9573170731708,122.3500000000001,123.6875
120.4852941176471,119.125,117.5000000000001,119.0921052631579,120.9166666666667,120.4791666666667,121.425925925926,122.2987804878049,122.7500000000001,123.8611111111111
120.7205882352941,119.825,117.7727272727273,119.5131578947368,121.5833333333334,120.8958333333334,121.8333333333334,122.6402439024391,123.15,124.3055555555556
120.9558823529412,120.525,118.0454545454546,119.9342105263158,121.85,121.3125000000001,122.2407407407408,122.9817073170732,123.5500000000001,124.75
121.1911764705883,121.225,118.3281250000001,120.3166666666667,121.9833333333333,121.7291666666667,122.6481481481482,123.3231707317074,123.95,125.1944444444444
121.7857142857143,121.8,118.6406250000001,120.5833333333334,122.1166666666667,122.1458333333334,123.1718750000001,123.6646341463415,124.3437500000001,125.6388888888889
122.5,122,118.9531250000001,120.85,122.25,122.5108695652174,123.734375,124.0568181818182,124.7187500000001,126.0833333333333
123.2142857142857,122.2,119.2656250000001,121.1166666666667,122.3833333333333,122.858695652174,124.2968750000001,124.4659090909091,125.0937500000001,126.5277777777778
123.8125,122.4,119.5781250000001,121.3833333333334,122.5166666666667,123.2065217391305,124.859375,124.8750000000001,125.4687500000001,126.9722222222222
124.0625,122.6,119.8906250000001,121.65,122.65,123.554347826087,125.421875,125.284090909091,125.8437500000001,127.4166666666667
124.3125,122.8,120.2031250000001,121.9166666666667,122.8333333333334,123.9021739130435,125.9843750000001,125.6931818181819,126.2187500000001,127.8472222222222
124.5625,123,120.5156250000001,122.1833333333334,123.1666666666667,124.25,126.546875,126.1022727272728,126.59375,128.2361111111111
124.8125,123.2,120.9375,122.875,123.5,124.5978260869566,127.109375,126.5113636363637,126.9687500000001,128.625
125.0625,123.53125,121.6875,123.7083333333333,123.8333333333333,124.9456521739131,127.3035714285715,126.9204545454546,127.3472222222223,129.0138888888889
125.3125,123.90625,122.4375,124.5416666666667,124.1666666666667,125.2934782608696,127.3750000000001,127.3295454545455,127.7361111111112,129.4027777777777
125.5625,124.28125,123.1875,124.8125,124.5,125.6413043478261,127.4464285714286,127.7386363636364,128.1250000000001,129.7916666666666
125.859375,124.65625,123.8392857142857,124.8958333333334,124.8409090909091,125.9891304347826,127.5178571428572,128.1477272727273,128.5138888888889,130.1805555555555
126.296875,125.03125,124.1964285714286,124.9791666666667,125.2045454545455,126.359375,127.5892857142858,128.4750000000001,128.9027777777778,130.5694444444444
126.734375,125.40625,124.5535714285715,125.0625,125.5681818181818,126.796875,127.6607142857143,128.775,129.2916666666667,130.9583333333333
127.171875,125.78125,124.9107142857143,125.1458333333334,125.9318181818182,127.234375,127.7321428571429,129.075,129.6805555555556,131.3437499999999
127.609375,126.15625,125.2678571428572,125.2291666666667,126.2954545454546,127.671875,128.1250000000001,129.375,130.0694444444445,131.7187499999999
128.046875,126.5961538461539,125.625,125.5625,126.6590909090909,128.109375,128.6250000000001,129.675,130.4583333333334,132.09375
128.484375,127.0576923076923,125.9821428571429,125.9791666666667,127.0227272727273,128.546875,129.1250000000001,130,130.8437500000001,132.46875
128.921875,127.5192307692308,126.2666666666667,126.3958333333333,127.3863636363637,128.984375,129.6250000000001,130.3333333333334,131.2187500000001,132.8181818181818
129.3181818181818,127.9807692307693,126.3333333333334,126.8125,127.75,129.421875,130.1250000000001,130.6666666666667,131.5937500000001,133.0909090909091
129.5909090909091,128.4423076923077,126.4,127.2291666666667,128.1136363636364,129.8409090909091,130.6250000000001,131,131.9687500000001,133.3636363636364
129.8636363636364,128.9038461538462,126.4666666666667,127.6458333333334,128.4772727272727,130.2045454545455,131.1250000000001,131.3333333333334,132.34375,133.6363636363636
130.1363636363637,129.3076923076923,126.5333333333334,127.9807692307693,128.8461538461539,130.5681818181818,131.5227272727273,131.6666666666667,132.71875,133.9090909090909
130.4090909090909,129.5384615384616,126.6,128.2884615384615,129.2307692307693,130.9318181818182,131.8863636363637,132,133.09375,134.1818181818182
130.6818181818182,129.7692307692308,126.6666666666667,128.5961538461539,129.6153846153846,131.2954545454546,132.2500000000001,132.3333333333334,133.46875,134.25
131.03125,130,126.7333333333334,128.9038461538462,130,131.6590909090909,132.6136363636364,132.6666666666667,133.7727272727273,134.25
131.40625,130.2307692307693,127.125,129.2115384615385,130.3846153846154,131.975,132.9772727272727,133,133.8636363636364,134.25
131.78125,130.4615384615385,127.625,129.5192307692308,130.7692307692308,132.275,133.25,133.3333333333334,133.9545454545455,134.25
132.15625,130.6923076923077,128.125,129.8166666666667,131.1538461538462,132.575,133.25,133.6666666666667,134.0454545454546,134.25
132.53125,130.9473684210527,128.625,130.0833333333334,131.4642857142857,132.875,133.25,134,134.1363636363637,134.25
132.90625,131.2105263157895,129.125,130.35,131.75,133.175,133.25,134.3333333333334,134.2272727272727,134.3055555555556
133.28125,131.4736842105264,129.625,130.6166666666667,132.0357142857143,133.475,133.25,134.6666666666667,134.3181818181818,134.5277777777778
133.65625,131.7368421052632,130.125,130.8833333333334,132.35,133.775,133.3676470588235,135,134.4090909090909,134.75
134.03125,132,130.7692307692308,131.15,132.75,134.075,133.8382352941177,135.3295454545455,134.5,134.9722222222222
134.40625,132.2631578947369,131.4615384615385,131.4166666666667,133.15,134.375,134.3088235294118,135.6477272727273,134.5909090909091,135.1944444444445
134.78125,132.5263157894737,132.1538461538462,131.6833333333334,133.55,134.675,134.7794117647059,135.9659090909091,134.6818181818182,135.4166666666667
135.15625,132.7894736842105,132.8461538461539,131.975,133.95,135,135.25,136.2840909090909,134.8846153846154,135.6388888888889
135.4230769230769,133.0526315789474,133.5384615384615,132.275,134.3166666666667,135.3333333333334,135.7205882352941,136.6022727272727,135.4230769230769,135.8611111111111
135.6538461538462,133.3235294117647,134.2307692307693,132.575,134.5833333333333,135.6666666666667,136.1911764705883,136.9204545454546,135.9615384615385,136.0833333333334
135.8846153846154,133.6176470588235,134.7708333333334,132.875,134.85,136,136.6617647058824,137.2386363636364,136.5,136.3833333333334
136.1153846153846,133.9117647058824,134.8541666666667,133.175,135.1166666666667,136.3333333333333,137.1323529411765,137.5568181818182,137.0384615384615,136.9166666666667
136.3461538461539,134.2058823529412,134.9375,133.5909090909091,135.3833333333333,136.6666666666667,137.4107142857143,137.875,137.5769230769231,137.45
136.5769230769231,134.5,135.0208333333334,134.0454545454546,135.65,137,137.625,138.1931818181818,138.1153846153846,137.9833333333333
136.8076923076923,134.7941176470588,135.1041666666667,134.5,135.9166666666667,137.2916666666667,137.8392857142858,138.5113636363637,138.4078947368421,138.5166666666667
137.0384615384616,135.0882352941177,135.1875,134.9545454545455,136.1833333333333,137.4583333333334,138.0535714285714,138.764705882353,138.6184210526316,139.05
137.2692307692308,135.3823529411765,135.3392857142857,135.4090909090909,136.625,137.625,138.2678571428572,138.8235294117647,138.8289473684211,139.5833333333333
137.5,135.6764705882353,135.6964285714286,135.9,137.125,137.7916666666667,138.4821428571429,138.8823529411765,139.0394736842105,140.1166666666667
137.7307692307693,136,136.0535714285714,136.5,137.625,137.9583333333334,138.6964285714286,138.9411764705883,139.25,140.4375
137.9615384615385,136.3333333333333,136.4107142857143,137.1,138.125,138.125,138.9807692307693,139,139.4605263157895,140.6875
138.1923076923077,136.6666666666667,136.7678571428572,137.7,138.4375,138.3478260869566,139.2884615384615,139.0588235294118,139.671052631579,140.9375
138.5384615384615,137,137.125,138.3,138.6875,138.7391304347827,139.5961538461539,139.1176470588236,139.8815789473684,141.1875
138.9230769230769,137.3333333333334,137.4821428571429,138.7692307692308,138.9375,139.1304347826087,139.9038461538462,139.1764705882353,140.0921052631579,141.4375
139.3076923076923,137.6666666666667,137.8636363636364,138.8461538461539,139.1875,139.5217391304348,140.2115384615385,139.2352941176471,140.3375,141.6875
139.6923076923077,138,138.3181818181819,138.9230769230769,139.4375,139.9130434782609,140.5192307692308,139.475,140.6875,142
140.0769230769231,138.3333333333334,138.7727272727273,139,139.6875,140.304347826087,140.828125,139.775,141.0375,142.3333333333334
140.4615384615385,138.6666666666667,139.2272727272727,139.0769230769231,139.9375,140.6956521739131,141.140625,140.075,141.3875,142.6666666666667
140.8333333333333,138.9782608695652,139.6818181818182,139.1538461538462,140.1875,141.0869565217392,141.453125,140.375,141.7375,143
141.1666666666667,139.2826086956522,140.1363636363637,139.2307692307693,140.4375,141.4782608695652,141.765625,140.675,142.0875,143.3333333333334
141.5,139.5869565217392,140.4166666666667,139.4107142857143,140.6875,141.8695652173913,142.078125,140.975,142.4375,143.6666666666667
141.8333333333334,139.8913043478261,140.6388888888889,139.625,140.9609375,142.2608695652174,142.390625,141.275,142.7875,144
142.1666666666667,140.1956521739131,140.8611111111111,139.8392857142857,141.2421875,142.6521739130435,142.703125,141.575,143.1375,144.2672413793104
142.5,140.5000000000001,141.0833333333334,140.0535714285714,141.5234375,142.9107142857143,143.015625,141.875,143.4875,144.3362068965517
142.8333333333334,140.804347826087,141.3055555555556,140.2678571428572,141.8046875,143.125,143.25,142.175,143.8452380952381,144.4051724137931
143.1666666666667,141.1086956521739,141.5277777777778,140.4821428571429,142.0859375,143.3392857142857,143.25,142.4,144.2261904761905,144.4741379310345
143.4375,141.4130434782609,141.75,140.6964285714286,142.3671875,143.5535714285714,143.25,142.6,144.6071428571429,144.5431034482759
143.6875,141.7173913043478,141.9722222222223,141.0833333333334,142.6484375,143.7678571428572,143.25,142.8,144.9880952380952,144.6120689655173
143.9375,142.0217391304348,142.1944444444445,141.5277777777778,142.9296875,143.9821428571429,143.25,143,145.3690476190476,144.6810344827587
144.1875,142.3194444444445,142.4545454545455,141.9722222222222,143.2109375,144.1964285714286,143.25,143.2,145.75,144.75
144.4375,142.5972222222223,142.7272727272728,142.4166666666667,143.4921875,144.2916666666667,143.2916666666667,143.4,146.1309523809524,144.8189655172414
144.6875,142.875,143,142.8076923076923,143.7734375,144.3472222222223,143.4583333333333,143.6,146.5119047619048,144.8879310344828
144.9375,143.1527777777778,143.2727272727273,143.0384615384616,144.0546875,144.4027777777778,143.625,143.8541666666667,146.8928571428572,144.9568965517242
145.1875,143.4305555555556,143.5454545454546,143.2692307692308,144.3359375,144.4583333333334,143.7916666666667,144.2708333333334,147.2738095238095,145.0258620689656
145.5625,143.7083333333334,143.8181818181818,143.5,144.6171875,144.5138888888889,143.9583333333334,144.6875,147.654761904762,145.0948275862069
145.9791666666667,143.9861111111111,144.0909090909091,143.7307692307693,144.8984375,144.5694444444445,144.125,145.1041666666667,147.87,145.1637931034483
146.3958333333334,144.2638888888889,144.3636363636364,143.9615384615385,145.1796875,144.625,144.3472222222222,145.5208333333334,148.03,145.2327586206897
146.8125,144.5416666666667,144.6363636363637,144.1923076923077,145.3,144.6805555555556,144.7361111111111,145.9375,148.1900000000001,145.1666666666667
147.2291666666667,144.8181818181818,144.9090909090909,144.4264705882353,145.3666666666667,144.7361111111111,145.125,146.3125,148.35,145.0555555555556
147.6458333333334,145.0909090909091,145.1818181818182,144.6617647058824,145.4333333333333,145,145.5138888888889,146.5625,148.51,144.9444444444445
147.9,145.3636363636364,145.4705882352941,144.8970588235294,145.5,145.3333333333334,145.9027777777778,146.8125,148.67,144.8333333333333
148.1,145.6363636363637,145.764705882353,145.1323529411765,145.5666666666667,145.6666666666667,146.2916666666667,147.0625000000001,148.83,144.7916666666666
148.3,145.9090909090909,146.0588235294118,145.3676470588236,145.6333333333333,146,146.6805555555556,147.3125,148.99,144.9583333333333
148.5,146.1818181818182,146.3529411764706,145.6029411764706,145.7,146.3333333333334,147.0694444444445,147.5625,149.15,145.125
148.7,146.4545454545455,146.6470588235294,145.8382352941177,145.7884615384615,146.6666666666667,147.4583333333334,147.8125,149.31,145.2916666666666
148.9,146.7272727272727,146.9411764705883,146.0735294117648,145.9423076923077,146.90625,147.8055555555556,148.0625,149.47,145.4583333333333
149.1,147,147.2352941176471,146.3333333333334,146.0961538461538,147.1145833333334,148.0277777777778,148.3125,149.63,145.625
149.3,147.2727272727273,147.5294117647059,146.6666666666667,146.25,147.3229166666667,148.25,148.5625,149.8392857142858,145.8382352941176
149.5,147.5454545454546,147.7857142857143,147,146.4038461538462,147.53125,148.4722222222223,148.7777777777778,150.1964285714286,146.1911764705882
149.7,147.8125,147.9285714285714,147.3333333333334,146.5576923076923,147.7395833333334,148.6944444444445,148.8888888888889,150.5535714285714,146.5441176470588
149.9,148.0625,148.0714285714286,147.6666666666667,146.7115384615385,147.9479166666667,148.8804347826087,149,150.9107142857143,146.8970588235294
150.1,148.3125,148.2142857142858,147.8125,146.9078947368421,148.15625,149.054347826087,149.1111111111111,151.2678571428572,147.25
150.3095238095238,148.5625,148.3571428571429,147.8958333333334,147.1184210526316,148.3645833333334,149.2282608695652,149.2222222222222,151.625,147.6029411764706
150.5476190476191,148.8125,148.5,147.9791666666667,147.3289473684211,148.5729166666667,149.4021739130435,149.625,151.9821428571429,147.9558823529412
150.7857142857143,149.0625,148.6428571428572,148.0625,147.5394736842105,148.78125,149.5760869565217,150.125,152.3392857142857,148.3088235294118
151.0238095238095,149.3125,148.7857142857143,148.1458333333334,147.75,148.9895833333334,149.75,150.625,152.6964285714286,148.6617647058824
151.2619047619048,149.5625,148.9285714285715,148.2291666666667,147.9605263157895,149.1979166666667,149.9239130434783,151.125,153.0535714285715,149.0178571428572
151.5,149.8125,149.0714285714286,148.15,148.171052631579,149.25,150.0978260869566,151.625,153.4107142857143,149.375
151.7380952380953,150.0625,149.2142857142857,148.0166666666667,148.3815789473684,149.25,150.2717391304348,151.8478260869566,153.7678571428572,149.7321428571429
151.9761904761905,150.3125,149.3,147.8833333333334,148.5921052631579,149.25,150.4456521739131,151.9782608695652,154.125,150.0892857142857
152.2142857142858,150.5625,149.3666666666667,147.75,148.7666666666667,149.25,150.6195652173913,152.1086956521739,154.4821428571429,150.4464285714286
152.452380952381,150.775,149.4333333333334,147.6166666666667,148.8333333333333,149.25,150.7625,152.2391304347826,154.7678571428572,150.8035714285714
152.6904761904762,150.875,149.5,147.4833333333333,148.9,149.25,150.8125,152.3695652173913,154.8392857142858,151.1607142857143
152.9285714285715,150.975,149.5666666666667,147.35,148.9666666666667,149.25,150.8625,152.5,154.9107142857143,151.6590909090909
153.1666666666667,151.075,149.6333333333334,147.2666666666667,149.0333333333333,149.25,150.9125,152.6304347826087,154.9821428571429,152.2045454545455
153.4047619047619,151.175,149.7,147.3333333333334,149.1,149.25,150.9625,152.7608695652174,155.0535714285714,152.7500000000001
153.6428571428572,151.275,149.8068181818182,147.4,149.1666666666667,149.25,151.0125,152.8913043478261,155.125,153.2954545454546
153.8809523809524,151.375,150.0340909090909,147.4666666666667,149.2333333333333,149.5,151.0625,153.0217391304348,155.1964285714286,153.8409090909091
154.1190476190476,151.475,150.2613636363637,147.5333333333334,149.484375,149.8333333333333,151.1125,153.1521739130435,155.2596153846154,154.3095238095238
154.3571428571429,151.575,150.4886363636364,147.6,149.796875,150.1666666666667,151.1625,153.3,155.2980769230769,154.5476190476191
154.5952380952381,151.675,150.7159090909091,147.6666666666667,150.109375,150.5,151.2125,153.5,155.3365384615384,154.7857142857143
154.8333333333333,151.8382352941177,150.9431818181819,147.7333333333333,150.421875,150.8333333333334,151.3333333333334,153.7,155.3749999999999,155.0238095238096
155.0714285714286,152.1911764705883,151.1704545454546,147.9,150.734375,151.1666666666667,151.6666666666667,153.9,151.6249999999999,155.2619047619048
155.2708333333333,152.5441176470588,151.3977272727273,148.1,151.046875,151.5,152,154.1,152.8249999999999,155.5000000000001
155.3541666666667,152.8970588235294,151.625,148.3,151.359375,151.7934782608696,152.3333333333334,154.3,155.1200657894736,155.7380952380953
155.4375,153.25,151.8522727272727,148.5,151.671875,151.9673913043478,152.6666666666667,154.5,156.1785714285714,155.9761904761905
155.5208333333334,153.6029411764706,152.0795454545455,148.7,151.8357142857143,152.1413043478261,153,154.7,156.4642857142857,156.2142857142858
155.6041666666667,153.9558823529412,152.2631578947369,148.9,151.95,152.3152173913044,153.3333333333334,154.9,156.75,156.452380952381
155.6875,154.3088235294118,152.3157894736842,149.1,152.0642857142857,152.4891304347826,153.6666666666667,155.1,157.0357142857143,156.6904761904762
155.8333333333334,154.6617647058824,152.3684210526316,149.4166666666667,152.1785714285714,152.6630434782609,153.625,155.3,157.3214285714286,156.9642857142858
156.1666666666667,154.8804347826087,152.421052631579,150.0833333333334,152.2928571428571,152.8369565217392,153.4583333333334,155.5,157.6071428571429,157.25
156.5,155.054347826087,152.4736842105264,150.75,152.4071428571429,153.0108695652174,153.2916666666667,155.7,157.8928571428572,157.5357142857143
156.8333333333334,155.2282608695652,152.5263157894737,151.2604166666667,152.5214285714286,153.1847826086957,153.125,155.9,158.1785714285714,157.8214285714286
157.1666666666667,155.4021739130435,152.5789473684211,151.3020833333333,152.6357142857143,153.3586956521739,152.9583333333334,156.1,158.3684210526316,158.1071428571429
157.5,155.5760869565217,152.6315789473684,151.34375,152.75,153.5326086956522,152.7916666666667,156.2638888888889,158.5263157894737,158.3928571428572
157.8152173913044,155.75,152.6842105263158,151.3854166666667,152.8642857142857,153.7065217391305,152.875,156.3194444444445,158.6842105263158,158.6785714285714
158.0760869565217,155.9239130434783,152.7368421052632,151.4270833333333,152.9785714285714,153.7954545454546,153.0416666666667,156.375,158.8421052631579,158.8571428571429
158.3369565217392,156.0978260869566,152.825,151.46875,153.0928571428572,153.8560606060606,153.2083333333334,156.4305555555555,159,159
158.5978260869566,156.2717391304348,152.925,151.5104166666667,153.2071428571429,153.9166666666667,153.375,156.4861111111111,159.1578947368421,159.1428571428572
158.8586956521739,156.4456521739131,153.025,151.5520833333334,153.3214285714286,153.9772727272727,153.5416666666667,156.5416666666667,159.3157894736842,159.2857142857143
159.1195652173913,156.6195652173913,153.125,151.59375,153.4357142857143,154.0378787878788,153.7083333333334,156.5972222222222,159.4736842105264,159.4285714285714
159.3804347826087,156.8100000000001,153.225,151.6354166666667,153.55,154.0984848484849,153.875,156.6527777777778,159.6315789473684,159.5714285714286
159.6413043478261,157.05,153.325,151.6770833333334,153.6642857142857,154.1590909090909,154.0416666666667,156.7083333333333,159.7864583333334,159.7142857142857
159.9021739130435,157.29,153.425,151.71875,153.7621951219512,154.219696969697,154.2083333333334,156.7638888888889,159.9322916666667,159.8571428571429
160.1630434782609,157.53,153.525,151.8571428571429,153.8109756097561,154.2803030303031,154.375,156.8194444444444,160.078125,160
160.4239130434783,157.77,153.625,152.2857142857143,153.859756097561,154.3409090909091,154.5416666666667,156.875,160.2239583333333,160.1428571428572
160.6847826086957,158.01,153.725,152.7142857142858,153.9085365853659,154.4015151515152,154.7083333333334,156.9305555555555,160.3697916666667,160.35
160.9051724137931,158.25,153.825,153.1428571428572,153.9573170731707,154.4621212121212,154.875,156.9861111111111,160.515625,160.75
161.1120689655173,158.49,153.925,153.3333333333334,154.0060975609756,154.5227272727273,155.0416666666667,157.0416666666666,160.7916666666667,161.15
161.3189655172414,158.73,154.025,153.4444444444445,154.0548780487805,154.5833333333334,155.2083333333334,157.0972222222222,161.4583333333333,161.55
161.5258620689656,158.97,154.125,153.5555555555556,154.1036585365854,154.6439393939394,155.375,157.1527777777778,162.125,161.95
161.7327586206897,159.21,154.225,153.6666666666667,154.1524390243902,154.7045454545455,155.5416666666667,157.2083333333333,162.5982142857143,162.35
161.9396551724138,159.45,154.4,153.7777777777778,154.2012195121951,154.7785714285715,155.7083333333333,157.2738095238095,162.4910714285714,162.75
162.146551724138,159.69,154.6,153.8888888888889,154.25,154.8928571428572,155.875,157.3690476190476,162.3839285714286,163.15
162.3534482758621,159.9583333333333,154.8,154,154.2987804878049,155.0071428571429,156.0416666666667,157.4642857142857,162.2767857142857,163.25
162.5603448275862,160.2361111111112,155,154.1111111111111,154.3475609756098,155.1214285714286,156.2083333333334,157.5595238095238,162.1923076923077,163.25
162.7672413793104,160.5138888888889,155.2,154.2222222222223,154.3963414634146,155.2357142857143,156.375,157.6547619047619,162.1153846153846,163.25
162.9741379310345,160.7916666666667,155.4,154.3333333333334,154.4451219512195,155.35,156.5416666666667,157.75,162.0384615384615,163.25
163.1810344827587,161.0694444444445,155.6,154.4444444444445,154.4939024390244,155.4642857142857,156.7083333333334,157.8452380952381,161.9615384615385,163.25
163.3879310344828,161.3472222222223,155.8,154.5555555555556,154.5426829268293,155.5785714285715,156.875,157.9404761904762,161.8846153846154,163.25
163.5948275862069,161.625,156,154.6666666666667,154.5914634146341,155.6928571428572,157.0416666666667,158.0357142857143,161.8076923076923,163.25
163.76,161.9027777777778,156.2,154.7777777777778,154.640243902439,155.8071428571429,157.2083333333334,158.1309523809524,161.675,163.2727272727273
163.8,162.1805555555556,156.4,154.8888888888889,154.6890243902439,155.9214285714286,157.2741935483871,158.2261904761905,161.375,163.3636363636364
163.84,162.3,156.6,155,154.7378048780488,156.0357142857143,157.3064516129033,158.4044117647059,161.075,163.4545454545455
163.88,162.3666666666667,156.7608695652174,155.1111111111111,154.84375,156.15,157.3387096774194,158.6102941176471,160.775,163.5454545454546
163.92,162.4333333333333,156.804347826087,155.2222222222223,154.96875,156.2642857142857,157.3709677419355,158.8161764705883,160.4750000000001,163.6363636363637
163.96,162.5,156.8478260869566,155.3333333333333,155.09375,156.3785714285715,157.4032258064516,159.0220588235294,160.3181818181818,163.7272727272727
164,162.5666666666667,156.8913043478261,155.4444444444445,155.21875,156.4928571428572,157.4354838709678,159.2279411764706,160.5909090909091,163.8181818181818
164.04,162.6333333333334,156.9347826086957,155.5555555555556,155.34375,156.6071428571429,157.4677419354839,159.4338235294118,160.8636363636364,163.9090909090909
164.08,162.7,156.9782608695652,155.6666666666667,155.46875,156.7214285714286,157.5,159.639705882353,161.1363636363637,164
164.12,162.7717391304348,157.0217391304348,155.7625,155.59375,156.8125,157.5322580645162,159.8455882352941,161.4090909090909,164.0909090909091
164.16,162.8586956521739,157.0652173913044,155.8125,155.71875,156.8958333333333,157.5645161290323,160.0514705882353,161.6818181818182,164.1818181818182
164.2,162.9456521739131,157.1086956521739,155.8625,155.84375,156.9791666666667,157.5967741935484,160.2573529411765,162.175,164.3461538461539
164.24,163.0326086956522,157.1521739130435,155.9125000000001,155.96875,157.0625,157.6290322580645,160.4632352941177,162.7416666666667,164.7307692307693
164.3839285714286,163.1195652173913,157.1956521739131,155.9625,156.09375,157.1458333333334,157.6612903225807,160.6691176470588,163.3083333333333,165.1153846153846
164.5625,163.2065217391304,157.2391304347826,156.0125,156.21875,157.2291666666667,157.6935483870968,160.875,163.8749999999999,165.5
164.7410714285714,163.2934782608696,157.3437500000001,156.0625,156.3863636363636,157.3125,157.7258064516129,161.0808823529412,164.0646551724138,165.8846153846154
164.9196428571429,163.3804347826087,157.46875,156.1125,156.5681818181818,157.3958333333334,157.7788461538462,161.2867647058824,164.2543103448276,166.2692307692308
165.0982142857143,163.4673913043479,157.59375,156.1625,156.75,157.4791666666667,157.8942307692308,161.4926470588236,164.4439655172414,166.6538461538462
165.2767857142858,163.554347826087,157.71875,156.2125,156.9318181818182,157.5625,158.0096153846154,161.6985294117647,164.6336206896552,166.8928571428572
165.4553571428572,163.6413043478261,157.84375,156.2625,157.1136363636364,157.6458333333334,158.125,161.8303571428572,164.823275862069,167.0833333333333
165.6339285714286,163.7282608695652,157.96875,156.3125,157.2954545454546,157.7291666666667,158.2403846153846,161.9375,165.0129310344828,167.2738095238095
165.8125,163.8611111111111,158.09375,156.3625,157.4772727272727,157.8125,158.3557692307693,162.0446428571429,165.2025862068966,167.4642857142858
165.9910714285715,164.0092592592593,158.21875,156.4125,157.6590909090909,157.8958333333334,158.4711538461539,162.1517857142858,165.4166666666667,167.6547619047619
166.1696428571429,164.1574074074074,158.34375,156.4625,157.8409090909091,157.9791666666667,158.5865384615385,162.2589285714286,165.6388888888889,167.8452380952381
166.3482142857143,164.3055555555556,158.46875,156.5125,158.0227272727273,158.0625,158.7019230769231,162.3660714285714,165.8611111111111,168.0357142857143
166.5267857142858,164.4537037037037,158.59375,156.5625,158.2045454545455,158.1458333333333,158.8173076923077,162.4732142857143,166.0833333333334,168.2261904761905
166.7053571428572,164.6018518518519,158.71875,156.6125,158.3709677419355,158.2291666666667,158.9326923076923,162.5803571428572,166.3055555555556,168.4166666666667
166.84375,164.75,158.84375,156.6625,158.5322580645161,158.4782608695652,159.048076923077,162.6875,166.5277777777778,168.6071428571429
166.96875,164.8981481481482,158.96875,156.7125,158.6935483870968,158.7826086956522,159.1634615384616,162.7946428571429,166.75,168.7666666666667
167.09375,165.0462962962963,159.09375,156.8157894736842,158.8548387096774,159.0869565217392,159.2884615384616,162.9017857142857,166.9722222222223,168.8333333333334
167.21875,165.1944444444445,159.21875,157.0789473684211,159.0161290322581,159.3913043478261,159.4423076923077,163.0089285714286,167.1944444444445,168.9
167.34375,165.3425925925926,159.325,157.3421052631579,159.1774193548387,159.6956521739131,159.5961538461539,163.1160714285714,167.3863636363637,168.9666666666667
167.46875,165.4907407407408,159.425,157.6052631578948,159.3387096774193,160,159.75,163.2232142857143,167.5681818181819,169.0333333333334
167.59375,165.6388888888889,159.525,157.8684210526316,159.5,160.304347826087,159.9038461538462,163.2995283018868,167.75,169.1
167.71875,165.7567567567568,159.625,158.1315789473684,159.6612903225806,160.6086956521739,160.0576923076923,163.3655660377359,167.9318181818182,169.1666666666667
167.84375,165.7837837837838,159.7250000000001,158.3947368421053,159.8225806451613,160.9130434782609,160.2115384615385,163.4316037735849,168.1136363636364,169.2333333333334
167.96875,165.8108108108108,159.825,158.6578947368421,159.983870967742,161.2173913043478,160.3653846153846,163.497641509434,168.2875,169.3
168.09375,165.8378378378379,159.925,158.921052631579,160.1451612903226,161.5217391304348,160.5192307692308,163.563679245283,168.4375,169.3666666666667
168.21875,165.8648648648649,160.025,159.1842105263158,160.3064516129032,161.7962962962963,160.673076923077,163.6297169811321,168.5875,169.4333333333334
168.34375,165.8918918918919,160.125,159.325,160.4677419354839,161.9814814814815,160.8269230769231,163.6957547169812,168.7375,169.5
168.46875,165.918918918919,160.225,159.425,160.6290322580645,162.1666666666667,160.9807692307693,163.7617924528302,168.8875,169.5666666666667
168.59375,165.945945945946,160.325,159.525,160.8125,162.3518518518519,161.1346153846154,163.8278301886793,169.0375,169.6333333333334
168.71875,165.972972972973,160.425,159.625,161.0625,162.5370370370371,161.2934782608696,163.8938679245283,169.1875,169.7
168.8275862068966,166,160.525,159.725,161.3125,162.7222222222223,161.4673913043478,163.9599056603774,169.3375,169.804347826087
168.9310344827587,166.0270270270271,160.625,159.825,161.5625,162.9074074074074,161.6413043478261,164.0259433962265,169.4875,170.0217391304348
169.0344827586207,166.0540540540541,160.725,159.925,161.8125,163.0925925925926,161.8152173913044,164.0919811320755,169.6375,170.2391304347827
169.1379310344828,166.0810810810811,160.825,160.025,162.0625,163.2777777777778,161.9891304347827,164.1580188679245,169.79,170.4565217391305
169.2413793103449,166.1081081081081,160.925,160.125,162.3125,163.462962962963,162.1630434782609,164.2240566037736,169.95,170.6739130434783
169.3448275862069,166.1351351351352,161.025,160.2250000000001,162.5625,163.6481481481482,162.3369565217392,164.2900943396227,170.11,170.8913043478261
169.448275862069,166.1621621621622,161.125,160.3522727272728,162.8125,163.8333333333334,162.5108695652174,164.3561320754717,170.27,171.1086956521739
169.5517241379311,166.1891891891892,161.225,160.4886363636364,163.0625,164.0185185185185,162.6847826086957,164.4221698113208,170.43,171.3260869565217
169.6551724137931,166.2162162162163,161.325,160.625,163.3125,164.2037037037037,162.8586956521739,164.4882075471698,170.59,171.5434782608696
169.7586206896552,166.2432432432433,161.425,160.7613636363637,163.5625,164.4375,163.0326086956522,164.5542452830189,170.75,171.7608695652174
169.8620689655173,166.2714285714286,161.525,160.8977272727273,163.8125,164.6875,163.2065217391305,164.620283018868,170.91,171.9782608695652
169.9655172413794,166.3,161.625,161.0340909090909,164.0625,164.9375,163.2941176470588,164.686320754717,171.07,172.1956521739131
170.0689655172414,166.3285714285715,161.725,161.1704545454546,164.3125,165.1875,163.3529411764706,164.7523584905661,171.23,172.390625
170.1724137931035,166.3571428571429,161.8405172413793,161.3068181818182,164.5625,165.4375,163.4117647058824,164.8183962264151,171.39,172.578125
170.2857142857143,166.3857142857143,161.9612068965518,161.4431818181818,164.8269230769231,165.6875,163.4705882352941,164.8844339622642,171.55,172.765625
170.4285714285715,166.4142857142858,162.0818965517242,161.5795454545455,165.1346153846154,165.9375,163.5294117647059,164.9504716981132,171.71,172.953125
170.5714285714286,166.4428571428572,162.2025862068966,161.7159090909091,165.4423076923077,166.1875,163.5882352941177,165.0165094339623,171.9807692307693,173.140625
170.7142857142858,166.4714285714286,162.323275862069,161.9107142857143,165.75,166.4910714285714,163.6470588235294,165.0825471698113,172.2884615384616,173.328125
170.8571428571429,166.5,162.4439655172414,162.125,166.0576923076923,166.8125,163.7058823529412,165.1485849056604,172.5961538461539,173.515625
171,166.5285714285715,162.5646551724138,162.3392857142858,166.3653846153846,167.1339285714286,163.8928571428572,165.2146226415095,172.9038461538462,173.703125
171.1428571428572,166.5571428571429,162.6853448275862,162.5535714285714,166.6730769230769,167.4553571428572,164.4642857142857,165.2806603773585,173.2115384615385,173.890625
171.2857142857143,166.5857142857143,162.8060344827587,162.7678571428572,166.9807692307692,167.7767857142858,165.0357142857143,165.3466981132076,173.5192307692308,174.078125
171.4285714285714,166.6142857142858,162.926724137931,162.9821428571429,167.2884615384615,168.0982142857143,165.6071428571429,165.4127358490566,173.7333333333334,174.265625
171.5714285714286,166.6428571428572,163.0474137931035,163.1964285714286,167.5961538461538,168.4196428571429,165.9444444444445,165.4787735849057,173.6666666666667,174.453125
171.7142857142858,166.6714285714286,163.1681034482759,163.3823529411765,167.9038461538462,168.7410714285714,166.2037037037037,165.5448113207547,173.6,174.640625
171.8035714285714,166.7,163.2887931034483,163.5588235294118,168.2115384615385,169.0625,166.462962962963,165.6108490566038,173.5333333333334,174.828125
171.875,166.7285714285715,163.4094827586207,163.7352941176471,168.5192307692308,169.3839285714286,166.7222222222223,165.6768867924528,173.4666666666667,175.015625
171.9464285714286,166.8035714285714,163.5301724137931,163.9117647058824,168.8269230769231,169.7053571428572,166.9814814814815,165.7429245283019,173.4,175.203125
172.0178571428572,167.0178571428572,163.6508620689655,164.0882352941177,169.1346153846154,170.0267857142858,167.2407407407408,165.808962264151,173.3333333333334,175.3653846153846
172.0892857142858,167.2321428571429,163.771551724138,164.264705882353,169.4423076923077,170.3482142857143,167.5,165.875,173.2666666666667,175.5192307692308
172.1607142857143,167.4464285714286,163.8922413793104,164.4411764705883,169.75,170.6696428571429,167.7592592592593,165.9410377358491,173.25,175.673076923077
172.2321428571429,167.6607142857143,164.0129310344828,164.6176470588236,170.0576923076923,171.0862068965518,168.0185185185185,166.0070754716981,173.25,175.8269230769231
172.3534482758621,167.875,164.1336206896552,164.7941176470588,170.3653846153846,171.5344827586207,168.2777777777778,166.0731132075472,173.25,175.9807692307693
172.4913793103449,168.0892857142858,164.2543103448276,164.9705882352941,170.6730769230769,171.9827586206897,168.5370370370371,166.1391509433963,173.25,176.1346153846154
172.6293103448276,168.3035714285714,164.375,165.1470588235294,171.0403225806452,172.4310344827587,168.7962962962963,166.2051886792453,173.25,176.2884615384615
172.7672413793104,168.5178571428572,164.4956896551724,165.3235294117647,171.4274193548387,172.8793103448276,169.0555555555556,166.2712264150944,173.25,176.4423076923077
172.9051724137931,168.7321428571429,164.6163793103449,165.5,171.8145161290323,173.3275862068966,169.3095238095239,166.3372641509434,173.25,176.5961538461539
173.0431034482759,168.9464285714286,164.7370689655173,165.6764705882353,172.2016129032258,173.7758620689656,169.5476190476191,166.4033018867925,173.25,176.75
173.1810344827587,169.1607142857143,164.8577586206897,165.8529411764706,172.5887096774194,174.2241379310345,169.7857142857143,166.4693396226415,173.25,176.9038461538462
173.3189655172414,169.375,164.9784482758621,166.0294117647059,172.9758064516129,174.6724137931035,170.0238095238095,166.5353773584906,173.34375,177.0576923076923
173.4568965517242,169.5892857142858,165.0991379310345,166.2058823529412,173.3629032258065,175.1206896551724,170.2619047619048,166.6014150943396,173.46875,177.2115384615385
173.5948275862069,169.7916666666667,165.2198275862069,166.3467741935484,173.75,175.5689655172414,170.5,166.6674528301887,173.59375,177.3653846153846
173.7327586206897,169.9583333333334,165.2741935483871,166.4758064516129,174.1370967741936,176.0172413793103,170.7380952380952,166.7334905660378,173.71875,177.5192307692308
173.8706896551724,170.125,165.3064516129033,166.6048387096774,174.5241935483871,176.4655172413793,170.9761904761905,166.8042168674699,173.84375,177.6730769230769
174.0086206896552,170.2916666666667,165.3387096774194,166.733870967742,174.9112903225807,176.9137931034483,171.2142857142857,166.8765060240964,173.96875,177.8269230769231
174.146551724138,170.4583333333334,165.3709677419355,166.8629032258065,175.2983870967742,177.35,171.4523809523809,166.9487951807229,174.09375,177.9807692307693
174.2727272727273,170.625,165.4032258064516,166.991935483871,175.6854838709678,177.75,171.6904761904762,167.0210843373494,174.21875,178.1346153846154
174.3636363636364,170.6666666666667,165.4354838709678,167.1209677419355,176.0725806451613,178.15,172,167.0933734939759,174.3181818181818,178.2916666666667
174.4545454545455,170.3333333333334,165.4677419354839,167.25,176.4596774193549,178.55,172.3333333333333,167.1656626506025,174.4090909090909,178.4583333333333
174.5454545454546,170,165.5,167.3790322580645,176.8214285714286,178.95,172.6666666666667,167.2379518072289,174.5,178.625
174.6363636363637,169.798076923077,165.5322580645162,167.5080645161291,177.1071428571429,179.35,173,167.3102409638554,174.5909090909091,178.7916666666666
174.7272727272727,169.9903846153846,165.5645161290323,167.6370967741936,177.3928571428572,179.75,173.3333333333333,167.382530120482,174.6818181818182,178.9583333333333
174.8181818181818,170.1826923076923,165.5967741935484,167.7661290322581,177.6785714285714,180.15,173.6666666666667,167.4548192771085,174.7727272727273,179.125
174.9090909090909,170.375,165.6290322580645,167.8951612903226,177.9642857142858,180.55,174,167.527108433735,174.8636363636364,179.2916666666667
175,170.5673076923077,165.6612903225807,168.0241935483871,178.25,180.95,174.3467741935484,167.5993975903615,174.9545454545454,179.4583333333333
175.0909090909091,170.7596153846154,165.6935483870968,168.1532258064516,178.5357142857143,181.375,174.7338709677419,167.671686746988,175.0454545454545,179.625
175.1818181818182,170.9519230769231,165.725806451613,168.3375,178.9038461538462,181.875,175.1209677419355,167.7439759036145,175.1363636363636,179.7794117647059
175.28,171.1442307692308,165.7870370370371,168.6875,179.5192307692308,182.375,175.508064516129,167.816265060241,175.2272727272727,179.8970588235294
175.4,171.3365384615385,165.9351851851852,169.0375000000001,180.1346153846154,182.875,175.8951612903226,167.8885542168675,175.3181818181818,180.0147058823529
175.52,171.5288461538462,166.0833333333334,169.3875,180.7500000000001,183.375,176.2822580645162,167.960843373494,175.4090909090909,180.1323529411765
175.64,171.7211538461539,166.2314814814815,169.7375,181.3653846153847,183.875,176.6693548387097,168.0331325301205,175.5,180.25
175.76,171.9134615384615,166.3796296296296,170.0875,181.9807692307693,184.375,177.0564516129032,168.105421686747,175.5909090909091,180.3676470588235
175.88,172.1057692307693,166.5277777777778,170.4375,182.5961538461539,184.875,177.4435483870968,168.1777108433735,175.6818181818181,180.4852941176471
176,172.275,166.6759259259259,170.7875,183.2115384615385,185.4705882352942,177.8306451612903,168.25,175.7727272727273,180.6029411764706
176.12,172.375,166.8240740740741,171.1375,183.8269230769232,186.3529411764707,178.2177419354839,168.3222891566265,175.8636363636363,180.7205882352941
176.24,172.475,166.9722222222222,171.4875,184.4423076923078,187.2352941176471,178.6048387096774,168.394578313253,175.9545454545454,180.8382352941176
176.36,172.575,167.1203703703704,171.7976190476191,185.0576923076924,188.1176470588236,178.991935483871,168.4668674698795,176.0454545454545,180.9558823529412
176.48,172.675,167.2685185185185,171.9880952380952,185.673076923077,189.0000000000001,179.3790322580645,168.539156626506,176.1363636363636,181.0735294117647
176.6,172.775,167.4166666666667,172.1785714285714,186.2884615384616,189.8823529411765,179.7661290322581,168.6114457831325,176.2272727272727,181.1911764705882
176.72,172.875,167.5648148148148,172.3690476190476,186.9456521739131,190.764705882353,180.1532258064516,168.6837349397591,176.3181818181818,181.3088235294118
176.8076923076923,172.975,167.7129629629629,172.5595238095239,187.7282608695653,191.6470588235295,180.6111111111111,168.7560240963855,176.4090909090909,181.4264705882353
176.8846153846154,173.075,167.8333333333333,172.75,188.5108695652175,192.5294117647059,181.0925925925926,168.8283132530121,176.5,181.5441176470588
176.9615384615385,173.175,167.9444444444444,172.9404761904762,189.2934782608696,193.3593750000001,181.574074074074,168.9006024096386,176.5909090909091,181.6617647058823
177.0384615384615,173.3269230769231,168.0555555555555,173.1309523809524,190.0760869565218,194.1718750000001,182.0555555555555,168.9728915662651,176.6818181818182,181.7777777777778
177.1153846153846,173.6346153846154,168.1666666666666,173.3214285714286,190.858695652174,194.9843750000001,182.537037037037,169.0451807228916,176.7702702702703,181.8888888888889
177.1923076923077,173.9423076923077,168.2777777777778,173.5119047619048,191.6413043478262,195.7968750000001,183.0185185185185,169.1174698795181,176.8513513513513,182
177.2954545454546,174.25,168.3888888888889,173.702380952381,192.4239130434784,196.6093750000001,183.5,169.1897590361446,176.9324324324324,182.1111111111111
177.4772727272727,174.5576923076923,168.5,173.875,193.2065217391305,197.4218750000001,183.9814814814815,169.2620481927711,177.0135135135135,182.2222222222222
177.6590909090909,174.8653846153846,168.6111111111111,174.0416666666667,193.9891304347827,198.2343750000001,184.462962962963,169.3343373493976,177.0945945945946,182.3333333333333
177.8409090909091,175.1730769230769,168.7222222222222,174.2083333333333,194.7717391304349,199.0468750000001,184.9444444444445,169.4066265060241,177.1756756756756,182.4444444444444
178.0227272727273,175.25,168.8333333333333,174.375,195.5543478260871,199.75,185.4259259259259,169.4789156626506,177.2567567567567,182.5555555555555
178.2045454545455,175.25,168.9444444444444,174.5416666666667,196.2375000000001,200.4166666666667,185.9074074074074,169.5512048192771,177.3378378378378,182.6666666666667
178.22,175.25,169.0555555555555,174.7083333333334,196.8875,201.0833333333334,186.3888888888889,169.6234939759036,177.4189189189189,182.7777777777777
178.18,175.25,169.1666666666666,174.875,197.5375000000001,201.7500000000001,186.8684210526316,169.6957831325301,177.5,182.8888888888889
178.14,175.25,169.2777777777778,175.0416666666667,198.1875000000001,202.4166666666667,187.3421052631579,169.7962962962963,177.581081081081,183
178.1,175.25,169.3888888888889,175.2083333333334,198.8375000000001,203.0833333333334,187.8157894736842,169.9814814814815,177.6621621621621,183.1111111111111
178.06,175.25,169.5,175.375,199.4875000000001,203.7500000000001,188.2894736842105,170.1666666666667,177.7432432432432,183.2222222222222
178.02,175.25,169.6111111111111,175.5416666666667,200.1375,204.2875,188.7631578947368,170.3518518518518,177.8243243243243,183.3333333333333
177.98,175.25,169.7222222222222,175.7083333333333,200.7875000000001,204.4375,189.2368421052632,170.537037037037,177.9054054054054,183.4444444444444
177.94,175.25,169.8333333333333,175.875,201.4375000000001,204.5875,189.7105263157895,170.7222222222222,177.9864864864865,183.5555555555555
177.9,175.25,169.9444444444444,176.0416666666667,202.0875000000001,204.7375,190.1842105263158,170.9074074074074,178.0675675675675,183.6666666666666
177.86,175.25,170.0555555555555,176.2083333333333,202.4642857142857,204.8875,190.6578947368421,171.0925925925926,178.1486486486486,183.7777777777777
177.82,175.1964285714286,170.1666666666667,176.375,202.7500000000001,205.0375,191.1315789473684,171.2777777777778,178.2297297297297,183.8888888888889
177.78,175.125,170.2777777777777,176.5416666666667,203.0357142857143,205.1875,191.578125,171.462962962963,178.3048780487805,184
177.7741935483871,175.0535714285714,170.3888888888889,176.7083333333333,203.3214285714286,205.3375,192.015625,171.6481481481482,178.3780487804878,184.1111111111111
177.8709677419355,174.9821428571428,170.5,176.875,203.6071428571429,205.4875,192.453125,171.8333333333333,178.4512195121951,184.2222222222222
177.9677419354839,174.9107142857143,170.6111111111111,177.0416666666667,203.8928571428572,205.6375,192.890625,172.0185185185185,178.5243902439024,184.3333333333333
178.0645161290323,174.8392857142857,170.7222222222222,177.2083333333334,204.1785714285715,205.75,193.328125,172.2037037037037,178.5975609756097,184.4444444444444
178.1612903225807,174.7678571428571,170.9375,177.3409090909091,204.296875,205.75,193.765625,172.2783018867925,178.670731707317,184.5555555555555
178.258064516129,174.8221153846154,171.1875,177.4621212121212,204.359375,205.75,194.203125,172.3160377358491,178.7439024390244,184.6666666666666
178.3548387096774,174.9182692307692,171.4375,177.5833333333333,204.421875,205.75,194.640625,172.3537735849056,178.8170731707317,184.76
178.4516129032258,175.0144230769231,171.6875,177.7045454545455,204.484375,205.75,194.8823529411765,172.3915094339623,178.890243902439,184.8
178.5483870967742,175.1105769230769,171.9375,177.8257575757576,204.546875,205.75,195.0588235294118,172.4292452830188,178.9634146341463,184.84
178.6451612903226,175.2067307692307,172.1875,177.9469696969697,204.609375,205.75,195.2352941176471,172.4669811320755,179.0365853658536,184.88
178.741935483871,175.3028846153846,172.4375,178.0681818181818,204.671875,205.75,195.4117647058823,172.5047169811321,179.1097560975609,184.92
178.8387096774193,175.3990384615385,172.6875,178.189393939394,204.734375,205.75,195.5882352941177,172.5424528301887,179.1829268292683,184.96
178.9354838709677,175.4951923076923,172.801724137931,178.3106060606061,204.7894736842105,205.75,195.764705882353,172.5801886792453,179.2560975609756,185
179.0322580645162,175.5913461538462,172.8706896551724,178.4318181818182,204.8421052631579,205.75,195.9411764705882,172.6179245283019,179.3292682926829,185.04
179.1290322580645,175.6875,172.9396551724138,178.5530303030303,204.8947368421053,205.8076923076923,196.1176470588235,172.6556603773585,179.4024390243902,185.08
179.2258064516129,175.7836538461539,173.0086206896551,178.6742424242424,204.9473684210527,206.0384615384615,196.265625,172.6933962264151,179.4756097560975,185.12
179,175.8798076923077,173.0775862068965,178.7954545454546,205,206.2692307692308,196.328125,172.7311320754717,179.5487804878049,185.16
178.6666666666667,175.9759615384615,173.1465517241379,178.9166666666667,205.0526315789474,206.5,196.390625,172.7688679245283,179.6219512195122,185.2
178.3333333333333,176.0721153846154,173.2155172413793,179.0378787878788,205.1052631578947,206.7307692307692,196.453125,172.8066037735849,179.6951219512195,185.24
178,176.1682692307692,173.2844827586206,179.1590909090909,205.1578947368421,206.9615384615385,196.515625,172.8443396226415,179.7581018518518,185.3181818181818
177.6666666666666,176.2644230769231,173.353448275862,179.25,205.2105263157895,207.1923076923077,196.578125,172.8820754716981,179.7905092592592,185.4090909090909
177.3333333333333,176.3605769230769,173.4224137931034,179.25,205.2368421052632,206.96875,196.640625,172.9198113207547,179.8229166666667,185.5
177,176.4567307692308,173.4913793103448,179.25,205.1842105263158,206.59375,196.703125,172.9575471698113,179.855324074074,185.5909090909091
176.6136363636363,176.5528846153846,173.5603448275862,179.25,205.1315789473684,206.21875,196.703125,172.9952830188679,179.8877314814814,185.6818181818182
176.0681818181818,176.6490384615385,173.6293103448276,179.25,205.078947368421,205.84375,196.515625,173.0330188679245,179.9201388888888,185.7727272727273
175.5227272727272,176.7451923076923,173.698275862069,179.25,205.0263157894737,205.8571428571429,196.328125,173.0707547169811,179.9525462962963,185.8636363636363
175.25,176.8413461538462,173.75,179.25,204.9736842105263,206,196.140625,173.1084905660377,179.9849537037036,185.9545454545454
175.25,176.9375,173.75,179.25,204.9210526315789,206.1428571428571,195.953125,173.1462264150943,180.0173611111111,186.0454545454545
175.25,177.0336538461538,173.75,179.25,204.8684210526316,206.2857142857143,195.765625,173.1839622641509,180.0497685185185,186.1363636363636
175.25,177.1298076923077,173.75,179.25,204.8157894736842,206.4285714285714,195.578125,173.2216981132075,180.0821759259259,186.2272727272727
175.25,177.2259615384615,173.75,179.25,204.7631578947368,206.5714285714286,195.390625,173.2692307692307,180.1145833333333,186.296875
175.25,177.2840909090909,173.75,179.25,204.6,206.7142857142857,195.140625,173.3461538461538,180.1469907407407,186.359375
175.5357142857142,177.3295454545455,173.75,179.25,204.4,206.6923076923077,194.703125,173.4230769230769,180.1793981481481,186.421875
175.8214285714286,177.375,173.75,179.25,204.2,206.6153846153846,194.265625,173.4999999999999,180.2118055555555,186.484375
176.1071428571429,177.4204545454546,173.75,179.25,204,206.5384615384615,193.828125,173.576923076923,180.2442129629629,186.546875
176.3928571428572,177.4659090909091,173.75,179.25,203.8,206.4615384615385,193.390625,173.6538461538461,180.2766203703703,186.609375
176.6785714285714,177.5113636363637,173.75,179.25,203.6,206.3846153846154,192.953125,173.7307692307692,180.3090277777777,186.671875
177,177.5568181818182,173.75,179.25,203.4,206.3076923076923,192.515625,173.8076923076923,180.3414351851851,186.734375
177.3333333333333,177.6022727272727,173.75,179.25,202.7499999999998,206.1388888888889,192.078125,173.8846153846154,180.3738425925925,186.8418367346939
177.6666666666667,177.6477272727273,173.75,179.25,201.125,205.6944444444445,191.6805555555556,173.9615384615384,180.4062499999999,186.9642857142857
178,177.6931818181818,173.75,179.25,200.625,205.25,191.4027777777778,174.0384615384615,180.4386574074073,187.0867346938775
178.3333333333333,177.7386363636364,173.7375,179.25,200.1041666666667,204.8055555555555,191.125,174.1153846153846,180.4710648148147,187.2091836734694
178.6666666666667,177.7840909090909,173.6875,179.25,199.5208333333333,204.3611111111111,190.8472222222222,174.1923076923077,180.5034722222221,187.3316326530612
179,177.8295454545454,173.6375,179.25,198.9375,203.4999999999999,190.5694444444445,174.2692307692307,180.5358796296295,187.454081632653
179.3333333333333,177.875,173.5875,179.2416666666667,198.3541666666666,202.4999999999999,190.2916666666667,174.3461538461538,180.5682870370369,187.5765306122449
179.6666666666667,177.9204545454546,173.5375,179.2083333333334,197.7708333333333,201.4999999999999,190.0138888888889,174.4230769230769,180.6006944444443,187.6989795918367
179.8671875,177.9659090909091,173.4875,179.175,197.1874999999999,200.4999999999999,189.7361111111111,174.5,180.6446629213482,187.8214285714286
180.0234375,178.0113636363636,173.4374999999999,179.1416666666667,196.6195652173912,199.6999999999999,189.4583333333333,174.5769230769231,180.7233146067414,187.9438775510204
180.1796875,178.0568181818182,173.3875,179.1083333333334,196.0978260869565,198.9666666666666,189.1617647058823,174.6538461538461,180.8019662921347,188.0663265306122
180.3359375,178.1022727272727,173.3375,179.075,195.5760869565217,198.2333333333333,188.8088235294118,174.7307692307692,180.880617977528,188.1887755102041
180.4921875,178.1477272727273,173.2875,179.0416666666667,195.0543478260869,197.4999999999999,188.4558823529412,174.8076923076923,180.9592696629212,188.3112244897959
180.6484375,178.1931818181818,173.2659574468085,179.0083333333334,194.5326086956521,196.7666666666666,188.1029411764706,174.8846153846154,181.0379213483145,188.4336734693877
180.8046875,178.2386363636363,173.3297872340425,178.975,194.0108695652173,196.0333333333333,187.75,174.9615384615385,181.1165730337078,188.5561224489796
180.9609375,178.2808219178082,173.3936170212766,178.9416666666667,193.4891304347825,195.3,187.3970588235294,175.0384615384615,181.195224719101,188.6785714285714
181.1171875,178.3219178082192,173.4574468085106,178.9083333333334,192.9673913043478,194.6363636363636,187.0441176470588,175.1153846153846,181.2738764044943,188.8010204081633
181.2734375,178.3630136986301,173.5212765957446,178.875,192.445652173913,194.1818181818182,186.6911764705882,175.1923076923077,181.3525280898875,188.9234693877551
181.4296875,178.4041095890411,173.5851063829787,178.8416666666667,191.9239130434782,193.7272727272727,186.3382352941177,175.2666666666667,181.4311797752808,189.0459183673469
181.5859375,178.4452054794521,173.6489361702127,178.8083333333334,191.4021739130434,193.2727272727273,186.1,175.3333333333333,181.509831460674,189.1683673469387
181.7421875,178.486301369863,173.7127659574468,178.775,190.8804347826086,192.8181818181818,185.9,175.4,181.5884831460673,189.2908163265306
181.8984375,178.527397260274,173.7765957446808,178.7282608695652,190.4374999999999,192.3636363636363,185.7,175.4666666666667,181.6671348314605,189.4132653061224
182.0546875,178.5684931506849,173.8404255319149,178.6413043478261,190.0208333333333,191.8970588235294,185.5,175.5333333333333,181.7457865168538,189.5357142857142
182.2109375,178.6095890410959,173.9042553191489,178.554347826087,189.6041666666666,191.4264705882352,185.3,175.6,181.8244382022471,189.6581632653061
182.25,178.6506849315069,173.9680851063829,178.4673913043479,189.1874999999999,190.9558823529412,185.1,175.6666666666667,181.9030898876403,189.7407407407407
182.25,178.6917808219178,174.031914893617,178.3804347826087,188.7708333333333,190.485294117647,184.9,175.7333333333333,181.9817415730336,189.7037037037037
182.25,178.7328767123288,174.0957446808511,178.2934782608696,188.3541666666666,190.0147058823529,184.7,175.8,182.0603932584268,189.6666666666666
182.25,178.7739726027397,174.1595744680851,178.2065217391305,187.9615384615384,189.5441176470588,184.5,175.8666666666667,182.1390449438201,189.6296296296296
182.25,178.8150684931507,174.2234042553191,178.1195652173913,187.576923076923,189.0735294117647,184.3,175.9333333333333,182.2176966292134,189.5925925925926
182.25,178.8561643835616,174.2872340425532,178.0326086956522,187.1923076923077,188.6029411764706,184.0294117647059,176,182.2963483146066,189.5555555555555
182.25,178.8972602739726,174.3510638297872,177.9456521739131,186.8076923076923,188.1333333333333,183.7352941176471,176.0666666666667,182.3749999999999,189.5185185185185
182.15,178.9383561643835,174.4148936170212,177.8586956521739,186.4230769230769,187.6666666666666,183.4411764705882,176.1333333333333,182.4044117647058,189.4814814814815
182.0166666666667,178.9794520547945,174.4787234042553,177.7717391304348,186.0384615384615,187.2,183.1470588235294,176.2,182.4338235294117,189.4444444444444
181.8833333333333,179.0205479452055,174.5425531914893,177.7265625,185.6666666666666,186.7333333333333,182.8529411764706,176.2666666666667,182.4632352941175,189.4074074074074
181.75,179.0616438356165,174.6063829787234,177.6953125,185.3333333333333,186.2666666666667,182.5588235294118,176.3333333333333,182.4926470588235,189.3703703703704
181.6166666666667,179.1027397260274,174.6702127659574,177.6640625,184.9999999999999,185.8,182.2647058823529,176.4,182.5220588235293,189.3333333333333
181.4833333333333,179.1438356164384,174.7340425531915,177.6328125,184.6666666666666,185.3333333333333,181.9705882352941,176.4666666666667,182.5514705882352,189.2962962962963
181.35,179.1849315068493,174.8095238095238,177.6015625,184.3333333333333,184.8666666666666,181.7058823529412,176.5333333333334,182.5808823529411,189.2592592592592
181.2685185185185,179.2260273972603,174.8888888888889,177.5703125,183.9999999999999,184.5625,181.5294117647059,176.6,182.610294117647,189.2666666666667
181.3425925925926,179.2671232876712,174.9682539682539,177.5390625,183.6666666666666,184.3125,181.3529411764706,176.6666666666667,182.6397058823529,189.2888888888889
181.4166666666667,179.3082191780822,175.047619047619,177.5078125,183.3333333333333,184.0625,181.1764705882353,176.7333333333333,182.6691176470588,189.3111111111111
181.4907407407408,179.3493150684931,175.1269841269841,177.4765625,183,183.8125,181,176.8,182.6985294117647,189.3333333333333
181.5648148148148,179.3904109589041,175.2063492063492,177.4453125,182.7115384615385,183.5625,180.8235294117647,176.8666666666667,182.7279411764706,189.3555555555555
181.6388888888889,179.4315068493151,175.2857142857143,177.4140625,182.5576923076923,183.3125,180.6470588235294,176.9333333333333,182.7749999999999,189.3777777777778
181.7129629629629,179.472602739726,175.3650793650793,177.3828125,182.4038461538461,183.1,180.4705882352941,177,182.875,189.3999999999999
181.787037037037,179.513698630137,175.4444444444444,177.3515625,182.25,182.9,180.2941176470588,177.0666666666667,182.975,189.4222222222222
181.8611111111111,179.5547945205479,175.5238095238095,177.3203125,182.0961538461538,182.7,180.1666666666667,177.1333333333333,183.075,189.4444444444444
181.9351851851852,179.5958904109589,175.6031746031746,177.2890625,181.9423076923077,182.5,180.0555555555556,177.2,183.175,189.4666666666666
182.0092592592592,179.6369863013699,175.6825396825396,177.2578125,181.7884615384615,182.3,179.9444444444445,177.2666666666667,183.275,189.4888888888889
182.0833333333333,179.6780821917808,175.7619047619047,177.2,181.5454545454545,181.9375,179.8333333333333,177.3333333333333,183.375,189.5111111111111
182.1574074074074,179.7191780821918,175.8412698412698,177.1333333333334,181.2727272727273,181.5208333333333,179.6818181818182,177.4,183.475,189.5333333333333
182.2314814814815,179.7688679245283,175.9206349206349,177.0666666666667,181,181.1041666666667,179.4090909090909,177.4666666666666,183.575,189.5555555555555
182.2857142857143,179.8443396226415,176,177.0000000000001,180.7272727272727,180.6875,179.1363636363637,177.5333333333333,183.675,189.5777777777778
182.3333333333333,179.9198113207547,176.0793650793651,176.9333333333334,180.4545454545454,180.2708333333333,178.8636363636364,177.6,183.775,189.6
182.3809523809524,179.9952830188679,176.1587301587301,176.8666666666667,180.2,179.8541666666667,178.5909090909091,177.6666666666667,183.875,189.6222222222222
182.4285714285714,180.0707547169812,176.2380952380952,176.8,180,179.6176470588235,178.3181818181818,177.7333333333333,183.975,189.6444444444444
182.4761904761905,180.1462264150943,176.3174603174603,176.7333333333333,179.8,179.4411764705882,178.2083333333333,177.8,184.075,189.6666666666667
182.5238095238095,180.2216981132075,176.3968253968254,176.6666666666667,179.6,179.264705882353,178.1527777777778,177.8666666666667,184.175,189.6888888888889
182.5714285714286,180.2971698113207,176.4761904761905,176.6,179.4,179.0882352941176,178.0972222222222,177.9333333333333,184.2833333333333,189.7111111111111
182.6190476190476,180.3726415094339,176.5555555555555,176.5333333333334,179.2,178.9117647058823,178.0416666666667,178,184.4166666666667,189.7333333333333
182.6666666666667,180.4481132075472,176.6349206349206,176.4666666666667,179,178.735294117647,177.9861111111111,178.0666666666667,184.55,189.7413793103448
182.7142857142857,180.5235849056604,176.7142857142857,176.4,178.8,178.5588235294118,177.9305555555555,178.1333333333333,184.6833333333333,189.7068965517241
182.7619047619048,180.5990566037736,176.7936507936508,176.3333333333334,178.5454545454545,178.3823529411765,177.875,178.2,184.8166666666666,189.6724137931034
182.8095238095238,180.6745283018868,176.8730158730158,176.2666666666667,178.2727272727273,178.2142857142857,177.8194444444445,178.2666666666667,184.95,189.6379310344827
182.8571428571429,180.75,176.9523809523809,176.1847826086957,178,178.0714285714285,177.7638888888889,178.3333333333333,185.0833333333333,189.603448275862
182.9047619047619,180.8254716981132,177.031746031746,176.0978260869566,177.7272727272727,177.9285714285714,177.5625,178.4,185.2166666666666,189.5689655172414
182.952380952381,180.9009433962264,177.1111111111111,176.0108695652174,177.4545454545454,177.7857142857143,177.3125,178.4666666666666,185.35,189.5344827586207
183,180.9764150943396,177.1904761904761,175.9239130434783,177.2291666666667,177.6428571428571,177.0625,178.5333333333333,185.4833333333333,189.5
183.047619047619,181.0518867924528,177.2857142857142,175.8369565217392,177.1458333333333,177.5,176.8125,178.6,185.6166666666666,189.4655172413793
183.0952380952381,181.127358490566,177.4285714285714,175.7500000000001,177.0625,177.3571428571428,176.75,178.6666666666667,185.75,189.4310344827586
183.1428571428571,181.2028301886793,177.5714285714285,175.6630434782609,176.9791666666667,177.2142857142857,176.75,178.7333333333333,185.8833333333333,189.3965517241379
183.1904761904762,181.2783018867925,177.7142857142857,175.5760869565218,176.8958333333333,177.0714285714286,176.75,178.7962962962963,186.0166666666667,189.3620689655172
183.2380952380952,181.3537735849057,177.8571428571428,175.4891304347827,176.8125,176.9285714285714,176.75,178.858024691358,186.15,189.3275862068965
183.2857142857143,181.4292452830189,178,175.4021739130435,176.7291666666667,176.7857142857143,176.75,178.9197530864197,186.2638888888889,189.2931034482758
183.3333333333333,181.5047169811321,178.1428571428571,175.3152173913044,176.6458333333333,176.6428571428571,176.75,178.9814814814815,186.3194444444444,189.2586206896551
183.3809523809524,181.5801886792453,178.2857142857142,175.2651515151515,176.5625,176.5,176.75,179.0432098765432,186.375,189.2
183.4285714285714,181.6556603773585,178.4285714285714,175.3257575757576,176.4791666666667,176.3571428571428,176.75,179.1049382716049,186.4305555555555,189.1333333333333
183.4761904761905,181.7311320754717,178.5714285714286,175.3863636363636,176.3958333333333,176.2391304347826,176.75,179.1666666666667,186.4861111111111,189.0666666666666
183.5238095238095,181.81,178.7142857142857,175.4469696969697,176.3125,176.195652173913,176.75,179.2283950617284,186.5416666666666,189
183.5714285714286,181.89,178.8522727272727,175.5075757575758,176.2333333333333,176.1521739130434,176.7142857142857,179.2901234567901,186.5972222222222,188.9333333333333
183.6190476190476,181.97,178.9886363636363,175.5681818181818,176.1666666666667,176.1086956521739,176.5714285714286,179.3518518518518,186.6527777777777,188.8666666666666
183.6666666666667,182.05,179.125,175.6287878787879,176.1,176.0652173913043,176.4285714285714,179.4135802469136,186.7083333333333,188.8
183.7142857142857,182.13,179.2613636363636,175.6893939393939,176.0333333333333,176.0217391304348,176.2857142857143,179.4753086419753,186.765625,188.7333333333333
183.7577519379845,182.21,179.3977272727273,175.75,175.9666666666666,175.9782608695652,176.1346153846154,179.537037037037,186.828125,188.6666666666666
183.7887596899225,182.29,179.5340909090909,175.8106060606061,175.9,175.9347826086956,175.9807692307692,179.5987654320987,186.890625,188.6
183.8197674418604,182.37,179.6704545454545,175.8712121212121,175.8333333333333,175.8913043478261,175.8269230769231,179.6604938271605,186.953125,188.5333333333333
183.8507751937985,182.45,179.8068181818181,175.9318181818181,175.7666666666667,175.8478260869565,175.6730769230769,179.7222222222222,187.015625,188.4666666666666
183.8817829457364,182.53,179.9431818181818,175.9924242424242,175.7,175.8043478260869,175.5192307692307,179.7839506172839,187.078125,188.3999999999999
183.9127906976744,182.61,180.0795454545454,176.0530303030303,175.6333333333333,175.7608695652174,175.3653846153846,179.8456790123457,187.140625,188.3333333333333
183.9437984496124,182.69,180.2159090909091,176.1136363636363,175.5666666666667,175.5,175.2307692307692,179.9074074074074,187.203125,188.2666666666666
183.9748062015504,182.77,180.3522727272727,176.1742424242424,175.5,175.1666666666666,175.1538461538461,179.9691358024691,187.2357142857143,188.1785714285714
184.0058139534884,182.85,180.4886363636363,176.2348484848484,175.4333333333333,174.8333333333333,175.076923076923,180.0308641975309,187.1785714285714,188.0833333333333
184.0368217054263,182.93,180.625,176.3423076923076,175.3666666666667,174.6346153846154,175,180.0925925925926,187.1214285714285,187.9880952380952
184.0678294573643,183.01,180.7613636363636,176.4653846153846,175.3,174.4807692307692,174.9230769230769,180.1543209876543,187.0642857142857,187.8928571428571
184.0988372093023,183.09,180.8977272727273,176.5884615384615,175.1923076923077,174.326923076923,174.8461538461538,180.2160493827161,187.0071428571428,187.797619047619
184.1298449612403,183.17,181.0340909090909,176.7115384615384,174.9615384615385,174.1730769230769,174.7692307692308,180.2777777777778,186.95,187.7023809523809
184.1608527131783,183.25,181.1704545454545,176.8346153846153,174.7307692307692,174.0192307692307,174.7692307692308,180.3395061728395,186.8928571428571,187.6071428571428
184.1918604651163,183.33,181.3068181818182,176.9576923076923,174.5,173.8653846153846,174.7948717948718,180.4012345679012,186.8357142857142,187.5119047619047
184.2228682170543,183.41,181.4431818181818,177.0807692307692,174.2692307692307,173.7608695652173,174.8205128205128,180.462962962963,186.7785714285714,187.4166666666666
184.2538759689922,183.49,181.5795454545454,177.2038461538461,174.0384615384615,173.8043478260869,174.8461538461539,180.5246913580247,186.7214285714285,187.3214285714285
184.2848837209302,183.57,181.7159090909091,177.326923076923,173.8076923076923,173.8478260869565,174.8717948717949,180.5864197530864,186.6642857142857,187.2173913043478
184.3158914728682,183.65,181.8045454545454,177.4499999999999,173.828947368421,173.8913043478261,174.8974358974359,180.6481481481482,186.6071428571428,187.0869565217391
184.3468992248062,183.73,181.8772727272727,177.5730769230769,173.9342105263158,173.9347826086957,174.9230769230769,180.7098765432099,186.55,186.9565217391304
184.3779069767442,183.81,181.95,177.6961538461538,174.0394736842105,173.9782608695652,174.948717948718,180.7716049382716,186.4928571428571,186.8260869565217
184.4089147286822,183.89,182.0227272727273,177.8192307692307,174.1447368421053,174.0217391304348,174.974358974359,180.8333333333333,186.4357142857143,186.695652173913
184.4399224806201,183.97,182.0954545454545,177.9423076923076,174.25,174.0652173913043,175,180.895061728395,186.3785714285714,186.5652173913043
184.4709302325581,184.05,182.1681818181818,178.0653846153846,174.3552631578947,174.1086956521739,175.025641025641,180.9567901234568,186.3214285714286,186.4347826086956
184.5019379844961,184.13,182.2409090909091,178.1884615384615,174.4605263157895,174.1521739130434,175.051282051282,181.0185185185185,186.2642857142857,186.3043478260869
184.5329457364341,184.21,182.3136363636364,178.3115384615384,174.5657894736842,174.195652173913,175.0769230769231,181.0802469135803,186.4264705882352,186.1739130434782
184.5639534883721,184.29,182.3863636363636,178.4346153846153,174.671052631579,174.2391304347826,175.1025641025641,181.141975308642,186.6617647058823,186.0434782608695
184.5949612403101,184.37,182.4590909090909,178.5576923076923,174.8125,174.2826086956522,175.1282051282051,181.2037037037037,186.8970588235294,185.9130434782608
184.625968992248,184.45,182.5318181818182,178.6807692307692,175.0625,174.3260869565217,175.1538461538462,181.277027027027,187.1323529411764,185.7826086956521
184.656976744186,184.53,182.6045454545454,178.8038461538461,175.3125,174.3695652173913,175.1794871794872,181.3851351351351,187.3676470588235,185.6428571428571
184.687984496124,184.61,182.6772727272727,178.926923076923,175.5625,174.4130434782609,175.2051282051282,181.4932432432433,187.6029411764706,185.4999999999999
184.718992248062,184.69,182.75,179.05,175.8125,174.4565217391304,175.2307692307692,181.6013513513513,187.8382352941176,185.3571428571428
184.75,184.7568493150685,182.8227272727273,179.1730769230768,176.0625,174.5,175.2649253731343,181.7094594594594,188.0735294117647,185.2142857142856
184.7766666666666,184.7842465753425,182.8954545454545,179.2961538461538,176.3125,174.5434782608696,175.3246268656716,181.8175675675676,188.2045454545454,185.0714285714285
184.8033333333333,184.8116438356165,182.9681818181818,179.4192307692307,176.5625,174.5869565217391,175.384328358209,181.9256756756756,188.0227272727273,184.9285714285713
184.83,184.8390410958904,183.0409090909091,179.5423076923076,176.8125,174.6304347826087,175.4440298507463,182.0337837837837,187.8409090909091,184.7857142857142
184.8566666666667,184.8664383561644,183.1136363636364,179.6653846153846,177.0625,174.6739130434783,175.5037313432836,182.1418918918918,187.6590909090909,184.6428571428571
184.8833333333333,184.8938356164383,183.1863636363636,179.7884615384615,177.2763157894737,174.7173913043478,175.5634328358209,182.2499999999999,187.4772727272727,184.4999999999999
184.91,184.9212328767123,183.2590909090909,179.9115384615384,177.3815789473684,174.7875,175.6231343283582,182.3581081081081,187.2954545454545,184.3571428571428
184.9366666666667,184.9486301369863,183.3318181818182,180.0346153846153,177.4868421052632,174.9375,175.6828358208955,182.4662162162161,187.1136363636363,184.2222222222221
184.9633333333333,184.9760273972603,183.4045454545454,180.1576923076923,177.5921052631579,175.0875,175.7425373134328,182.5743243243242,186.9318181818182,184.1111111111111
184.99,185.0034246575343,183.4772727272727,180.2777777777777,177.6973684210526,175.2375,175.8022388059701,182.6824324324323,186.75,183.9999999999999
185.0166666666667,185.0308219178082,183.55,180.3888888888888,177.8026315789474,175.3875,175.8619402985075,182.7905405405405,186.5681818181818,183.8888888888888
185.0433333333333,185.0582191780822,183.6227272727273,180.4999999999999,177.9078947368421,175.5375,175.9216417910447,182.8986486486486,186.3863636363636,183.7777777777777
185.07,185.0856164383562,183.6954545454545,180.6111111111111,178.0131578947368,175.6875,175.9813432835821,183.0067567567567,186.234375,183.6666666666666
185.0966666666666,185.1130136986301,183.7625,180.7222222222222,178.1184210526316,175.8375,176.0410447761194,183.1148648648648,186.171875,183.5555555555555
185.1233333333333,185.1404109589041,183.8125,180.8333333333333,178.2236842105263,175.9875,176.1007462686567,183.2229729729729,186.109375,183.4444444444444
185.15,185.1678082191781,183.8625,180.9444444444444,178.296875,176.1375,176.160447761194,183.1749999999999,186.046875,183.3333333333333
185.1766666666667,185.1952054794521,183.9125,181.0555555555555,178.359375,176.2638888888889,176.2201492537313,183.0749999999999,185.984375,183.2
185.2033333333333,185.222602739726,183.9625,181.1666666666666,178.421875,176.3194444444444,176.2798507462687,182.9749999999999,185.921875,182.9999999999999
185.23,185.25,184.0125,181.2777777777777,178.484375,176.375,176.339552238806,182.8749999999999,185.859375,182.8
185.2407407407408,185.277397260274,184.0625,181.3888888888888,178.546875,176.4305555555555,176.3992537313433,182.7749999999999,185.796875,182.6
185.2037037037037,185.3047945205479,184.1125,181.4999999999999,178.609375,176.4861111111111,176.4589552238806,182.6749999999999,185.734375,182.4
185.1666666666667,185.3321917808219,184.1625,181.6111111111111,178.671875,176.5416666666667,176.5186567164179,182.5749999999999,185.671875,182.2
185.1296296296296,185.3595890410959,184.2125,181.7222222222222,178.734375,176.5972222222222,176.5783582089552,182.4749999999999,185.609375,182
185.0925925925926,185.3869863013699,184.2625,181.8333333333333,178.8653846153846,176.6527777777778,176.6380597014925,182.3749999999999,185.546875,181.8
185.0555555555556,185.4143835616439,184.3125,181.9444444444444,179.0192307692308,176.7083333333333,176.6977611940299,182.2749999999999,185.484375,181.5192307692307
185.0185185185185,185.4417808219178,184.3625,182.0555555555555,179.1730769230769,176.7638888888889,176.7574626865672,182.1749999999999,185.421875,181.2115384615385
184.9814814814815,185.4691780821918,184.4125,182.1666666666666,179.3269230769231,176.8194444444444,176.8171641791045,182.0749999999999,185.359375,180.9038461538461
184.9444444444445,185.4965753424658,184.4625,182.2777777777777,179.4807692307692,176.875,176.8768656716418,181.9749999999999,185.296875,180.5961538461538
184.9074074074074,185.5239726027398,184.5125,182.3888888888888,179.6346153846154,176.9305555555555,176.9365671641791,181.8749999999999,185.21875,180.2884615384615
184.8703703703704,185.5513698630137,184.5625,182.4999999999999,179.7884615384615,176.9861111111111,176.9962686567164,181.7749999999999,185.09375,179.9807692307692
184.8333333333333,185.5787671232877,184.6125,182.6111111111111,179.9423076923077,177.0416666666667,177.0559701492537,181.8333333333333,184.96875,179.703125
184.7962962962963,185.6061643835617,184.6625,182.7222222222222,180.0961538461538,177.0972222222222,177.115671641791,181.9444444444444,184.84375,179.5156249999999
184.7592592592592,185.6335616438356,184.7125,182.8333333333333,180.25,177.1527777777778,177.1753731343283,182.0555555555555,184.71875,179.3281249999999
184.75,185.6609589041096,184.775,182.9444444444444,180.4038461538461,177.2083333333333,177.2350746268657,182.1666666666666,184.59375,179.1406249999999
184.75,185.6883561643836,184.875,183.0555555555555,180.5576923076923,177.2638888888889,177.2978723404255,182.2777777777777,184.46875,178.9531249999999
184.75,185.7157534246576,184.975,183.1666666666666,180.7115384615385,177.3194444444444,177.3617021276596,182.3888888888888,184.34375,178.7656249999999
184.75,185.7431506849315,185.075,183.2777777777777,180.75,177.375,177.4255319148936,182.4999999999999,184.2083333333333,178.5781249999999
184.75,185.7741935483871,185.175,183.3888888888888,180.75,177.4305555555555,177.4893617021276,182.611111111111,184.0416666666666,178.3906249999999
184.75,185.8064516129033,185.275,183.4999999999999,180.75,177.4861111111111,177.5531914893617,182.7222222222221,183.875,178.1999999999999
184.75,185.8387096774194,185.375,183.6111111111111,180.75,177.5416666666667,177.6170212765957,182.8333333333333,183.7083333333333,177.9999999999999
184.75,185.8709677419355,185.475,183.7222222222222,180.75,177.5972222222222,177.6808510638298,182.9444444444443,183.5416666666666,177.7999999999999
184.75,185.9032258064516,185.575,183.7901785714285,180.75,177.6527777777778,177.7446808510638,183.0555555555555,183.375,177.5999999999999
184.75,185.9354838709678,185.675,183.8437499999999,180.75,177.7083333333333,177.8085106382979,183.1666666666666,183.15625,177.3999999999999
184.75,185.9677419354839,185.775,183.8973214285714,180.75,177.7685185185185,177.8723404255319,183.2272727272726,182.78125,177.1999999999999
184.75,186,185.875,183.9508928571428,180.75,177.8425925925926,177.9361702127659,183.1363636363635,182.40625,176.9999999999999
184.75,186.0322580645162,185.975,184.0044642857142,180.7875,177.9166666666667,178,183.0454545454544,182.03125,176.8
184.75,186.0645161290323,186.075,184.0580357142857,180.8375,177.9907407407408,178.063829787234,182.9545454545453,181.7327586206896,176.6
184.75,186.0967741935484,186.175,184.1116071428571,180.8875,178.0648148148148,178.1276595744681,182.8636363636363,181.6637931034482,176.3999999999999
184.75,186.1290322580645,186.2416666666666,184.1651785714285,180.9375,178.1388888888889,178.1914893617021,182.7727272727272,181.5948275862069,176.1826923076923
184.7232142857143,186.1612903225807,186.2083333333333,184.2187499999999,180.9875,178.212962962963,178.2553191489361,182.6818181818181,181.5258620689655,175.9134615384615
184.6160714285714,186.1935483870968,186.175,184.2723214285714,181.0375,178.287037037037,178.3191489361702,182.590909090909,181.4568965517241,175.6442307692307
184.5089285714286,186.2258064516129,186.1416666666667,184.3258928571428,181.0875,178.3611111111111,178.3829787234042,182.4999999999999,181.3879310344827,175.3749999999999
184.4017857142857,186.0909090909091,186.1083333333333,184.3794642857142,181.1375,178.4351851851852,178.4468085106383,182.4090909090908,181.3189655172413,175.1057692307692
184.2946428571428,185.4545454545455,186.075,184.4330357142857,181.1875,178.5092592592593,178.5106382978723,182.3181818181817,181.25,174.8365384615384
184.1875,184.8181818181818,186.0416666666666,184.4866071428571,181.2375,178.5833333333333,178.5744680851064,182.2272727272727,181.1810344827586,174.5673076923076
184.0803571428572,184.1818181818182,186.0083333333333,184.5401785714285,181.2875,178.6574074074074,178.6382978723404,182.1363636363635,181.1120689655172,174.2980769230768
183.9732142857143,183.5454545454546,185.975,184.5937499999999,181.3375,178.7314814814815,178.7021276595744,182.0454545454545,181.0431034482758,174.0288461538461
183.8660714285714,182.9090909090909,185.9416666666667,184.6473214285714,181.3875,178.7689075630252,178.7734375,181.9545454545454,180.9741379310344,173.7596153846153
183.7589285714286,182.8035714285714,185.9083333333333,184.7008928571428,181.4375,178.7941176470588,178.8671875,181.8636363636363,180.9051724137931,173.4903846153845
183.6517857142857,182.875,185.875,184.7544642857142,181.4875,178.8193277310924,178.9609375,181.7727272727272,180.8362068965517,173.2211538461538
183.5446428571428,182.9464285714286,185.8416666666666,184.8080357142857,181.5375,178.844537815126,179.0546875,181.6160714285714,180.7672413793103,172.951923076923
183.4375,183.0178571428572,185.8083333333333,184.8616071428571,181.5875,178.8697478991596,179.1484375,181.4374999999999,180.6195652173913,172.6979166666666
183.3303571428572,183.0892857142857,185.775,184.9151785714285,181.6375,178.8949579831933,179.2421875,181.2589285714285,180.445652173913,172.4895833333333
183.1875,183.1607142857143,185.7875,184.9687499999999,181.6875,178.9201680672269,179.3359375,181.0803571428571,180.2717391304348,172.2812499999999
182.9375,183.2321428571429,185.9375,185.0223214285714,181.7375,178.9453781512605,179.4296875,180.9017857142857,180.0978260869565,172.0729166666666
182.6875,183.0357142857143,186.0875,185.0758928571428,181.8125,178.9705882352941,179.5234375,180.7232142857142,179.9239130434782,171.8645833333333
182.4375,182.75,186.2375,185.1294642857142,181.8958333333333,178.9957983193277,179.6171875,180.5446428571428,179.75,171.6562499999999
182.1875,182.4642857142857,186.3875,185.1830357142857,181.9791666666667,179.0210084033613,179.7109375,180.3660714285714,179.5760869565217,171.4479166666666
181.9375,182.2327586206897,186.5375,185.2366071428571,182.0625,179.046218487395,179.8046875,180.1874999999999,179.4021739130434,171.2395833333333
181.6875,182.1637931034483,186.6875,185.3225806451613,182.1458333333333,179.0714285714286,179.8984375,180.0089285714285,179.2282608695652,171.0312499999999
181.4375,182.0948275862069,186.8375,185.4193548387096,182.2291666666667,179.0966386554622,179.9921875,179.8303571428571,179.0543478260869,170.8229166666666
181.2307692307692,182.0258620689655,186.9875,185.516129032258,182.3125,179.1218487394958,180.0859375,179.6517857142857,178.8804347826087,170.6145833333333
181.1538461538462,181.9568965517241,187.1375,185.6129032258064,182.3958333333333,179.1890243902439,180.1796875,179.4732142857142,178.6818181818182,170.40625
181.0769230769231,181.8879310344828,187.2777777777778,185.7096774193548,182.4791666666667,179.2621951219512,180.2380952380952,179.2946428571428,178.4090909090909,170.1875
181,181.8189655172414,187.3888888888889,185.8064516129032,182.5625,179.3353658536585,180.1904761904761,179.1599999999999,178.1363636363636,169.9375
180.9230769230769,181.75,187.5,185.9032258064515,182.6458333333333,179.4085365853658,180.1428571428571,179.0399999999999,177.8636363636363,169.6875
180.8461538461538,181.6810344827586,187.6111111111111,185.9999999999999,182.7291666666667,179.4817073170731,180.0952380952381,178.92,177.5909090909091,169.4374999999999
180.7692307692308,181.6120689655173,187.7222222222222,186.0967741935484,182.8823529411765,179.5548780487805,180.047619047619,178.7999999999999,177.3181818181818,169.1875
180.725,181.5431034482759,187.875,186.1935483870967,183.0588235294118,179.6280487804878,180,178.6799999999999,177.1923076923077,168.9375
180.6916666666667,181.4741379310345,188.0416666666666,186.2903225806451,183.2352941176471,179.7012195121951,179.9523809523809,178.5599999999999,177.1153846153846,168.6875
180.6583333333333,181.4051724137931,188.2083333333333,186.3870967741935,183.4117647058823,179.7743902439024,179.9047619047619,178.4399999999999,177.0384615384615,168.4375
180.625,181.3362068965517,188.375,186.4838709677419,183.5882352941177,179.8475609756097,179.8571428571428,178.3199999999999,176.9615384615385,168.1875
180.5916666666666,181.2672413793103,188.5416666666667,186.5806451612902,183.7647058823529,179.9191919191919,179.8095238095238,178.1999999999999,176.8846153846154,167.9375
180.5583333333333,181.0625,188.7083333333333,186.6774193548386,183.9411764705882,179.989898989899,179.7619047619047,178.0799999999999,176.8076923076923,167.6875
180.525,180.8125,188.375,186.7395833333333,184.1176470588235,180.060606060606,179.6666666666667,177.96,176.6944444444444,167.4375
180.4916666666667,180.5625,187.875,186.6979166666666,184.2261904761905,180.1313131313131,179.5555555555555,177.8399999999999,176.4722222222222,167.1875
180.4583333333333,180.3125,187.375,186.6562499999999,184.1309523809524,180.2020202020202,179.4444444444444,177.7368421052631,176.25,166.9375
180.425,180.0625,186.875,186.6145833333333,184.0357142857143,180.2727272727273,179.3333333333333,177.6842105263158,176.0277777777777,166.703125
180.3916666666667,179.8125,186.6964285714286,186.5729166666666,183.9404761904762,180.3434343434343,179.2222222222222,177.6315789473684,175.8055555555555,166.515625
180.3583333333333,179.5625,186.625,186.5312499999999,183.8452380952381,180.4141414141414,179.1111111111111,177.578947368421,175.5833333333333,166.328125
180.325,179.3125,186.5535714285714,186.4895833333333,183.75,180.4848484848485,179,177.5263157894736,175.3611111111111,166.140625
180.2916666666666,179.0625,186.4821428571428,186.4479166666666,183.6547619047619,180.5555555555555,178.8888888888889,177.4736842105262,175.1388888888889,165.953125
180.2583333333333,178.8125,186.4107142857143,186.4062499999999,183.5595238095238,180.6262626262626,178.7777777777778,177.4210526315789,174.9166666666666,165.765625
180.125,178.675,186.3392857142857,186.3645833333333,183.4642857142857,180.6969696969697,178.75,177.3684210526315,174.6875,165.578125
179.9583333333333,178.575,186.2678571428571,186.3229166666666,183.3690476190476,180.7708333333333,178.75,177.3157894736841,174.4375,165.390625
179.7916666666666,178.475,186.25,186.2812499999999,183.2738095238095,180.8541666666667,178.75,177.2631578947368,174.1875,165.203125
179.625,178.375,186.25,186.2395833333333,183.2222222222222,180.9375,178.75,177.1299999999999,173.9375,165.015625
179.4583333333333,178.275,186.25,186.1979166666666,183.1851851851852,181.0208333333333,178.75,176.9699999999999,173.6874999999999,164.828125
179.2916666666666,178.175,186.25,186.1562499999999,183.1481481481482,181.1041666666667,178.75,176.8099999999999,173.4375,164.640625
179.125,178.075,186.25,186.1145833333333,183.1111111111111,181.1875,178.75,176.6499999999999,173.1875,164.453125
178.9583333333333,177.975,186.2266666666666,186.0729166666666,183.0740740740741,181.2291666666667,178.75,176.49,172.9375,164.265625
178.7916666666667,177.875,186.1333333333333,186.0312499999999,183.037037037037,181.1458333333333,178.7,176.33,172.6875,164.078125
178.625,177.775,186.04,185.9895833333333,183,181.0625,178.6333333333333,176.17,172.4375,163.890625
178.4583333333333,177.6875,185.9466666666666,185.9479166666666,182.962962962963,180.9791666666667,178.5666666666666,176.0099999999999,172.1666666666666,163.6923076923077
178.2916666666666,177.6041666666667,185.8533333333333,185.9062499999999,182.9259259259259,180.8958333333333,178.5,175.8499999999999,171.8333333333333,163.4615384615384
178.0625,177.5208333333333,185.76,185.8645833333333,182.8888888888889,180.8125,178.4333333333333,175.6899999999999,171.5,163.2307692307692
177.8125,177.4375,185.6666666666666,185.8229166666666,182.8518518518518,180.7547169811321,178.3666666666666,175.5299999999999,171.1666666666666,163
177.5625,177.3541666666667,185.5733333333333,185.7812499999999,182.8148148148148,180.7735849056604,178.3,175.3699999999999,170.8333333333333,162.7692307692307
177.3125,177.2708333333333,185.48,185.7171052631578,182.7777777777778,180.7924528301887,178.203125,175.2291666666666,170.5,162.5384615384615
177.0625,176.75,185.3866666666666,185.5855263157894,182.7407407407408,180.811320754717,178.015625,175.1458333333333,170.1666666666666,162.3076923076923
176.8125,176.0833333333333,185.2453703703704,185.453947368421,182.7037037037037,180.8301886792453,177.828125,175.0624999999999,169.8333333333333,162
176.5625,175.4166666666667,185.0972222222222,185.3223684210526,182.6666666666667,180.8490566037735,177.640625,174.9791666666666,169.5,161.6666666666666
176.3125,175.25,184.949074074074,185.1907894736842,182.6296296296296,180.8679245283018,177.453125,174.8958333333332,169.1666666666666,161.3333333333333
176.1617647058823,175.25,184.8009259259259,185.0592105263157,182.5925925925926,180.774193548387,177.265625,174.8124999999999,168.8333333333333,160.9999999999999
176.0441176470588,175.25,184.6527777777777,184.9276315789473,182.5555555555555,180.6129032258064,177.078125,174.6785714285713,168.4411764705882,160.6666666666666
175.9264705882353,175.25,184.5046296296296,184.7960526315789,182.5185185185185,180.4516129032258,176.890625,174.392857142857,168.0294117647059,160.3333333333333
175.8088235294117,175.25,184.3579545454545,184.6644736842105,182.4814814814815,180.2903225806451,176.7272727272727,174.1071428571428,167.6176470588235,160.0624999999999
175.6911764705882,175.25,184.2215909090909,184.532894736842,182.4444444444445,180.1290322580645,176.6363636363636,173.8214285714285,167.2058823529412,159.8124999999999
175.5735294117647,175.25,184.0852272727273,184.4013157894736,182.4074074074074,179.9677419354838,176.5454545454545,173.5357142857142,166.7941176470588,159.5624999999999
175.4558823529411,175.15625,183.9488636363636,184.2697368421052,182.3703703703704,179.8064516129032,176.4545454545454,173.2499999999999,166.3823529411764,159.3124999999999
175.3382352941176,175.03125,183.8125,184.1381578947368,182.3333333333333,179.6451612903225,176.3636363636363,172.9642857142857,165.9705882352941,159.0624999999999
175.2282608695652,174.90625,183.6761363636363,184.0065789473684,182.2962962962963,179.7279411764706,176.2727272727273,172.6590909090908,165.5588235294117,158.8124999999999
175.1413043478261,174.78125,183.5792682926829,183.8749999999999,182.2592592592593,179.8455882352941,176.25,172.2954545454545,165.2222222222222,158.5357142857142
175.0543478260869,174.65625,183.5060975609756,183.7434210526315,182.2058823529412,179.9632352941176,176.25,171.9318181818181,165.1111111111111,158.2499999999999
174.9673913043478,174.53125,183.4329268292683,183.6118421052631,182.1470588235294,180.0808823529412,176.25,171.5681818181818,165,157.9642857142857
174.8804347826087,174.40625,183.359756097561,183.4802631578947,182.0882352941176,180.1985294117647,176.25,171.2045454545454,164.8888888888889,157.6785714285714
174.7934782608695,174.28125,183.2865853658536,183.3486842105262,182.0294117647059,180.3161764705882,176.25,170.840909090909,164.7777777777778,157.3928571428571
