161.7777777777779,167.275,173.5833333333334,174.7500000000001,175.7394957983194,174.2631578947369,174.0294117647059,165.280303030303,164.0952380952381,166.7954545454546
161.888888888889,167.3750000000001,174.2500000000001,174.7500000000001,175.781512605042,174.421052631579,174.0882352941177,165.3409090909091,164.2857142857144,166.9772727272728
162.0000000000001,167.4750000000001,174.9166666666667,174.7500000000001,175.8235294117647,174.5789473684211,174.1470588235294,165.4015151515152,164.4761904761905,167.159090909091
162.1111111111112,167.575,175.2916666666667,174.7500000000001,175.8655462184874,174.7368421052632,174.2058823529412,165.4621212121212,164.6666666666667,167.3409090909092
162.2222222222223,167.675,175.3750000000001,174.7500000000001,175.9075630252101,174.8947368421053,174.264705882353,165.5227272727273,164.8571428571429,167.5227272727273
162.7857142857144,167.8214285714286,175.4583333333334,174.7500000000001,175.9495798319328,175.0526315789474,174.3235294117648,165.5833333333333,165.0476190476191,167.7045454545455
163.5000000000001,168.1071428571429,175.5416666666667,174.7500000000001,175.9915966386555,175.2105263157895,174.3823529411765,165.6439393939394,165.2380952380952,167.9375000000001
164.2142857142858,168.3928571428572,175.6250000000001,174.7500000000001,176.0336134453781,175.3684210526316,174.4411764705883,165.7045454545455,165.4285714285714,168.1875000000001
164.7500000000001,168.6785714285715,175.7083333333334,174.7500000000001,176.0756302521008,175.5263157894737,174.5,165.7931034482759,165.6190476190476,168.4375000000001
164.7500000000001,168.9642857142858,175.7187500000001,174.7500000000001,176.1176470588235,175.6842105263158,174.5588235294118,165.9655172413793,165.8095238095238,168.6875000000001
164.7500000000001,169.2500000000001,175.6562500000001,174.8035714285715,176.1596638655462,175.8421052631579,174.6176470588235,166.1379310344828,166,168.8823529411765
164.7500000000001,169.5357142857143,175.5937500000001,175.0178571428572,176.2016806722689,176,174.6764705882353,166.3103448275862,166.1666666666667,169.0588235294118
164.7500000000001,169.8076923076923,175.5312500000001,175.2321428571429,176.2436974789916,176.1578947368421,174.7352941176471,166.4827586206897,166.3333333333333,169.2352941176471
164.9375000000001,170.0384615384616,175.4687500000001,175.4464285714286,176.2857142857143,176.3157894736842,174.7941176470588,166.6551724137931,166.5,169.4117647058824
165.1875000000001,170.2692307692308,175.4062500000001,175.6607142857143,176.327731092437,176.4736842105263,174.8529411764706,166.8275862068965,166.6666666666667,169.5882352941177
165.4375000000001,170.5000000000001,175.3437500000001,175.8750000000001,176.3697478991597,176.6315789473684,174.9117647058824,167,166.8333333333333,169.764705882353
165.6875000000001,170.7307692307693,175.2812500000001,176.0892857142858,176.4117647058824,176.7894736842105,174.9705882352941,167.2727272727273,167,169.9411764705883
165.9375000000001,170.9615384615385,175.3571428571429,176.3500000000001,176.453781512605,176.9473684210526,175.0476190476191,167.5454545454545,167.125,170.1176470588236
166.1875000000001,171.1923076923078,175.5714285714286,176.7500000000001,176.4957983193277,177.1052631578947,175.1428571428571,167.8181818181818,167.25,170.2941176470589
166.4107142857144,171.3,175.7857142857143,177.1500000000001,176.5378151260504,177.2631578947368,175.2380952380953,168.0909090909091,167.375,170.4705882352941
166.6250000000001,171.3666666666667,176.0000000000001,177.5500000000001,176.5798319327731,177.421052631579,175.3333333333333,168.3636363636363,167.5,170.6470588235295
166.8392857142858,171.4333333333334,176.2142857142858,177.95,176.6218487394958,177.5454545454546,175.4285714285714,168.6363636363636,167.625,170.8235294117648
167.0535714285716,171.5000000000001,176.4285714285715,178.2666666666667,176.6638655462185,177.6363636363636,175.5238095238095,168.9090909090909,167.75,171.0000000000001
167.2678571428573,171.5666666666667,176.6428571428572,178.3333333333334,176.7058823529412,177.7272727272727,175.6190476190476,169.1818181818182,167.875,171.1764705882354
167.482142857143,171.6333333333334,176.95,178.4000000000001,176.7478991596639,177.8181818181818,175.7142857142857,169.4545454545454,168,171.3529411764706
167.6964285714287,171.7,177.3500000000001,178.4666666666667,176.7899159663866,177.9090909090909,175.8095238095238,169.7272727272727,168.4,171.5294117647059
167.8076923076924,171.825,177.7500000000001,178.5333333333334,176.8319327731093,178,175.9047619047619,170,168.8,171.7058823529412
167.8846153846155,172.1250000000001,178.15,178.6000000000001,176.8739495798319,178.0909090909091,176,170.2222222222222,169.2,172.1250000000001
167.9615384615386,172.4250000000001,178.55,178.6666666666667,176.9159663865546,178.1818181818182,176.0952380952381,170.4444444444445,169.6,172.6250000000001
168.0384615384617,172.7250000000001,178.8055555555556,178.7333333333334,176.9579831932773,178.2727272727273,176.1904761904762,170.6666666666667,170,173.1250000000001
168.1153846153847,173.0250000000001,178.9166666666667,178.8000000000001,177,178.3636363636364,176.2857142857143,170.8888888888889,170.2142857142857,173.6250000000001
168.1923076923078,173.2916666666667,179.0277777777778,178.8666666666667,177.1363636363637,178.4545454545455,176.3809523809524,171.1111111111111,170.4285714285714,174.05
168.3088235294119,173.4583333333334,179.138888888889,178.9333333333334,177.2727272727273,178.5714285714286,176.4761904761905,171.3333333333333,170.6428571428571,174.45
168.5441176470589,173.6250000000001,179.2500000000001,179.0000000000001,177.4090909090909,178.7142857142857,176.5714285714286,171.5555555555555,170.8571428571429,174.8928571428572
168.779411764706,173.7916666666667,179.3611111111112,179.0666666666667,177.5454545454546,178.8571428571429,176.6666666666667,171.7777777777778,171.0714285714286,175.4642857142858
169.014705882353,173.9583333333334,179.4722222222223,179.1333333333334,177.6818181818182,179,176.7619047619048,172,171.2857142857143,176.0357142857143
169.2500000000001,174.1250000000001,179.5833333333334,179.2000000000001,177.8181818181818,179.1428571428571,176.8571428571429,172.2972972972973,171.5,176.6071428571429
169.4852941176472,174.2916666666667,179.6944444444445,179.2708333333334,177.9545454545454,179.2857142857143,176.952380952381,172.5945945945946,171.7142857142857,176.8125000000001
169.7205882352942,174.4583333333334,179.8500000000001,179.3541666666667,178.0909090909091,179.4285714285714,177.1071428571429,172.8918918918919,171.9285714285714,176.8958333333334
169.9558823529413,174.6250000000001,180.0500000000001,179.4375000000001,178.2272727272727,179.5714285714286,177.3214285714286,173.1891891891892,172.1428571428571,176.9791666666667
170.1911764705883,174.8125000000001,180.2500000000001,179.5208333333334,178.3636363636364,179.7142857142857,177.5357142857143,173.4864864864865,172.3571428571428,177.0625000000001
170.3823529411766,175.0625000000001,180.45,179.6041666666667,178.5,179.8571428571429,177.75,173.7837837837838,172.5714285714286,177.1458333333334
170.5588235294119,175.3125000000001,180.65,179.6875000000001,178.6363636363636,180,177.9642857142857,174.0810810810811,172.7857142857143,177.2291666666667
170.7352941176472,175.5625000000001,180.8500000000001,179.7708333333334,178.7727272727273,180.1428571428571,178.1785714285714,174.3783783783784,173,177.4500000000001
170.9117647058825,175.7166666666667,181.0500000000001,179.8541666666667,178.9090909090909,180.2857142857143,178.3928571428572,174.6756756756757,173.2307692307693,177.7166666666667
171.0882352941177,175.5833333333334,181.2500000000001,179.9375000000001,179.0454545454546,180.4285714285714,178.6071428571429,174.4821428571429,173.4615384615385,177.9833333333334
171.2647058823531,175.45,181.2500000000001,180.0208333333334,179.1818181818182,180.5357142857143,178.8214285714286,174.125,173.6923076923077,178.2500000000001
171.4411764705883,175.3166666666667,181.2500000000001,180.1041666666667,179.3181818181818,180.6071428571429,179.0357142857143,173.7678571428572,173.9230769230769,178.5166666666667
171.6176470588236,175.1833333333334,181.2500000000001,180.1875000000001,179.4545454545454,180.6785714285714,179.25,173.6206896551724,174.1538461538462,178.7833333333334
171.8437500000001,175.0500000000001,181.2500000000001,180.2500000000001,179.5909090909091,180.75,179.4642857142857,174.1034482758621,174.3846153846154,179.05
172.2187500000001,174.9166666666667,181.2500000000001,180.2500000000001,179.7272727272727,180.8214285714286,179.6785714285714,174.5862068965517,174.6153846153846,179.2272727272728
172.5937500000001,174.7833333333334,181.2500000000001,180.2500000000001,179.8636363636364,180.8928571428572,179.8928571428572,175.0689655172414,174.8461538461539,179.1363636363637
172.9687500000001,174.95,181.2500000000001,180.2500000000001,180,180.9642857142857,180.0421686746988,175.5378322820455,175.0769230769231,179.0454545454546
173.3035714285716,175.2166666666667,181.2500000000001,180.2500000000001,180.1034482758621,181.0357142857143,180.1265060240964,175.9944103401667,175.3076923076923,178.9545454545455
173.5178571428573,175.4833333333334,181.2500000000001,180.2500000000001,180.2068965517242,181.1071428571429,180.210843373494,176.4509883982879,175.5384615384615,178.8636363636364
173.732142857143,175.7500000000001,181.3125000000001,180.2500000000001,180.3103448275862,181.1785714285714,180.2951807228916,176.9075664564091,175.7692307692308,178.7727272727273
173.9464285714287,176.0166666666667,181.3750000000001,180.2500000000001,180.4137931034483,181.25,180.3795180722892,177.30625,176,179.5000000000001
174.1607142857144,176.2833333333334,181.4375000000001,180.2500000000001,180.5172413793103,181.3214285714286,180.4638554216868,177.53125,176.125,180.5000000000001
174.3750000000001,176.5500000000001,181.5000000000001,180.2500000000001,180.6206896551724,181.3928571428571,180.5481927710843,177.75625,176.25,181.2608695652175
174.5892857142858,176.8250000000001,181.5625000000001,180.2500000000001,180.7241379310345,181.4642857142857,180.6325301204819,177.98125,176.375,181.304347826087
174.818181818182,177.1250000000001,181.6250000000001,180.2500000000001,180.8275862068966,181.5416666666667,180.7168674698795,178.20625,176.5,181.3478260869566
175.0909090909092,177.425,181.6875000000001,180.2500000000001,180.9310344827586,181.625,180.8012048192771,178.43125,176.625,181.3913043478261
175.3636363636365,177.7250000000001,181.7500000000001,180.2500000000001,181.0344827586207,181.7083333333333,180.8855421686747,178.65625,176.75,181.4347826086957
175.6363636363637,178.025,181.8804347826088,180.2822580645162,181.1379310344828,181.7916666666667,180.9698795180723,178.88125,176.875,181.4782608695653
175.909090909091,178.2500000000001,182.0108695652174,180.4112903225807,181.2413793103448,181.875,181.0542168674699,179.10625,177,181.5217391304348
176.1818181818183,178.2500000000001,182.1413043478261,180.5403225806452,181.3448275862069,181.9583333333333,181.1385542168675,179.33125,177.3333333333333,181.5652173913044
176.2916666666668,178.2500000000001,182.2717391304348,180.6693548387097,181.448275862069,182.0416666666667,181.2228915662651,179.5471698113208,177.6666666666667,181.608695652174
176.3472222222223,178.2500000000001,182.4021739130436,180.7983870967743,181.551724137931,182.125,181.3072289156626,179.7358490566038,178,181.6521739130436
176.4027777777779,178.2500000000001,182.5326086956522,180.9274193548388,181.6551724137931,182.2083333333333,181.3915662650602,179.9245283018868,178.3333333333333,181.6956521739131
176.4583333333334,178.2500000000001,182.6630434782609,181.0564516129033,181.7586206896552,182.2916666666667,181.4759036144578,180.1132075471698,178.6666666666667,181.7391304347827
176.513888888889,178.2500000000001,182.7934782608696,181.1854838709678,181.8620689655172,182.375,181.5602409638554,180.3018867924528,179,182.2857142857143
176.5694444444446,178.2500000000001,182.9239130434783,181.3145161290323,181.9655172413793,182.4583333333333,181.644578313253,180.4905660377358,179.3333333333333,183.0000000000001
176.6250000000001,178.275,183.054347826087,181.4435483870968,182.0689655172414,182.55,181.7289156626506,180.6792452830189,179.6666666666667,183.7142857142858
176.6805555555557,178.3750000000001,183.1847826086957,181.5725806451613,182.1724137931035,182.65,181.7682926829268,180.8679245283019,180,184.4375000000001
176.7361111111112,178.4750000000001,183.3214285714286,181.7016129032259,182.2758620689655,182.75,181.7926829268293,181.0566037735849,180.3333333333333,185.1875000000001
176.8750000000001,178.575,183.4642857142858,181.8306451612904,182.3793103448276,182.85,181.8170731707317,181.2452830188679,180.6666666666667,185.8333333333334
177.0416666666668,178.6750000000001,183.6071428571429,181.9596774193549,182.4827586206897,182.95,181.8414634146341,181.4339622641509,181,186.1666666666667
177.2083333333335,178.8461538461539,183.7500000000001,182.0887096774194,182.5862068965517,183.05,181.8658536585366,181.622641509434,181.25,186.5000000000001
177.3750000000001,179.2307692307693,183.8928571428572,182.2177419354839,182.6896551724138,183.15,181.890243902439,181.811320754717,181.5,186.8333333333334
177.5416666666668,179.6153846153847,184.0357142857144,182.4107142857144,182.7931034482759,183.25,181.9146341463415,182,181.75,187.1666666666667
177.7083333333335,180.0000000000001,184.1785714285715,182.6250000000001,182.8965517241379,183.35,181.9390243902439,182.1818181818182,182,187.5000000000001
177.9750000000001,180.3846153846154,184.5833333333334,182.8392857142858,183,183.45,181.9634146341463,182.3636363636364,182.25,187.7045454545455
178.2750000000001,180.7692307692308,185.2500000000001,183.0535714285715,183.1111111111111,183.55,181.9878048780488,182.5454545454546,182.5,187.5227272727273
178.5750000000001,181.1538461538462,185.9166666666667,183.2678571428572,183.2222222222222,183.65,182.0833333333333,182.7272727272727,182.75,187.3409090909091
178.8750000000001,181.2788461538462,186.159090909091,183.4821428571429,183.3333333333333,183.75,182.25,182.9090909090909,183,187.159090909091
179.1750000000001,181.3173076923077,185.9772727272728,183.6964285714286,183.4444444444444,183.85,182.4166666666667,183.0909090909091,183.2727272727273,186.9772727272728
179.4750000000001,181.3557692307693,185.7954545454546,183.8231707317074,183.5555555555555,183.95,182.5833333333334,183.2727272727273,183.5454545454545,186.7954545454546
179.7750000000001,181.3942307692308,185.6136363636364,183.9207317073171,183.6666666666667,184.05,182.75,183.4545454545454,183.8181818181818,186.9807692307693
180.0750000000001,181.4326923076924,185.4318181818182,184.0182926829269,183.7777777777778,184.15,182.9166666666667,183.6363636363636,184.0909090909091,187.2884615384616
180.3750000000001,181.4711538461539,185.2500000000001,184.1158536585367,183.8888888888889,184.25,183.0833333333333,183.8181818181818,184.3636363636364,187.5961538461539
180.6750000000001,181.5096153846154,185.2500000000001,184.2134146341464,184,184.35,183.25,184,184.6363636363636,187.9038461538462
180.8333333333334,181.548076923077,185.2500000000001,184.3109756097562,184.1111111111111,184.45,183.4166666666667,184.1176470588235,184.9090909090909,188.2115384615385
180.9444444444446,181.5865384615385,185.2500000000001,184.4085365853659,184.2222222222222,184.5652173913044,183.5833333333333,184.235294117647,185.1818181818182,188.5192307692308
181.0555555555557,181.6250000000001,185.2500000000001,184.5060975609757,184.3333333333333,184.6956521739131,183.75,184.3529411764706,185.4545454545454,188.7884615384616
181.1666666666668,181.6634615384616,185.2500000000001,184.6036585365854,184.4444444444445,184.8260869565217,183.9166666666667,184.4705882352941,185.7272727272727,188.9423076923078
181.2777777777779,181.7019230769232,185.2500000000001,184.7012195121952,184.5555555555555,184.9565217391304,184.1078431372549,184.5882352941177,186,189.0961538461539
181.388888888889,181.7403846153847,185.2500000000001,184.7987804878049,184.6666666666667,185.0869565217391,184.3235294117647,184.7058823529412,186.125,189.2500000000001
181.5000000000001,181.8684210526316,185.2500000000001,184.8963414634147,184.7777777777778,185.2173913043478,184.5392156862745,184.8235294117647,186.25,189.4038461538462
181.6111111111112,182.0263157894738,185.2500000000001,184.9939024390245,184.8888888888889,185.3478260869565,184.7549019607843,184.9411764705882,186.375,189.5576923076924
181.7222222222223,182.1842105263158,185.2857142857143,185.0914634146342,185,185.4782608695652,184.9705882352941,185.0588235294118,186.5,189.7115384615385
181.8700000000001,182.3421052631579,185.3571428571429,185.189024390244,185.1111111111111,185.6086956521739,185.1862745098039,185.1764705882353,186.625,189.9000000000001
182.0300000000001,182.5000000000001,185.4285714285715,185.2865853658537,185.2222222222222,185.7391304347826,185.4019607843138,185.2941176470588,186.75,190.1000000000001
182.1900000000001,182.6578947368422,185.5000000000001,185.3841463414635,185.3333333333333,185.8695652173913,185.6176470588235,185.4117647058824,186.875,190.3750000000001
182.3500000000001,182.8157894736843,185.5714285714286,185.4817073170732,185.4444444444445,186,185.8333333333334,185.5294117647059,187,190.8750000000001
182.5100000000001,182.9736842105264,185.6428571428572,185.579268292683,185.5555555555556,186.1304347826087,186.0490196078431,185.6470588235294,187.1914893617021,191.3750000000001
182.6700000000001,183.1315789473685,185.7142857142858,185.6768292682927,185.6666666666667,186.2608695652174,186.264705882353,185.764705882353,187.3829787234042,191.7678571428572
182.8300000000001,183.2777777777778,185.8382352941177,185.7651515151516,185.7777777777778,186.3913043478261,186.4803921568628,185.8823529411765,187.5744680851064,191.8392857142858
182.9900000000001,183.388888888889,186.014705882353,185.8257575757576,185.8888888888889,186.5217391304348,186.6960784313726,186,187.7659574468085,191.9107142857144
183.1500000000001,183.5000000000001,186.1911764705883,185.8863636363637,186,186.6521739130435,186.7641509433962,186.1538461538462,187.9574468085107,191.9821428571429
183.3100000000001,183.6111111111111,186.3676470588236,185.9469696969697,186.0714285714286,186.7826086956522,186.7830188679245,186.3076923076923,188.1489361702128,192.0535714285715
183.4700000000001,183.7222222222223,186.5441176470589,186.0075757575758,186.1428571428571,186.9130434782609,186.8018867924528,186.4615384615385,188.3404255319149,192.1250000000001
183.6300000000001,183.8333333333334,186.7205882352942,186.0681818181819,186.2142857142857,187.0434782608696,186.8207547169811,186.6153846153846,188.531914893617,192.1964285714286
183.7900000000001,183.9444444444445,186.8970588235294,186.1287878787879,186.2857142857143,187.1739130434783,186.8396226415094,186.7692307692308,188.7234042553192,192.3409090909092
183.9500000000001,184.0555555555556,187.0735294117648,186.189393939394,186.3571428571428,187.3043478260869,186.8584905660377,186.9230769230769,188.9148936170213,192.7045454545455
184.1100000000001,184.1666666666667,187.2500000000001,186.2500000000001,186.4285714285714,187.4347826086956,186.8773584905661,187.0769230769231,189.1063829787234,193.0681818181819
184.2700000000001,184.3088235294118,187.3026315789474,186.3106060606061,186.5,187.5384615384615,186.8962264150944,187.2307692307692,189.2682926829268,193.4318181818182
184.4300000000001,184.5441176470589,187.3552631578948,186.3712121212122,186.5714285714286,187.6153846153846,186.9150943396226,187.3846153846154,189.3414634146341,193.7954545454546
184.5900000000001,184.7794117647059,187.4078947368422,186.4318181818182,186.6428571428572,187.6923076923077,186.9339622641509,187.5384615384615,189.4146341463415,194.159090909091
184.7500000000001,185.014705882353,187.4605263157895,186.4924242424243,186.7142857142857,187.7692307692308,186.9528301886792,187.6923076923077,189.4878048780488,194.5909090909092
184.9100000000001,185.2500000000001,187.5131578947369,186.5530303030304,186.7857142857143,187.8461538461539,186.9716981132075,187.8461538461538,189.5609756097561,195.0454545454546
185.0700000000001,185.4852941176471,187.5657894736843,186.6136363636364,186.8571428571428,187.9230769230769,186.9905660377359,188,189.6341463414634,195.5000000000001
185.2300000000001,185.7205882352942,187.6184210526316,186.6742424242425,186.9285714285714,188,187.0333333333334,188.2448979591837,189.7073170731707,195.9545454545455
185.3900000000001,185.9558823529412,187.671052631579,186.7348484848486,187,188.0769230769231,187.1,188.4897959183673,189.780487804878,196.409090909091
185.5500000000001,186.1911764705883,187.7236842105264,186.7905405405406,187.0714285714286,188.1538461538461,187.1666666666667,188.734693877551,189.8536585365854,196.7916666666667
185.7100000000001,186.3500000000001,187.7763157894738,186.8445945945946,187.1428571428571,188.2307692307692,187.2333333333333,188.9795918367347,189.9268292682927,196.9583333333334
185.8333333333334,186.4833333333333,187.8289473684211,186.8986486486487,187.2142857142857,188.3076923076923,187.3,189.2244897959184,190,197.1250000000001
185.9444444444446,186.6166666666667,187.8815789473685,186.9527027027028,187.2857142857143,188.3846153846154,187.3666666666667,189.469387755102,190.3,197.2916666666667
186.0555555555557,186.7500000000001,187.9342105263158,187.0067567567568,187.3571428571429,188.4615384615385,187.4333333333333,189.7142857142857,190.6,197.4583333333334
186.1666666666668,186.8833333333334,187.9868421052632,187.0608108108109,187.4285714285714,188.5,187.5,189.9591836734694,190.9,197.6250000000001
186.2777777777779,187.0166666666667,188.0394736842106,187.1148648648649,187.5,188.5,187.5666666666667,190.2040816326531,191.2,197.7968750000001
186.388888888889,187.1500000000001,188.0921052631579,187.168918918919,187.5714285714286,188.5,187.6333333333333,190.4489795918367,191.5,197.9843750000001
186.5000000000001,187.2750000000001,188.1447368421053,187.222972972973,187.6428571428571,188.5,187.7,190.6938775510204,191.8,198.1718750000001
186.6111111111112,187.3750000000001,188.1973684210527,187.2770270270271,187.7142857142857,188.5,187.7666666666667,190.9387755102041,192.1,198.3593750000001
186.7222222222223,187.4750000000001,188.2500000000001,187.3310810810812,187.7857142857143,188.5,187.8333333333333,191.1016949152543,192.4,198.5468750000001
186.857142857143,187.575,188.1875000000001,187.3851351351352,187.8571428571429,188.5,187.9,191.2372881355932,192.7,198.7343750000001
187.0000000000001,187.6750000000001,188.1250000000001,187.4391891891892,187.9285714285714,188.5,187.9666666666667,191.3728813559322,193,198.9218750000001
187.1428571428573,187.775,188.0625000000001,187.4932432432433,188,188.5,188.0263157894737,191.5084745762712,193.1666666666667,199.1093750000001
187.2857142857144,187.8750000000001,188.0000000000001,187.5472972972973,188.0322580645161,188.5,188.078947368421,191.6440677966102,193.3333333333333,199.2916666666667
187.4285714285716,187.9750000000001,187.9375000000001,187.6013513513514,188.0645161290323,188.5416666666667,188.1315789473684,191.7796610169491,193.5,199.4583333333334
187.5714285714287,188.075,187.8750000000001,187.6554054054054,188.0967741935484,188.625,188.1842105263158,191.9152542372881,193.6666666666667,199.6250000000001
187.7142857142858,188.1750000000001,187.8125000000001,187.7094594594595,188.1290322580645,188.7083333333333,188.2368421052632,192.0508474576271,193.8333333333333,199.7916666666667
187.857142857143,188.2750000000001,187.7500000000001,187.7642857142858,188.1612903225806,188.7916666666667,188.2894736842105,192.1864406779661,194,199.9583333333334
188.0000000000001,188.3750000000001,187.9264705882354,187.8214285714286,188.1935483870968,188.875,188.3421052631579,192.3220338983051,194.1666666666667,200.1250000000001
188.1428571428573,188.4750000000001,188.1029411764707,187.8785714285715,188.2258064516129,188.9583333333333,188.3947368421053,192.4576271186441,194.3333333333333,200.2941176470589
188.3000000000001,188.575,188.2794117647059,187.9357142857143,188.258064516129,189.0416666666667,188.4473684210527,192.5932203389831,194.5,200.4705882352942
188.5000000000001,188.6750000000001,188.4558823529412,187.9928571428572,188.2903225806452,189.125,188.5,192.728813559322,194.6666666666667,200.6470588235295
188.7000000000001,188.7857142857143,188.6323529411765,188.0500000000001,188.3225806451613,189.2083333333333,188.5526315789474,192.864406779661,194.8333333333333,200.8235294117648
188.9000000000001,188.9285714285715,188.8088235294118,188.1071428571429,188.3548387096774,189.2916666666667,188.6052631578947,193,195,201.0000000000001
189.1000000000001,189.0714285714286,188.9852941176471,188.1642857142858,188.3870967741935,189.375,188.6578947368421,193.1666666666667,195.1666666666667,201.1764705882354
189.3000000000001,189.2142857142858,189.1617647058824,188.2214285714286,188.4193548387097,189.4583333333333,188.7105263157895,193.3333333333333,195.3333333333333,201.3529411764707
189.5000000000001,189.3571428571429,189.2870370370371,188.2785714285715,188.4516129032258,189.6428571428571,188.7631578947368,193.5,195.5,201.5294117647059
189.7000000000001,189.5000000000001,189.3611111111111,188.3357142857143,188.483870967742,189.9285714285714,188.8157894736842,193.6666666666667,195.6666666666667,201.7058823529412
189.9750000000001,189.6428571428572,189.4351851851852,188.3928571428572,188.516129032258,190.2142857142857,188.8684210526316,193.8333333333333,195.8333333333333,201.8382352941177
190.2750000000001,189.7857142857143,189.5092592592593,188.45,188.5483870967742,190.5,188.921052631579,194,196,201.9558823529412
190.5750000000001,189.9285714285715,189.5833333333334,188.5071428571429,188.5806451612903,190.7857142857143,188.9736842105263,194.3030303030303,196.0833333333333,202.0735294117648
190.8750000000001,190.0714285714286,189.6574074074074,188.5642857142858,188.6129032258065,191.0714285714286,189.0625,194.6060606060606,196.1666666666667,202.1911764705883
191.1750000000001,190.2142857142858,189.7314814814816,188.6214285714286,188.6451612903226,191.3571428571429,189.1875,194.9090909090909,196.25,202.3088235294118
191.423076923077,190.3571428571429,189.8055555555556,188.6785714285715,188.6774193548387,191.2307692307692,189.3125,195.2121212121212,196.3333333333333,202.4264705882354
191.6538461538463,190.5000000000001,189.8796296296297,188.7357142857144,188.7096774193548,190.6923076923077,189.4375,195.5151515151515,196.4166666666667,202.5441176470589
191.8846153846155,190.6428571428572,189.9537037037038,188.6875000000001,188.741935483871,190.1538461538462,189.5625,195.8181818181818,196.5,202.6617647058824
192.1153846153847,190.784090909091,190.0277777777778,188.6041666666667,188.7572815533981,189.7659574468085,189.6875,196.1212121212121,196.5833333333333,202.7941176470589
192.346153846154,190.9204545454546,190.1018518518519,188.5208333333334,188.7669902912621,189.8297872340425,189.8125,196.4242424242424,196.6666666666667,202.9705882352941
192.5769230769232,191.0568181818182,190.175925925926,188.4375000000001,188.7766990291262,189.8936170212766,189.9375,196.6956521739131,196.75,203.1470588235295
192.7656250000001,191.1931818181819,190.2500000000001,188.3541666666667,188.7864077669903,189.9574468085106,190.0625,196.9565217391304,196.8333333333333,203.3235294117648
192.8281250000001,191.3295454545455,190.154761904762,188.2708333333334,188.7961165048544,190.0212765957447,190.1875,197.2173913043478,196.9166666666667,203.5000000000001
192.8906250000001,191.4659090909092,190.0595238095239,188.0833333333334,188.8058252427185,190.0851063829787,190.3125,197.4782608695652,197,203.6764705882354
192.9531250000001,191.6022727272728,189.9642857142858,187.8611111111112,188.8155339805825,190.1489361702128,190.4375,197.7391304347826,197.4166666666667,203.8529411764707
193.0156250000001,191.7386363636364,189.8690476190477,187.6388888888889,188.8252427184466,190.2127659574468,190.5625,198,197.8333333333333,204.0294117647059
193.0781250000001,191.8750000000001,189.7738095238096,187.4166666666667,188.8349514563107,190.2765957446808,190.6875,198.2,198.25,204.2058823529412
193.1406250000001,192.0113636363637,189.6785714285715,187.26,188.8446601941747,190.3404255319149,190.8125,198.4,198.6666666666667,204.3750000000001
193.2031250000001,192.1477272727273,189.5833333333334,187.3000000000001,188.8543689320388,190.4042553191489,190.9375,198.6,199.0833333333333,204.5416666666667
193.3750000000001,192.284090909091,189.4880952380953,187.3400000000001,188.8640776699029,190.468085106383,191.0471698113208,198.8,199.5,204.7083333333334
193.8750000000001,192.4204545454546,189.3928571428572,187.3800000000001,188.873786407767,190.5,191.1415094339623,199,199.9166666666667,204.8750000000001
194.3750000000001,192.5568181818182,189.2976190476191,187.42,188.8834951456311,190.5,191.2358490566038,199.2,200.3333333333333,205.0416666666667
194.8750000000001,192.6931818181819,189.3055555555556,187.4600000000001,188.8932038834951,190.5,191.3301886792453,199.4,200.7136072327764,205.2083333333334
195.3750000000001,192.8295454545455,189.4166666666667,187.5000000000001,188.9029126213592,190.5,191.4245283018868,199.6,200.9594300755322,205.4807692307693
195.8750000000001,192.9659090909092,189.5277777777778,187.54,188.9126213592233,190.5,191.5188679245283,199.8,201.205252918288,205.7884615384616
196.3000000000001,193.1022727272728,189.6388888888889,187.5800000000001,188.9223300970874,190.5,191.6132075471698,200,201.4510757610437,206.0961538461539
196.5000000000001,193.2386363636364,189.75,187.6200000000001,188.9320388349515,190.5,191.7075471698113,200.0256410256411,201.6968986037995,206.4038461538462
196.7000000000001,193.3750000000001,189.0833333333334,187.6600000000001,188.9417475728155,190.5,191.8018867924528,200.051282051282,201.9427214465553,206.7115384615385
196.9000000000001,193.5113636363637,188.7500000000001,187.7,188.9514563106796,190.5,191.8962264150944,200.0769230769231,202.188544289311,207.0192307692308
197.1000000000001,193.6477272727273,188.7500000000001,187.7400000000001,188.9611650485437,190.5,191.9905660377358,200.1025641025641,202.3720930232558,207.2727272727273
197.2083333333335,193.7727272727273,189.7500000000001,187.8017241379311,188.9708737864078,190.5,192.0849056603774,200.1282051282051,202.5348837209302,207.3636363636364
197.0416666666668,193.8636363636364,190.7500000000001,187.8706896551725,188.9805825242719,190.4761904761905,192.1792452830189,200.1538461538462,202.6976744186047,207.4545454545455
196.8750000000001,193.9545454545455,191.0833333333334,187.9396551724138,188.9902912621359,190.4285714285714,192.2362637362637,200.1794871794872,202.8604651162791,207.5454545454546
196.7083333333334,194.0454545454546,191.4166666666667,188.0086206896552,189,190.3809523809524,192.1813186813187,200.2051282051282,203.0232558139535,207.6363636363637
196.5416666666668,194.1363636363637,191.7500000000001,188.0775862068966,188.9583333333333,190.3333333333333,192.1263736263736,200.2307692307693,203.1860465116279,207.7272727272728
196.3750000000001,194.2272727272728,189.4166666666667,188.146551724138,188.9166666666667,190.2857142857143,192.0714285714286,200.2840909090909,203.3488372093023,207.9375000000001
196.2954545454547,194.3181818181819,188.2500000000001,188.2155172413794,188.875,190.2380952380952,192.0164835164835,200.4204545454545,203.5116279069767,208.1875000000001
196.4772727272729,194.409090909091,188.2500000000001,188.2844827586208,188.8333333333333,190.1904761904762,191.9615384615385,200.5568181818182,203.6744186046512,208.4375000000001
196.659090909091,194.5000000000001,188.2500000000001,188.3534482758621,188.7916666666667,190.1428571428571,191.9065934065934,200.6931818181818,203.8372093023256,208.6875000000001
196.8409090909092,194.5909090909092,188.2500000000001,188.4224137931035,188.75,190.0952380952381,191.8516483516484,200.8295454545454,204,208.9375000000001
197.0227272727274,194.6818181818182,188.2500000000001,188.4913793103449,188.7083333333333,190.0476190476191,191.7967032967033,200.9659090909091,204.1111111111111,209.1875000000001
197.2045454545456,194.7727272727273,188.3214285714286,188.5603448275863,188.6666666666667,190,191.7417582417582,201.1153846153846,204.2222222222222,209.4375000000001
197.1964285714287,194.8636363636364,188.4642857142858,188.6293103448276,188.625,189.952380952381,191.6868131868132,201.2692307692308,204.3333333333333,209.6875000000001
197.1250000000001,194.9545454545455,188.6071428571429,188.698275862069,188.5833333333333,189.9047619047619,191.6318681318681,201.4230769230769,204.4444444444445,209.8478260869566
197.0535714285716,195.0454545454546,188.7500000000001,188.7361111111112,188.5416666666667,189.8571428571429,191.5769230769231,201.5769230769231,204.5555555555556,209.9782608695653
196.9821428571429,195.1363636363637,189.3055555555556,188.6805555555556,188.5,189.8095238095238,191.521978021978,201.7307692307692,204.6666666666667,210.108695652174
196.9107142857144,195.2272727272728,189.8611111111111,188.6250000000001,188.4583333333333,189.7619047619048,191.467032967033,201.8846153846154,204.7777777777778,210.2391304347827
196.8392857142858,195.3181818181819,190.4166666666667,188.5694444444445,188.4166666666667,189.7142857142857,191.4120879120879,202.0416666666667,204.8888888888889,210.3695652173914
196.7678571428573,195.409090909091,190.9722222222223,188.5138888888889,188.375,189.6666666666667,191.3571428571428,202.2083333333333,205,210.5000000000001
196.923076923077,195.5000000000001,191.1388888888889,188.4583333333334,188.3333333333333,189.6190476190476,191.3021978021978,202.375,205.1111111111111,210.6304347826087
197.1538461538463,195.5909090909092,190.9166666666667,188.4027777777778,188.2916666666667,189.5714285714286,191.2472527472527,202.5416666666667,205.2222222222222,210.7608695652174
197.3846153846155,195.6818181818182,190.6944444444445,188.3472222222223,188.25,189.5238095238095,191.1923076923077,202.7083333333333,205.3333333333333,210.8913043478261
197.6153846153847,195.7413793103449,190.4722222222223,188.2916666666667,188.2083333333333,189.5333333333334,191.1373626373626,202.875,205.4444444444445,211.0217391304348
197.846153846154,195.7068965517242,190.25,188.2361111111112,188.1666666666667,189.6,191.0824175824176,203.0416666666667,205.5555555555556,211.1521739130435
198.0769230769232,195.6724137931035,189.5000000000001,188.1805555555556,188.125,189.6666666666667,191.0274725274725,203.2083333333333,205.6666666666667,211.2763157894738
198.2857142857144,195.6379310344828,188.7500000000001,188.1250000000001,188.0833333333333,189.7333333333333,191.0294117647059,203.375,205.7567567567568,211.3815789473685
198.4285714285715,195.6034482758621,188.8676470588236,188.0694444444445,188.0416666666667,189.8,191.0882352941177,203.5283018867925,205.7837837837838,211.4868421052632
198.5714285714287,195.5689655172415,188.9852941176471,188.013888888889,188,189.8666666666667,191.1470588235294,203.6415094339623,205.8108108108108,211.592105263158
198.7142857142858,195.5344827586208,189.1029411764706,187.9583333333334,187.9724770642202,189.9333333333333,191.2058823529412,203.7547169811321,205.8378378378379,211.6973684210527
198.857142857143,195.5000000000001,189.2205882352942,187.9027777777778,187.9449541284404,190,191.264705882353,203.8679245283019,205.8648648648649,211.8026315789474
199.0000000000001,195.4655172413794,189.3382352941177,187.8472222222223,187.9174311926606,190.0666666666667,191.3235294117647,203.9811320754717,205.8918918918919,211.9078947368422
199.1428571428573,195.4310344827587,189.4558823529412,187.7916666666667,187.8899082568807,190.1333333333333,191.3823529411765,204.0943396226415,205.9189189189189,212.0131578947369
199.3611111111112,195.396551724138,189.5735294117648,187.7346938775511,187.8623853211009,190.2,191.4411764705882,204.2075471698113,205.9459459459459,212.1184210526316
199.8055555555557,195.3620689655173,189.6911764705883,187.6734693877552,187.8348623853211,190.2666666666667,191.5,204.3207547169811,205.972972972973,212.2236842105264
200.2500000000001,195.3275862068966,189.6911764705883,187.6122448979592,187.8073394495413,190.3333333333333,191.5588235294118,204.4339622641509,206,212.2000000000001
200.6944444444446,195.2931034482759,189.5735294117648,187.5510204081633,187.7798165137615,190.4,191.6176470588235,204.5471698113208,206.2,212.1333333333334
201.138888888889,195.2586206896552,189.4558823529412,187.4897959183674,187.7522935779816,190.4666666666667,191.6764705882353,204.6603773584906,206.4,212.0666666666667
201.1923076923078,195.3035714285715,189.3382352941177,187.4285714285715,187.7247706422018,190.4705882352941,191.735294117647,204.7735849056604,206.6,212.0000000000001
201.1153846153847,195.3750000000001,189.2205882352942,187.3673469387756,187.697247706422,190.4117647058823,191.7941176470588,204.8867924528302,206.8,211.9333333333334
201.0384615384617,195.4464285714286,189.1029411764707,187.3061224489796,187.6697247706422,190.3529411764706,191.8529411764706,205,207,211.8666666666667
200.9615384615386,195.5178571428572,188.9852941176471,187.2448979591837,187.6422018348624,190.2941176470588,191.9117647058823,205.0672268907563,207.2,211.8
200.8846153846155,195.5892857142858,188.8676470588236,187.1836734693878,187.6146788990825,190.235294117647,191.9705882352941,205.1344537815126,207.4,211.7678571428572
200.8076923076924,195.6607142857143,188.7500000000001,187.1224489795919,187.5871559633028,190.1764705882353,191.9772727272727,205.2016806722689,207.6,211.8392857142858
200.7045454545456,195.7321428571429,188.7500000000001,187.061224489796,187.5596330275229,190.1176470588235,191.9318181818182,205.2689075630252,207.8,211.9107142857144
200.5227272727274,195.8035714285715,188.7500000000001,187.0000000000001,187.5321100917431,190.0588235294118,191.8863636363636,205.3361344537815,208,211.9821428571429
200.3409090909092,195.8750000000001,188.7500000000001,186.9387755102042,187.5045871559633,190,191.8409090909091,205.4033613445378,208.1489361702128,212.0535714285715
200.159090909091,195.9464285714286,188.7500000000001,186.8775510204082,187.4770642201835,189.9411764705882,191.7954545454546,205.4705882352941,208.2978723404255,212.1250000000001
199.9772727272729,196.0178571428572,188.7500000000001,186.8163265306123,187.4495412844037,189.8823529411765,191.75,205.5378151260504,208.4468085106383,212.1964285714286
199.7954545454546,196.0892857142858,188.7500000000001,186.7551020408164,187.4220183486239,189.8235294117647,191.7045454545454,205.6050420168067,208.5957446808511,212.3750000000001
200.0500000000001,196.1607142857143,188.7794117647059,186.6938775510205,187.394495412844,189.7647058823529,191.6590909090909,205.672268907563,208.7446808510638,212.8750000000001
200.4500000000001,196.2321428571429,188.8382352941177,186.6326530612245,187.3669724770642,189.7058823529412,191.6136363636364,205.7394957983193,208.8936170212766,213.3750000000001
200.8500000000001,196.2875000000001,188.8970588235295,186.5714285714286,187.3394495412844,189.6470588235294,191.5681818181818,205.8067226890756,209.0425531914894,213.8026315789474
201.2500000000001,196.3375000000001,188.9558823529412,186.5102040816327,187.3119266055046,189.5882352941177,191.5227272727273,205.873949579832,209.1914893617021,214.0131578947369
201.6500000000001,196.3875,189.014705882353,186.4489795918368,187.2844036697248,189.5294117647059,191.4772727272727,205.9411764705882,209.3404255319149,214.2236842105264
201.8906250000001,196.4375000000001,189.0735294117648,186.3877551020409,187.256880733945,189.525,191.4318181818182,206.0084033613445,209.4893617021277,214.4342105263159
202.0781250000001,196.4875000000001,189.1323529411765,186.3265306122449,187.22,189.575,191.3863636363636,206.0756302521008,209.6382978723404,214.6447368421053
202.2656250000001,196.5375000000001,189.1911764705883,186.265306122449,187.18,189.625,191.3409090909091,206.1428571428572,209.7317073170732,214.8552631578948
202.4531250000001,196.5875000000001,189.2500000000001,186.2,187.14,189.675,191.2954545454546,206.2100840336134,209.6585365853659,215.0657894736843
202.6406250000001,196.6375,189.3088235294118,186.1333333333334,187.1,189.725,191.25,206.2773109243698,209.5853658536585,215.2763157894737
202.8281250000001,196.6875000000001,189.3676470588236,186.0666666666667,187.06,189.775,191.2045454545454,206.344537815126,209.5121951219512,215.4868421052632
203.0156250000001,196.7375,189.4264705882354,186.0000000000001,187.02,189.825,191.1590909090909,206.4117647058824,209.4390243902439,215.6973684210527
203.2031250000001,196.671052631579,189.4852941176471,185.9333333333334,186.98,189.875,191.1136363636364,206.4789915966387,209.3658536585366,215.7894736842106
203.3152173913045,196.5657894736843,189.5441176470589,185.8666666666667,186.94,189.925,191.0681818181818,206.546218487395,209.2926829268293,215.8421052631579
203.4021739130436,196.4605263157895,189.6029411764707,185.8000000000001,186.9,189.975,191.0227272727273,206.6134453781513,209.219512195122,215.8947368421053
203.4891304347827,196.3552631578948,189.6617647058824,185.7333333333334,186.86,190.025,190.9772727272727,206.6806722689076,209.1463414634146,215.9473684210527
203.5760869565219,196.2500000000001,189.7205882352942,185.6666666666667,186.82,190.075,190.9318181818182,206.7478991596639,209.0731707317073,216.0000000000001
203.663043478261,196.1447368421053,189.6071428571429,185.6000000000001,186.78,190.125,190.8863636363636,206.8151260504202,209,216.0526315789474
203.7500000000001,196.0394736842106,189.3214285714286,185.5333333333334,186.7734375,190.175,190.8409090909091,206.8823529411765,209.1538461538461,216.1052631578948
203.8369565217392,195.9342105263158,189.0357142857143,185.4666666666667,186.8671875,190.225,190.7954545454545,206.9495798319328,209.3076923076923,216.1578947368421
203.9239130434784,195.8289473684211,188.7500000000001,185.4,186.9609375,190.275,190.75,207.008547008547,209.4615384615385,216.2105263157895
204.0108695652175,195.8125000000001,188.4642857142858,185.3333333333334,187.0546875,190.325,190.7045454545454,207.042735042735,209.6153846153846,216.2500000000001
204.0978260869566,196.0625000000001,188.1785714285715,185.2666666666667,187.1484375,190.375,190.6590909090909,207.0769230769231,209.7692307692308,216.2500000000001
204.1847826086958,196.3125000000001,187.8928571428572,185.3,187.2421875,190.425,190.6136363636364,207.1111111111111,209.9230769230769,216.2500000000001
204.2361111111112,196.5625000000001,187.7500000000001,185.3666666666667,187.3359375,190.475,190.5681818181818,207.1452991452991,210.0769230769231,216.2500000000001
204.1805555555557,196.8125000000001,187.7500000000001,185.4333333333334,187.4296875,190.4545454545455,190.5227272727273,207.1794871794872,210.2307692307692,216.2500000000001
204.1250000000001,197.0625000000001,187.7500000000001,185.5000000000001,187.5234375,190.3636363636364,190.4772727272727,207.2136752136752,210.3846153846154,216.2500000000001
204.0694444444446,197.2692307692308,187.7500000000001,185.5666666666667,187.6171875,190.2727272727273,190.4318181818182,207.2478632478632,210.5384615384615,216.2833333333334
204.013888888889,197.3461538461539,187.7500000000001,185.6333333333334,187.7109375,190.1818181818182,190.3863636363636,207.2820512820513,210.6923076923077,216.4166666666667
203.9583333333334,197.423076923077,187.7500000000001,185.7000000000001,187.8046875,190.0909090909091,190.3409090909091,207.3162393162393,210.8461538461538,216.55
203.9027777777779,197.5000000000001,187.7500000000001,185.7666666666667,187.8984375,190,190.2954545454546,207.3504273504273,211,216.6833333333334
203.8472222222223,197.5769230769232,187.7500000000001,185.8333333333334,187.9921875,189.9090909090909,190.25,207.3846153846154,210.8571428571429,216.8166666666667
203.7916666666668,197.6538461538462,187.7500000000001,185.9000000000001,188.0859375,189.8181818181818,190.2045454545454,207.4188034188034,210.7142857142857,216.95
203.9166666666668,197.7307692307693,187.7500000000001,185.9666666666667,188.1796875,189.7272727272727,190.1590909090909,207.4529914529915,210.5714285714286,217.0833333333334
204.5833333333334,197.7031250000001,188.4642857142858,186.0333333333334,188.2613636363636,189.6363636363636,190.1136363636364,207.4871794871795,210.4285714285714,217.2166666666667
205.2500000000001,197.6406250000001,189.1785714285715,186.1000000000001,188.3068181818182,189.5454545454546,190.0681818181818,207.5213675213675,210.2857142857143,217.2894736842106
205.7613636363637,197.5781250000001,189.8928571428572,186.1666666666667,188.3522727272727,189.5555555555556,190.0227272727273,207.5555555555555,210.1428571428571,217.3421052631579
205.8068181818183,197.5156250000001,190.3333333333334,186.2333333333334,188.3977272727273,189.6666666666667,190.03125,207.5897435897436,210,217.3947368421053
205.8522727272728,197.4531250000001,190.5000000000001,186.3203125000001,188.4431818181818,189.7777777777778,190.09375,207.6239316239316,209.8571428571428,217.4473684210527
205.8977272727274,197.3906250000001,190.6666666666667,186.4140625000001,188.4886363636364,189.8888888888889,190.15625,207.6581196581197,209.7142857142857,217.5000000000001
205.9431818181819,197.3281250000001,189.65,186.5078125000001,188.5340909090909,190,190.21875,207.6923076923077,209.5714285714286,217.5526315789474
205.9886363636365,197.2656250000001,187.45,186.6015625000001,188.5795454545454,190.1111111111111,190.28125,207.7264957264957,209.4285714285714,217.6052631578948
206.034090909091,197.3625000000001,186.625,186.6953125000001,188.625,190.2222222222222,190.34375,207.7606837606838,209.2857142857143,217.6578947368421
206.0795454545456,197.5125,186.625,186.7890625000001,188.6704545454545,190.3333333333333,190.40625,207.7948717948718,209.1428571428571,217.7105263157895
206.1250000000001,197.6625000000001,186.625,186.8828125000001,188.7159090909091,190.4444444444444,190.46875,207.8290598290598,209,217.7687500000001
206.1704545454547,197.8125000000001,186.625,186.9765625000001,188.7878787878788,190.5555555555555,190.53125,207.8632478632479,209.0714285714286,217.8437500000001
206.2159090909092,197.9625000000001,186.625,187.0703125000001,188.9393939393939,190.6666666666667,190.59375,207.8974358974359,209.1428571428572,217.91875
206.263157894737,198.1125000000001,188.6071428571429,187.1640625000001,189.0909090909091,190.7777777777778,190.65625,207.9316239316239,209.2142857142857,217.9937500000001
206.3157894736843,198.2625,190.6500000000001,187.2578125000001,189.2424242424242,190.8888888888889,190.71875,207.965811965812,209.2857142857143,218.0687500000001
206.3684210526317,198.4125000000001,189.45,187.3515625000001,189.3939393939394,191,190.78125,208,209.3571428571428,218.1437500000001
206.4210526315791,198.5625000000001,188.2500000000001,187.4453125000001,189.5454545454546,191.1111111111111,190.84375,207.92,209.4285714285714,218.2187500000001
206.4736842105264,198.7125000000001,188.3473451327434,187.5390625000001,189.6969696969697,191.2222222222222,190.90625,207.84,209.5,218.29375
206.5263157894738,198.7968750000001,188.4446902654868,187.6328125000001,189.8484848484848,191.3333333333333,190.96875,207.76,209.5714285714286,218.3687500000001
206.5789473684212,198.8593750000001,188.5420353982301,187.7265625000001,190,191.4444444444445,191.1153846153846,207.68,209.6428571428571,218.4437500000001
206.6315789473685,198.9218750000001,188.6393805309735,187.6666666666667,190.2903225806452,191.6153846153846,191.3461538461539,207.6,209.7142857142857,218.5187500000001
206.6842105263159,198.9843750000001,188.7367256637169,187.5555555555556,190.5806451612903,191.8461538461539,191.5769230769231,207.52,209.7857142857143,218.5937500000001
206.7368421052633,199.0468750000001,188.8340707964602,187.4444444444445,190.8709677419355,192.0769230769231,191.8076923076923,207.44,209.8571428571429,218.66875
206.7916666666668,199.1093750000001,188.9314159292036,187.3333333333334,191.1612903225806,192.3076923076923,192.0384615384615,207.36,209.9285714285714,218.7437500000001
206.8472222222223,199.1718750000001,189.0287610619469,187.2222222222223,191.4516129032258,192.5384615384615,192.2692307692308,207.28,210,218.8187500000001
206.9027777777779,199.2343750000001,189.1261061946903,187.1111111111112,191.741935483871,192.7692307692308,192.5,207.2,210.0909090909091,218.89375
206.9583333333334,199.3906250000001,189.2234513274337,187.0000000000001,192.0322580645161,193,192.7307692307692,207.12,210.1818181818182,218.9687500000001
207.013888888889,199.5781250000001,189.320796460177,186.8888888888889,192.327868852459,193.2307692307692,192.9615384615385,207.04,210.2727272727273,219.04375
207.0694444444446,199.7656250000001,189.4181415929204,186.7777777777778,192.6393442622951,193.4615384615385,193.1923076923077,206.96,210.3636363636364,219.11875
207.1250000000001,199.9531250000001,189.5154867256637,186.9375000000001,192.9508196721312,193.6923076923077,193.4230769230769,206.88,210.4545454545454,219.1937500000001
207.1805555555557,200.1406250000001,189.6128318584071,187.1875000000001,193.2622950819672,193.9230769230769,193.6538461538462,206.8,210.5454545454546,219.2692307692308
207.2361111111112,200.3281250000001,189.6507352941177,187.4375000000001,193.5737704918033,194.1538461538461,193.8846153846154,206.72,210.6363636363636,219.3461538461539
207.3365384615386,200.5156250000001,189.6801470588235,187.6875000000001,193.8852459016393,194.3846153846154,194.1,206.64,210.7272727272727,219.423076923077
207.4519230769232,200.7031250000001,189.7095588235294,187.9375000000001,194.1967213114754,194.6538461538462,194.3,206.56,210.8181818181818,219.5000000000001
207.5673076923078,200.6428571428572,189.7389705882353,188.1875000000001,194.5081967213115,194.9615384615385,194.5,206.48,210.9090909090909,219.5769230769232
207.6826923076924,200.5000000000001,189.7683823529412,188.3571428571429,194.8196721311475,195.2692307692308,194.7,206.4,211,219.6538461538462
207.798076923077,200.3571428571429,189.7977941176471,188.5000000000001,195.1311475409836,195.5769230769231,194.9,206.32,210.75,219.7307692307693
207.9134615384617,200.2142857142858,189.8272058823529,188.6428571428572,195.4426229508197,195.8846153846154,195.1,206.24,210.5,219.8076923076924
208.0288461538463,200.0714285714286,189.8566176470588,188.7857142857143,195.7540983606557,196.1923076923077,195.3,206.16,210.25,219.8846153846154
208.1442307692309,199.9285714285715,189.9166666666667,188.9285714285715,196.0655737704918,196.5,195.5,206.08,210,219.9615384615385
208.2596153846155,199.7857142857143,190.0277777777778,189.0714285714286,196.3770491803279,196.8076923076923,195.7,206,209.75,220.0384615384616
208.3750000000001,199.7031250000001,190.1388888888889,189.2142857142858,196.6885245901639,197.1153846153846,195.9,206,209.5,220.1153846153847
208.4903846153847,199.6406250000001,190.25,189.3906250000001,197,197.4230769230769,196.1,206,209.25,220.1923076923078
208.6057692307693,199.5781250000001,190.3611111111111,189.5781250000001,197.4621848739496,197.7307692307693,196.3,206,209,220.2045454545455
208.721153846154,199.5156250000001,190.4722222222223,189.7656250000001,197.9243697478992,198.0384615384615,196.5,206,209.4,220.0227272727273
208.7758620689656,199.4531250000001,190.5833333333334,189.9531250000001,198.3865546218487,198.3461538461538,196.7,206,209.8,219.8409090909092
208.8103448275863,199.3906250000001,190.6944444444445,190.1406250000001,198.8487394957983,198.7,196.9,206,210.2,219.659090909091
208.844827586207,199.3281250000001,190.7873134328359,190.3281250000001,199.3109243697479,199.1,197.125,206,210.6,219.4772727272728
208.8793103448277,199.2656250000001,190.8619402985075,190.5156250000001,199.7731092436975,199.5,197.375,206,211,219.2954545454546
208.9137931034484,199.175,190.9365671641791,190.7031250000001,200.2352941176471,199.9,197.625,206,211.1,219.2500000000001
208.9482758620691,199.075,191.0111940298508,190.8181818181819,200.6974789915967,200.3,197.875,206,211.2,219.2500000000001
208.9827586206898,198.9750000000001,191.0858208955224,190.909090909091,201.1596638655462,200.7,198.125,206,211.3,219.2500000000001
209.0172413793105,198.8750000000001,191.1604477611941,191.0000000000001,201.6218487394958,201.1,198.375,206,211.4,219.2500000000001
209.0517241379312,198.7750000000001,191.2350746268657,191.0909090909092,202.0840336134454,201.5,198.625,206,211.5,219.2500000000001
209.0862068965518,199.1250000000001,191.3097014925373,191.1818181818182,202.546218487395,201.9,198.875,206,211.6,219.2291666666667
209.1206896551725,199.6250000000001,191.3627450980392,191.28,203.0084033613446,202.3,199.125,206.0625,211.7,219.1458333333334
209.1551724137932,200.1250000000001,191.2647058823529,191.4000000000001,203.4705882352941,202.7142857142857,199.375,206.125,211.8,219.0625000000001
209.1896551724139,200.6250000000001,191.1666666666667,191.52,203.96875,203.1428571428571,199.625,206.1875,211.9,218.9791666666667
209.2241379310346,200.9375000000001,191.0686274509804,191.64,204.71875,203.5714285714286,199.875,206.25,212,218.8958333333334
209.2575757575759,201.1875000000001,190.9705882352941,191.76,205.46875,204,200.125,206.3125,211.8571428571429,218.8125000000001
209.2878787878789,201.4375000000001,190.8725490196078,191.8800000000001,206.21875,204.4285714285714,200.375,206.375,211.7142857142857,218.8750000000001
209.3181818181819,201.6875000000001,190.7745098039216,192.0000000000001,206.96875,204.8571428571428,200.625,206.4375,211.5714285714286,219.3750000000001
209.348484848485,201.6136363636364,190.7641509433962,192.1200000000001,207.71875,205.2857142857143,200.875,206.5,211.4285714285714,219.8750000000001
209.378787878788,201.4318181818182,190.7830188679245,192.2400000000001,208.46875,205.7142857142857,201.0625,206.5625,211.2857142857143,220.3750000000001
209.409090909091,201.2500000000001,190.8018867924528,192.3600000000001,209.21875,206.1428571428571,201.1875,206.625,211.1428571428571,220.8750000000001
209.4393939393941,201.0681818181819,190.8207547169811,192.48,209.9475806451613,206.6363636363636,201.3125,206.6875,211,221.2250000000001
209.4696969696971,200.8863636363637,190.8396226415094,192.6000000000001,210.5282258064516,207.1515151515152,201.4375,206.75,210.8571428571429,221.1250000000001
209.5000000000001,200.7692307692308,190.8584905660377,192.7200000000001,211.108870967742,207.6666666666667,201.5625,206.8125,210.7142857142857,221.0250000000001
209.5303030303031,200.8461538461539,190.625,192.81,211.6895161290323,208.1818181818182,201.6875,206.875,210.5714285714286,220.9250000000001
209.5606060606062,200.923076923077,188.875,192.89,212.2701612903226,208.6969696969697,201.8125,206.9375,210.4285714285714,220.825
209.5909090909092,201.0000000000001,188.875,192.9700000000001,212.8508064516129,209.2121212121212,201.9375,207,210.2857142857143,220.5625000000001
209.6212121212122,201.0769230769232,188.875,193.0500000000001,213.4314516129032,209.7272727272727,202.0625,206.9090909090909,210.1428571428571,219.8125000000001
209.6515151515153,201.1538461538462,191.5039062500001,193.1300000000001,214.0120967741935,210.2424242424242,202.1875,206.8181818181818,210,219.4166666666667
209.6818181818183,201.2307692307693,192.0801886792453,193.2100000000001,214.5172413793103,210.7215189873418,202.3125,206.7272727272727,210.1111111111111,220.0833333333334
209.7121212121213,200.9687500000001,192.1933962264151,193.2900000000001,214.8965517241379,211.1645569620253,202.4375,206.6363636363636,210.2222222222222,220.7500000000001
209.7424242424243,200.5937500000001,190.35,193.3700000000001,215.2758620689655,211.6075949367089,202.5625,206.5454545454546,210.3333333333333,221.4166666666667
209.7800000000001,200.2187500000001,190.0294117647059,193.45,215.6551724137931,212.0506329113924,202.6875,206.4545454545455,210.4444444444445,222.0833333333334
209.8200000000001,199.8437500000001,190.2058823529412,193.5300000000001,216.0344827586207,212.493670886076,202.8125,206.3636363636363,210.5555555555555,222.3250000000001
209.8600000000001,199.671052631579,190.3823529411765,193.6100000000001,216.4137931034483,212.9367088607595,202.9375,206.2727272727273,210.6666666666667,222.4250000000001
209.9000000000001,199.5657894736843,190.5588235294118,193.6900000000001,216.7931034482759,213.379746835443,203.0416666666667,206.3333333333333,210.7777777777778,222.525
209.9400000000001,199.4605263157895,190.625,193.7222222222223,217.0964285714286,213.8227848101266,203.125,206.4444444444444,210.8888888888889,222.6250000000001
209.9800000000001,199.3552631578948,190.625,193.6111111111112,216.8678571428571,214.2658227848101,203.2083333333333,206.5555555555555,211,222.7250000000001
210.0200000000001,199.2500000000001,190.5208333333333,193.5000000000001,216.6392857142857,214.7088607594937,203.2916666666667,206.6666666666667,211.1111111111111,222.8250000000001
210.0600000000001,199.1447368421053,190.3541666666667,193.3888888888889,216.4107142857143,214.8359375,203.375,206.7777777777778,211.2222222222222,222.9250000000001
210.1000000000001,199.0394736842106,190.1875,193.2777777777778,216.1821428571429,214.7734375,203.4583333333333,206.8888888888889,211.3333333333333,223.025
210.1400000000001,198.9342105263158,190.0208333333333,193.2812500000001,215.9535714285714,214.7109375,203.5416666666667,207,211.4444444444445,223.1250000000001
210.1800000000001,198.8289473684211,189.921875,193.3229166666667,215.725,214.6484375,203.625,207.1111111111111,211.5555555555555,223.2250000000001
210.2200000000001,198.7500000000001,190.296875,193.3645833333334,215.4964285714286,214.5859375,203.7083333333333,207.2222222222222,211.6666666666667,223.2500000000001
210.232142857143,198.7500000000001,190.71,193.4062500000001,215.2678571428571,214.5234375,203.7916666666667,207.3333333333333,211.7777777777778,223.2500000000001
210.1607142857144,198.7500000000001,191.39,193.4479166666667,214.9661016949153,214.4609375,203.875,207.4444444444444,211.8888888888889,223.2500000000001
210.0892857142858,198.7500000000001,192.0700000000001,193.4895833333334,214.542372881356,214.3984375,203.9583333333333,207.5555555555555,212,223.225806451613
210.0178571428573,198.7500000000001,192.7500000000001,193.5312500000001,214.1186440677966,214.0340909090909,203.9333333333333,207.6666666666667,212.0714285714286,223.1935483870968
209.9464285714287,198.7500000000001,192.9642857142858,193.5729166666667,213.6949152542373,213.4886363636363,203.8,207.7076923076923,212.1428571428571,223.1612903225807
209.8750000000001,198.7500000000001,193.1785714285715,193.6145833333334,213.271186440678,212.9431818181818,203.6666666666666,207.5384615384615,212.2142857142857,223.1290322580646
209.8035714285716,198.7500000000001,193.3928571428572,193.6562500000001,212.8474576271186,212.3977272727273,203.5333333333333,207.3692307692307,212.2857142857143,223.0967741935484
209.7750000000001,198.8333333333334,193.6071428571429,193.6979166666667,212.4237288135593,211.8522727272727,203.4,207.2,212.3571428571428,223.0645161290323
209.8750000000001,199.1666666666667,193.8214285714286,193.7395833333334,212,211.3068181818182,203.2666666666667,207.0307692307692,212.4285714285714,223.0322580645162
209.9750000000001,199.5000000000001,194.0357142857143,193.8125000000001,211.2898550724638,210.7613636363636,203.1333333333333,206.8615384615385,212.5,223.0000000000001
210.0750000000001,199.8333333333334,194.2500000000001,193.8958333333334,210.5797101449275,210.2159090909091,203,206.6923076923077,212.5714285714286,222.9677419354839
210.1750000000001,200.1666666666667,194.5500000000001,193.9791666666667,209.8695652173913,209.6572580645161,202.8666666666667,206.5230769230769,212.6428571428572,222.9354838709678
210.2763157894738,200.1847826086957,194.8500000000001,194.0625000000001,209.1594202898551,209.0766129032258,202.7333333333333,206.3538461538461,212.7142857142857,222.9032258064516
210.3815789473686,200.0978260869566,195.1500000000001,194.1458333333334,208.4492753623188,208.4959677419355,202.6,206.1846153846154,212.7857142857143,222.8709677419355
210.4868421052633,200.0108695652174,195.45,194.2291666666667,207.7391304347826,207.9153225806452,202.4666666666667,206.0153846153846,212.8571428571429,222.8387096774194
210.592105263158,199.9239130434783,195.7500000000001,194.3125000000001,207.0289855072464,207.3346774193548,202.3333333333333,205.8461538461538,212.9285714285714,222.8064516129033
210.6973684210527,199.8369565217392,195.8750000000001,194.3958333333334,206.3188405797102,206.7540322580645,202.2,205.6769230769231,213,222.7741935483871
210.8026315789474,199.7500000000001,196.0000000000001,194.4791666666667,205.8923076923077,206.1733870967742,202.0666666666666,205.5076923076923,213.0769230769231,222.7395833333334
210.9078947368421,199.6630434782609,196.1250000000001,194.5625000000001,205.9384615384615,205.5927419354839,201.9,205.3384615384615,213.1538461538461,222.6979166666667
211.0131578947368,199.5760869565218,196.2500000000001,194.6458333333334,205.9846153846154,205.3859649122807,201.7,205.1692307692308,213.2307692307692,222.6562500000001
211.1184210526316,199.4891304347827,196.3750000000001,194.7291666666667,206.0307692307692,205.4035087719298,201.5,205,213.3076923076923,222.6145833333334
211.2236842105263,199.4021739130435,196.5000000000001,194.7500000000001,206.0769230769231,205.421052631579,201.3,204.8235294117647,213.3846153846154,222.5729166666667
211.3303571428571,199.3152173913044,196.6250000000001,194.7500000000001,206.1230769230769,205.4385964912281,201.1,204.6470588235294,213.4615384615385,222.5312500000001
211.4375,199.2187500000001,196.7500000000001,194.7500000000001,206.1692307692308,205.4561403508772,200.9,204.4705882352941,213.5384615384615,222.4895833333334
211.5446428571429,199.0937500000001,196.8750000000001,194.7500000000001,206.2153846153846,205.4736842105263,200.7,204.2941176470588,213.6153846153846,222.4479166666667
211.6517857142858,198.9687500000001,197.0000000000001,194.7500000000001,206.1538461538462,205.4912280701754,200.5,204.1176470588235,213.6923076923077,222.4062500000001
211.7589285714286,198.8437500000001,197.1250000000001,194.6363636363637,205.7692307692308,205.1538461538462,200.3,203.9411764705882,213.7692307692308,222.3645833333334
211.8660714285715,198.7187500000001,197.2500000000001,194.4848484848486,205.3846153846154,204.4615384615385,200.1,203.7647058823529,213.8461538461539,222.3229166666667
211.9732142857143,198.5937500000001,197.2976190476191,194.3333333333334,205,203.7692307692308,199.9,203.5882352941176,213.9230769230769,222.2812500000001
212.0803571428572,198.4687500000001,197.3452380952382,194.1818181818182,204.6153846153846,203.1808510638298,199.7,203.4117647058823,214,222.2211538461539
212.1875000000001,198.3437500000001,197.3928571428572,194.0303030303031,204.2307692307692,202.9042553191489,199.5,203.2352941176471,214.0769230769231,222.1057692307693
212.2946428571429,198.3076923076924,197.4404761904763,193.8787878787879,203.8461538461538,202.6276595744681,199.3,203.0588235294118,214.1538461538462,221.9903846153846
212.4017857142858,198.5384615384616,197.4880952380953,193.7272727272727,203.45,202.3510638297872,199.1,202.8823529411765,214.2307692307693,221.8750000000001
212.5089285714287,198.7692307692308,197.5357142857143,193.5757575757576,203.05,202.0744680851064,198.90625,202.64,214.16,221.7596153846155
212.6160714285715,199.0000000000001,197.5833333333334,193.4242424242425,202.65,201.7978723404255,198.71875,202.2,214.04,221.6442307692308
212.7232142857144,199.2307692307693,197.6309523809525,193.2727272727273,202.25,201.3837016931627,198.53125,201.76,213.92,221.5288461538462
212.717391304348,199.4615384615385,197.6785714285715,193.1212121212122,201.85,200.9514669768644,198.34375,201.32,213.8,221.4134615384616
212.6739130434784,199.6923076923078,197.7261904761905,192.9696969696971,201.45,200.5192322605661,198.15625,200.88,213.68,221.298076923077
212.6304347826088,199.6250000000001,197.8055555555556,192.8181818181819,201.05,200.0869975442678,197.96875,200.44,213.56,221.1826923076924
212.5869565217392,199.4583333333334,197.9166666666667,192.6666666666667,200.6833333333333,199.6547628279695,197.78125,200,213.44,221.0673076923077
212.5434782608697,199.2916666666667,198.0277777777778,192.5151515151516,200.4166666666667,199.2225281116712,197.59375,200.3,213.32,220.9519230769231
212.5000000000001,199.1250000000001,198.1388888888889,192.3636363636364,200.15,198.7902933953729,197.40625,200.6,213.2,220.8365384615385
212.4565217391306,198.9583333333334,198.2500000000001,192.2589285714286,199.8833333333333,198.3580586790746,197.21875,200.9,213.08,220.6875000000001
212.413043478261,198.7916666666667,196.1,192.2946428571429,199.6166666666667,198.1375,197.03125,201.2,212.96,220.4375000000001
212.3695652173914,198.6136363636364,195.9,192.3303571428572,199.35,197.9875,196.84375,201.5,212.84,220.1875000000001
212.3260869565219,198.4318181818182,195.7,192.3660714285715,199.0833333333333,197.8375,196.65625,201.8,212.7777777777778,219.9375000000001
212.2826086956523,198.2500000000001,196.5277777777778,192.4017857142858,198.8166666666667,197.6875,196.46875,202.1,212.8888888888889,219.6875000000001
212.2884615384617,198.0681818181819,197.2187500000001,192.4375000000001,198.5192307692307,197.5375,196.28125,202.4,213,219.4375000000001
212.4423076923078,197.8863636363637,197.1562500000001,192.4732142857143,198.2115384615385,197.3875,196.09375,202.7,213.1111111111111,219.2272727272728
212.596153846154,197.7826086956522,197.0937500000001,192.5089285714286,197.9038461538461,197.2375,195.9705882352941,203,213.2222222222222,219.1363636363637
212.7500000000001,197.9130434782609,197.0312500000001,192.5446428571429,197.5961538461538,197.0875,195.9117647058824,203.2,213.3333333333334,219.0454545454546
212.9038461538462,198.0434782608696,196.9687500000001,192.5803571428572,197.2884615384615,196.9375,195.8529411764706,203.4,213.4444444444445,218.9545454545455
213.0576923076924,198.1739130434783,196.9062500000001,192.6160714285715,196.9807692307692,196.7875,195.7941176470588,203.6,213.5003376097232,218.8636363636364
213.2115384615386,198.304347826087,196.8437500000001,192.6517857142858,196.6785714285714,196.63,195.7352941176471,203.8,213.4145847400405,218.7727272727273
213.6250000000001,198.4347826086957,196.7812500000001,192.6875000000001,196.3928571428571,196.47,195.6764705882353,204,213.3288318703579,218.8437500000001
214.1250000000001,198.5652173913044,196.8076923076924,192.7232142857143,196.1071428571429,196.31,195.6176470588235,204.2,213.2430790006752,218.9687500000001
214.6250000000001,198.6956521739131,196.923076923077,192.7578125000001,195.8214285714286,196.15,195.5588235294118,204.4,213.1573261309925,219.0937500000001
214.9000000000001,198.8260869565218,197.0384615384616,192.7890625000001,195.5357142857143,195.99,195.5,204.6,213.0715732613099,219.2187500000001
215.1000000000001,198.9565217391305,197.1538461538462,192.8203125000001,195.25,195.83,195.4411764705882,204.8,212.9858203916273,219.3437500000001
215.3000000000001,199.0869565217392,197.2692307692308,192.8515625000001,194.9642857142857,195.67,195.3823529411765,205,212.9000675219446,219.4687500000001
215.5,199.2173913043479,197.3846153846154,192.8828125000001,194.7333333333333,195.51,195.3235294117647,205.2,212.814314652262,219.5937500000001
215.7,199.2968750000001,197.5000000000001,192.9140625000001,194.6666666666667,195.35,195.264705882353,205.4,212.796875,219.7187500000001
215.6176470588235,199.3593750000001,197.6153846153847,192.9453125000001,194.6,195.19,195.2058823529412,205.6,212.984375,219.7031250000001
215.4411764705883,199.4218750000001,197.7307692307693,192.9765625000001,194.5333333333333,195.03,195.1470588235294,205.8,213.171875,219.6406250000001
215.264705882353,199.4843750000001,197.8461538461539,193.0078125000001,194.4666666666667,194.87,195.0882352941177,206,213.359375,219.5781250000001
215.0882352941177,199.5468750000001,197.9615384615385,193.0390625000001,194.4,194.8,195.0294117647059,206.2,213.546875,219.5156250000001
214.9117647058824,199.6093750000001,198.0769230769232,193.0703125000001,194.3333333333333,195,194.983870967742,206.4,213.734375,219.4531250000001
214.7352941176471,199.6718750000001,198.1923076923077,193.1015625000001,194.2666666666667,195.2,194.9516129032258,206.6,213.921875,219.3906250000001
214.5588235294119,199.7343750000001,198.2812500000001,193.1328125000001,194.2,195.4,194.9193548387097,206.8035714285714,214.109375,219.3281250000001
214.3823529411766,199.7968750000001,198.3437500000001,193.1640625000001,194.1333333333333,195.6,194.8870967741935,207.0178571428571,214.125,219.2656250000001
214.263157894737,199.8593750000001,198.4062500000001,193.1953125000001,194.0666666666667,195.7083333333333,194.8548387096774,207.2321428571429,213.625,219.2500000000001
214.3157894736843,199.9218750000001,198.4687500000001,193.2265625000001,194,195.5416666666667,194.8225806451613,207.4464285714286,213.125,219.2500000000001
214.3684210526317,199.9843750000001,198.5312500000001,193.26,193.9411764705882,195.375,194.7903225806452,207.6607142857143,212.625,219.2500000000001
214.4210526315791,200.0468750000001,198.5937500000001,193.3000000000001,193.8823529411765,195.2083333333333,194.7580645161291,207.875,212.2142857142857,219.2500000000001
214.4736842105264,200.1093750000001,198.6562500000001,193.3400000000001,193.8235294117647,195.0416666666667,194.7758620689655,208.0892857142857,212.0714285714286,219.2500000000001
214.5263157894738,200.1718750000001,198.7187500000001,193.3800000000001,193.7647058823529,194.875,194.8103448275862,208.2386363636364,211.9285714285714,219.2500000000001
214.5789473684212,200.2343750000001,198.8269230769232,193.42,193.7058823529412,194.7083333333333,194.8448275862069,208.1931818181818,211.7857142857143,219.2500000000001
214.6315789473685,200.3076923076923,198.9807692307693,193.4600000000001,193.6470588235294,194.5416666666667,194.8793103448276,208.1477272727273,211.8372093023256,219.2500000000001
214.6842105263159,200.3846153846154,199.1346153846155,193.5000000000001,193.5882352941177,194.375,194.9137931034483,208.1022727272727,211.953488372093,219.2500000000001
214.7368421052633,200.4615384615385,199.2884615384616,193.5400000000001,193.5294117647059,194.2368421052632,194.948275862069,208.0568181818182,212.0697674418604,219.2500000000001
214.9000000000001,200.5384615384616,199.4423076923077,193.58,193.4705882352941,194.1842105263158,194.9827586206897,208.0113636363636,212.1860465116279,219.2500000000001
215.1000000000001,200.6153846153847,199.5961538461539,193.6200000000001,193.4117647058823,194.1315789473684,194.9615384615385,207.9659090909091,212.3023255813953,219.2500000000001
215.3000000000001,200.6923076923078,199.7500000000001,193.6600000000001,193.3529411764706,194.0789473684211,194.8846153846154,207.9204545454545,212.4186046511628,219.2500000000001
215.5000000000001,200.8333333333334,199.8452380952382,193.7,193.2941176470588,194.0263157894737,194.8076923076923,207.875,212.5348837209302,219.2500000000001
215.7000000000001,201.1666666666667,199.9404761904762,193.7400000000001,193.235294117647,193.9736842105263,194.7307692307692,207.8295454545455,212.6511627906977,219.2500000000001
216.0000000000001,201.5000000000001,200.0357142857143,193.8693181818182,193.1764705882353,193.921052631579,194.6538461538462,207.7840909090909,212.7674418604651,219.2500000000001
216.3333333333334,201.8333333333334,200.1309523809524,194.0284090909091,193.1176470588235,193.8684210526316,194.5769230769231,207.7551020408163,212.8837209302326,219.2500000000001
216.6666666666668,202.1666666666667,200.2261904761905,194.1875000000001,193.0588235294118,193.8157894736842,194.5,207.7755102040816,213,219.2500000000001
217.0000000000001,202.5000000000001,200.3214285714286,194.346590909091,193,193.7631578947368,194.4230769230769,207.795918367347,213.0943396226415,219.2500000000001
217.3333333333335,202.8333333333334,200.4166666666667,194.5056818181819,193.045045045045,193.75,194.3461538461538,207.8163265306122,213.188679245283,219.2236842105264
217.6666666666668,203.1666666666667,200.5119047619048,194.6647727272728,193.0900900900901,193.75,194.2692307692308,207.8367346938776,213.2830188679245,219.1184210526316
218.0000000000001,203.3625000000001,200.6071428571429,194.8238636363637,193.1351351351351,193.75,194.1923076923077,207.8571428571428,213.3773584905661,219.0131578947369
218.3125000000001,203.5125,200.702380952381,194.9829545454546,193.1801801801802,193.75,194.1153846153846,207.8775510204082,213.4716981132075,218.9078947368422
218.5625000000001,203.6625000000001,200.8642857142858,195.1420454545455,193.2252252252252,193.75,194.0384615384615,207.8979591836735,213.5660377358491,218.8026315789474
218.8125000000001,203.8125000000001,201.0928571428572,195.3011363636364,193.2702702702703,193.75,194.0625,207.9183673469388,213.6603773584906,218.6973684210527
219.0625000000001,203.9625000000001,201.3214285714286,195.4602272727273,193.3153153153153,193.75,194.1875,207.9387755102041,213.7547169811321,218.5921052631579
219.3125000000001,204.1125000000001,201.55,195.6193181818182,193.3603603603604,193.75,194.3125,207.9591836734694,213.8490566037736,218.4868421052632
219.5625000000001,204.2625,201.7785714285715,195.7784090909092,193.4054054054054,193.75,194.4375,207.9795918367347,213.9433962264151,218.3815789473685
219.8125000000001,204.4125000000001,202.0071428571429,195.9375000000001,193.4504504504504,193.75,194.5625,208,214.0377358490566,218.2763157894738
220.0625000000001,204.5625000000001,202.2357142857143,196.096590909091,193.4954954954955,193.75,194.6875,208.0632911392405,214.1320754716981,218.325
220.3125000000001,204.7125000000001,202.4642857142857,196.2556818181819,193.5405405405405,193.75,194.8125,208.126582278481,214.2264150943396,218.425
220.5625000000001,204.6750000000001,202.6928571428572,196.4147727272728,193.5855855855856,193.75,194.9375,208.1898734177215,214.1428571428571,218.5250000000001
220.8125000000001,204.575,202.75,196.5738636363637,193.6306306306306,193.75,195.0625,208.253164556962,214,218.6250000000001
221.0625000000001,204.4750000000001,202.75,196.7329545454546,193.6756756756757,193.75,195.1875,208.3164556962025,213.8571428571429,218.7250000000001
221.3125000000001,204.3750000000001,202.75,196.8920454545455,193.7207207207207,193.75,195.3125,208.379746835443,213.7142857142857,218.825
221.5625000000001,204.2750000000001,202.75,197.0511363636364,193.7657657657658,193.75,195.4375,208.4430379746835,213.5714285714286,218.925
221.8125000000001,204.423076923077,202.7500000000001,197.2102272727273,193.8108108108108,193.7142857142857,195.5625,208.506329113924,213.4285714285714,219.0250000000001
222.0625000000001,204.6538461538462,202.7500000000001,197.3289473684211,193.8558558558559,193.5714285714286,195.6875,208.5696202531645,213.2857142857143,219.1250000000001
222.2625000000001,204.8846153846154,202.8804347826088,197.4342105263158,193.9009009009009,193.4285714285714,195.8125,208.632911392405,213.1428571428571,219.2250000000001
222.3125000000001,205.1153846153847,203.0108695652174,197.5394736842106,193.9459459459459,193.2857142857143,195.9375,208.6962025316456,213,219.2058823529412
222.3625000000001,205.3461538461539,203.1413043478261,197.6447368421053,193.990990990991,193.7,196.0526315789474,208.7594936708861,212.952380952381,219.1470588235295
222.4125000000001,205.5769230769231,203.2717391304348,197.7500000000001,194.0360360360361,194.3,196.1578947368421,208.8227848101266,212.9047619047619,219.0882352941177
222.4625000000001,205.7619047619048,203.4021739130436,197.8552631578948,194.0810810810811,194.7698548249359,196.2631578947368,208.8860759493671,212.8571428571429,219.0294117647059
222.5125000000001,205.8095238095239,203.5326086956522,197.9605263157895,194.1261261261261,194.8492741246798,196.3684210526316,208.9493670886076,212.8095238095238,218.9705882352942
222.5625000000001,205.8571428571429,203.6630434782609,198.0657894736842,194.1711711711712,194.9286934244236,196.4736842105263,209.0126582278481,212.7619047619048,218.9117647058824
222.6125000000001,205.904761904762,203.7934782608696,198.171052631579,194.2162162162162,195.0081127241674,196.5789473684211,209.0759493670886,212.85,218.8529411764706
222.6625000000001,205.952380952381,203.9239130434783,198.2343750000001,194.2954545454546,194.9615384615385,196.6842105263158,209.1392405063291,212.9833333333333,218.7941176470589
222.7125000000001,206.0000000000001,204.054347826087,198.1718750000001,194.4772727272727,194.8846153846154,196.7894736842105,209.2025316455696,213.1166666666667,218.6718750000001
222.8214285714287,206.0476190476191,204.1847826086957,198.1093750000001,194.6590909090909,194.8076923076923,196.8947368421053,209.2567567567567,213.25,218.3593750000001
223.107142857143,206.0952380952382,204.3409090909092,198.0468750000001,194.8409090909091,194.875,197,209.2837837837838,213.3833333333333,218.0468750000001
223.3928571428573,206.1428571428572,204.5227272727273,197.9843750000001,195.0227272727273,195.375,197.1052631578947,209.3108108108108,213.5166666666667,217.7343750000001
223.6785714285715,206.1904761904762,204.7045454545455,197.9218750000001,195.2045454545455,195.875,197.2105263157895,209.3378378378378,213.65,217.4218750000001
223.8289473684212,206.2380952380953,204.8863636363637,197.8593750000001,195.3863636363636,196.375,197.3157894736842,209.3648648648649,213.7058823529412,217.1093750000001
223.9342105263159,206.5625000000001,205.0681818181818,197.7968750000001,195.5681818181818,196.9166666666667,197.421052631579,209.3918918918919,213.5294117647059,216.7968750000001
224.0394736842106,206.9791666666667,205.25,197.9285714285715,195.75,197.5833333333333,197.5263157894737,209.4189189189189,213.3529411764706,216.4843750000001
224.1447368421054,207.3958333333334,205.4318181818182,198.6428571428572,195.9318181818182,197.75,197.6315789473684,209.4459459459459,213.1764705882353,216.1477272727273
224.2500000000001,207.8125000000001,205.6136363636364,199.3571428571429,196.1136363636364,197.75,197.7368421052632,209.472972972973,213,215.7386363636364
224.3552631578949,208.2291666666667,205.7983870967742,200.0714285714286,196.2954545454545,197.75,197.8421052631579,209.5,212.9285714285714,215.3295454545455
224.4605263157896,208.6458333333334,205.991935483871,200.4,196.4772727272727,197.75,197.9473684210526,209.527027027027,212.8571428571429,214.9204545454546
224.5657894736843,209.3333333333334,206.1854838709678,200.6000000000001,196.6590909090909,197.6346153846154,198.0526315789474,209.5540540540541,212.7857142857143,214.5113636363637
224.6710526315791,210.1111111111112,206.3790322580645,200.8000000000001,196.8409090909091,197.4807692307692,198.1578947368421,209.5810810810811,212.7142857142857,214.1022727272728
224.7651515151516,210.8888888888889,206.5725806451613,201.0000000000001,197.0227272727273,197.3269230769231,198.2631578947368,209.6081081081081,212.6428571428571,213.6931818181819
224.8257575757577,211.6666666666667,206.7661290322581,201.2,197.2045454545454,197.1730769230769,198.3684210526316,209.6351351351351,212.5714285714286,213.284090909091
224.8863636363637,212.4,206.9596774193549,201.4000000000001,197.3023255813953,197.0192307692307,198.4736842105263,209.6621621621622,212.5,212.8750000000001
224.9469696969698,213.0000000000001,207.1532258064517,201.6000000000001,197.3720930232558,196.8653846153846,198.578947368421,209.6891891891892,212.4285714285714,212.4659090909092
225.0075757575759,213.6000000000001,207.2833333333334,201.8000000000001,197.4418604651163,196.7857142857143,198.6842105263158,209.7162162162162,212.3571428571429,212.0568181818182
225.068181818182,214.2,207.3500000000001,202.0000000000001,197.5116279069767,196.9285714285714,198.7894736842105,209.7432432432433,212.2857142857143,211.7
225.128787878788,214.8,207.4166666666667,202.2,197.5813953488372,197.0714285714286,198.8947368421053,209.72,212.2142857142857,211.5000000000001
225.1893939393941,215.3750000000001,207.4833333333334,202.4000000000001,197.6511627906977,197.2142857142857,199,209.68,212.1428571428571,211.3
225.2500000000001,215.8750000000001,207.5500000000001,202.6000000000001,197.7209302325581,197.3571428571428,199.1052631578947,209.64,212.0714285714286,211.1000000000001
225.3106060606062,216.3750000000001,207.6166666666667,202.8000000000001,197.7906976744186,197.5,199.2105263157895,209.6,212,210.9
225.3712121212122,216.8750000000001,207.6833333333334,203.0000000000001,197.860465116279,197.6428571428571,199.3157894736842,209.56,212.0588235294117,210.7000000000001
225.4318181818183,217.3750000000001,207.7500000000001,203.2,197.9302325581395,197.95,199.421052631579,209.52,212.1176470588235,210.5000000000001
225.4924242424244,217.8750000000001,208.2500000000001,203.3303571428572,198,198.75,199.5263157894737,209.48,212.1764705882353,210.3000000000001
225.5530303030304,218.2608695652174,208.7500000000001,203.4375000000001,198.219512195122,199.55,199.6315789473684,209.44,212.2352941176471,210.4000000000001
225.6136363636365,218.304347826087,209.2500000000001,203.5446428571429,198.4390243902439,199.8,199.7368421052632,209.4,212.2941176470588,210.6
225.6742424242425,218.3478260869566,209.7500000000001,203.6517857142858,198.6585365853659,199.8666666666666,199.8421052631579,209.36,212.3529411764706,210.8
225.7348484848486,218.3913043478261,210.2500000000001,203.7589285714286,198.8780487804878,199.9333333333333,199.9473684210527,209.32,212.4117647058824,211.0000000000001
225.7307692307694,218.4347826086957,210.7500000000001,203.8660714285715,199.0975609756098,200,200.0714285714286,209.28,212.4705882352941,211.2000000000001
225.7051282051283,218.4782608695652,210.8611111111111,203.9732142857143,199.3170731707317,200.0666666666667,200.2142857142857,209.24,212.5294117647059,211.4000000000001
225.6794871794873,218.5217391304348,210.9722222222223,204.0803571428572,199.5365853658537,200.1333333333333,200.3571428571429,209.2,212.5882352941177,211.6000000000001
225.6538461538463,218.5652173913044,211.0833333333334,204.1875000000001,199.7560975609756,200.2,200.5,209.16,212.6470588235294,211.7894736842106
225.6282051282053,218.608695652174,211.1944444444445,204.2946428571429,199.9756097560976,200.25,200.6428571428572,209.12,212.7058823529412,211.9473684210527
225.6025641025642,218.6521739130435,211.3055555555556,204.4017857142858,200.1951219512195,200.25,200.7857142857143,209.08,212.764705882353,212.1052631578948
225.5769230769232,218.6956521739131,211.4166666666667,204.5089285714286,200.4473684210526,200.25,200.9285714285714,209.04,212.8235294117647,212.2631578947369
225.5512820512822,218.7391304347827,211.5277777777778,204.6160714285715,200.7105263157895,200.25,201.0714285714286,209,212.8823529411765,212.421052631579
225.5256410256412,218.8382352941177,211.6388888888889,204.7232142857144,200.9736842105263,200.25,201.2142857142857,208.96,212.9411764705883,212.5789473684211
225.5000000000001,218.9558823529412,211.7500000000001,204.6428571428572,201.2368421052632,200.25,201.3571428571429,208.92,213,212.7368421052632
225.4743589743591,219.0735294117648,211.8750000000001,204.5000000000001,201.5,200.25,201.5,208.88,213.0588235294118,212.8947368421053
225.4487179487181,219.1911764705883,212.0000000000001,204.3571428571429,201.7631578947368,200.7857142857143,201.6428571428572,208.84,213.1176470588236,213.0526315789474
225.423076923077,219.3088235294118,212.1250000000001,204.2931034482759,202.0263157894737,201.5,201.7857142857143,208.8,213.1764705882353,213.2105263157895
225.397435897436,219.4264705882354,212.2500000000001,204.4655172413794,202.2894736842105,202.2142857142857,201.9285714285714,208.76,213.2352941176471,212.6250000000001
225.371794871795,219.5441176470589,212.5227272727273,204.6379310344828,202.5526315789473,202.7954545454545,202.0714285714286,208.7905405405405,213.1428571428571,211.7916666666667
225.346153846154,219.6617647058824,212.7954545454546,204.8103448275863,202.7894736842105,202.9772727272727,202.2142857142857,208.8445945945946,213,210.9583333333334
225.3205128205129,219.7884615384616,213.0681818181819,204.9827586206897,202.9473684210526,203.1590909090909,202.3571428571429,208.8986486486486,212.8571428571429,210.7083333333334
225.2948717948719,219.9423076923078,213.3409090909092,205.1551724137932,203.1052631578947,203.3409090909091,202.5,208.9527027027027,212.7142857142857,210.6527777777778
225.2692307692309,220.0961538461539,213.6136363636364,205.3275862068966,203.2631578947368,203.5227272727273,202.6428571428572,209.0067567567568,212.5714285714286,210.5972222222223
225.2894736842106,220.2500000000001,213.9375000000001,205.5000000000001,203.4210526315789,203.7045454545455,202.7857142857143,209.0608108108108,212.4285714285714,210.5416666666667
225.4473684210527,220.4038461538462,214.3125000000001,205.6724137931035,203.578947368421,203.65625,202.9285714285714,209.1148648648648,212.2857142857143,210.4861111111112
225.6052631578949,220.5576923076923,214.6875000000001,205.844827586207,203.7368421052632,203.53125,203.0714285714286,209.1689189189189,212.1428571428572,210.4305555555556
225.763157894737,220.7115384615385,215.0625000000001,206.0172413793104,203.8947368421053,203.40625,203.2142857142857,209.222972972973,212,210.3750000000001
225.921052631579,221.0000000000001,215.4375000000001,206.1896551724138,204.0526315789474,203.28125,203.3571428571429,209.277027027027,211.8571428571429,210.3194444444445
226.0789473684212,221.3333333333334,215.8125000000001,206.3620689655173,204.2105263157895,203.3181818181818,203.5,209.3310810810811,211.7142857142857,210.2638888888889
226.2368421052633,221.6666666666667,216.1875000000001,206.5344827586208,204.3684210526316,203.4090909090909,203.6428571428572,209.3851351351351,211.5714285714286,209.8000000000001
226.3947368421054,222.0000000000001,216.5625000000001,206.7068965517242,204.5263157894737,203.5,203.7857142857143,209.4391891891892,211.4285714285714,209.2
226.5526315789475,222.3333333333334,216.7954545454546,207.1250000000001,204.6842105263158,203.5909090909091,203.9285714285714,209.4932432432432,211.2857142857143,208.7916666666667
226.7105263157896,222.6666666666667,216.8863636363637,207.6250000000001,204.8421052631579,203.6818181818182,204.0925925925926,209.5472972972973,211.1428571428571,208.9583333333334
226.8250000000001,222.8437500000001,216.9772727272728,208.1250000000001,205,203.7727272727273,204.2777777777778,209.6013513513514,211,209.1250000000001
226.9250000000001,222.9687500000001,217.0681818181819,208.6250000000001,205.2459016393443,203.8636363636364,204.462962962963,209.6554054054054,210.8823529411765,209.2916666666667
227.0250000000001,223.0937500000001,217.159090909091,209.1250000000001,205.4918032786885,203.9545454545454,204.6481481481482,209.7094594594595,210.7647058823529,209.4583333333334
227.1250000000001,223.2187500000001,217.2500000000001,209.423076923077,205.7377049180328,204.0454545454546,204.8333333333334,209.7345132743363,210.6470588235294,209.6250000000001
227.2250000000001,223.3437500000001,217.41,209.6538461538462,205.983606557377,204.1363636363636,205.0185185185185,209.6725663716814,210.5294117647059,209.7916666666667
227.3125000000001,223.4687500000001,217.57,209.8846153846154,206.2295081967213,204.2272727272727,205.2037037037037,209.6106194690266,210.4117647058823,209.9583333333334
227.3958333333334,223.5937500000001,217.73,210.1153846153847,206.4754098360656,204.3863636363637,205.3888888888889,209.5486725663717,210.2941176470588,210.1250000000001
227.4791666666668,223.7187500000001,217.89,210.3461538461539,206.7213114754098,204.5681818181818,205.5740740740741,209.4867256637168,210.1764705882353,210.1833333333334
227.5625000000001,223.6923076923077,218.05,210.5769230769231,206.9672131147541,204.75,205.7592592592593,209.4247787610619,210.0588235294118,209.9166666666667
227.6458333333335,223.6153846153847,218.21,210.8076923076924,207.2131147540984,204.9318181818182,205.9444444444445,209.3628318584071,209.9411764705882,209.6500000000001
227.7291666666668,223.5384615384616,218.53125,211.0384615384616,207.4590163934426,205.1136363636363,206.1296296296297,209.3008849557522,209.8235294117647,209.3833333333334
227.8125000000001,223.4615384615385,218.90625,211.2692307692308,207.7049180327869,205.2954545454546,206.3148148148149,209.2389380530973,209.7058823529412,209.1166666666667
227.8958333333335,223.3846153846154,219.28125,211.5000000000001,207.9508196721312,205.4772727272727,206.5000000000001,209.1769911504425,209.5882352941176,208.8500000000001
227.9791666666668,223.3076923076924,219.65625,211.7307692307693,208.1967213114754,205.6590909090909,206.6851851851852,209.1150442477876,209.4705882352941,208.5833333333334
228.0625000000001,223.3636363636364,219.8928571428572,211.9615384615385,208.4426229508197,205.8409090909091,206.8703703703704,209.0530973451328,209.3529411764706,208.3166666666667
228.1458333333335,223.8181818181819,220.0833333333334,212.1923076923078,208.6885245901639,206.0227272727273,207.0555555555556,208.9911504424779,209.2352941176471,208.0625000000001
228.2291666666668,224.2727272727273,220.2738095238096,212.3571428571429,208.8693181818182,206.2045454545454,207.2407407407408,208.929203539823,209.1176470588235,207.8125000000001
228.357142857143,224.7272727272728,220.4642857142858,212.5000000000001,209.0284090909091,206.4642857142857,207.425925925926,208.8672566371681,209,207.5625000000001
228.5000000000001,225.1818181818182,220.654761904762,212.6428571428572,209.1875,206.75,207.6111111111111,208.8053097345133,208.9090909090909,207.3125000000001
228.6428571428573,225.6363636363637,220.79,212.7857142857143,209.3465909090909,207.0357142857143,207.7758620689656,208.7433628318584,208.8181818181818,207.0625000000001
228.7857142857144,225.9166666666667,220.87,212.9285714285715,209.5056818181818,207.3214285714286,207.8793103448276,208.6814159292035,208.7272727272727,206.8125000000001
228.9285714285716,226.138888888889,220.95,213.0714285714286,209.6647727272727,207.6071428571428,207.9827586206897,208.6194690265487,208.6363636363636,206.5625000000001
229.0714285714287,226.3611111111111,221.03,213.2142857142858,209.8238636363636,207.8928571428571,208.0862068965517,208.5575221238938,208.5454545454546,206.3125000000001
229.2142857142858,226.5833333333334,221.11,213.3571428571429,209.9829545454546,208.1785714285714,208.1896551724138,208.4955752212389,208.4545454545454,206.5000000000001
229.357142857143,226.7142857142858,221.19,213.5000000000001,210.1420454545454,208.35,208.2931034482759,208.4336283185841,208.3636363636364,206.8333333333334
229.5000000000001,226.5714285714286,221.25,213.6428571428572,210.3011363636364,208.4833333333333,208.396551724138,208.3716814159292,208.2727272727273,207.1666666666667
229.6428571428573,226.4285714285715,221.25,213.8750000000001,210.4602272727273,208.6166666666666,208.5,208.3097345132743,208.1818181818182,207.5000000000001
229.7777777777779,226.2857142857143,221.25,214.3750000000001,210.6193181818182,208.75,208.6034482758621,208.2477876106195,208.0909090909091,207.5937500000001
229.888888888889,225.6875000000001,221.25,214.8750000000001,210.7784090909091,208.8833333333333,208.7068965517242,208.1858407079646,208,206.9687500000001
230.0000000000001,224.9375000000001,221.25,215.3750000000001,210.9375,209.0166666666667,208.8103448275862,208.1238938053097,207.9090909090909,206.3437500000001
230.1111111111112,225.5000000000001,221.25,215.7916666666667,211.0965909090909,209.15,208.9137931034483,208.0619469026549,207.8181818181818,205.7187500000001
230.2222222222223,226.5000000000001,221.25,215.9583333333334,211.2556818181818,209.4117167678536,209.0172413793103,208,207.7272727272727,205.1538461538462
230.3333333333334,227.5000000000001,221.25,216.1250000000001,211.4147727272727,210.0585838392683,209.1206896551724,207.9142857142857,207.6363636363636,204.7692307692308
230.4444444444446,228.2,221.25,216.2916666666667,211.5738636363637,210.7054509106829,209.2241379310345,207.8285714285714,207.5454545454546,204.3846153846154
230.5555555555557,228.0000000000001,221.25,216.4583333333334,211.7329545454546,211.0199770835912,209.3378018829308,207.7428571428571,207.4545454545454,204.0000000000001
230.6666666666668,227.8000000000001,221.3653846153846,216.6250000000001,211.8920454545454,211.0892741493044,209.454871060172,207.6571428571428,207.3636363636364,203.6153846153847
230.8166666666668,227.6000000000001,221.5192307692308,216.7916666666667,212.0511363636363,211.1585712150176,209.571940237413,207.5714285714286,207.2727272727273,203.2307692307693
231.0833333333335,227.4000000000001,221.6730769230769,216.9583333333334,212.2102272727273,211.2278682807308,209.6890094146541,207.4857142857143,207.1818181818182,202.8461538461539
231.3500000000001,227.1388888888889,221.8269230769231,217.1250000000001,212.3928571428571,211.2971653464439,209.8060785918952,207.4,207.0909090909091,202.2727272727273
231.6166666666668,226.6944444444445,221.9807692307692,217.2812500000001,212.5833333333333,211.3664624121571,209.95,207.3142857142857,207,201.6363636363637
231.8833333333334,226.2500000000001,222.1346153846154,217.4062500000001,212.7738095238095,211.4357594778702,210.2500000000001,207.2285714285714,206.9166666666667,201.0000000000001
232.1500000000001,225.8055555555556,222.25,217.5312500000001,212.9642857142857,211.5050565435834,210.55,207.1428571428571,206.8333333333333,200.3636363636364
232.4166666666668,225.3611111111112,222.25,217.6562500000001,213.1547619047619,211.5743536092966,210.85,207.0571428571428,206.75,199.7272727272728
232.6833333333335,225.1500000000001,222.25,217.7812500000001,213.3452380952381,211.6436506750098,211.0294117647059,206.9714285714286,206.6666666666667,199.1785714285715
232.7812500000001,225.0166666666667,222.25,217.9062500000001,213.5357142857143,211.7129477407229,211.0882352941177,206.8857142857143,206.5833333333333,198.8928571428572
232.8229166666668,224.8833333333334,222.25,218.0312500000001,213.7261904761905,211.7822448064361,211.1470588235294,206.8,206.5,198.6071428571429
232.8645833333335,224.75,222.25,218.1562500000001,213.9166666666667,211.8515418721493,211.2058823529412,206.7142857142857,206.4166666666666,198.3214285714286
232.9062500000001,224.6166666666667,222.25,218.2812500000001,214.1071428571429,211.9208389378625,211.21875,206.6285714285714,206.3333333333334,197.9375000000001
232.9479166666668,224.4833333333333,222.25,218.4062500000001,214.2807017543859,211.9901360035756,211.09375,206.5428571428571,206.25,197.5208333333334
232.9895833333334,224.35,222.25,218.5312500000001,214.4035087719298,212.0594330692888,210.96875,206.4571428571429,206.1666666666667,197.1041666666667
233.0312500000001,224.0357142857143,222.3611111111111,218.6562500000001,214.5263157894737,212.1287301350019,210.84375,206.3714285714286,206.0833333333333,196.6875000000001
233.0729166666668,223.1785714285714,222.5092592592592,218.7812500000001,214.6491228070175,212.1980272007151,210.8125000000001,206.2857142857143,206,196.2708333333334
233.1145833333335,222.3214285714286,222.6574074074074,218.9062500000001,214.7719298245614,212.2763157894737,211.0625000000001,206.2,205.9166666666667,195.8541666666667
233.1562500000001,221.4642857142857,222.8055555555555,219.0312500000001,214.8947368421053,212.3815789473684,211.3125000000001,206.1142857142857,205.8333333333333,195.9750000000001
233.1979166666668,221.3076923076923,222.9537037037037,219.1562500000001,215.0175438596491,212.4868421052632,211.5625000000001,206.0285714285714,205.75,196.275
233.2395833333335,221.3846153846154,223.1018518518518,219.2608695652174,215.140350877193,212.5921052631579,211.8125000000001,205.9428571428571,205.6666666666667,196.575
233.1375000000001,221.4615384615385,223.25,219.304347826087,215.2631578947368,212.6973684210526,212.0625000000001,205.8571428571429,205.5833333333333,196.8750000000001
232.9875000000001,221.5384615384615,223.45,219.3478260869566,215.3859649122807,212.8026315789474,212.3125000000001,205.7714285714286,205.5,197.1750000000001
232.8375000000001,221.6153846153846,223.65,219.3913043478261,215.5087719298246,212.9078947368421,212.5625000000001,205.8823529411765,205.4166666666667,196.65
232.6875000000001,221.6923076923077,223.85,219.4347826086957,215.6315789473684,213.0131578947368,212.7777777777778,206.0588235294118,205.3333333333333,195.8500000000001
232.5375000000001,221.7857142857143,224.05,219.4782608695652,215.7543859649123,213.1184210526316,212.8888888888889,206.2352941176471,205.25,195.3333333333334
232.3875,221.9285714285714,224.25,219.5217391304348,215.8771929824561,213.2236842105263,213,206.4117647058824,205.1666666666667,195.6666666666667
232.2375,222.0714285714286,224.45,219.5652173913044,216,214.375,213.1111111111111,206.5882352941176,205.0833333333333,196.0000000000001
232.0875,222.2142857142857,224.65,219.608695652174,216.2380952380952,214.7734375,213.2222222222222,206.764705882353,205,196.3333333333334
231.9375,222.3571428571429,224.9318181818182,219.6521739130435,216.4761904761905,214.8046875,213.1,206.9411764705882,204.8059701492538,196.6666666666667
231.7875,222.5,225.2954545454546,219.6956521739131,216.7142857142857,214.8359375,212.9,207.1176470588235,204.6119402985074,197.0000000000001
231.4583333333333,222.6428571428571,225.6590909090909,219.7391304347827,216.9523809523809,214.8671875,212.7,207.1547619047619,204.4179104477612,197.3333333333334
231.0694444444445,222.625,226.0227272727273,219.8750000000001,217.1904761904762,214.8984375,212.5,206.7738095238095,204.2238805970149,197.6666666666667
230.6805555555555,222.125,226.3863636363636,220.0416666666667,217.4285714285714,214.9296875,212.3,206.3928571428571,204.0298507462687,198.8000000000001
230.2916666666666,221.625,226.75,220.2083333333334,217.6666666666667,214.9609375,212.5000000000001,206.0119047619048,203.8358208955224,200.2
229.9027777777778,221.125,226.6071428571429,220.3750000000001,217.9047619047619,214.9921875,212.8333333333334,205.6309523809524,203.6417910447761,201.2500000000001
229.5138888888889,220.7142857142857,226.4642857142857,220.5416666666667,218.1428571428572,215.0234375,213.1666666666667,205.25,203.4477611940299,201.2500000000001
229.125,220.5714285714286,226.3214285714286,220.7083333333334,218.3809523809524,215.0546875,213.5000000000001,204.8690476190476,203.2537313432836,201.2500000000001
228.7361111111111,220.4285714285714,226.1785714285714,220.8750000000001,218.6190476190476,215.0859375,213.8333333333334,204.4880952380952,203.0597014925373,201.2500000000001
228.3472222222222,220.2857142857143,226.0357142857143,221.0416666666667,218.8571428571429,215.1171875,214.1666666666667,204.1071428571428,202.865671641791,201.2500000000001
228,222.5000000000001,225.8928571428572,221.2083333333334,219.0952380952381,215.1484375,214.5000000000001,203.7261904761905,202.6716417910448,201.2500000000001
227.6666666666667,223.3181818181819,225.75,221.3617021276596,219.3333333333333,215.1796875,214.8333333333334,203.3452380952381,202.4776119402985,201.2500000000001
227.3333333333333,223.409090909091,225.75,221.5106382978724,219.5714285714286,215.2109375,215.1666666666667,203.0571428571428,202.2835820895522,201.2500000000001
227,223.5000000000001,225.75,221.6595744680852,219.7822580645161,215.2421875,215.5000000000001,202.8,202.089552238806,201.2500000000001
226.6666666666667,223.5909090909092,225.75,221.8085106382979,219.9112903225806,215.4375,215.8333333333334,202.5428571428571,201.8955223880597,201.5625000000001
226.3333333333333,223.6818181818182,225.75,221.9574468085107,220.0403225806452,215.6875,216.1818181818182,202.2857142857143,201.6304347826087,201.9791666666667
226.0357142857143,223.8333333333334,225.75,222.1063829787234,220.1693548387097,215.9375,216.5454545454546,202.0285714285714,201.1521739130435,202.3958333333334
225.75,224.1666666666667,225.4423076923077,222.2553191489362,220.2983870967742,216.1875,216.9090909090909,201.7714285714286,200.6739130434783,202.8125000000001
225.4642857142857,224.5000000000001,225.1346153846154,222.4042553191489,220.4274193548387,216.9423076923077,217.2727272727273,201.5142857142857,200.195652173913,203.2291666666667
225.0714285714286,224.7857142857143,224.8269230769231,222.5531914893617,220.5564516129032,217.8653846153846,217.6363636363637,201.2571428571428,199.7173913043478,203.6458333333334
224.3571428571428,224.9285714285714,224.5192307692308,222.7021276595745,220.6854838709677,218.7884615384615,218,201,199.2391304347826,204.1250000000001
