144.375,140.6363636363636,142.8461538461538,144.8124999999999,142.9999999999999,143.8593749999999,143.1666666666666,144.3365384615385,142.4722222222222,151.3999999999999
144.875,141.0909090909091,143.2307692307692,145.0624999999999,143.4999999999999,144.2968749999999,143.4999999999999,144.6826923076923,142.9166666666667,151.6799999999999
145.375,141.5454545454545,143.6153846153846,145.3124999999999,143.9999999999999,144.734375,143.8333333333333,145.0288461538461,143.3611111111111,151.96
145.875,142,144,145.5624999999999,144.4999999999999,145.171875,144.1666666666667,145.375,143.8055555555555,152.24
146.375,142.4545454545455,144.3846153846154,145.8636363636363,144.9999999999999,145.609375,144.5,145.7211538461538,144.25,152.52
146.859375,142.9090909090909,144.7692307692308,146.3181818181817,145.4999999999999,146.046875,144.9285714285714,146.0673076923077,144.6944444444444,152.8
147.296875,143.3409090909092,145.1538461538462,146.7727272727272,145.9999999999999,146.484375,145.6428571428571,146.4134615384615,145.1388888888889,153.08
147.734375,143.7045454545455,145.5384615384615,147.2272727272726,146.4999999999999,146.921875,146.3571428571429,146.7596153846154,145.625,153.36
148.171875,144.0681818181819,145.9230769230769,147.6818181818181,146.9999999999999,147.3625,147.0714285714286,147.1057692307692,146.125,153.64
148.609375,144.4318181818182,146.3076923076923,148.1363636363635,147.4999999999999,147.8125000000001,147.4375,147.4519230769231,146.7272727272727,153.92
149.046875,144.7954545454546,146.6923076923077,148.470588235294,147.9999999999999,148.2625,147.6875,147.7980769230769,147.3636363636364,154.2
149.484375,145.1590909090909,147.0769230769231,148.7647058823528,148.3999999999999,148.7125,147.9375,148.1442307692308,148,154.48
149.921875,145.6666666666667,147.4615384615385,149.0588235294117,148.7999999999999,149.1625000000001,148.1875,148.4903846153846,148.6363636363636,154.76
150.3409090909091,146.2222222222223,147.8703703703704,149.3529411764705,149.1999999999999,149.6125,148.4375,148.8484848484848,149.2727272727273,155.04
150.7045454545455,146.7777777777778,148.3518518518519,149.6470588235293,149.5999999999999,150.0625000000001,148.6875,149.2424242424242,149.78125,155.3518518518519
151.0681818181818,147.3333333333334,148.8333333333333,149.9411764705881,149.9999999999999,150.5125,149.1785714285714,149.6363636363636,149.90625,155.7592592592593
151.4318181818182,147.8636363636364,149.3148148148148,150.235294117647,150.3999999999999,150.9625,149.75,150.030303030303,150.03125,156.1666666666667
151.7954545454546,148.3181818181819,149.7962962962963,150.5294117647058,150.7999999999999,151.4125,150.3214285714286,150.4242424242424,150.15625,156.5740740740741
152.1590909090909,148.7727272727273,150.2777777777778,150.8636363636363,151.1999999999999,151.8557692307693,150.8125,150.8181818181818,150.3846153846154,156.9814814814815
152.5108695652174,149.2272727272728,150.7592592592593,151.3181818181817,151.5999999999999,152.2788461538462,151.0625,151.2121212121212,150.9230769230769,157.3888888888889
152.8586956521739,149.6818181818182,151.2407407407408,151.7727272727272,151.9999999999999,152.7019230769231,151.3125,151.6060606060606,151.4615384615385,157.7962962962964
153.2065217391305,150.1363636363637,151.7222222222222,152.2272727272726,152.3999999999999,153.1250000000001,151.5625,152,152,158.2037037037038
153.554347826087,150.5312500000001,152.2037037037037,152.6818181818181,152.7999999999999,153.548076923077,151.8888888888889,152.3939393939394,152.5384615384615,158.6111111111111
153.9021739130435,150.9062500000001,152.6851851851852,153.1363636363635,153.1999999999999,153.9711538461539,152.4444444444444,152.7878787878788,153.0769230769231,159.0185185185186
154.25,151.2812500000001,153.1666666666667,153.5312499999999,153.5999999999999,154.3942307692308,153,153.1818181818182,153.6153846153846,159.425925925926
154.5978260869565,151.6562500000001,153.6481481481482,153.9062499999999,153.9999999999999,154.8173076923077,153.5555555555555,153.5757575757576,153.8863636363636,159.8333333333334
154.9456521739131,152.2272727272727,154.1296296296296,154.2812499999999,154.3999999999999,155.2403846153846,154.1111111111111,153.9696969696969,154.0681818181818,160.2407407407408
155.2934782608696,152.8636363636364,154.5125,154.6562499999999,154.7999999999999,155.6634615384616,154.4375,154.3636363636363,154.25,160.6481481481482
155.6413043478261,153.5000000000001,154.8625,154.9807692307691,155.1999999999999,156.0865384615385,154.6875,154.7575757575758,154.4318181818182,161.0078125000001
155.9891304347826,154.1363636363637,155.2125,155.2884615384614,155.5999999999999,156.5096153846154,154.9375,155.1515151515151,154.6136363636364,161.3515625000001
156.3369565217391,154.7727272727273,155.5625,155.5961538461538,155.9999999999999,156.9326923076924,155.1875,155.55,154.8846153846154,161.6953125000001
156.6847826086957,155.3333333333334,155.9125,155.9038461538461,156.3571428571427,157.3375,155.4375,155.95,155.4230769230769,162.0390625000001
157.0326086956522,155.6666666666667,156.2625,156.2115384615384,156.7142857142856,157.6875000000001,155.6875,156.35,155.9615384615385,162.3828125000001
157.3804347826087,156,156.6125,156.5192307692307,157.0714285714284,158.0375000000001,156.25,156.75,156.5,162.7265625000001
157.7282608695652,156.3333333333334,156.9625,156.8529411764705,157.4285714285713,158.3875,156.9166666666667,157.15,157.0384615384615,163.0703125000001
158.0760869565217,156.6666666666667,157.3125,157.2647058823529,157.7857142857142,158.7375,157.5833333333333,157.55,157.5769230769231,163.4140625000001
158.4239130434783,157,157.6625,157.6764705882352,158.142857142857,159.0875,158,157.95,158.1153846153846,163.7578125000001
158.7717391304348,157.2708333333334,158,158.0882352941175,158.4999999999999,159.4375000000001,158.3333333333333,158.35,158.53125,164.1015625000001
159.1195652173913,157.3541666666667,158.3333333333333,158.4999999999999,158.8571428571427,159.7875000000001,158.6666666666667,158.75,158.90625,164.4453125000001
159.4673913043478,157.4375000000001,158.6666666666667,158.9117647058822,159.2142857142856,160.1375,159,159.15,159.28125,164.7890625000001
159.8152173913044,157.5208333333334,159,159.3235294117646,159.5714285714284,160.4875,159.375,159.55,159.65625,165.1328125000001
160.1630434782609,157.6041666666667,159.3333333333334,159.735294117647,159.9285714285713,160.8529411764706,159.875,159.95,160.03125,165.4765625
160.6029411764706,157.6875000000001,159.6666666666667,160.1470588235293,160.2857142857142,161.264705882353,160.375,160.35,160.40625,165.8203125
161.0735294117647,157.8684210526316,160,160.5312499999999,160.642857142857,161.6764705882353,160.8676470588235,160.75,160.78125,166.1640625000001
161.5441176470588,158.3421052631579,160.3928571428571,160.9062499999999,160.9999999999999,162.0882352941177,161.3382352941176,161.15,161.15625,166.5263157894737
162.014705882353,158.8157894736843,160.9642857142858,161.2812499999999,161.4166666666666,162.5000000000001,161.8088235294118,161.55,161.53125,166.8947368421053
162.4852941176471,159.2894736842106,161.5357142857143,161.6562499999999,161.8333333333332,162.9117647058824,162.2794117647059,161.95,161.90625,167.2631578947369
162.9558823529412,159.7631578947369,162.1071428571429,162.0312499999999,162.2499999999999,163.3235294117648,162.75,162.35,162.28125,167.6315789473685
163.4264705882353,160.2368421052632,162.3333333333334,162.4062499999999,162.6666666666666,163.7352941176471,163.2205882352941,162.75,162.65625,168.0000000000001
163.8970588235294,160.7105263157895,162.4444444444445,162.7812499999999,163.0833333333332,164.1470588235294,163.6911764705882,163.15,163.0147058823529,168.3684210526316
164.3095238095238,161.1842105263158,162.5555555555556,163.1562499999999,163.4999999999999,164.5000000000001,164.1617647058824,163.55,163.3676470588235,168.7368421052632
164.5476190476191,161.6578947368421,162.6666666666667,163.6249999999999,163.9166666666666,164.8333333333334,164.6323529411765,163.95,163.7205882352941,169.1052631578948
164.7857142857143,162.1315789473685,162.90625,164.1249999999999,164.3333333333333,165.1666666666667,165.0178571428572,164.35,164.0735294117647,169.4736842105264
165.0238095238095,162.5588235294118,163.53125,164.6249999999999,164.7499999999999,165.5000000000001,165.375,164.75,164.4264705882353,169.8428571428572
165.2619047619048,162.9705882352942,164.15625,165.1249999999999,165.1666666666666,165.8333333333334,165.7321428571429,165.15,164.7794117647059,170.2142857142858
165.5,163.3823529411765,164.78125,165.4999999999999,165.5833333333333,166.1666666666667,166.0892857142857,165.55,165.1323529411765,170.5857142857143
165.7380952380952,163.7941176470588,165.3214285714286,165.8333333333332,165.9999999999999,166.5000000000001,166.4464285714286,165.9642857142857,165.4852941176471,170.9571428571429
165.9761904761905,164.2058823529412,165.6071428571429,166.1666666666666,166.3846153846154,166.8541666666667,166.8035714285714,166.3928571428571,165.825,171.3285714285715
166.2142857142857,164.6176470588236,165.8928571428572,166.4999999999999,166.7692307692307,167.2708333333334,167.1607142857143,166.8214285714286,166.125,171.7
166.452380952381,165.0294117647059,166.1785714285714,166.8333333333333,167.1538461538461,167.6875000000001,167.325,167.25,166.425,172.0714285714286
166.6904761904762,165.4411764705883,166.4642857142857,167.1666666666666,167.5384615384615,168.1041666666667,167.425,167.6785714285714,166.725,172.4428571428572
167.0657894736842,165.8269230769231,166.75,167.4999999999999,167.9230769230768,168.5208333333334,167.525,168.1071428571428,167.025,172.8142857142857
167.4868421052632,166.1346153846154,167.0357142857143,167.8333333333333,168.3076923076923,168.9375,167.625,168.5357142857143,167.3666666666667,173.1857142857143
167.9078947368421,166.4423076923077,167.375,168.1666666666666,168.6923076923076,169.3541666666667,167.725,168.9166666666667,167.8333333333333,173.5571428571429
168.3289473684211,166.7500000000001,167.875,168.4999999999999,169.076923076923,169.7708333333334,168.6875,169.25,168.3,173.9285714285715
168.75,167.0576923076924,168.375,168.8333333333333,169.4615384615384,170.1875,169.9375,169.5833333333333,168.7666666666667,174.3000000000001
169.171052631579,167.3653846153846,168.875,169.1666666666666,169.8461538461538,170.6041666666667,170.5337837837838,169.9166666666667,169.2333333333333,174.6714285714286
169.5921052631579,167.673076923077,169.375,169.5446428571428,170.2307692307692,171.0208333333334,170.9121621621621,170.25,169.7,175.0428571428572
170.0131578947369,168.0416666666667,169.875,169.9374999999999,170.6153846153846,171.4375,171.2905405405405,170.5833333333333,170.1666666666667,175.4142857142858
170.4342105263158,168.4305555555556,170.3166666666667,170.3303571428571,170.9999999999999,171.8333333333333,171.6689189189189,170.9772727272727,170.6333333333333,175.7857142857143
170.85,168.8194444444445,170.5833333333333,170.7232142857142,171.3684210526315,172.1666666666667,172.0472972972973,171.4318181818182,171.0344827586207,176.1571428571429
171.25,169.2083333333334,170.85,171.1160714285713,171.7368421052631,172.5,172.4256756756756,171.8863636363636,171.4137931034483,176.4886363636364
171.65,169.5972222222223,171.1166666666667,171.5089285714285,172.1052631578947,172.8333333333334,172.804054054054,172.3409090909091,171.7931034482759,176.8068181818182
172.05,169.9861111111112,171.3833333333333,171.9017857142856,172.4736842105262,173.1666666666667,173.1824324324324,172.7954545454545,172.1724137931035,177.1250000000001
172.45,170.3750000000001,171.65,172.2946428571428,172.8421052631579,173.5,173.5608108108108,173.25,172.551724137931,177.4431818181819
172.85,170.7638888888889,171.9166666666667,172.6874999999999,173.2105263157894,173.8333333333334,174.0108695652173,173.5892857142857,172.9310344827586,177.7613636363637
173.25,171.1527777777778,172.1833333333333,173.0803571428571,173.578947368421,174.1666666666667,174.5326086956522,173.9285714285714,173.3103448275862,178.0795454545455
173.65,171.5108695652174,172.5384615384615,173.4732142857142,173.9473684210526,174.5,175.0543478260869,174.2678571428571,173.6896551724138,178.3977272727273
173.9807692307693,171.858695652174,172.9230769230769,173.8660714285713,174.3157894736842,174.8333333333334,175.5760869565217,174.6071428571428,174.0689655172414,178.7159090909092
174.2884615384616,172.2065217391305,173.3076923076923,174.2589285714285,174.6842105263157,175.1666666666667,176.0978260869565,174.9464285714286,174.448275862069,179.034090909091
174.5961538461539,172.554347826087,173.6923076923077,174.6517857142856,175.0526315789473,175.5,176.6195652173913,175.2857142857143,174.8275862068966,179.3522727272728
174.9038461538462,172.9021739130436,174.0769230769231,175.0178571428571,175.4210526315789,175.85,177.0108695652174,175.625,175.2068965517241,179.6704545454546
175.2115384615385,173.2500000000001,174.4615384615385,175.3749999999999,175.7894736842105,176.2500000000001,177.3586956521739,175.9642857142857,175.5862068965517,180.0312500000001
175.5192307692308,173.5978260869566,174.8529411764706,175.7321428571428,176.1578947368421,176.65,177.7065217391305,176.3035714285714,175.9655172413793,180.4062500000001
175.828125,173.9456521739131,175.264705882353,176.0892857142856,176.5263157894736,177.05,178.054347826087,176.6428571428572,176.3467741935484,180.7812500000001
176.140625,174.2934782608696,175.6764705882353,176.4464285714285,176.8947368421052,177.45,178.4021739130435,176.9821428571428,176.733870967742,181.1562500000001
176.453125,174.6413043478261,176.0882352941177,176.8035714285713,177.2631578947368,177.8333333333334,178.75,177.3214285714286,177.1209677419355,181.5312500000001
176.765625,174.9891304347827,176.5,177.1607142857142,177.6315789473684,178.1666666666667,179.0978260869565,177.6607142857143,177.5080645161291,181.9062500000001
177.078125,175.3428571428572,176.9117647058824,177.5961538461537,177.9999999999999,178.5,179.4456521739131,178,177.8951612903226,182.2812500000001
177.390625,175.7142857142858,177.3235294117647,178.0576923076922,178.3333333333333,178.8333333333334,179.7934782608696,178.3392857142857,178.2822580645161,182.6562500000001
177.703125,176.0857142857143,177.7352941176471,178.5192307692307,178.6666666666666,179.1666666666667,180.1413043478261,178.6785714285714,178.6693548387097,182.9166666666667
178.015625,176.4571428571429,178.1470588235294,178.9807692307691,178.9999999999999,179.5,180.4891304347826,179.0178571428571,179.0564516129032,183.1388888888889
178.3375,176.8285714285715,178.4166666666667,179.4423076923076,179.3333333333333,179.8333333333333,180.8194444444444,179.3571428571428,179.4435483870968,183.3611111111111
178.6875,177.2,178.6388888888889,179.9038461538461,179.6666666666666,180.1666666666667,181.0972222222222,179.6964285714286,179.8306451612903,183.5833333333334
179.0375000000001,177.5714285714286,178.8611111111111,180.2749999999999,179.9999999999999,180.5,181.375,180.0357142857143,180.2177419354839,183.8392857142858
179.3875,177.9428571428572,179.0833333333334,180.3749999999999,180.3333333333333,180.8333333333333,181.6527777777778,180.375,180.6048387096774,184.1964285714286
179.7375,178.3142857142857,179.3055555555556,180.4749999999999,180.6666666666666,181.1666666666667,181.9305555555555,180.7142857142857,180.991935483871,184.5535714285715
180.0875,178.6857142857143,179.5277777777778,180.5749999999999,180.9999999999999,181.514705882353,182.2083333333333,181.0535714285714,181.3790322580645,184.9107142857143
180.4375,179.0571428571429,179.75,180.6749999999999,181.3333333333333,181.8676470588235,182.4861111111111,181.3928571428571,181.766129032258,185.2678571428572
180.7875,179.4285714285715,179.9722222222223,180.8399999999999,181.6666666666666,182.2205882352941,182.7638888888889,181.7321428571428,182.1532258064516,185.6250000000001
181.1375,179.8000000000001,180.1944444444445,181.1999999999999,181.9999999999999,182.5735294117647,183.0416666666667,182.0714285714286,182.4880952380952,185.9821428571429
181.4875,180.1714285714286,180.4705882352941,181.5599999999999,182.4285714285714,182.9264705882353,183.4166666666667,182.4107142857143,182.8055555555556,186.2500000000001
181.8357142857143,180.5428571428572,180.764705882353,181.9199999999999,182.8571428571428,183.2794117647059,184.0833333333333,182.75,183.1230158730158,186.2500000000001
182.1785714285714,180.9142857142858,181.0588235294118,182.2799999999999,183.2857142857142,183.6323529411765,184.75,183.2045454545454,183.4404761904762,186.2500000000001
182.5214285714286,181.2857142857144,181.3529411764706,182.6399999999999,183.7142857142857,183.9852941176471,185.301282051282,183.6590909090909,183.7579365079365,186.2500000000001
182.8642857142857,181.6571428571429,181.6470588235294,182.9999999999999,184.1428571428571,184.3269230769231,185.5064102564102,184.1136363636364,184.0753968253968,186.2500000000001
183.2071428571429,182.0116279069768,181.9411764705883,183.3599999999999,184.5714285714285,184.6346153846154,185.7115384615384,184.5681818181818,184.3928571428571,186.2500000000001
183.55,182.3604651162791,182.2352941176471,183.7199999999999,184.9999999999999,184.9423076923077,185.9166666666666,185.0227272727273,184.7103174603174,186.4000000000001
183.8928571428572,182.7093023255815,182.5294117647059,184.0799999999999,185.4285714285714,185.2500000000001,186.1217948717949,185.4214285714286,185.0277777777778,187.0000000000001
184.2357142857143,183.0581395348838,182.890625,184.4399999999999,185.8571428571428,185.5576923076923,186.326923076923,185.7642857142857,185.3452380952381,187.6000000000001
184.5785714285715,183.4069767441861,183.453125,184.7999999999999,186.2857142857142,185.8653846153846,186.5320512820512,186.1071428571429,185.6626984126984,188.2
184.9214285714286,183.7558139534884,184.015625,185.1599999999999,186.7142857142857,186.173076923077,186.7371794871794,186.45,185.9801587301587,188.8000000000001
185.2642857142857,184.1046511627907,184.578125,185.5204918032786,187.1428571428571,186.4868421052632,186.9423076923077,186.7928571428571,186.297619047619,189.2916666666667
185.6071428571429,184.4534883720931,185.140625,185.8811475409835,187.5714285714285,186.8026315789474,187.1474358974359,187.1357142857143,186.6150793650794,189.4583333333334
185.95,184.8023255813954,185.703125,186.2418032786885,187.9999999999999,187.1184210526316,187.5131578947368,187.4785714285714,186.9325396825397,189.6250000000001
186.2928571428572,185.1511627906977,186.265625,186.6024590163934,188.2941176470588,187.4342105263158,188.0394736842105,187.8214285714286,187.25,189.7916666666667
186.6357142857143,185.5000000000001,186.828125,186.9631147540983,188.5882352941176,187.75,188.5657894736842,188.1642857142857,187.5833333333333,189.9583333333334
186.9785714285715,185.8488372093024,187.2708333333334,187.3237704918032,188.8823529411764,188.0657894736842,189.0921052631579,188.5071428571429,187.9166666666667,190.1250000000001
187.3214285714286,186.1976744186047,187.3541666666667,187.6844262295081,189.1764705882352,188.3815789473684,189.6184210526316,188.85,188.25,190.3452380952381
187.6642857142857,186.546511627907,187.4375,188.045081967213,189.4705882352941,188.6973684210527,190.0588235294118,189.1928571428571,188.5833333333333,190.7261904761905
187.9485294117647,186.8953488372094,187.5208333333334,188.405737704918,189.7647058823529,189.0131578947368,190.4705882352941,189.5357142857143,188.9166666666667,191.1071428571429
188.2132352941177,187.2441860465117,187.6041666666667,188.7663934426229,190.0588235294117,189.3666666666667,190.8823529411765,189.8785714285714,189.25,191.4880952380953
188.4779411764706,187.593023255814,187.6875,189.1270491803278,190.3529411764706,189.8333333333333,191.2941176470588,190.2214285714286,189.5833333333333,191.8690476190476
188.7426470588236,187.9418604651163,187.875,189.4877049180327,190.6470588235293,190.3,191.7058823529412,190.5642857142857,189.8888888888889,192.2500000000001
189.0073529411765,188.2906976744187,188.375,189.8483606557376,190.9411764705882,190.7666666666667,192.1176470588235,190.9071428571428,190.1666666666667,192.6309523809524
189.2720588235294,188.639534883721,188.875,190.2090163934425,191.235294117647,191.2333333333333,192.5294117647059,191.25,190.4444444444445,193.0119047619048
189.5367647058824,188.9883720930233,189.375,190.5696721311475,191.5294117647058,191.7,192.9411764705882,191.5833333333333,190.7222222222222,193.3928571428572
189.8014705882353,189.3194444444445,189.875,190.9303278688524,191.8235294117646,192.1666666666667,193.2884615384615,191.9166666666667,191,193.7738095238095
190.0661764705883,189.5972222222223,190.375,191.2909836065573,192.1176470588235,192.6333333333334,193.4423076923077,192.25,191.2777777777778,194.1547619047619
190.3308823529412,189.8750000000001,190.875,191.6516393442622,192.4117647058823,192.95,193.5961538461538,192.5833333333333,191.5555555555555,194.4642857142858
190.5955882352941,190.1527777777778,191.3421052631579,192.0122950819671,192.7058823529411,193.2166666666667,193.75,192.9166666666667,191.8333333333333,194.75
190.8602941176471,190.4305555555556,191.7105263157895,192.372950819672,192.9999999999999,193.4833333333333,193.9038461538462,193.25,192.1111111111111,195.0357142857143
191.125,190.7083333333334,192.0789473684211,192.733606557377,193.3157894736842,193.75,194.0576923076923,193.5833333333333,192.4342105263158,195.3214285714286
191.389705882353,190.9861111111112,192.4473684210527,193.0942622950819,193.6315789473684,194.0166666666667,194.2115384615385,193.9038461538461,192.8026315789473,195.6071428571429
191.6544117647059,191.263888888889,192.8157894736842,193.4549180327868,193.9473684210525,194.2833333333334,194.46875,194.2115384615385,193.1710526315789,195.8928571428572
191.9191176470588,191.5416666666667,193.1842105263158,193.8155737704917,194.2631578947368,194.55,194.7604166666667,194.5192307692308,193.5394736842105,196.1785714285715
192.1838235294118,191.8194444444445,193.5526315789474,194.1762295081966,194.578947368421,194.8333333333334,195.0520833333333,194.8269230769231,193.9078947368421,196.475
192.3863636363637,192.0972222222223,193.921052631579,194.5368852459016,194.8947368421052,195.1666666666667,195.34375,195.1346153846154,194.2763157894737,196.775
192.5681818181818,192.3750000000001,194.2894736842105,194.8975409836065,195.2105263157894,195.5,195.6354166666667,195.4423076923077,194.6447368421053,197.075
192.75,192.6527777777778,194.6578947368421,195.2581967213114,195.5263157894736,195.8333333333334,195.9270833333333,195.75,195.0131578947368,197.375
192.9318181818182,192.9305555555556,194.875,195.6188524590163,195.8421052631579,196.1666666666667,196.21875,196.0576923076923,195.3815789473684,197.675
193.1136363636364,193.2083333333334,195.0416666666667,195.9795081967212,196.1578947368421,196.5000000000001,196.5104166666667,196.3653846153846,195.75,197.9310344827586
193.2954545454546,193.4861111111112,195.2083333333334,196.3124999999999,196.4736842105262,196.8333333333333,196.8020833333333,196.6730769230769,195.9404761904762,198.1724137931035
193.4772727272727,193.7638888888889,195.375,196.5624999999999,196.7894736842105,197.1666666666667,197.09375,196.9807692307692,196.1309523809524,198.4137931034483
193.6590909090909,194.0416666666667,195.5416666666667,196.8124999999999,197.1052631578947,197.5,197.3854166666667,197.2884615384615,196.3214285714286,198.6551724137931
193.8409090909091,194.3222222222223,195.7083333333334,197.0624999999999,197.4210526315789,197.8333333333334,197.6770833333333,197.5961538461538,196.5119047619048,198.896551724138
194.0227272727273,194.6111111111111,195.875,197.3124999999999,197.7368421052631,198.1666666666667,198.03125,198.0227272727273,196.702380952381,199.1379310344828
194.2045454545455,194.9,196.0416666666667,197.5624999999999,198.0526315789473,198.5,198.40625,198.5681818181818,196.8928571428571,199.3793103448276
194.5,195.188888888889,196.2083333333334,197.8124999999999,198.3684210526315,198.8333333333334,198.78125,199.1136363636363,197.0833333333333,199.6206896551725
194.8333333333333,195.4777777777778,196.5416666666667,198.0624999999999,198.6842105263157,199.1666666666667,199.15625,199.6590909090909,197.2738095238095,199.8620689655173
195.1666666666667,195.7666666666667,196.9305555555556,198.3124999999999,198.9999999999999,199.5,199.53125,200.2045454545454,197.4642857142857,200.1034482758621
195.5,196.0555555555556,197.3194444444445,198.5624999999999,199.3023255813953,199.8333333333333,199.90625,200.75,197.6547619047619,200.3448275862069
195.8333333333334,196.3444444444445,197.7083333333334,198.8124999999999,199.6046511627906,200.1666666666667,200.28125,200.95,197.875,200.5862068965517
196.1666666666667,196.6333333333334,198.0972222222223,199.0624999999999,199.906976744186,200.5,200.65625,201.15,198.125,200.8275862068966
196.5,196.9222222222223,198.4861111111111,199.3124999999999,200.2093023255813,200.8333333333334,201.03125,201.35,198.375,201.0689655172414
196.8333333333334,197.2111111111112,198.875,199.5624999999999,200.5116279069767,201.1666666666667,201.40625,201.55,198.625,201.3103448275862
197.1666666666667,197.5000000000001,199.2638888888889,199.8636363636363,200.8139534883721,201.5,201.78125,201.75,198.875,201.551724137931
197.5,197.7888888888889,199.6527777777778,200.3181818181817,201.1162790697674,201.8333333333334,202.15625,201.95,199.125,201.7931034482759
197.8333333333333,198.0777777777778,199.99,200.7727272727272,201.4186046511628,202.1666666666667,202.4705882352941,202.15,199.375,202.0344827586207
198.1666666666667,198.3666666666667,200.31,201.2272727272726,201.7209302325581,202.5,202.764705882353,202.4,199.625,202.2758620689655
198.4285714285714,198.6555555555556,200.6300000000001,201.6818181818181,202.0232558139535,202.8333333333334,203.0588235294118,202.7,199.9078947368421,202.5172413793103
198.6666666666667,198.9444444444445,200.95,202.1363636363635,202.3265306122449,203.1666666666667,203.3529411764706,203,200.2236842105263,202.7586206896552
198.904761904762,199.2333333333333,201.27,202.5416666666666,202.6326530612245,203.375,203.6470588235294,203.3,200.5394736842105,203
199.1428571428572,199.5222222222222,201.59,202.9305555555555,202.9387755102041,203.5416666666667,203.9411764705882,203.6,200.8552631578947,203.2413793103449
199.3809523809524,199.8111111111111,201.91,203.3194444444443,203.2448979591836,203.7083333333334,204.2352941176471,203.9,201.171052631579,203.4827586206897
199.6190476190476,200.1000000000001,202.23,203.7083333333332,203.5510204081633,203.875,204.5294117647059,204.2,201.4868421052632,203.7241379310345
199.8571428571429,200.3888888888889,202.55,204.0972222222221,203.8571428571428,204.0416666666667,204.7777777777778,204.5,201.8026315789474,203.9655172413793
200.0952380952381,200.6777777777778,202.87,204.486111111111,204.1632653061224,204.2083333333334,204.8888888888889,204.8,202.1184210526316,204.2068965517242
200.3333333333333,200.9782608695652,203.19,204.8749999999999,204.469387755102,204.5961538461539,205,205.1,202.4342105263158,204.448275862069
200.5714285714286,201.2826086956522,203.51,205.2638888888888,204.7755102040816,205.0576923076923,205.1111111111111,205.4051724137931,202.75,204.6896551724138
200.8194444444445,201.5869565217392,203.8333333333334,205.6527777777777,205.0816326530612,205.5192307692308,205.2222222222222,205.7155172413793,203.0657894736842,205.0178571428572
201.0972222222223,201.8913043478261,204.1666666666667,205.9374999999999,205.3877551020408,205.9807692307693,205.625,206.0258620689655,203.3815789473684,205.375
201.375,202.1956521739131,204.5,206.1874999999999,205.6938775510204,206.4423076923077,206.125,206.3362068965517,203.6973684210527,205.7321428571429
201.6527777777778,202.5,204.8333333333334,206.4374999999999,205.9999999999999,206.9038461538462,206.625,206.6465517241379,204.0131578947368,206.0892857142857
201.9305555555556,202.804347826087,205.1666666666667,206.6874999999999,206.3043478260869,207.3026315789474,206.9375,206.9568965517241,204.328947368421,206.4464285714286
202.2083333333334,203.1086956521739,205.5,206.9374999999999,206.6086956521739,207.5131578947369,207.1875,207.2672413793103,204.6447368421053,206.8035714285714
202.4861111111111,203.4130434782609,205.8275862068966,207.1874999999999,206.9130434782608,207.7236842105264,207.4375,207.5775862068966,204.9605263157895,207.1607142857143
202.7638888888889,203.7173913043479,206.1379310344828,207.4374999999999,207.2173913043478,207.9342105263158,207.6875,207.8879310344827,205.2763157894737,207.3571428571429
203.0416666666667,204.0217391304348,206.448275862069,207.6874999999999,207.5217391304347,208.1447368421053,207.9375,208.198275862069,205.5921052631579,207.5
203.2678571428572,204.3260869565218,206.7586206896552,207.9374999999999,207.8260869565217,208.3552631578947,208.1875,208.5086206896552,205.875,207.6428571428572
203.3392857142858,204.6304347826087,207.0689655172414,208.1874999999999,208.1304347826086,208.5657894736842,208.4375,208.8189655172414,206.125,207.7857142857143
203.4107142857143,204.9347826086957,207.3793103448276,208.4374999999999,208.4347826086956,208.7763157894737,208.6875,209.1293103448276,206.375,207.9285714285714
203.4821428571429,205.2391304347826,207.6896551724138,208.6874999999999,208.7391304347826,208.9868421052632,209,209.4396551724138,206.625,208.0714285714286
203.5535714285714,205.5434782608696,208,209.0312499999999,209.0434782608695,209.1973684210527,209.3333333333333,209.75,206.875,208.2142857142858
203.625,205.8478260869566,208.3103448275862,209.4062499999999,209.3478260869565,209.5125,209.6666666666667,209.9948979591836,207.125,208.5
203.6964285714286,206.1521739130435,208.6206896551724,209.7812499999999,209.6521739130434,209.8625,210,210.2397959183673,207.34375,208.8333333333334
203.8333333333334,206.4565217391305,208.9310344827586,210.1562499999999,209.9565217391304,210.2125,210.3333333333333,210.484693877551,207.53125,209.1666666666667
204.1666666666667,206.7608695652174,209.2413793103449,210.5312499999999,210.2608695652173,210.5625000000001,210.6666666666667,210.7295918367347,207.71875,209.5
204.5,207.0652173913044,209.5517241379311,210.9062499999999,210.5652173913043,210.9125,210.9214285714286,210.9744897959184,207.90625,209.8333333333334
204.8333333333334,207.3695652173913,209.8620689655173,211.2812499999999,210.8695652173913,211.2625,211.15,211.219387755102,208.09375,210.1666666666667
205.1666666666667,207.6739130434783,210.1724137931035,211.6562499999999,211.1739130434783,211.6125,211.3785714285714,211.4642857142857,208.28125,210.5
205.5,207.9078947368421,210.45,211.8333333333332,211.4827586206896,211.9625,211.6071428571428,211.7091836734694,208.46875,210.8333333333334
205.8035714285715,208.1184210526316,210.7166666666667,211.9444444444443,211.7931034482758,212.3125,211.8357142857142,211.9540816326531,208.65625,211.1666666666667
206.0178571428572,208.3289473684211,210.9833333333333,212.0555555555555,212.103448275862,212.6625000000001,212.0642857142857,212.1989795918367,209,211.296875
206.2321428571429,208.5394736842105,211.25,212.1666666666665,212.4137931034483,212.9456521739131,212.2928571428571,212.4438775510204,209.5,211.359375
206.4464285714286,208.75,211.5166666666667,212.3189655172413,212.7241379310344,213.2065217391305,212.5214285714285,212.6887755102041,210,211.4218750000001
206.6607142857143,208.9605263157895,211.7833333333334,212.5948275862068,213.0344827586207,213.4673913043479,212.7499999999999,212.9336734693877,210.5,211.484375
206.875,209.171052631579,212.05,212.8706896551723,213.3448275862069,213.7282608695652,213.0462962962962,213.1785714285714,211,211.546875
207.0892857142858,209.3815789473684,212.3166666666667,213.1465517241378,213.6551724137931,213.9891304347826,213.3425925925925,213.4234693877551,211.375,211.609375
207.3214285714286,209.5921052631579,212.5833333333334,213.4224137931033,213.9655172413793,214.25,213.6388888888889,213.6683673469387,211.625,211.671875
207.6071428571429,209.8145161290323,212.85,213.6982758620688,214.2758620689655,214.5108695652174,213.9351851851852,213.9132653061224,211.875,211.734375
207.8928571428572,210.0725806451613,213.1166666666667,213.9741379310344,214.5862068965517,214.7717391304348,214.2314814814815,214.1581632653061,212.125,212.0125
208.1785714285714,210.3306451612904,213.3833333333334,214.2499999999999,214.8965517241379,215.0326086956522,214.5277777777778,214.4030612244898,212.3,212.3625
208.3382352941177,210.5887096774194,213.65,214.5258620689654,215.2068965517241,215.2934782608696,214.90625,214.6479591836734,212.4,212.7125
208.4558823529412,210.8467741935484,213.9166666666667,214.8017241379309,215.5172413793103,215.554347826087,215.53125,214.8928571428571,212.5,213.0625000000001
208.5735294117648,211.1048387096774,214.1833333333334,215.0775862068965,215.8275862068965,215.8333333333334,216.15625,215.1377551020408,212.6,213.4125
208.6911764705883,211.3629032258065,214.4886363636364,215.353448275862,216.1379310344827,216.1666666666667,216.78125,215.3826530612245,212.7,213.7625
208.8088235294118,211.6209677419355,214.8068181818182,215.6293103448275,216.4482758620689,216.5,217.3014705882353,215.6275510204081,212.8,214.1125
208.9264705882353,211.8790322580645,215.125,215.905172413793,216.7586206896551,216.8333333333334,217.5073529411765,215.84375,212.9,214.4625
209.0441176470588,212.1370967741936,215.4431818181819,216.1810344827585,217.0689655172413,217.1666666666667,217.7132352941177,216.03125,213,214.8125
209.1617647058824,212.3951612903226,215.7613636363637,216.4473684210525,217.3793103448275,217.5,217.9191176470588,216.2187499999999,213.1,215.1625000000001
209.3653846153846,212.6532258064516,216.0795454545455,216.7105263157894,217.6896551724138,217.8333333333334,218.125,216.40625,213.2,215.2916666666667
209.8269230769231,212.9112903225807,216.3977272727273,216.9736842105262,217.9999999999999,218.1666666666667,218.3308823529412,216.59375,213.4642857142857,215.3472222222223
210.2884615384616,213.1693548387097,216.7159090909091,217.236842105263,218.235294117647,218.4264705882353,218.5367647058824,216.7812499999999,213.8928571428571,215.4027777777778
210.75,213.4274193548387,217.0340909090909,217.4999999999999,218.4705882352941,218.6617647058824,218.7426470588235,216.96875,214.3214285714286,215.4583333333333
211.2115384615385,213.6854838709678,217.3522727272727,217.7631578947367,218.7058823529411,218.8970588235294,218.9485294117647,217.15625,214.75,215.5138888888889
211.673076923077,213.9485294117648,217.6704545454546,218.0263157894736,218.9411764705882,219.1323529411765,219.1544117647059,217.3815789473684,215.1071428571429,215.5694444444445
212.1346153846154,214.2132352941177,217.8928571428572,218.2894736842104,219.1764705882352,219.3676470588235,219.3602941176471,217.6447368421052,215.4642857142857,215.625
212.3928571428572,214.4779411764706,218.0833333333334,218.5526315789473,219.4117647058823,219.6029411764706,219.5661764705882,217.9078947368421,215.8214285714286,215.6805555555556
212.5833333333334,214.7426470588236,218.2738095238095,218.8076923076922,219.6470588235294,219.8382352941177,219.7720588235294,218.1710526315789,216.1785714285714,215.7361111111111
212.7738095238095,215.0073529411765,218.4642857142857,219.0384615384614,219.8823529411764,220.0735294117648,219.9779411764706,218.4342105263158,216.5357142857143,216.05
212.9642857142857,215.2720588235294,218.6547619047619,219.2692307692307,220.1176470588235,220.3333333333334,220.1838235294118,218.6973684210526,216.8928571428571,216.45
213.154761904762,215.5367647058824,218.8452380952381,219.4999999999999,220.3529411764706,220.6666666666667,220.3897058823529,218.9605263157894,217.25,216.85
213.3452380952381,215.8014705882354,219.0357142857143,219.7307692307691,220.5882352941176,221,220.5955882352941,219.2236842105263,217.375,217.25
213.5357142857143,216.0661764705883,219.2261904761905,219.9615384615383,220.8235294117646,221.3333333333333,220.824074074074,219.4868421052631,217.5,217.65
213.7261904761905,216.3308823529412,219.4166666666667,220.1923076923076,221.0588235294117,221.6666666666667,221.1203703703704,219.75,217.625,217.84375
213.9166666666667,216.5955882352941,219.6071428571429,220.4999999999999,221.2941176470588,222,221.4166666666666,220.0227272727273,217.75,217.96875
214.1071428571429,216.8602941176471,219.8166666666667,220.8333333333332,221.5294117647058,222.3333333333334,221.7129629629629,220.2954545454545,217.875,218.0937500000001
214.2870370370371,217.125,220.0833333333334,221.1666666666665,221.7647058823529,222.6666666666667,222.0092592592592,220.5681818181818,218,218.21875
214.4351851851852,217.389705882353,220.35,221.517857142857,221.9999999999999,223,222.3055555555555,220.8409090909091,218.125,218.3437500000001
214.5833333333334,217.6544117647059,220.6166666666667,221.8749999999999,222.2727272727272,223.3333333333333,222.6018518518518,221.1136363636363,218.25,218.46875
214.7314814814815,217.9191176470589,220.8833333333334,222.2321428571427,222.5454545454545,223.6666666666667,222.8699999999999,221.3863636363636,218.375,218.59375
214.8796296296296,218.1838235294118,221.15,222.5892857142856,222.8181818181818,224,223.11,221.6590909090909,218.5,218.71875
215.0277777777778,218.4146341463415,221.4166666666667,222.9464285714285,223.090909090909,224.3,223.3499999999999,221.9318181818181,218.625,218.9375
215.175925925926,218.6341463414635,221.6833333333334,223.3035714285713,223.3636363636363,224.5,223.59,222.2045454545454,218.75,219.1875
215.3240740740741,218.8536585365854,222,223.6607142857142,223.6363636363636,224.7,223.83,222.4772727272727,219.1875,219.4375000000001
215.4722222222222,219.0731707317074,222.3333333333333,223.8684210526314,223.9090909090909,224.9,224.07,222.75,219.625,219.6875000000001
215.6203703703704,219.2926829268293,222.6666666666667,224.0263157894736,224.1818181818181,225.1,224.3166666666667,223.1785714285714,220.0625,219.9375
215.7685185185186,219.5121951219513,223,224.1842105263157,224.4545454545454,225.3,224.5833333333333,223.6071428571428,220.5,220.1875
215.9166666666667,219.7317073170732,223.3333333333334,224.3421052631578,224.7272727272727,225.5,224.85,224.0357142857142,220.9375,220.4375
216.0648148148148,219.9512195121951,223.6666666666667,224.4999999999999,224.9999999999999,225.7,225.1166666666667,224.4642857142857,221.375,220.6875
216.212962962963,220.1707317073171,224,224.657894736842,225.2727272727272,225.9,225.3833333333333,224.8928571428571,221.8125,220.9375
216.4545454545455,220.3902439024391,224.3333333333333,224.8157894736841,225.5454545454545,226.1000000000001,225.65,225.3214285714286,222.25,221.1875
216.7272727272727,220.609756097561,224.6666666666667,224.9736842105262,225.8181818181818,226.3020833333334,225.9166666666667,225.75,222.3928571428571,221.4
217,220.829268292683,225,225.1315789473683,226.090909090909,226.5104166666667,226.1833333333333,225.875,222.5357142857143,221.6000000000001
217.2727272727273,221.0487804878049,225.3333333333333,225.3214285714284,226.3636363636363,226.71875,226.3684210526316,226,222.6785714285714,221.8
217.5454545454546,221.2682926829269,225.6666666666667,225.6071428571427,226.6363636363636,226.9270833333333,226.5263157894737,226.1249999999999,222.8214285714286,222
217.8181818181818,221.4878048780488,225.8571428571429,225.8928571428571,226.9090909090908,227.1354166666667,226.6842105263158,226.25,222.9642857142857,222.2
218.0909090909091,221.7073170731707,226,226.1785714285713,227.1818181818181,227.3437500000001,226.8421052631579,226.3749999999999,223.1071428571428,222.4
218.3636363636364,221.9268292682927,226.1428571428572,226.4642857142856,227.4545454545454,227.5520833333334,227,226.5,223.25,222.6
218.6363636363637,222.1463414634147,226.2857142857143,226.7499999999999,227.7272727272727,227.7604166666667,227.1578947368421,226.625,223.3928571428571,222.8
218.9090909090909,222.3658536585366,226.4285714285714,227.0357142857142,227.9999999999999,227.96875,227.3157894736842,226.75,223.5357142857143,223
219.1818181818182,222.5853658536586,226.5714285714286,227.3124999999999,228.1499999999999,228.1770833333334,227.4736842105263,227.1785714285714,223.6785714285714,223.2
219.3035714285715,222.8,226.7142857142857,227.5624999999999,228.3,228.3854166666667,227.6315789473684,227.6071428571428,223.890625,223.4
219.375,223,226.9204545454546,227.8124999999999,228.4499999999999,228.59375,227.8333333333333,228.0357142857143,224.171875,223.6
219.4464285714286,223.2,227.1477272727273,228.0624999999999,228.6,228.8068181818182,228.1666666666667,228.3055555555555,224.453125,223.796511627907
219.5178571428572,223.4,227.375,228.3124999999999,228.7499999999999,229.0340909090909,228.5,228.4166666666666,224.734375,223.9825581395349
219.5892857142857,223.6,227.6022727272727,228.5624999999999,228.8999999999999,229.2613636363637,228.8333333333333,228.5277777777778,225.015625,224.1686046511628
219.6607142857143,223.8,227.8295454545454,228.8124999999999,229.05,229.4886363636364,229.1666666666667,228.6388888888889,225.296875,224.3546511627907
219.7321428571429,224,228.0568181818182,229.0624999999999,229.1999999999999,229.7159090909091,229.4264705882353,228.75,225.578125,224.5406976744186
219.984375,224.2,228.2840909090909,229.2874999999999,229.35,229.9431818181818,229.6617647058823,229.03125,225.859375,224.7267441860465
220.296875,224.4,228.5113636363636,229.4374999999999,229.4999999999999,230.1704545454546,229.8970588235294,229.3125,226.140625,224.9127906976744
220.6093750000001,224.6,228.7386363636364,229.5874999999999,229.6499999999999,230.3977272727273,230.1323529411764,229.59375,226.421875,225.0988372093024
220.921875,224.8,228.9659090909091,229.7374999999999,229.8,230.625,230.4605263157894,229.875,226.703125,225.2848837209303
221.2343750000001,225.0000000000001,229.1931818181818,229.8874999999999,229.9499999999999,230.8522727272727,230.8815789473684,230.1562499999999,226.984375,225.4709302325581
221.546875,225.2,229.375,230.0374999999999,230.1,231.0795454545455,231.3026315789473,230.4374999999999,227.265625,225.6569767441861
221.859375,225.4,229.5416666666667,230.1874999999999,230.2499999999999,231.2850877192982,231.7236842105263,230.7187499999999,227.546875,225.843023255814
222.171875,225.6,229.7083333333333,230.3374999999999,230.3999999999999,231.4254385964913,232.1447368421053,231,227.828125,226.0290697674419
222.375,225.8,229.875,230.4874999999999,230.5499999999999,231.5657894736842,232.2875,231.2812499999999,228.109375,226.2151162790698
222.5416666666667,226,230.0416666666667,230.6374999999999,230.6999999999999,231.7061403508772,232.3375,231.5624999999999,228.3552631578947,226.4011627906977
222.7083333333334,226.2,230.2083333333333,230.7890624999999,230.8499999999999,231.8464912280702,232.3875,231.8437499999999,228.5657894736842,226.5872093023256
222.875,226.3720930232558,230.375,230.9453124999999,230.9999999999999,231.9868421052632,232.4375,232.125,228.7763157894737,226.7732558139535
223.0416666666667,226.5348837209303,230.5416666666667,231.1015624999999,231.1739130434782,232.1271929824561,232.4875,232.40625,228.9868421052631,226.9593023255814
223.2083333333334,226.6976744186047,230.7083333333333,231.2578124999999,231.3478260869565,232.2675438596491,232.5375,232.6875,229.1973684210526,227.1453488372093
223.375,226.8604651162791,230.8571428571429,231.4140624999999,231.5217391304347,232.4078947368421,232.5875,232.96875,229.4078947368421,227.3313953488372
223.5416666666667,227.0232558139535,231,231.5703124999999,231.695652173913,232.5482456140351,232.6375,233.25,229.6184210526316,227.5174418604651
223.7083333333334,227.1860465116279,231.1428571428572,231.7265624999999,231.8695652173913,232.6885964912281,232.6875,233.5166666666667,229.828947368421,227.7034883720931
223.8513513513514,227.3488372093024,231.2857142857143,231.8828124999999,232.0434782608695,232.828947368421,232.7375,233.7833333333333,230.0394736842105,227.8709677419355
223.9864864864865,227.5116279069767,231.4285714285714,232.0390624999999,232.2173913043478,232.969298245614,232.8534482758621,234.05,230.25,228.0322580645162
224.1216216216216,227.6744186046512,231.5714285714286,232.1953124999999,232.391304347826,233.109649122807,232.9913793103448,234.3166666666667,230.5,228.1935483870968
224.2567567567568,227.8372093023256,231.7142857142857,232.3515624999999,232.5652173913043,233.25,233.1293103448276,234.5833333333333,230.75,228.3548387096774
224.3918918918919,228,231.8571428571429,232.5078124999999,232.7391304347826,233.3382352941176,233.2672413793103,234.85,230.9999999999999,228.5161290322581
224.5270270270271,228.1627906976744,232,232.6640624999999,232.9130434782608,233.4264705882353,233.4051724137931,235.1166666666666,231.25,228.6774193548387
224.6621621621622,228.3255813953489,232.1428571428572,232.8203124999999,233.0869565217391,233.5147058823529,233.5431034482759,235.3269230769231,231.4999999999999,228.8387096774194
224.7972972972973,228.4883720930233,232.3,232.9765624999999,233.2608695652173,233.6029411764706,233.6810344827586,235.4807692307692,231.75,229
224.9324324324324,228.6511627906977,232.5,233.1328124999999,233.4347826086956,233.6911764705882,233.8189655172414,235.6346153846154,232,229.1612903225807
225.0675675675676,228.8139534883721,232.7,233.3181818181817,233.6086956521739,233.7794117647058,233.9568965517241,235.7884615384615,232.25,229.3225806451613
225.2027027027027,228.9767441860465,232.9,233.590909090909,233.7826086956521,233.8676470588235,234.0948275862069,235.9423076923077,232.3928571428571,229.483870967742
225.3378378378379,229.139534883721,233.1,233.8636363636363,233.9565217391304,233.9558823529412,234.2327586206897,236.0961538461538,232.5357142857142,229.6451612903226
225.472972972973,229.3023255813954,233.3076923076923,234.1363636363635,234.1304347826087,234.0441176470588,234.3706896551724,236.25,232.6785714285714,229.8064516129033
225.6081081081081,229.4651162790698,233.5384615384615,234.4090909090908,234.3043478260869,234.1323529411764,234.5086206896551,236.340909090909,232.8214285714286,229.9677419354839
225.7432432432433,229.6279069767442,233.7692307692308,234.6818181818181,234.4782608695652,234.2205882352941,234.6465517241379,236.4318181818181,232.9642857142857,230.1290322580645
225.8783783783784,229.7777777777778,234,234.9545454545454,234.6521739130434,234.3088235294117,234.7794117647059,236.5227272727272,233.1071428571428,230.3125
226.0135135135135,229.8888888888889,234.2307692307692,235.2272727272726,234.8260869565217,234.3970588235294,234.8970588235294,236.6136363636363,233.25,230.5625
226.1486486486487,230,234.4615384615385,235.4999999999999,234.9999999999999,234.485294117647,235.0147058823529,236.7045454545454,233.3928571428571,230.8125000000001
226.3020833333333,230.1111111111111,234.6923076923077,235.7727272727271,235.0322580645161,234.5735294117647,235.1323529411765,236.9038461538461,233.5357142857143,231.0625000000001
226.5104166666667,230.2222222222222,234.8942307692308,236.0454545454544,235.0645161290322,234.6617647058823,235.25,237.2115384615384,233.6785714285714,231.3125
226.71875,230.3333333333334,235.0865384615385,236.2685185185184,235.0967741935484,234.75,235.3676470588235,237.5192307692307,233.8257575757576,231.5625000000001
226.9270833333333,230.4444444444445,235.2788461538462,236.3425925925925,235.1290322580645,234.7807692307692,235.485294117647,237.826923076923,233.9772727272727,231.8125
227.1354166666667,230.5555555555556,235.4711538461538,236.4166666666666,235.1612903225806,234.8115384615384,235.6029411764706,238.1346153846154,234.1287878787879,232.0625
227.34375,230.6666666666667,235.6634615384615,236.4907407407406,235.1935483870967,234.8423076923077,235.7205882352941,238.4423076923077,234.280303030303,232.2727272727273
227.5520833333333,230.7777777777778,235.8557692307692,236.5648148148147,235.2258064516129,234.8730769230769,235.8382352941176,238.75,234.4318181818182,232.3636363636364
227.7604166666667,230.8888888888889,236.0480769230769,236.6388888888888,235.258064516129,234.9038461538461,235.9558823529411,238.8166666666667,234.5833333333333,232.4545454545455
227.96875,231.0000000000001,236.2403846153846,236.7129629629628,235.2903225806451,234.9346153846154,236.0735294117647,238.8833333333333,234.7348484848485,232.5454545454546
228.1770833333333,231.1111111111111,236.4326923076923,236.7870370370369,235.3225806451613,234.9653846153846,236.1911764705882,238.95,234.8863636363636,232.6363636363637
228.3854166666667,231.2222222222223,236.625,236.861111111111,235.3548387096774,234.9961538461538,236.3189655172413,239.0166666666667,235.0378787878788,232.7272727272727
228.59375,231.3333333333333,236.8173076923077,236.935185185185,235.3870967741935,235.0269230769231,236.4568965517241,239.0833333333333,235.1893939393939,232.8181818181819
228.780303030303,231.4444444444445,237.0096153846154,237.0092592592592,235.4193548387097,235.0576923076923,236.5948275862069,239.15,235.3409090909091,232.9090909090909
228.9015151515151,231.5555555555556,237.2019230769231,237.0833333333332,235.4516129032258,235.0884615384616,236.7327586206896,239.2166666666666,235.4924242424242,233
229.0227272727273,231.6666666666667,237.3152173913043,237.1574074074073,235.483870967742,235.1192307692308,236.8706896551724,239.3055555555555,235.6439393939394,233.0909090909091
229.1439393939394,231.7954545454546,237.4021739130435,237.2314814814814,235.5161290322581,235.15,237.0086206896552,239.4166666666667,235.7954545454546,233.1818181818182
229.2651515151515,231.9772727272727,237.4891304347826,237.3076923076922,235.5483870967742,235.1807692307693,237.1465517241379,239.5277777777778,235.9469696969697,233.3
229.3863636363636,232.1590909090909,237.5760869565217,237.3846153846153,235.5806451612903,235.2115384615385,237.29,239.6388888888889,236.0984848484849,233.5
229.5075757575758,232.3409090909091,237.6630434782609,237.4615384615383,235.6129032258065,235.2423076923077,237.45,239.75,236.25,233.7
229.6287878787879,232.5227272727273,237.75,237.5384615384614,235.6451612903226,235.3349056603774,237.61,239.99,236.4633333333334,233.9
229.75,232.7045454545454,237.75,237.6153846153845,235.6774193548387,235.4481132075472,237.77,240.23,236.6766666666667,234.1
229.8712121212121,232.8863636363636,237.75,237.6923076923076,235.7096774193549,235.561320754717,237.93,240.47,236.89,234.3
229.9924242424242,233.0681818181818,237.75,237.7692307692307,235.741935483871,235.6745283018868,238.09,240.71,237.1033333333334,234.5
230.1136363636364,233.25,237.7916666666667,237.8461538461537,235.825,235.7877358490566,238.25,240.95,237.3166666666667,234.7
230.2348484848485,233.4318181818182,237.9583333333334,237.9230769230768,235.925,235.9009433962264,238.41,241.19,237.53,234.9
230.3560606060606,233.6136363636363,238.1250000000001,237.9999999999999,236.025,236.0141509433962,238.57,241.375,237.7433333333333,235.1
230.4772727272727,233.7954545454545,238.2708333333334,238.076923076923,236.125,236.1273584905661,238.73,241.5416666666667,237.9566666666667,235.3
230.5984848484848,233.9772727272727,238.3541666666667,238.153846153846,236.225,236.2405660377358,238.89,241.7083333333333,238.17,235.4999999999999
230.719696969697,234.1590909090909,238.4375,238.2307692307691,236.325,236.3537735849056,239.05,241.875,238.3833333333333,235.7
230.9166666666667,234.3409090909091,238.5208333333334,238.3076923076922,236.425,236.4669811320755,239.21,242.0416666666666,238.5966666666667,235.9
231.1388888888889,234.5227272727272,238.6041666666667,238.3846153846153,236.525,236.5801886792453,239.3161764705882,242.2083333333333,238.81,236.1
231.3611111111111,234.7045454545454,238.6875,238.4615384615383,236.6250000000001,236.693396226415,239.4044117647059,242.375,239.0233333333333,236.2807017543859
231.5833333333333,234.8333333333333,238.796875,238.5384615384614,236.725,236.8369565217391,239.4926470588235,242.5416666666666,239.2366666666667,236.4035087719298
231.8055555555555,234.9444444444444,238.984375,238.6153846153845,236.825,237.0108695652174,239.5808823529412,242.7083333333333,239.45,236.5263157894736
232.0277777777778,235.0555555555555,239.1718750000001,238.6923076923076,236.925,237.1847826086956,239.6691176470588,242.85,239.6633333333333,236.6491228070175
232.25,235.1666666666666,239.3593750000001,238.7692307692307,237.025,237.3586956521739,239.7573529411765,242.9833333333333,239.8766666666667,236.7719298245614
232.4722222222222,235.2777777777777,239.5468750000001,238.8461538461538,237.125,237.5326086956522,239.8455882352941,243.1166666666666,240.09,236.8947368421052
232.6944444444445,235.3888888888889,239.7343750000001,238.9230769230768,237.225,237.7065217391304,239.9338235294118,243.25,240.277027027027,237.017543859649
232.8522727272727,235.4999999999999,239.9218750000001,238.9999999999999,237.3275862068966,237.84,240.0220588235294,243.3833333333333,240.3851351351352,237.1403508771929
232.9886363636364,235.6111111111111,240.109375,239.076923076923,237.4310344827587,237.96,240.110294117647,243.5166666666667,240.4932432432432,237.2631578947368
233.125,235.7222222222222,240.264705882353,239.1538461538461,237.5344827586207,238.08,240.1985294117647,243.65,240.6013513513514,237.3859649122807
233.2613636363636,235.8333333333333,240.3235294117648,239.2307692307691,237.6379310344828,238.2,240.2867647058823,243.75,240.7094594594595,237.5087719298245
233.3977272727273,235.9444444444444,240.3823529411765,239.3157894736841,237.7413793103449,238.32,240.375,243.75,240.8175675675676,237.6315789473684
233.5340909090909,236.0555555555555,240.4411764705883,239.4035087719298,237.8448275862069,238.44,240.4632352941176,243.75,240.9256756756757,237.7543859649122
233.6704545454546,236.1666666666666,240.5,239.4912280701754,237.948275862069,238.56,240.5514705882353,243.75,241.0337837837838,237.8771929824561
233.8068181818182,236.2777777777777,240.5588235294118,239.578947368421,238.0517241379311,238.68,240.6397058823529,243.75,241.1418918918919,237.9999999999999
233.9431818181818,236.3888888888889,240.6176470588235,239.6666666666666,238.1551724137931,238.8,240.7279411764706,243.75,241.25,238.1228070175438
234.0795454545455,236.4999999999999,240.6764705882353,239.7543859649122,238.2586206896552,238.92,240.75,243.75,241.3581081081081,238.2456140350877
234.2159090909091,236.6111111111111,240.7352941176471,239.8421052631578,238.3620689655173,239.04,240.75,243.8684210526316,241.4662162162162,238.3684210526315
234.3333333333333,236.7222222222222,240.7840909090909,239.9298245614034,238.4655172413794,239.16,240.75,244.0263157894737,241.5743243243243,238.4912280701754
234.4444444444445,236.8112244897958,240.8295454545455,240.017543859649,238.5689655172414,239.25,240.75,244.1842105263158,241.6824324324324,238.6140350877193
234.5555555555556,236.8928571428571,240.875,240.1052631578947,238.6724137931035,239.25,240.75,244.3421052631579,241.7905405405405,238.7368421052631
234.6666666666667,236.9744897959183,240.9204545454546,240.1929824561403,238.7708333333334,239.25,240.75,244.5,241.8986486486486,238.859649122807
234.7777777777778,237.0561224489795,240.9659090909091,240.2807017543859,238.8541666666667,239.25,240.890625,244.6578947368421,242.0067567567568,238.9824561403508
234.8888888888889,237.1377551020408,241.0113636363637,240.3684210526315,238.9375,239.25,241.078125,244.8157894736842,242.1148648648649,239.1052631578947
235,237.219387755102,241.0568181818182,240.4561403508771,239.0208333333334,239.2083333333333,241.265625,244.9736842105263,242.222972972973,239.2280701754385
235.1111111111111,237.3010204081632,241.1022727272727,240.5438596491227,239.1041666666667,239.0416666666667,241.453125,245.1315789473684,242.3352272727273,239.3508771929824
235.2222222222222,237.3826530612245,241.1477272727273,240.6315789473683,239.1875,238.875,241.640625,245.2878787878788,242.4488636363636,239.4736842105263
235.3333333333333,237.4642857142857,241.1931818181819,240.719298245614,239.2708333333334,238.7083333333333,241.828125,245.4393939393939,242.5625,239.5964912280701
235.4444444444445,237.5459183673469,241.2386363636364,240.8070175438596,239.3541666666667,238.5416666666667,242.015625,245.5909090909091,242.6761363636363,239.719298245614
235.5555555555556,237.6275510204081,241.325,240.8947368421052,239.4375,238.375,242.203125,245.7424242424242,242.7897727272727,239.796875
235.6666666666667,237.7091836734693,241.425,240.9824561403508,239.5208333333334,238.2222222222222,242.3333333333333,245.8939393939394,242.9034090909091,239.8593749999999
235.7788461538461,237.7908163265305,241.525,241.0701754385964,239.6041666666667,238.1111111111111,242.4444444444444,246.0454545454546,243.0170454545455,239.9218749999999
235.8942307692308,237.8724489795918,241.6250000000001,241.157894736842,239.6875000000001,238,242.5555555555555,246.1969696969697,243.1306818181818,239.9843749999999
236.0096153846154,237.954081632653,241.7250000000001,241.2456140350876,239.7708333333334,237.8888888888889,242.6666666666666,246.3484848484849,243.2443181818182,240.0468749999999
236.125,238.0357142857142,241.825,241.3333333333332,239.8541666666667,237.7777777777778,242.7777777777777,246.5,243.3579545454546,240.1093749999999
236.2403846153846,238.1173469387755,241.9250000000001,241.4210526315788,239.9375,237.9107142857143,242.8888888888889,246.6515151515152,243.4715909090909,240.1718749999999
236.3557692307692,238.1989795918367,242.025,241.5087719298245,240.0208333333334,238.125,243,246.8030303030303,243.5852272727273,240.2343749999999
236.4711538461538,238.2806122448979,242.125,241.5964912280701,240.1041666666667,238.3392857142857,243.1111111111111,246.9545454545455,243.6988636363636,240.2968749999999
236.5865384615385,238.3622448979591,242.225,241.6842105263157,240.1875,238.5535714285714,243.2222222222222,247.1060606060606,243.8125,240.3593749999999
236.7019230769231,238.4438775510204,242.325,241.7717391304347,240.2714285714286,238.7678571428572,243.3333333333333,247.2575757575758,243.9261363636364,240.4218749999999
236.8173076923077,238.5255102040816,242.425,241.8586956521739,240.3571428571429,238.9821428571429,243.4444444444444,247.4090909090909,244.0397727272727,240.4843749999999
236.9326923076923,238.6071428571428,242.525,241.9456521739129,240.4428571428572,239.1964285714286,243.5555555555555,247.5606060606061,244.1534090909091,240.5468749999999
237.0480769230769,238.688775510204,242.6250000000001,242.0326086956521,240.5285714285714,239.5,243.6666666666667,247.7121212121212,244.2670454545455,240.6093749999999
237.1634615384615,238.7734374999999,242.725,242.1195652173912,240.6142857142857,239.8333333333334,243.7564102564102,247.7822580645162,244.3806818181818,240.6718749999999
237.2659574468085,238.8671874999999,242.8392857142858,242.2065217391304,240.7,240.1666666666667,243.7820512820512,247.8252688172043,244.4943181818182,240.734375
237.3297872340426,238.9609374999999,242.9583333333334,242.2934782608695,240.7857142857143,240.5,243.8076923076923,247.8682795698925,244.6079545454545,240.7968749999999
237.3936170212766,239.0546874999999,243.077380952381,242.3804347826086,240.8714285714286,240.8333333333333,243.8333333333333,247.9112903225806,244.7215909090909,240.8593749999999
237.4574468085106,239.1484374999999,243.1964285714286,242.4673913043478,240.9571428571429,241.1666666666667,243.8589743589743,247.9543010752688,244.7734375,240.9218749999999
237.5212765957447,239.2421874999999,243.3154761904762,242.5543478260869,241.0428571428572,241.5,243.8846153846154,247.997311827957,244.8046875,240.9843749999999
237.5851063829787,239.3359374999999,243.4345238095239,242.641304347826,241.1285714285714,241.8583333333333,243.9102564102564,248.0403225806452,244.8359375,241.0468749999999
237.6489361702128,239.4296874999999,243.5535714285714,242.7282608695651,241.2142857142857,242.2916666666667,243.9358974358974,248.0833333333333,244.8671875,241.1093749999999
237.7127659574468,239.5234374999999,243.6726190476191,242.8152173913043,241.3,242.725,243.9615384615384,248.1263440860215,244.8984375,241.1718749999999
237.7765957446809,239.6171874999999,243.7916666666667,242.9021739130434,241.3857142857143,243.1583333333333,243.9871794871794,248.1693548387097,244.9296875,241.2343749999999
237.8404255319149,239.7109374999999,243.9107142857143,242.9891304347825,241.4714285714286,243.275,244.0128205128205,248.2123655913978,244.9609375,241.2968749999999
237.9042553191489,239.8046874999999,244.0297619047619,243.0760869565217,241.5571428571429,243.075,244.0384615384615,248.255376344086,244.9921875,241.3593749999999
237.968085106383,239.8984374999999,244.1488095238096,243.1630434782608,241.6428571428572,242.875,244.0641025641025,248.2983870967742,245.0234375,241.4218749999999
238.031914893617,239.9921874999999,244.2678571428572,243.2499999999999,241.7285714285715,242.675,244.0897435897435,248.3413978494623,245.0546875,241.4843749999999
238.0957446808511,240.0859374999999,244.3869047619048,243.3369565217391,241.8461538461539,242.475,244.1153846153846,248.3844086021505,245.0859375,241.5468749999999
238.1595744680851,240.1796874999999,244.5059523809524,243.4239130434782,241.974358974359,242.412037037037,244.1410256410256,248.4274193548387,245.1171875,241.6093749999999
238.2234042553192,240.2635135135135,244.6250000000001,243.5108695652173,242.1025641025641,242.4861111111111,244.1666666666667,248.4704301075269,245.1484375,241.6718749999999
238.2872340425532,240.3175675675675,244.7440476190476,243.5978260869564,242.2307692307693,242.5601851851852,244.1923076923077,248.513440860215,245.1796875,241.7343749999999
238.3510638297873,240.3716216216216,244.8630952380953,243.6847826086956,242.3589743589744,242.6342592592592,244.2179487179487,248.5564516129032,245.2109375,241.7968749999999
238.4148936170213,240.4256756756756,244.9821428571429,243.7735849056603,242.4871794871795,242.7083333333333,244.2435897435897,248.5994623655914,245.2421875,241.8593749999999
238.4787234042553,240.4797297297297,245.1011904761905,243.8679245283018,242.6153846153846,242.7824074074074,244.3152173913043,248.6424731182796,245.3181818181818,241.921875
238.5425531914894,240.5337837837837,245.2202380952381,243.9622641509433,242.7435897435898,242.8564814814815,244.4021739130435,248.6854838709677,245.4090909090909,241.984375
238.6063829787234,240.5878378378378,245.2777777777778,244.0566037735848,242.8717948717949,243.21875,244.4891304347826,248.7284946236559,245.5,242.0468749999999
238.6702127659575,240.6418918918918,245.3148148148148,244.1509433962263,243,243.6770833333333,244.5760869565217,248.7715053763441,245.5909090909091,242.1093749999999
238.7340425531915,240.6959459459459,245.3518518518519,244.2452830188678,243.1282051282051,244.1354166666667,244.6630434782608,248.8145161290323,245.6818181818182,242.1718749999999
238.7173913043478,240.7499999999999,245.3888888888889,244.3396226415094,243.2564102564103,244.25,244.75,248.8575268817204,245.7727272727273,242.2343749999999
238.6739130434783,240.804054054054,245.425925925926,244.4339622641509,243.3846153846154,244.25,244.8369565217391,248.9005376344086,245.8636363636364,242.2991803278688
238.6304347826087,240.8581081081081,245.462962962963,244.5283018867923,243.5128205128206,244.25,244.9239130434782,248.9435483870968,245.9545454545455,242.3647540983606
238.5869565217391,240.9121621621621,245.5,244.6226415094339,243.6410256410257,244.25,245.0108695652174,248.986559139785,246.0454545454546,242.4303278688524
238.5434782608696,240.9662162162162,245.5370370370371,244.7169811320754,243.7692307692308,244.25,245.0978260869565,249.0295698924731,246.1363636363636,242.4959016393442
238.5,241.0202702702703,245.5740740740741,244.8113207547169,243.8974358974359,244.25,245.1847826086956,249.0725806451613,246.2272727272727,242.561475409836
238.4565217391304,241.0743243243243,245.6111111111111,244.9056603773584,244.0256410256411,244.275,245.2717391304348,249.1155913978495,246.3181818181818,242.6270491803278
238.4130434782609,241.1283783783784,245.6481481481482,244.9999999999999,244.1538461538462,244.375,245.3586956521739,249.1586021505377,246.4090909090909,242.6926229508196
238.3695652173913,241.1824324324324,245.6851851851852,245.0943396226414,244.2625,244.475,245.445652173913,249.2016129032258,246.5,242.7581967213114
238.3260869565217,241.2364864864865,245.7222222222223,245.1886792452829,244.3125,244.575,245.5326086956521,249.244623655914,246.5909090909091,242.8237704918032
238.2826086956522,241.297619047619,245.7678571428572,245.2830188679245,244.3625,244.675,245.6195652173913,249.2876344086021,246.6818181818182,242.889344262295
238.265625,241.3611111111111,245.8392857142858,245.3773584905659,244.4125000000001,244.775,245.7065217391304,249.3306451612903,246.7794117647059,242.9549180327868
238.328125,241.4246031746031,245.9107142857143,245.4716981132075,244.4625,244.875,245.7934782608695,249.3736559139785,246.8970588235294,243.0204918032786
238.390625,241.4880952380952,245.9821428571429,245.566037735849,244.5125,244.975,245.8804347826087,249.4166666666667,247.014705882353,243.0860655737704
238.453125,241.5515873015873,246.0535714285714,245.6603773584905,244.5625000000001,245.075,245.9673913043478,249.4596774193548,247.1323529411765,243.1516393442622
238.515625,241.6150793650793,246.1250000000001,245.754716981132,244.6125,245.175,246.0543478260869,249.502688172043,247.25,243.217213114754
238.578125,241.6785714285714,246.1964285714286,245.8490566037735,244.6625,245.275,246.1413043478261,249.5456989247312,247.3676470588235,243.2827868852459
238.640625,241.7420634920635,246.2678571428572,245.943396226415,244.7125,245.375,246.2282608695652,249.5887096774194,247.4852941176471,243.3483606557377
238.703125,241.8055555555555,246.3392857142857,246.0377358490565,244.7767857142858,245.475,246.2692307692307,249.6317204301075,247.6029411764706,243.4139344262294
238.765625,241.8690476190476,246.4107142857143,246.132075471698,244.8839285714286,245.575,246.2948717948718,249.6747311827957,247.7205882352941,243.4795081967213
238.828125,241.9325396825396,246.4821428571429,246.2264150943395,244.9910714285714,245.675,246.3205128205128,249.7177419354839,247.8382352941176,243.545081967213
238.890625,241.9960317460317,246.5535714285715,246.2689873417721,245.0982142857143,245.775,246.3461538461538,249.75,247.9558823529412,243.6106557377049
238.953125,242.0595238095238,246.625,246.2943037974683,245.2053571428572,245.875,246.3717948717948,249.75,248.0735294117647,243.6762295081967
239.015625,242.1230158730158,246.6964285714286,246.3196202531645,245.3125000000001,245.975,246.3974358974359,249.75,248.1911764705882,243.7418032786885
239.078125,242.1865079365079,246.75,246.3449367088607,245.4196428571429,246.075,246.4230769230769,249.75,248.3088235294118,243.8073770491803
239.140625,242.25,246.75,246.3702531645569,245.5267857142857,246.175,246.448717948718,249.75,248.4264705882353,243.8729508196721
239.203125,242.313492063492,246.75,246.3955696202531,245.6339285714286,246.25,246.4743589743589,249.75,248.5441176470588,243.9385245901639
239.2559523809524,242.3769841269841,246.75,246.4208860759493,245.7410714285714,246.25,246.5,249.75,248.6617647058823,244.0040983606557
239.2797619047619,242.4404761904761,246.75,246.4462025316455,245.8482142857143,246.25,246.525641025641,249.75,248.7638888888889,244.0696721311475
239.3035714285714,242.5039682539682,246.75,246.4715189873417,245.9553571428572,246.25,246.551282051282,249.75,248.8194444444445,244.1352459016393
239.327380952381,242.5674603174603,246.75,246.4968354430379,246.0625,246.25,246.576923076923,249.75,248.875,244.2008196721311
239.3511904761905,242.6309523809524,246.75,246.5221518987341,246.1696428571429,246.25,246.6025641025641,249.75,248.9305555555556,244.2532467532467
239.375,242.6944444444444,246.75,246.5474683544303,246.25,246.25,246.6282051282051,249.75,248.9861111111111,244.2662337662337
239.3988095238095,242.7579365079365,246.75,246.5727848101265,246.25,246.25,246.6538461538461,249.75,249.0416666666667,244.2792207792207
239.422619047619,242.8214285714286,246.75,246.5981012658227,246.25,246.25,246.6794871794872,249.75,249.0972222222222,244.2922077922077
239.4464285714286,242.8849206349206,246.7892156862745,246.6234177215189,246.25,246.25,246.7051282051282,249.75,249.1527777777778,244.3051948051948
239.4702380952381,242.9484126984127,246.8676470588235,246.6487341772151,246.25,246.25,246.7307692307692,249.75,249.2083333333333,244.3181818181818
239.4940476190476,243.0119047619047,246.9460784313725,246.6740506329113,246.25,246.25,246.75,249.75,249.2638888888889,244.3311688311688
239.5178571428572,243.0753968253968,247.0245098039216,246.6993670886075,246.25,246.25,246.75,249.75,249.3194444444445,244.3441558441558
239.5416666666667,243.1388888888889,247.1029411764706,246.7246835443037,246.25,246.25,246.75,249.75,249.375,244.3571428571428
239.5654761904762,243.2023809523809,247.1813725490196,246.7499999999999,246.25,246.25,246.75,249.75,249.4305555555555,244.3701298701298
239.5892857142857,243.2333333333333,247.2598039215686,246.7753164556961,246.25,246.25,246.75,249.75,249.4861111111111,244.3831168831168
239.6130952380952,243.1666666666666,247.3382352941176,246.8006329113923,246.25,246.25,246.75,249.75,249.5416666666667,244.3961038961039
239.6369047619048,243.1,247.4166666666667,246.8259493670885,246.25,246.25,246.75,249.75,249.5972222222222,244.4090909090909
239.6607142857143,243.0333333333333,247.4950980392157,246.8512658227847,246.25,246.25,246.75,249.75,249.6527777777778,244.4220779220779
239.6845238095238,242.9666666666666,247.5735294117647,246.8765822784809,246.25,246.25,246.75,249.75,249.7083333333333,244.4350649350649
239.7083333333333,242.9,247.6519607843138,246.9018987341771,246.25,246.25,246.75,249.75,249.7638888888889,244.4480519480519
239.7321428571429,242.8333333333333,247.7303921568628,246.9272151898733,246.25,246.25,246.75,249.75,249.8194444444445,244.4610389610389
239.7553191489362,242.7666666666666,247.7241379310345,246.9525316455695,246.25,246.25,246.75,249.75,249.875,244.4740259740259
239.7765957446809,242.7,247.6896551724138,246.9778481012657,246.25,246.25,246.75,249.75,249.9305555555555,244.4870129870129
239.7978723404255,242.6333333333333,247.6551724137931,247.0031645569619,246.25,246.25,246.7432432432432,249.75,249.9861111111111,244.4999999999999
239.8191489361702,242.5666666666667,247.6206896551725,247.0284810126581,246.25,246.25,246.7162162162162,249.75,250.0416666666667,244.512987012987
239.8404255319149,242.5,247.5862068965517,247.0537974683543,246.25,246.25,246.6891891891892,249.75,250.0972222222222,244.525974025974
239.8617021276596,242.4333333333333,247.551724137931,247.0791139240505,246.25,246.25,246.6621621621621,249.75,250.1527777777778,244.538961038961
239.8829787234043,242.3666666666666,247.5172413793104,247.1044303797468,246.25,246.25,246.6351351351351,249.75,250.2083333333333,244.551948051948
239.9042553191489,242.3,247.4827586206897,247.129746835443,246.25,246.25,246.6081081081081,249.75,250.2459677419355,244.564935064935
239.9255319148936,242.25,247.448275862069,247.1550632911391,246.25,246.25,246.581081081081,249.75,250.2298387096774,244.577922077922
239.9468085106383,242.25,247.4137931034483,247.1803797468353,246.25,246.25,246.554054054054,249.75,250.2137096774193,244.590909090909
239.968085106383,242.25,247.3793103448276,247.2056962025316,246.25,246.25,246.527027027027,249.75,250.1975806451613,244.603896103896
239.9893617021276,242.25,247.3448275862069,247.2310126582278,246.25,246.25,246.5,249.75,250.1814516129032,244.6168831168831
240.0106382978723,242.25,247.3103448275862,247.254716981132,246.25,246.25,246.472972972973,249.75,250.1653225806452,244.6298701298701
240.031914893617,242.25,247.2758620689655,247.2735849056603,246.25,246.25,246.4459459459459,249.75,250.1491935483871,244.6428571428571
240.0531914893617,242.25,247.2738095238095,247.2924528301886,246.25,246.25,246.4189189189189,249.75,250.133064516129,244.6558441558441
240.0744680851064,242.25,247.3690476190476,247.3113207547169,246.25,246.25,246.3918918918919,249.75,250.116935483871,244.6688311688311
240.0957446808511,242.25,247.4642857142858,247.3301886792452,246.25,246.25,246.3648648648648,249.75,250.1008064516129,244.6818181818181
240.1170212765958,242.25,247.5595238095238,247.3490566037735,246.25,246.25,246.3378378378378,249.75,250.0846774193549,244.6948051948051
240.1382978723404,242.25,247.6547619047619,247.3679245283018,246.25,246.245,246.3108108108108,249.75,250.0685483870968,244.7077922077922
240.1595744680851,242.25,247.75,247.3867924528301,246.25,246.225,246.2837837837837,249.75,250.0524193548387,244.7207792207791
240.1808510638298,242.25,247.8452380952381,247.4056603773584,246.25,246.205,246.2567567567567,249.75,250.0362903225806,244.7337662337662
240.2021276595745,242.25,247.9404761904762,247.4245283018867,246.25,246.185,246.2083333333333,249.75,250.0201612903226,244.7467532467532
240.2234042553191,242.25,248.0357142857143,247.443396226415,246.25,246.165,246.1527777777777,249.758064516129,250.0040322580645,244.7323529411764
240.2446808510638,242.25,248.1309523809524,247.4622641509433,246.25,246.145,246.0972222222222,249.7903225806452,249.9879032258065,244.7088235294117
240.2983870967742,242.25,248.2261904761905,247.4811320754716,246.25,246.125,246.0416666666666,249.8225806451613,249.9717741935484,244.685294117647
240.3629032258064,242.25,248.2875000000001,247.4999999999999,246.25,246.105,245.986111111111,249.8548387096774,249.9556451612903,244.6617647058823
240.4274193548387,242.2844827586206,248.3375,247.5188679245282,246.25,246.085,245.9305555555555,249.8870967741935,249.9395161290323,244.6382352941176
240.4919354838709,242.4224137931034,248.3875,247.5377358490565,246.25,246.065,245.8749999999999,249.9193548387097,249.9233870967742,244.6147058823529
240.5564516129032,242.5603448275862,248.4375000000001,247.5566037735848,246.25,246.045,245.8194444444443,249.9516129032258,249.9072580645161,244.5911764705882
240.6209677419355,242.698275862069,248.4875,247.5754716981131,246.25,246.025,245.7638888888888,249.983870967742,249.891129032258,244.5676470588235
240.6854838709677,242.8362068965517,248.5375,247.5943396226414,246.25,246.005,245.8289473684209,250.016129032258,249.875,244.5441176470588
240.7499999999999,242.9741379310345,248.5875,247.6132075471697,246.25,245.985,245.9342105263157,250.0483870967742,249.858870967742,244.5205882352941
240.8145161290322,243.1120689655172,248.6375,247.632075471698,246.25,245.965,246.0394736842104,250.0806451612903,249.8427419354839,244.4970588235294
240.8790322580645,243.25,248.6875,247.6509433962263,246.25,245.945,246.1447368421051,250.1129032258064,249.8266129032258,244.4735294117646
240.9435483870967,243.3879310344827,248.7375,247.6698113207546,246.25,245.925,246.2499999999999,250.1451612903226,249.8104838709677,244.4499999999999
241.008064516129,243.5258620689655,248.5,247.6886792452829,246.25,245.905,246.3552631578946,250.1774193548387,249.7943548387097,244.4264705882352
241.0725806451612,243.6637931034483,248.1666666666667,247.7075471698112,246.25,245.885,246.4605263157894,250.2096774193548,249.7782258064516,244.4029411764706
241.1370967741935,243.801724137931,247.8333333333333,247.7264150943395,246.25,245.865,246.5657894736841,250.241935483871,249.7620967741936,244.3794117647058
241.2016129032257,243.9396551724138,247.5,247.7452830188678,246.25,245.845,246.6710526315788,250.1818181818182,249.7330508474576,244.3558823529411
241.2499999999999,244.0775862068965,247.1666666666667,247.7166666666666,246.25,245.825,246.7321428571427,250.0909090909091,249.6652542372881,244.3323529411764
241.2499999999999,244.2155172413793,246.8333333333333,247.6722222222222,246.25,245.805,246.6607142857142,250,249.5974576271186,244.3088235294117
241.2499999999999,244.2401315789473,246.5,247.6277777777777,246.25,245.785,246.5892857142856,249.9090909090909,249.5296610169491,244.285294117647
241.2499999999999,244.2269736842105,246.2586206896551,247.5833333333333,246.25,245.765,246.5178571428571,249.8181818181818,249.4618644067797,244.2617647058823
241.2499999999999,244.2138157894736,246.2931034482758,247.5388888888888,246.171052631579,245.75,246.4464285714285,249.703125,249.3940677966102,244.2382352941176
241.25,244.2006578947368,246.3275862068965,247.4944444444444,246.0657894736842,245.75,246.3749999999999,249.515625,249.3262711864407,244.2147058823529
241.25,244.1875,246.3620689655172,247.4499999999999,245.9605263157895,245.75,246.3035714285713,249.328125,249.2584745762712,244.1911764705882
241.25,244.1743421052631,246.3965517241379,247.4055555555555,245.8552631578948,245.75,246.2166666666666,249.140625,249.1906779661017,244.1676470588235
241.25,244.1611842105263,246.4310344827586,247.361111111111,245.75,245.75,246.0833333333333,248.953125,249.1228813559322,244.1441176470587
241.2464788732394,244.1480263157894,246.4655172413793,247.3166666666666,245.6447368421053,245.75,245.9499999999999,248.765625,249.0550847457627,244.1205882352941
241.2323943661972,244.1348684210526,246.5,247.2722222222221,245.5394736842106,245.75,245.8166666666666,248.578125,248.9872881355932,244.0970588235294
241.2183098591549,244.1217105263158,246.5344827586207,247.2277777777777,245.4342105263158,245.75,245.6833333333333,248.390625,248.9194915254237,244.0735294117646
241.2042253521127,244.1085526315789,246.5689655172414,247.1833333333333,245.3289473684211,245.75,245.55,248.2604166666667,248.8516949152542,244.05
241.1901408450704,244.0953947368421,246.6034482758621,247.1388888888888,245.25,245.75,245.4166666666666,248.3020833333333,248.7838983050847,244.0264705882352
241.1760563380282,244.0822368421052,246.6379310344828,247.0944444444443,245.25,245.75,245.2833333333333,248.34375,248.7161016949153,244.0029411764705
241.1619718309859,244.0690789473684,246.6724137931035,247.0499999999999,245.25,245.75,245.4230769230769,248.3854166666667,248.6483050847458,243.9794117647058
241.1478873239437,244.0559210526316,246.7068965517242,247.0055555555555,245.25,245.75,245.6538461538461,248.4270833333333,248.5805084745763,243.9558823529411
241.1338028169014,244.0427631578947,246.7413793103449,246.961111111111,245.25,245.75,245.8846153846153,248.46875,248.5127118644068,243.9323529411764
241.1197183098592,244.0296052631579,246.7763157894737,246.9166666666666,245.25,245.75,246.1153846153845,248.5104166666667,248.4449152542373,243.9088235294117
241.1056338028169,244.016447368421,246.811403508772,246.8722222222221,245.25,245.75,246.3461538461538,248.5520833333333,248.3771186440678,243.885294117647
241.0915492957747,244.0032894736842,246.8464912280702,246.8277777777777,245.25,245.75,246.576923076923,248.59375,248.3093220338983,243.8617647058823
241.0774647887324,243.9901315789473,246.8815789473684,246.7833333333332,245.25,245.6785714285714,246.7378048780487,248.6354166666667,248.2415254237288,243.8382352941176
241.0633802816901,243.9769736842105,246.9166666666667,246.7499999999999,245.25,245.3928571428571,246.6890243902438,248.6770833333333,248.1737288135593,243.8147058823529
241.0492957746479,243.9638157894737,246.9517543859649,246.7499999999999,245.25,245.1071428571428,246.6402439024389,248.71875,248.1059322033898,243.7911764705882
241.0352112676056,243.9506578947368,246.9868421052632,246.7499999999999,245.25,244.8214285714286,246.5914634146341,248.7291666666667,248.0381355932203,243.7676470588235
241.0211267605634,243.9374999999999,247.0219298245615,246.7499999999999,245.25,244.75,246.5426829268292,248.6458333333333,247.9703389830508,243.7291666666666
241.0070422535211,243.9243421052631,247.0570175438597,246.7499999999999,245.2567567567568,244.75,246.4939024390243,248.5625,247.9025423728814,243.6458333333333
240.9929577464789,243.9111842105263,247.0921052631579,246.7499999999999,245.2837837837838,244.75,246.4451219512194,248.4791666666667,247.8347457627119,243.5625
240.9788732394366,243.8980263157894,247.1271929824562,246.7499999999999,245.3108108108109,244.75,246.3963414634146,248.3958333333333,247.7669491525424,243.4791666666666
240.9647887323944,243.8848684210526,247.1622807017544,246.7499999999999,245.3378378378379,244.75,246.3475609756097,248.3125,247.6904761904762,243.3958333333333
240.9507042253521,243.8717105263158,247.1973684210527,246.7499999999999,245.3648648648649,244.75,246.2987804878048,248.2291666666667,247.6111111111111,243.3124999999999
240.9366197183098,243.8585526315789,247.2324561403509,246.7499999999999,245.3918918918919,244.75,246.2499999999999,248.1458333333333,247.531746031746,243.2291666666666
240.9225352112676,243.8453947368421,247.2675438596492,246.7499999999999,245.418918918919,244.75,246.2012195121951,248.0625,247.452380952381,243.1458333333333
240.9084507042253,243.8322368421052,247.3026315789474,246.7499999999999,245.445945945946,244.7368421052632,246.1524390243902,247.9791666666667,247.3730158730159,243.0624999999999
240.8943661971831,243.8190789473684,247.3377192982456,246.7499999999999,245.472972972973,244.6842105263158,246.1036585365853,247.8958333333333,247.2936507936508,242.9791666666666
240.8802816901409,243.8059210526316,247.3728070175439,246.7499999999999,245.5000000000001,244.6315789473684,246.0548780487804,247.8125,247.2142857142857,242.8958333333333
240.8661971830986,243.7927631578947,247.4078947368421,246.7499999999999,245.527027027027,244.5789473684211,246.0060975609755,247.7291666666667,247.1349206349206,242.8124999999999
240.8521126760563,243.7796052631579,247.4429824561404,246.7499999999999,245.5540540540541,244.5263157894737,245.9573170731707,247.6458333333333,247.0555555555555,242.7291666666666
240.8380281690141,243.766447368421,247.4780701754386,246.7499999999999,245.5810810810811,244.4736842105263,245.9085365853658,247.5625,246.9761904761905,242.6458333333333
240.8239436619718,243.7532894736842,247.5131578947369,246.7499999999999,245.6081081081081,244.421052631579,245.8597560975609,247.4791666666667,246.8968253968254,242.5624999999999
240.8098591549296,243.735,247.5482456140351,246.7499999999999,245.6351351351352,244.3684210526316,245.8109756097561,247.3958333333333,246.8174603174604,242.4791666666666
240.7957746478873,243.715,247.5833333333334,246.7499999999999,245.6621621621622,244.3157894736842,245.7621951219512,247.3125,246.7380952380952,242.3958333333333
240.7816901408451,243.695,247.6184210526316,246.7499999999999,245.6891891891892,244.2631578947368,245.6944444444444,247.23125,246.6587301587302,242.3124999999999
240.7676056338028,243.675,247.6535087719298,246.7499999999999,245.7162162162163,244.2894736842105,245.6203703703703,247.15625,246.5793650793651,242.2291666666666
240.7535211267606,243.655,247.6885964912281,246.7499999999999,245.7432432432433,244.3421052631579,245.5462962962962,247.08125,246.5,242.1458333333333
240.7372881355932,243.635,247.7236842105263,246.7499999999999,245.7105263157895,244.3947368421053,245.4722222222222,247.00625,246.4206349206349,242.0624999999999
240.7203389830509,243.615,247.7453703703704,246.7499999999999,245.6578947368421,244.4473684210527,245.3981481481481,246.93125,246.3412698412698,241.9791666666666
240.7033898305085,243.595,247.7268518518519,246.7499999999999,245.6052631578948,244.5,245.324074074074,246.85625,246.2619047619048,241.8958333333333
240.6864406779661,243.575,247.7083333333333,246.7499999999999,245.5526315789474,244.5526315789474,245.25,246.78125,246.1825396825397,241.8124999999999
240.6694915254237,243.5549999999999,247.6898148148148,246.7499999999999,245.5,244.6052631578947,245.1759259259259,246.70625,246.1031746031746,241.7291666666666
240.6525423728814,243.535,247.6712962962963,246.7499999999999,245.4473684210527,244.6578947368421,245.1018518518518,246.63125,246.0238095238095,241.6458333333333
240.635593220339,243.515,247.6527777777778,246.7499999999999,245.3947368421053,244.7105263157895,245.0277777777777,246.55625,245.9444444444445,241.5624999999999
240.6186440677966,243.495,247.6342592592593,246.7499999999999,245.3421052631579,244.75,244.9537037037037,246.48125,245.8650793650794,241.4791666666666
240.6016949152543,243.475,247.6157407407408,246.7499999999999,245.2894736842105,244.75,244.8796296296296,246.40625,245.7857142857143,241.3958333333333
240.5847457627119,243.455,247.5972222222222,246.7499999999999,245.2407407407408,244.75,244.8055555555555,246.33125,245.7063492063492,241.3124999999999
240.5677966101695,243.4349999999999,247.5787037037038,246.7499999999999,245.2037037037038,244.75,244.75,246.25625,245.6269841269842,241.2132352941176
240.5508474576271,243.415,247.5601851851852,246.7499999999999,245.1666666666667,244.75,244.7499999999999,246.18125,245.5476190476191,241.0661764705882
240.5338983050848,243.395,247.5416666666667,246.7499999999999,245.1296296296297,244.75,244.7499999999999,246.10625,245.468253968254,240.9191176470588
240.5169491525424,243.375,247.5231481481482,246.7499999999999,245.0925925925926,244.75,244.7499999999999,246.03125,245.3888888888889,240.7720588235294
240.5,243.355,247.5046296296297,246.7499999999999,245.0555555555556,244.75,244.7499999999999,245.95625,245.3095238095238,240.6249999999999
240.4830508474576,243.335,247.4861111111111,246.7499999999999,245.0185185185185,244.75,244.7499999999999,245.88125,245.2205882352941,240.4779411764705
240.4661016949153,243.315,247.4675925925926,246.7499999999999,244.9814814814815,244.75,244.7499999999999,245.80625,245.1029411764706,240.3308823529411
240.4491525423729,243.295,247.4490740740741,246.7385057471263,244.9444444444445,244.75,244.7499999999999,245.7386363636363,244.9852941176471,240.1838235294117
240.4322033898305,243.2749999999999,247.4305555555556,246.6925287356321,244.9074074074074,244.75,244.7499999999999,245.6931818181818,244.8676470588236,240.0367647058823
240.4152542372881,243.255,247.4120370370371,246.6465517241379,244.8703703703704,244.75,244.75,245.6477272727273,244.75,239.8897058823529
240.3983050847457,243.1964285714286,247.3935185185186,246.6005747126436,244.8333333333334,244.75,244.75,245.6022727272727,244.6323529411765,239.7426470588235
240.3813559322034,243.125,247.375,246.5545977011493,244.7962962962963,244.75,244.75,245.5568181818182,244.514705882353,239.595588235294
240.364406779661,243.0535714285714,247.3564814814815,246.5086206896551,244.7592592592593,244.75,244.75,245.5113636363637,244.3970588235294,239.4485294117646
240.3474576271186,242.9821428571428,247.337962962963,246.4626436781608,244.703125,244.75,244.75,245.4659090909091,244.2794117647059,239.3014705882352
240.3305084745763,242.9107142857143,247.3194444444445,246.4166666666666,244.640625,244.75,244.6428571428571,245.4204545454545,244.1617647058824,239.1544117647058
240.3135593220339,242.8392857142857,247.300925925926,246.3706896551723,244.578125,244.75,244.2142857142857,245.375,244.0441176470588,239.0073529411764
240.2966101694915,242.7678571428571,247.2824074074074,246.3247126436781,244.5156250000001,244.75,243.7857142857143,245.3295454545455,243.9264705882353,238.860294117647
240.2796610169491,242.7137096774193,247.2638888888889,246.2787356321838,244.4531250000001,244.75,243.3571428571428,245.2840909090909,243.8088235294118,238.7258064516128
240.2627118644068,242.6653225806452,247.23125,246.2327586206896,244.3906250000001,244.6818181818182,243.1796875,245.2083333333333,243.6911764705882,238.6290322580645
240.2608695652174,242.6169354838709,247.15625,246.1867816091953,244.328125,244.4090909090909,243.0859375,245.0416666666667,243.5735294117647,238.5322580645161
240.3043478260869,242.5685483870967,247.08125,246.140804597701,244.265625,244.1363636363636,242.9921875,244.875,243.4558823529412,238.4354838709677
240.3478260869565,242.5201612903226,247.00625,246.0948275862068,244.203125,243.8636363636364,242.8984375,244.7083333333333,243.3382352941177,238.3387096774193
240.3913043478261,242.4717741935484,246.93125,246.0488505747125,244.1406250000001,243.5909090909091,242.8046874999999,244.5416666666667,243.2115384615385,238.2419354838709
240.4347826086956,242.4233870967742,246.85625,246.0028735632183,244.0781250000001,243.3181818181818,242.7109374999999,244.375,243.0576923076923,238.1451612903225
240.4782608695652,242.375,246.7812500000001,245.9568965517241,244.0156250000001,243.2113402061856,242.6171874999999,244.2083333333333,242.9038461538461,238.0483870967741
240.5217391304348,242.3266129032258,246.70625,245.9109195402298,243.953125,243.159793814433,242.5234375,244.0416666666667,242.75,237.9516129032257
240.5652173913044,242.2782258064516,246.63125,245.8649425287356,243.890625,243.1082474226804,242.4296874999999,243.875,242.5961538461539,237.8548387096774
240.6086956521739,242.2298387096774,246.55625,245.8189655172413,243.828125,243.0567010309279,242.3359374999999,243.7211538461538,242.4423076923077,237.758064516129
240.6521739130435,242.1814516129032,246.48125,245.772988505747,243.765625,243.0051546391753,242.2421874999999,243.6057692307692,242.2884615384615,237.6612903225806
240.6956521739131,242.133064516129,246.4062500000001,245.7270114942528,243.7272727272728,242.9536082474227,242.1484374999999,243.4903846153846,242.1346153846154,237.5645161290322
240.7391304347826,242.0846774193548,246.33125,245.6810344827585,243.6969696969697,242.9020618556701,242.0546875,243.375,241.9807692307692,237.4677419354838
240.6796875,242.0362903225806,246.25625,245.6350574712643,243.6666666666667,242.8505154639175,241.9609375,243.2596153846154,241.8269230769231,237.3709677419354
240.5859375,241.9879032258064,246.18125,245.58908045977,243.6363636363637,242.7989690721649,241.8671875,243.1442307692308,241.6730769230769,237.274193548387
240.4921875,241.9395161290322,246.10625,245.5431034482758,243.6060606060607,242.7474226804124,241.7734375,243.0288461538461,241.5192307692308,236.7499999999999
240.3984375,241.891129032258,246.03125,245.4971264367815,243.5757575757576,242.6958762886598,241.7222222222222,242.9134615384615,241.3653846153846,236.0833333333333
240.3046875,241.8427419354838,245.95625,245.4511494252873,243.5454545454546,242.6443298969072,241.6851851851852,242.7980769230769,241.2115384615385,235.4166666666666
240.2109375,241.7943548387097,245.88125,245.405172413793,243.5151515151516,242.5927835051546,241.6481481481481,242.6826923076923,241.0576923076923,235.1428571428571
240.1171875,241.7459677419354,245.80625,245.3591954022988,243.4848484848485,242.5412371134021,241.6111111111111,242.5673076923077,240.9038461538461,234.9999999999999
240.0234375,241.6975806451613,245.7421875,245.3132183908045,243.4545454545455,242.4896907216495,241.574074074074,242.4519230769231,240.75,234.8571428571428
239.9296875,241.6491935483871,245.7109375,245.2672413793102,243.4242424242424,242.4381443298969,241.537037037037,242.3365384615384,240.5961538461538,234.7142857142856
239.8359375,241.6008064516129,245.6796875,245.221264367816,243.3939393939394,242.3865979381443,241.5,242.2125,240.4423076923077,234.5714285714285
239.7421875,241.5524193548387,245.6484375,245.1752873563218,243.3636363636364,242.3350515463918,241.4629629629629,242.0625,240.2884615384615,234.4285714285714
239.6484375,241.5040322580645,245.6171875000001,245.1293103448275,243.3333333333334,242.2835051546392,241.4259259259259,241.9125,240.2,234.2857142857142
239.5546875,241.4556451612903,245.5859375000001,245.0833333333332,243.3030303030303,242.2319587628866,241.3888888888889,241.7625,240.1333333333333,234.1428571428571
239.4609375,241.4072580645161,245.5546875000001,245.037356321839,243.2727272727273,242.180412371134,241.3518518518518,241.6125,240.0666666666667,233.9999999999999
239.3671875,241.3588709677419,245.5234375000001,244.9913793103448,243.2282608695652,242.1288659793815,241.3148148148148,241.4625,240,233.8571428571428
239.2734375,241.3104838709677,245.4921875,244.9454022988505,243.1413043478261,242.0773195876289,241.2777777777778,241.3124999999999,239.9333333333333,233.7222222222222
239.203125,241.2620967741935,245.4609375000001,244.8994252873562,243.054347826087,242.0257731958763,241.2,241.1625,239.8666666666667,233.6111111111111
239.140625,241.198275862069,245.4296875000001,244.853448275862,242.9673913043478,241.9742268041237,241,241.0125,239.8,233.4999999999999
239.078125,241.1293103448276,245.3984375000001,244.8074712643677,242.8804347826087,241.9226804123711,240.8,240.8625,239.6428571428571,233.3888888888888
239.015625,241.0603448275862,245.3671875,244.7614942528735,242.7934782608696,241.8711340206185,240.6,240.72,239.2142857142857,233.2777777777777
238.953125,240.9913793103448,245.3359375,244.6696428571428,242.7065217391305,241.819587628866,240.4,240.6,238.7857142857143,233.1249999999999
238.890625,240.9224137931034,245.3046875,244.5624999999999,242.6195652173913,241.7680412371134,240.2159090909091,240.48,238.3571428571429,232.9583333333333
238.828125,240.853448275862,245.2734375,244.4553571428571,242.5326086956522,241.7164948453608,240.0795454545454,240.36,238.1634615384615,232.7916666666666
238.765625,240.7844827586206,245.2317073170732,244.3482142857142,242.4456521739131,241.6649484536082,239.9431818181818,240.24,238.0480769230769,232.6249999999999
238.703125,240.7155172413793,245.1585365853659,244.2410714285713,242.3586956521739,241.6134020618557,239.8068181818182,240.12,237.9326923076923,232.4583333333333
238.640625,240.6465517241379,245.0853658536586,244.1339285714285,242.2717391304348,241.5618556701031,239.6704545454545,240,237.8173076923077,232.2916666666666
238.578125,240.5775862068965,245.0121951219512,244.0267857142856,242.1847826086957,241.5103092783505,239.5340909090909,239.88,237.7019230769231,232.1477272727272
238.515625,240.5086206896551,244.9390243902439,243.9196428571428,242.0978260869566,241.458762886598,239.3977272727273,239.76,237.5865384615385,232.0113636363636
238.453125,240.4396551724138,244.8658536585366,243.8124999999999,242.0108695652174,241.4072164948454,239.2613636363636,239.64,237.4711538461539,231.8749999999999
238.390625,240.3706896551724,244.7926829268293,243.7053571428571,241.9239130434783,241.3556701030928,239.125,239.52,237.3557692307692,231.7386363636363
238.328125,240.301724137931,244.719512195122,243.5982142857142,241.8369565217391,241.3041237113402,238.9886363636363,239.4,237.2403846153846,231.6022727272726
238.265625,240.2125,244.6463414634147,243.4910714285714,241.75,241.2525773195876,238.8522727272727,239.28,237.125,231.465909090909
238.1774193548387,240.0625,244.5731707317074,243.3839285714285,241.6630434782609,241.201030927835,238.7307692307692,239.076923076923,237.0096153846154,231.3295454545454
238.0806451612903,239.9125,244.5,243.2767857142856,241.5760869565217,241.1494845360825,238.6538461538461,238.8461538461538,236.8942307692308,231.1931818181818
237.983870967742,239.7625,244.4268292682927,243.1749999999999,241.4891304347827,241.0979381443299,238.5769230769231,238.6153846153846,236.7788461538462,231.0568181818181
237.8870967741935,239.6125,244.3536585365854,243.0749999999999,241.4021739130435,241.0463917525773,238.5,238.3846153846154,236.5555555555556,230.9204545454545
237.7903225806452,239.4625,244.2804878048781,242.9749999999999,241.3152173913044,240.9948453608247,238.4230769230769,238.1538461538461,236.2962962962963,230.7840909090908
237.6935483870968,239.3124999999999,244.2073170731708,242.8749999999999,241.2388888888889,240.9432989690721,238.3461538461538,237.9230769230769,236.037037037037,230.3749999999999
237.5967741935484,239.1625,244.1341463414634,242.7749999999999,241.1944444444445,240.8917525773196,238.2692307692307,237.6923076923077,235.7777777777778,229.8749999999999
237.5,239.0125,244.0609756097561,242.6749999999999,241.15,240.840206185567,238.1875,237.4615384615384,235.5185185185185,229.3749999999999
237.4032258064516,238.8625,243.9878048780488,242.5749999999999,241.1055555555556,240.7886597938144,238.1041666666666,237.2307692307692,235.2592592592593,229.1315789473684
237.3064516129032,238.7361111111111,243.9146341463415,242.4749999999999,241.0611111111111,240.7366666666667,238.0208333333333,237,235,228.9736842105262
237.2096774193548,238.6805555555555,243.8414634146342,242.3749999999999,241.0166666666667,240.6833333333333,237.9374999999999,236.7692307692307,234.7407407407408,228.8157894736842
237.1129032258065,238.6249999999999,243.7682926829269,242.2749999999999,240.9722222222223,240.63,237.8541666666666,236.5384615384615,234.4814814814815,228.657894736842
237.0161290322581,238.5694444444444,243.625,242.1847826086956,240.9277777777778,240.5766666666667,237.7708333333333,236.3076923076923,234.2222222222222,228.4999999999999
236.9193548387097,238.5138888888889,243.4583333333334,242.0978260869564,240.8833333333334,240.5233333333333,237.8181818181818,236.1315789473684,233.962962962963,228.3421052631578
236.8225806451613,238.4583333333333,243.2916666666667,242.0108695652173,240.8388888888889,240.47,237.9090909090909,235.9736842105263,233.7037037037037,228.1842105263158
236.7083333333334,238.4027777777777,243.125,241.9239130434782,240.7944444444445,240.4166666666667,238,235.8157894736842,233.4444444444445,228.0263157894736
236.5416666666667,238.3472222222222,242.9583333333334,241.836956521739,240.75,240.3633333333333,238.0909090909091,235.6578947368421,233.1818181818182,227.8684210526315
236.375,238.2916666666666,242.7916666666667,241.7499999999999,240.7055555555556,240.31,238.1818181818182,235.5,232.9090909090909,227.7142857142857
236.2083333333334,238.2291666666666,242.625,241.6630434782608,240.6611111111112,240.2566666666667,238.25,235.3421052631579,232.6363636363636,227.5714285714285
236.0416666666667,238.1458333333333,242.4583333333334,241.5760869565217,240.6166666666667,240.2033333333333,238.25,235.1842105263158,232.3636363636364,227.4285714285714
235.875,238.0624999999999,242.2916666666667,241.4891304347825,240.5722222222223,240.15,238.25,235.0263157894736,232.0909090909091,227.2857142857142
235.7083333333334,237.9791666666666,242.0948275862069,241.4021739130434,240.5277777777778,240.0966666666667,238.25,234.8684210526316,231.8181818181818,227.1428571428571
235.5416666666667,237.8958333333333,241.8879310344828,241.3152173913043,240.4833333333333,240.0433333333334,238.25,234.7272727272727,231.87,226.9999999999999
235.375,237.8124999999999,241.6810344827587,241.2236842105262,240.4388888888889,239.99,238.2142857142857,234.6363636363636,232.03,226.8571428571428
235.2833333333334,237.7499999999999,241.4741379310345,241.1184210526315,240.3944444444445,239.9366666666667,238.0714285714285,234.5454545454545,232.1900000000001,226.6249999999999
235.4166666666667,237.7499999999999,241.2672413793104,241.0131578947368,240.35,239.8833333333333,237.9285714285714,234.4545454545454,232.35,226.1249999999999
235.55,237.7499999999999,241.0603448275862,240.907894736842,240.3055555555556,239.83,237.7857142857142,234.3636363636363,232.51,225.6249999999999
235.6833333333334,237.7499999999999,240.8534482758621,240.8026315789473,240.2611111111111,239.7766666666667,237.75,234.2727272727273,232.67,225.1249999999999
