325.2981927710844,328.0194805194805,330.2341772151899,328,329,328,325,322,313,307
325.394578313253,328.0584415584415,330.2025316455696,327.9811320754717,328.8947368421053,327.9130434782609,324.9,321.875,313.0454545454546,307.0810810810811
325.4909638554217,328.0974025974026,330.1708860759493,327.9622641509434,328.7894736842105,327.8260869565217,324.8,321.75,313.0909090909091,307.1621621621622
325.5873493975903,328.1363636363636,330.1392405063291,327.9433962264151,328.6842105263158,327.7391304347826,324.7,321.625,313.1363636363636,307.2432432432432
325.683734939759,328.1753246753246,330.1075949367089,327.9245283018868,328.578947368421,327.6521739130435,324.6,321.5,313.1818181818181,307.3243243243244
325.7801204819277,328.2142857142857,330.0759493670886,327.9056603773585,328.4736842105264,327.5652173913044,324.5,321.375,313.2272727272727,307.4054054054054
325.8765060240964,328.2532467532467,330.0443037974683,327.8867924528302,328.3684210526316,327.4782608695652,324.4,321.25,313.2727272727273,307.4864864864865
325.972891566265,328.2922077922078,330.0126582278481,327.8679245283018,328.2631578947368,327.3913043478261,324.3,321.125,313.3181818181819,307.5675675675676
326.0692771084338,328.3311688311688,329.9810126582279,327.8490566037736,328.1578947368421,327.3043478260869,324.2,321,313.3636363636364,307.6486486486486
326.1656626506024,328.3701298701299,329.9493670886076,327.8301886792453,328.0526315789474,327.2173913043479,324.1,320.875,313.4090909090909,307.7297297297297
326.2620481927711,328.4090909090909,329.9177215189874,327.811320754717,327.9473684210526,327.1304347826087,324,320.75,313.4545454545454,307.8108108108108
326.3584337349398,328.448051948052,329.8860759493671,327.7924528301887,327.8421052631579,327.0434782608696,323.9,320.625,313.5,307.8918918918919
326.4548192771084,328.487012987013,329.8544303797468,327.7735849056604,327.7368421052631,326.9565217391304,323.8,320.5,313.5454545454545,307.972972972973
326.5512048192771,328.5259740259741,329.8227848101266,327.7547169811321,327.6315789473684,326.8695652173913,323.7,320.375,313.5909090909091,308.0540540540541
326.6475903614457,328.5649350649351,329.7911392405063,327.7215189873418,327.5263157894737,326.7826086956521,323.6,320.25,313.6363636363636,308.1351351351352
326.7439759036145,328.6038961038961,329.7594936708861,327.6835443037975,327.4210526315789,326.695652173913,323.5,320.125,313.6818181818182,308.2162162162162
326.8403614457831,328.6428571428571,329.7278481012658,327.6455696202532,327.3157894736842,326.6086956521739,323.4,320,313.7272727272727,308.2972972972973
326.9367469879518,328.6818181818182,329.6962025316456,327.6075949367089,327.2105263157895,326.5217391304348,323.3,319.9473684210527,313.7727272727273,308.3783783783784
327.0331325301205,328.7207792207793,329.6632309249763,327.5696202531646,327.1052631578947,326.4347826086956,323.2,319.8947368421053,313.8181818181818,308.4594594594595
327.1295180722892,328.741935483871,329.6263327057853,327.5316455696203,327,326.3478260869565,323.1,319.8421052631579,313.8636363636364,308.5405405405405
327.2259036144578,328.7096774193548,329.5894344865944,327.4936708860759,326.9230769230769,326.2608695652174,323,319.7894736842105,313.9090909090909,308.6216216216216
327.2777777777778,328.6774193548387,329.5525362674034,327.4556962025316,326.8461538461539,326.1739130434783,322.95,319.7368421052632,313.9545454545454,308.7027027027027
327.3148148148148,328.6451612903226,329.5156380482125,327.4177215189874,326.7692307692308,326.0869565217391,322.9,319.6842105263158,314,308.7837837837837
327.3518518518518,328.6129032258065,329.4787398290215,327.379746835443,326.6923076923077,326,322.85,319.6315789473684,314,308.8648648648649
327.3888888888889,328.5806451612904,329.4418416098306,327.3417721518987,326.6153846153846,325.9142857142857,322.8,319.578947368421,314,308.9459459459459
327.4259259259259,328.5483870967742,329.4049433906396,327.3037974683544,326.5384615384615,325.8285714285714,322.75,319.5263157894737,314,309.027027027027
327.4629629629629,328.516129032258,329.3680451714486,327.2658227848101,326.4615384615385,325.7428571428571,322.7,319.4736842105264,314,309.1081081081081
327.5,328.483870967742,329.3311469522577,327.2278481012659,326.3846153846154,325.6571428571428,322.65,319.421052631579,314,309.1891891891892
327.5370370370371,328.4516129032258,329.2942487330666,327.1898734177215,326.3076923076923,325.5714285714286,322.6,319.3684210526316,314,309.2702702702703
327.5740740740741,328.4193548387096,329.2573505138757,327.1518987341772,326.2307692307693,325.4857142857143,322.55,319.3157894736842,314,309.3513513513514
327.6111111111111,328.3870967741935,329.2204522946848,327.1139240506329,326.1538461538461,325.4,322.5,319.2631578947368,314,309.4324324324324
327.6481481481482,328.3548387096774,329.1835540754938,327.0759493670886,326.0769230769231,325.3142857142857,322.45,319.2105263157895,314,309.5135135135135
327.6851851851852,328.3225806451613,329.1466558563028,327.0379746835443,326,325.2285714285714,322.4,319.1578947368421,314,309.5945945945946
327.7222222222222,328.2903225806452,329.1097576371119,327,325.9230769230769,325.1428571428571,322.35,319.1052631578947,314,309.6756756756757
327.7391304347826,328.258064516129,329.0728594179209,326.9655172413793,325.8461538461538,325.0571428571428,322.3,319.0526315789474,314,309.7567567567568
327.6956521739131,328.2258064516129,329.03596119873,326.9310344827586,325.7692307692308,324.9714285714286,322.25,319,314,309.8378378378378
327.6521739130435,328.1935483870968,328.999062979539,326.8965517241379,325.6923076923077,324.8857142857143,322.2,318.9579831932774,314,309.9189189189189
327.6086956521739,328.1612903225806,328.9621647603481,326.8620689655172,325.6153846153846,324.8,322.15,318.9159663865546,314,310
327.5652173913044,328.1290322580645,328.925266541157,326.8275862068965,325.5384615384615,324.7142857142857,322.1,318.873949579832,314,310.0681818181818
327.5217391304348,328.0967741935484,328.8883683219661,326.7931034482759,325.4615384615385,324.6285714285714,322.05,318.8319327731093,314.0714285714286,310.1363636363637
327.4782608695652,328.0645161290323,328.8514701027751,326.7586206896552,325.3846153846154,324.5428571428571,322,318.7899159663866,314.1428571428572,310.2045454545454
327.4347826086956,328.0322580645161,328.8145718835842,326.7241379310345,325.3076923076923,324.4571428571429,321.92,318.7478991596639,314.2142857142857,310.2727272727273
327.3913043478261,328,328.7776736643932,326.6896551724138,325.2307692307692,324.3714285714286,321.84,318.7058823529412,314.2857142857143,310.3409090909091
327.3478260869565,327.9677419354839,328.7348484848485,326.6551724137931,325.1538461538461,324.2857142857143,321.76,318.6638655462185,314.3571428571429,310.4090909090909
327.3043478260869,327.9354838709677,328.6742424242424,326.6206896551724,325.0769230769231,324.2,321.6799999999999,318.6218487394958,314.4285714285714,310.4772727272727
327.2608695652174,327.9032258064516,328.6136363636364,326.5862068965517,325,324.1142857142857,321.6,318.5798319327731,314.5,310.5454545454546
327.2173913043478,327.8709677419355,328.5530303030303,326.551724137931,324.9666666666666,324.0285714285715,321.52,318.5378151260504,314.5714285714286,310.6136363636364
327.1739130434783,327.8387096774194,328.4924242424242,326.5172413793103,324.9333333333333,323.9428571428572,321.44,318.4957983193277,314.6428571428572,310.6818181818182
327.1304347826087,327.8064516129032,328.4318181818182,326.4827586206897,324.9,323.8571428571429,321.36,318.453781512605,314.7142857142857,310.75
327.0869565217391,327.7741935483871,328.3712121212121,326.448275862069,324.8666666666667,323.7714285714286,321.28,318.4117647058823,314.7857142857143,310.8181818181818
327.0434782608696,327.7405660377358,328.3106060606061,326.4137931034483,324.8333333333333,323.6857142857143,321.2,318.3697478991597,314.8571428571429,310.8863636363637
327,327.7028301886793,328.25,326.3793103448276,324.8,323.6,321.12,318.327731092437,314.9285714285714,310.9545454545455
327.0864197530864,327.6650943396227,328.1893939393939,326.3448275862069,324.7666666666667,323.5142857142857,321.04,318.2857142857143,315,311.0227272727273
327.1728395061728,327.6273584905661,328.1287878787879,326.3103448275862,324.7333333333333,323.4285714285714,320.96,318.2436974789916,315.0714285714286,311.0909090909091
327.2592592592592,327.5896226415094,328.0681818181818,326.2758620689655,324.7,323.3428571428572,320.88,318.2016806722689,315.1428571428571,311.1590909090909
327.3456790123457,327.5518867924528,328.0075757575758,326.2413793103448,324.6666666666667,323.2571428571429,320.8,318.1596638655462,315.2142857142857,311.2272727272727
327.4320987654321,327.5141509433962,327.9469696969697,326.2068965517241,324.6333333333334,323.1714285714286,320.72,318.1176470588235,315.2857142857143,311.2954545454545
327.5185185185185,327.4764150943396,327.8863636363636,326.1724137931035,324.6,323.0857142857143,320.64,318.0756302521008,315.3571428571429,311.3636363636364
327.604938271605,327.438679245283,327.8257575757576,326.1379310344828,324.5666666666666,323,320.56,318.0336134453781,315.4285714285714,311.4318181818182
327.6913580246913,327.4009433962264,327.7651515151516,326.1034482758621,324.5333333333334,322.969696969697,320.48,317.9915966386555,315.5,311.5
327.7777777777778,327.3632075471698,327.7788461538461,326.0689655172414,324.5,322.9393939393939,320.4,317.9495798319327,315.5714285714286,311.5681818181818
327.8641975308642,327.3254716981132,327.8173076923077,326.0344827586207,324.4666666666667,322.9090909090909,320.32,317.9075630252101,315.6428571428571,311.6363636363636
327.9506172839506,327.2877358490566,327.8557692307692,326,324.4333333333333,322.8787878787879,320.24,317.8655462184874,315.7142857142857,311.7045454545454
328.0370370370371,327.25,327.8942307692308,325.9666666666666,324.4,322.8484848484849,320.16,317.8235294117647,315.7857142857143,311.7727272727273
328.1234567901234,327.2122641509434,327.9326923076923,325.9333333333333,324.3666666666667,322.8181818181818,320.08,317.781512605042,315.8571428571429,311.8409090909091
328.2098765432099,327.1745283018868,327.9711538461538,325.9,324.3333333333333,322.7878787878788,320,317.7603305785124,315.9285714285714,311.9090909090909
328.2962962962963,327.1367924528302,328.0096153846154,325.8666666666667,324.3,322.7575757575758,319.9734513274336,317.801652892562,316,311.9772727272727
328.3827160493827,327.0990566037736,328.0480769230769,325.8333333333334,324.2666666666667,322.7272727272727,319.9469026548673,317.8429752066116,316.0256410256411,312.0454545454546
328.4691358024692,327.061320754717,328.0865384615385,325.8,324.2333333333333,322.6969696969697,319.9203539823009,317.8842975206612,316.051282051282,312.1136363636364
328.5555555555556,327.0235849056604,328.125,325.7666666666667,324.1999999999999,322.6666666666667,319.8938053097345,317.9256198347107,316.0769230769231,312.1818181818182
328.641975308642,326.9858490566038,328.1634615384615,325.7333333333333,324.1666666666667,322.6363636363636,319.8672566371681,317.9669421487603,316.1025641025641,312.25
328.7283950617284,326.9481132075472,328.2019230769231,325.7,324.1333333333333,322.6060606060606,319.8407079646018,318.00826446281,316.1282051282051,312.3181818181818
328.7215189873418,326.9103773584906,328.2403846153846,325.6666666666667,324.1,322.5757575757576,319.8141592920354,318.0495867768595,316.1538461538461,312.3863636363636
328.6835443037975,326.8726415094339,328.2135922330097,325.6333333333333,324.0666666666667,322.5454545454545,319.787610619469,318.0909090909091,316.1794871794872,312.4545454545455
328.6455696202531,326.8349056603773,328.1650485436893,325.6,324.0333333333334,322.5151515151515,319.7610619469027,318.1322314049587,316.2051282051282,312.5227272727273
328.6075949367088,326.7971698113207,328.1165048543689,325.5666666666667,324,322.4848484848485,319.7345132743363,318.1735537190083,316.2307692307693,312.5909090909091
328.5696202531645,326.7594339622642,328.0679611650486,325.5333333333333,323.9666666666667,322.4545454545455,319.70796460177,318.2148760330579,316.2564102564103,312.6590909090909
328.5316455696203,326.7377049180328,328.0194174757282,325.5,323.9333333333333,322.4242424242424,319.6814159292036,318.2561983471074,316.2820512820513,312.7272727272727
328.493670886076,326.7213114754098,327.9708737864078,325.4666666666667,323.9,322.3939393939394,319.6548672566372,318.297520661157,316.3076923076923,312.7954545454545
328.4556962025316,326.7049180327869,327.9223300970874,325.4333333333333,323.8666666666667,322.3636363636364,319.6283185840708,318.3388429752066,316.3333333333334,312.8636363636364
328.4177215189874,326.6885245901639,327.873786407767,325.4,323.8333333333334,322.3333333333334,319.6017699115044,318.3801652892562,316.3589743589744,312.9318181818182
328.379746835443,326.672131147541,327.8252427184466,325.3666666666667,323.8,322.3030303030303,319.5752212389381,318.4214876033058,316.3846153846154,313
328.3417721518987,326.655737704918,327.7766990291262,325.3333333333334,323.7666666666667,322.2727272727273,319.5486725663717,318.4628099173553,316.4102564102565,313.0645161290323
328.3037974683544,326.6393442622951,327.7281553398058,325.3,323.7333333333333,322.2424242424242,319.5221238938053,318.5041322314049,316.4358974358975,313.1290322580645
328.2658227848101,326.6229508196722,327.6796116504854,325.2666666666667,323.7,322.2121212121212,319.4955752212389,318.5454545454546,316.4615384615385,313.1935483870968
328.2278481012658,326.6065573770492,327.6310679611651,325.2333333333333,323.6666666666667,322.1818181818182,319.4690265486726,318.5867768595041,316.4871794871795,313.258064516129
328.1898734177215,326.5901639344262,327.5825242718446,325.2,323.6333333333333,322.1515151515152,319.4424778761062,318.6280991735537,316.5128205128206,313.3225806451613
328.1518987341772,326.5737704918033,327.5339805825242,325.1666666666667,323.6,322.1212121212121,319.4159292035398,318.6694214876033,316.5384615384615,313.3870967741935
328.1139240506329,326.5573770491803,327.4854368932039,325.1333333333333,323.5666666666667,322.0909090909091,319.3893805309735,318.7107438016529,316.5641025641025,313.4516129032258
328.0759493670886,326.5409836065574,327.4368932038835,325.1,323.5333333333334,322.0606060606061,319.362831858407,318.7520661157025,316.5897435897436,313.516129032258
328.0379746835443,326.5245901639344,327.3883495145631,325.0666666666667,323.5,322.030303030303,319.3362831858407,318.793388429752,316.6153846153846,313.5806451612904
328,326.5081967213115,327.3398058252427,325.0333333333334,323.4666666666667,322,319.3097345132743,318.8347107438017,316.6410256410256,313.6451612903226
327.9285714285714,326.4918032786886,327.2912621359224,325,323.4333333333333,322.0656934306569,319.283185840708,318.8760330578513,316.6666666666667,313.7096774193549
327.8571428571428,326.4754098360656,327.242718446602,324.969696969697,323.4,322.1313868613138,319.2566371681416,318.9173553719008,316.6923076923077,313.7741935483871
327.7857142857143,326.4590163934427,327.1941747572815,324.9393939393939,323.3666666666667,322.1970802919708,319.2380952380952,318.9586776859504,316.7179487179487,313.8387096774193
327.7142857142857,326.4426229508197,327.1456310679612,324.9090909090909,323.3333333333334,322.2627737226277,319.2222222222222,319,316.7435897435897,313.9032258064516
327.6428571428572,326.4262295081967,327.0970873786408,324.8787878787879,323.3,322.3284671532847,319.2063492063492,318.9615384615385,316.7692307692308,313.9677419354839
327.5714285714286,326.4098360655738,327.0485436893204,324.8484848484849,323.2666666666667,322.3941605839416,319.1904761904761,318.9230769230769,316.7948717948718,314.0322580645161
327.5,326.3934426229508,327,324.8181818181818,323.2333333333333,322.4598540145985,319.1746031746031,318.8846153846154,316.8205128205128,314.0967741935484
327.4285714285714,326.3770491803278,326.9739130434783,324.7878787878788,323.2,322.5255474452555,319.1587301587301,318.8461538461538,316.8461538461539,314.1612903225806
327.3571428571429,326.3606557377049,326.9478260869565,324.7575757575758,323.1666666666666,322.5912408759124,319.1428571428571,318.8076923076923,316.8717948717949,314.2258064516129
327.2857142857143,326.344262295082,326.9217391304348,324.7272727272727,323.1333333333333,322.6569343065694,319.1269841269841,318.7692307692307,316.8974358974359,314.2903225806452
327.2142857142857,326.327868852459,326.895652173913,324.6969696969697,323.1,322.7226277372263,319.1111111111111,318.7307692307693,316.923076923077,314.3548387096774
327.1428571428571,326.311475409836,326.8695652173913,324.6666666666667,323.0666666666667,322.7883211678832,319.0952380952381,318.6923076923077,316.948717948718,314.4193548387097
327.0714285714286,326.2950819672132,326.8434782608696,324.6363636363636,323.0333333333333,322.8540145985401,319.0793650793651,318.6538461538461,316.974358974359,314.483870967742
327,326.2786885245902,326.8173913043478,324.6060606060606,323,322.9197080291971,319.063492063492,318.6153846153846,317,314.5483870967742
326.9285714285714,326.2622950819672,326.7913043478261,324.5757575757576,322.9444444444445,322.985401459854,319.047619047619,318.5769230769231,317.0416666666667,314.6129032258065
326.8571428571429,326.2459016393443,326.7652173913043,324.5454545454545,322.8888888888889,323.051094890511,319.031746031746,318.5384615384615,317.0833333333333,314.6774193548387
326.7857142857143,326.2295081967213,326.7391304347826,324.5151515151515,322.8333333333333,323.1167883211679,319.015873015873,318.5,317.125,314.741935483871
326.7142857142857,326.2131147540983,326.7130434782608,324.4848484848485,322.7777777777778,323.1824817518249,319,318.4615384615385,317.1666666666667,314.8064516129032
326.6428571428571,326.1967213114754,326.6869565217391,324.4545454545455,322.7222222222222,323.2481751824818,319.1111111111111,318.4230769230769,317.2083333333333,314.8709677419355
326.5714285714286,326.1803278688524,326.6608695652174,324.4242424242424,322.6666666666666,323.3138686131387,319.2222222222222,318.3846153846154,317.25,314.9354838709677
326.5,326.1639344262295,326.6347826086957,324.3939393939394,322.6111111111111,323.3795620437957,319.3333333333334,318.3461538461539,317.2916666666667,315
326.4285714285714,326.1475409836066,326.6086956521739,324.3636363636364,322.5555555555555,323.4452554744526,319.4444444444445,318.3076923076923,317.3333333333334,315.0571428571429
326.3571428571429,326.1311475409836,326.5826086956522,324.3333333333334,322.5,323.5109489051095,319.5555555555555,318.2692307692308,317.375,315.1142857142857
326.2857142857143,326.1147540983607,326.5565217391304,324.3030303030303,322.4444444444445,323.5766423357664,319.6666666666667,318.2307692307692,317.4166666666667,315.1714285714286
326.2142857142857,326.0983606557377,326.5304347826087,324.2727272727273,322.3888888888889,323.6423357664233,319.7777777777778,318.1923076923077,317.4583333333334,315.2285714285714
326.1428571428571,326.0819672131148,326.504347826087,324.2424242424242,322.3333333333334,323.7080291970803,319.8888888888889,318.1538461538462,317.5,315.2857142857143
326.0714285714286,326.0655737704918,326.4782608695652,324.2121212121212,322.2777777777778,323.7737226277372,320,318.1153846153846,317.5416666666666,315.3428571428572
326,326.0491803278688,326.4521739130435,324.1818181818182,322.2222222222222,323.8394160583942,320.1111111111111,318.0769230769231,317.5833333333334,315.4
325.9312977099236,326.0327868852459,326.4260869565217,324.1515151515152,322.1666666666666,323.9051094890511,320.2222222222222,318.0384615384615,317.625,315.4571428571429
325.8625954198473,326.016393442623,326.4,324.1212121212121,322.1111111111111,323.970802919708,320.3333333333334,318,317.6666666666667,315.5142857142857
325.7938931297709,326,326.3739130434783,324.0909090909091,322.0555555555555,324.036496350365,320.4444444444445,318.0555555555555,317.7083333333334,315.5714285714286
325.7251908396946,325.9464285714286,326.3478260869565,324.0606060606061,322,324.1021897810219,320.5555555555555,318.1111111111111,317.75,315.6285714285714
325.6564885496183,325.8928571428572,326.3217391304348,324.030303030303,322.09375,324.1678832116788,320.6666666666666,318.1666666666667,317.7916666666667,315.6857142857143
325.587786259542,325.8392857142857,326.295652173913,324,322.1875,324.2335766423358,320.7777777777778,318.2222222222222,317.8333333333334,315.7428571428571
325.5190839694657,325.7857142857143,326.2695652173913,324.0294117647059,322.28125,324.2173913043478,320.8888888888889,318.2777777777778,317.875,315.8
325.4503816793893,325.7321428571428,326.2371794871795,324.0588235294118,322.375,324.1739130434783,321,318.3333333333334,317.9166666666666,315.8571428571429
325.381679389313,325.6785714285714,326.1858974358974,324.0882352941176,322.46875,324.1304347826087,320.9444444444445,318.3888888888889,317.9583333333333,315.9142857142857
325.3129770992366,325.625,326.1346153846154,324.1176470588235,322.5625,324.0869565217391,320.8888888888889,318.4444444444445,318,315.9714285714285
325.2442748091603,325.5714285714286,326.0833333333333,324.1470588235294,322.65625,324.0434782608696,320.8333333333333,318.5,318.0384615384615,316.0285714285715
325.175572519084,325.5178571428572,326.0320512820513,324.1764705882353,322.75,324,320.7777777777778,318.5555555555555,318.0769230769231,316.0857142857143
325.1068702290077,325.4642857142857,325.9807692307692,324.2058823529412,322.84375,323.9565217391304,320.7222222222222,318.6111111111111,318.1153846153846,316.1428571428571
325.0381679389313,325.4107142857143,325.9294871794872,324.2352941176471,322.9375,323.9130434782609,320.6666666666667,318.6666666666667,318.1538461538462,316.2
324.969465648855,325.3571428571428,325.8782051282051,324.264705882353,323.03125,323.8695652173913,320.6111111111111,318.7222222222222,318.1923076923077,316.2571428571429
324.9007633587786,325.3035714285714,325.8269230769231,324.2941176470588,323.125,323.8260869565217,320.5555555555555,318.7777777777778,318.2307692307692,316.3142857142857
324.8320610687023,325.25,325.775641025641,324.3235294117647,323.21875,323.7826086956522,320.5,318.8333333333334,318.2692307692308,316.3714285714286
324.763358778626,325.1964285714286,325.724358974359,324.3529411764706,323.3125,323.7391304347826,320.4444444444445,318.8888888888889,318.3076923076923,316.4285714285714
324.6946564885496,325.1428571428571,325.6730769230769,324.3823529411765,323.40625,323.695652173913,320.3888888888889,318.9444444444445,318.3461538461539,316.4857142857143
324.6259541984733,325.0892857142857,325.6217948717949,324.4117647058823,323.5,323.6521739130435,320.3333333333333,319,318.3846153846154,316.5428571428571
324.5572519083969,325.0357142857143,325.5705128205128,324.4411764705882,323.59375,323.6086956521739,320.2777777777778,318.9583333333334,318.4230769230769,316.6
324.4885496183206,324.9821428571429,325.5192307692308,324.4705882352941,323.6875,323.5652173913044,320.2222222222222,318.9166666666666,318.4615384615385,316.6571428571429
324.4198473282443,324.9285714285714,325.4679487179487,324.5,323.78125,323.5217391304348,320.1666666666667,318.875,318.5,316.7142857142857
324.3511450381679,324.875,325.4166666666667,324.5294117647059,323.875,323.4782608695652,320.1111111111111,318.8333333333334,318.5384615384615,316.7714285714285
324.2824427480916,324.8214285714286,325.3653846153846,324.5588235294118,323.96875,323.4347826086956,320.0555555555555,318.7916666666666,318.5769230769231,316.8285714285714
324.2137404580153,324.7678571428571,325.3141025641026,324.5882352941177,324.0625,323.3913043478261,320,318.75,318.6153846153846,316.8857142857143
324.1450381679389,324.7142857142857,325.2628205128206,324.6176470588235,324.15625,323.3478260869565,320.0769230769231,318.7083333333333,318.6538461538461,316.9428571428571
324.0763358778626,324.6607142857143,325.2358490566038,324.6470588235294,324.25,323.304347826087,320.1538461538462,318.6666666666667,318.6923076923077,317
324.0076335877862,324.6071428571429,325.2169811320755,324.6764705882352,324.34375,323.2608695652174,320.2307692307692,318.625,318.7307692307692,316.7777777777778
323.9389312977099,324.5535714285714,325.1981132075472,324.7058823529412,324.4375,323.2173913043478,320.3076923076923,318.5833333333333,318.7692307692308,316.5555555555555
323.8702290076336,324.5,325.1792452830189,324.7352941176471,324.53125,323.1739130434783,320.3846153846154,318.5416666666667,318.8076923076923,316.3333333333333
323.8015267175572,324.4464285714286,325.1603773584906,324.7647058823529,324.625,323.1304347826087,320.4615384615385,318.5,318.8461538461538,316.1111111111111
323.7323943661972,324.3928571428571,325.1415094339623,324.7941176470588,324.71875,323.0869565217391,320.5384615384615,318.4583333333334,318.8846153846154,315.8888888888889
323.661971830986,324.3392857142857,325.1226415094339,324.8235294117647,324.8125,323.0434782608696,320.6153846153846,318.4166666666666,318.9230769230769,315.6666666666666
323.5915492957747,324.2857142857143,325.1037735849056,324.8529411764706,324.90625,323,320.6923076923077,318.375,318.9615384615385,315.4444444444445
323.5211267605634,324.2321428571429,325.0849056603773,324.8823529411765,325,322.96875,320.7692307692308,318.3333333333334,319,315.2222222222222
323.4507042253521,324.1785714285714,325.066037735849,324.9117647058824,324.9333333333333,322.9375,320.8461538461538,318.2916666666666,319.0222222222222,315
323.3802816901408,324.125,325.0471698113208,324.9411764705882,324.8666666666667,322.90625,320.9230769230769,318.25,319.0444444444445,315.0909090909091
323.3098591549296,324.0714285714286,325.0283018867925,324.9705882352941,324.8,322.875,321,318.2083333333334,319.0666666666667,315.1818181818182
323.2394366197183,324.0178571428571,325.0094339622642,325,324.7333333333333,322.84375,321.1,318.1666666666666,319.0888888888889,315.2727272727273
323.169014084507,323.9642857142857,324.9905660377358,324.948717948718,324.6666666666667,322.8125,321.2,318.125,319.1111111111111,315.3636363636364
323.0985915492957,323.9107142857143,324.9716981132075,324.8974358974359,324.6,322.78125,321.3,318.0833333333334,319.1333333333334,315.4545454545454
323.0281690140845,323.8571428571429,324.9528301886792,324.8461538461539,324.5333333333333,322.75,321.4,318.0416666666666,319.1555555555556,315.5454545454546
322.9577464788732,323.8035714285714,324.933962264151,324.7948717948718,324.4666666666667,322.71875,321.5,318,319.1777777777778,315.6363636363636
322.887323943662,323.75,324.9150943396227,324.7435897435897,324.4,322.6875,321.6,318.0588235294118,319.2,315.7272727272727
322.8169014084507,323.6964285714286,324.8962264150944,324.6923076923077,324.3333333333334,322.65625,321.7,318.1176470588235,319.2222222222222,315.8181818181818
322.7464788732394,323.6428571428571,324.8773584905661,324.6410256410256,324.2666666666667,322.625,321.8,318.1764705882353,319.2444444444444,315.9090909090909
322.6760563380282,323.5892857142857,324.8584905660377,324.5897435897436,324.2,322.59375,321.9,318.2352941176471,319.2666666666667,316
322.6056338028169,323.5357142857143,324.8396226415094,324.5384615384615,324.1333333333333,322.5625,322,318.2941176470588,319.2888888888889,316.0909090909091
322.5352112676056,323.4821428571429,324.8207547169811,324.4871794871794,324.0666666666667,322.53125,322.1,318.3529411764706,319.3111111111111,316.1818181818182
322.4647887323944,323.4285714285714,324.8018867924529,324.4358974358975,324,322.5,322.2,318.4117647058823,319.3333333333334,316.2727272727273
322.3943661971831,323.375,324.7830188679245,324.3846153846154,323.9333333333333,322.46875,322.3,318.4705882352941,319.3555555555556,316.3636363636364
322.3239436619718,323.3214285714286,324.7641509433962,324.3333333333334,323.8666666666667,322.4375,322.4,318.5294117647059,319.3777777777777,316.4545454545455
322.2535211267606,323.2678571428571,324.7528089887641,324.2820512820513,323.8,322.40625,322.5,318.5882352941177,319.4,316.5454545454545
322.1830985915493,323.2142857142857,324.7640449438202,324.2307692307692,323.7333333333333,322.375,322.6,318.6470588235294,319.4222222222222,316.6363636363636
322.112676056338,323.1607142857143,324.7752808988764,324.1794871794872,323.6666666666666,322.34375,322.7,318.7058823529412,319.4444444444445,316.7272727272727
322.0422535211268,323.1071428571428,324.7865168539325,324.1282051282051,323.6,322.3125,322.8,318.7647058823529,319.4666666666667,316.8181818181818
321.9718309859155,323.0535714285714,324.7977528089888,324.0769230769231,323.5333333333333,322.28125,322.9,318.8235294117647,319.4888888888888,316.9090909090909
321.9014084507043,323,324.808988764045,324.025641025641,323.4666666666667,322.25,323,318.8823529411765,319.5111111111111,317
321.8309859154929,322.9430051813472,324.8202247191011,323.974358974359,323.4,322.21875,322.9285714285714,318.9411764705882,319.5333333333333,317.0909090909091
321.7605633802817,322.8860103626943,324.8314606741573,323.9230769230769,323.3333333333334,322.1875,322.8571428571428,319,319.5555555555555,317.1818181818182
321.6901408450704,322.8290155440415,324.8426966292135,323.8717948717949,323.2666666666667,322.15625,322.7857142857143,319.05,319.5777777777778,317.2727272727273
321.6197183098591,322.7720207253886,324.8539325842696,323.8205128205128,323.2,322.125,322.7142857142857,319.1,319.6,317.3636363636364
321.5492957746479,322.7150259067357,324.8651685393259,323.7692307692308,323.1333333333334,322.09375,322.6428571428571,319.15,319.6222222222222,317.4545454545455
321.4788732394366,322.6580310880829,324.876404494382,323.7179487179487,323.0666666666667,322.0625,322.5714285714286,319.2,319.6444444444444,317.5454545454546
321.4084507042253,322.6010362694301,324.8876404494382,323.6666666666667,323,322.03125,322.5,319.25,319.6666666666666,317.6363636363636
321.3380281690141,322.5440414507772,324.8988764044944,323.6153846153846,323,322,322.4285714285714,319.3,319.6888888888889,317.7272727272727
321.2676056338028,322.4870466321244,324.9101123595506,323.5641025641025,323,322.0196078431372,322.3571428571429,319.35,319.7111111111111,317.8181818181818
321.1895734597156,322.4300518134716,324.9213483146067,323.5128205128206,323,322.0392156862745,322.2857142857143,319.4,319.7333333333333,317.9090909090909
321.1090047393365,322.3730569948186,324.9325842696629,323.4615384615385,323,322.0588235294118,322.2142857142857,319.45,319.7555555555556,318
321.0284360189573,322.3160621761658,324.9438202247191,323.4102564102564,323,322.078431372549,322.1428571428571,319.5,319.7777777777778,317.9777777777778
320.9478672985782,322.2590673575129,324.9550561797753,323.3589743589744,323,322.0980392156863,322.0714285714286,319.55,319.8,317.9555555555556
320.867298578199,322.2020725388601,324.9662921348315,323.3076923076923,323,322.1176470588235,322,319.6,319.8222222222222,317.9333333333333
320.7867298578199,322.1450777202073,324.9775280898876,323.2564102564102,323,322.1372549019608,321.9090909090909,319.65,319.8444444444444,317.9111111111112
320.7061611374407,322.0880829015544,324.9887640449438,323.2051282051282,323,322.156862745098,321.8181818181818,319.7,319.8666666666667,317.8888888888889
320.6255924170616,322.0310880829016,325,323.1538461538461,323,322.1764705882353,321.7272727272727,319.75,319.8888888888889,317.8666666666667
320.5450236966825,321.9740932642487,324.9795918367347,323.1025641025641,323,322.1960784313725,321.6363636363636,319.8,319.9111111111111,317.8444444444445
320.4644549763033,321.9170984455959,324.9591836734694,323.051282051282,323,322.2156862745098,321.5454545454545,319.85,319.9333333333333,317.8222222222222
320.3838862559242,321.860103626943,324.9387755102041,323,323,322.2352941176471,321.4545454545454,319.9,319.9555555555555,317.8
320.303317535545,321.8031088082902,324.9183673469388,322.962962962963,323,322.2549019607843,321.3636363636364,319.95,319.9777777777778,317.7777777777778
320.2227488151659,321.7461139896373,324.8979591836735,322.9259259259259,323,322.2745098039215,321.2727272727273,320,320,317.7555555555555
320.1421800947867,321.6891191709844,324.8775510204082,322.8888888888889,323,322.2941176470588,321.1818181818181,320.0526315789473,320.037037037037,317.7333333333333
320.0616113744076,321.6321243523316,324.8571428571429,322.8518518518518,323,322.313725490196,321.0909090909091,320.1052631578947,320.0740740740741,317.7111111111111
319.9810426540284,321.5751295336788,324.8367346938775,322.8148148148148,323,322.3333333333333,321,320.1578947368421,320.1111111111111,317.6888888888889
319.9004739336493,321.5181347150259,324.8163265306122,322.7777777777778,323,322.3529411764706,321.1538461538462,320.2105263157895,320.1481481481481,317.6666666666667
319.8199052132701,321.4611398963731,324.795918367347,322.7407407407407,323,322.3725490196078,321.3076923076923,320.2631578947368,320.1851851851852,317.6444444444444
319.739336492891,321.4041450777202,324.7755102040816,322.7037037037037,323.0344827586207,322.3921568627451,321.4615384615385,320.3157894736842,320.2222222222222,317.6222222222222
319.6587677725119,321.3471502590673,324.7551020408163,322.6666666666667,323.0689655172414,322.4117647058824,321.6153846153846,320.3684210526316,320.2592592592592,317.6
319.5781990521327,321.2901554404145,324.734693877551,322.6296296296296,323.1034482758621,322.4313725490196,321.7692307692308,320.421052631579,320.2962962962963,317.5777777777778
319.4976303317536,321.2331606217617,324.7142857142857,322.5925925925926,323.1379310344827,322.4509803921569,321.9230769230769,320.4736842105263,320.3333333333333,317.5555555555555
319.4170616113744,321.1761658031088,324.6938775510204,322.5555555555555,323.1724137931034,322.4705882352941,322.0769230769231,320.5263157894736,320.3703703703703,317.5333333333333
319.3364928909953,321.119170984456,324.6734693877551,322.5185185185185,323.2068965517241,322.4901960784314,322.2307692307692,320.578947368421,320.4074074074074,317.5111111111111
319.2559241706161,321.0621761658031,324.6530612244898,322.4814814814815,323.2413793103448,322.5098039215686,322.3846153846154,320.6315789473684,320.4444444444445,317.4888888888889
319.175355450237,321.0051813471503,324.6326530612245,322.4444444444445,323.2758620689655,322.5294117647059,322.5384615384615,320.6842105263158,320.4814814814815,317.4666666666667
319.0947867298578,320.9481865284974,324.6122448979592,322.4074074074074,323.3103448275862,322.5490196078431,322.6923076923077,320.7368421052631,320.5185185185185,317.4444444444445
319.0142180094787,320.8911917098445,324.5918367346939,322.3703703703703,323.3448275862069,322.5686274509804,322.8461538461539,320.7021276595744,320.5555555555555,317.4222222222222
318.9336492890995,320.8341968911917,324.5714285714286,322.3333333333334,323.3793103448276,322.5882352941177,323,320.6382978723404,320.5925925925926,317.4
318.8530805687204,320.7772020725388,324.5510204081633,322.2962962962963,323.4137931034483,322.6078431372549,322.9411764705882,320.5744680851064,320.6296296296297,317.3777777777777
318.7725118483413,320.720207253886,324.530612244898,322.2592592592592,323.448275862069,322.6274509803922,322.8823529411765,320.5106382978723,320.6666666666666,317.3555555555556
318.6919431279621,320.6632124352332,324.5102040816327,322.2222222222222,323.4827586206897,322.6470588235294,322.8235294117647,320.4468085106383,320.7037037037037,317.3333333333333
318.611374407583,320.6062176165803,324.4653338053625,322.1851851851852,323.5172413793103,322.6666666666667,322.7647058823529,320.3829787234043,320.7407407407408,317.3111111111111
318.5308056872038,320.5492227979275,324.4129572006186,322.1481481481482,323.551724137931,322.6862745098039,322.7058823529412,320.3191489361702,320.7777777777778,317.2888888888889
318.4502369668246,320.4922279792746,324.3605805958748,322.1111111111111,323.5862068965517,322.7058823529412,322.6470588235294,320.2553191489362,320.8148148148148,317.2666666666667
318.3696682464455,320.4352331606217,324.3082039911308,322.0740740740741,323.6206896551724,322.7254901960785,322.5882352941177,320.1914893617021,320.8518518518518,317.2444444444444
318.2890995260664,320.3782383419689,324.255827386387,322.0370370370371,323.6551724137931,322.7450980392157,322.5294117647059,320.1276595744681,320.8888888888889,317.2222222222222
318.2085308056872,320.3212435233161,324.203450781643,322,323.6896551724138,322.7647058823529,322.4705882352941,320.0638297872341,320.9259259259259,317.2
318.1279620853081,320.2642487046632,324.1510741768992,321.9705882352941,323.7241379310345,322.7843137254902,322.4117647058823,320,320.9629629629629,317.1777777777778
318.0473933649289,320.1869158878505,324.0986975721553,321.9411764705882,323.7586206896552,322.8039215686274,322.3529411764706,320.1489361702128,321,317.1555555555556
317.9668246445498,320.1028037383178,324.0463209674114,321.9117647058823,323.7931034482759,322.8235294117647,322.2941176470588,320.2978723404256,320.953488372093,317.1333333333333
317.8862559241706,320.018691588785,323.9939443626674,321.8823529411765,323.8275862068966,322.843137254902,322.2352941176471,320.4468085106383,320.9069767441861,317.1111111111111
317.8056872037915,319.9345794392523,323.9415677579236,321.8529411764706,323.8620689655173,322.8627450980392,322.1764705882352,320.5957446808511,320.8604651162791,317.0888888888888
317.7251184834124,319.8504672897197,323.8891911531797,321.8235294117647,323.896551724138,322.8823529411765,322.1176470588235,320.7446808510638,320.8139534883721,317.0666666666667
317.6445497630331,319.7663551401869,323.8368145484358,321.7941176470588,323.9310344827586,322.9019607843137,322.0588235294118,320.8936170212766,320.7674418604651,317.0444444444445
317.563981042654,319.6822429906542,323.7844379436919,321.7647058823529,323.9655172413793,322.921568627451,322,321.0425531914893,320.7209302325581,317.0222222222222
317.4834123222749,319.5981308411215,323.732061338948,321.7352941176471,324,322.9411764705882,322.0666666666667,321.1914893617021,320.6744186046512,317
317.4028436018958,319.5140186915888,323.6796847342041,321.7058823529412,323.8421052631579,322.9607843137255,322.1333333333333,321.3404255319149,320.6279069767442,317
317.3222748815166,319.4299065420561,323.6273081294602,321.6764705882353,323.6842105263158,322.9803921568627,322.2,321.4893617021277,320.5813953488372,317
317.2417061611375,319.3457943925234,323.5749315247163,321.6470588235294,323.5263157894736,323,322.2666666666667,321.6382978723404,320.5348837209302,317
317.1611374407583,319.2616822429907,323.5225549199724,321.6176470588235,323.3684210526316,323,322.3333333333334,321.6818181818181,320.4883720930233,317
317.0805687203791,319.1775700934579,323.4701783152285,321.5882352941176,323.2105263157895,323,322.4,321.4090909090909,320.4418604651163,317
317,319.0934579439252,323.4178017104846,321.5588235294118,323.0526315789474,323,322.4666666666667,321.1363636363636,320.3953488372093,317
316.9433962264151,319.0093457943925,323.3654251057408,321.5294117647059,322.8947368421053,323,322.5333333333333,320.8636363636364,320.3488372093024,317
316.8867924528302,318.9252336448598,323.3130485009968,321.5,322.7368421052632,323,322.6,320.5909090909091,320.3023255813954,317
316.8301886792453,318.8411214953271,323.260671896253,321.4705882352941,322.578947368421,323,322.6666666666666,320.3181818181818,320.2558139534884,317
316.7735849056604,318.7570093457944,323.2082952915091,321.4411764705882,322.421052631579,323,322.7333333333333,320.2671755725191,320.2093023255814,317
316.7169811320755,318.6728971962617,323.1559186867652,321.4117647058824,322.2631578947368,323,322.8,320.2900763358779,320.1627906976744,317
316.6603773584906,318.588785046729,323.1035420820212,321.3823529411765,322.1052631578947,323,322.8666666666667,320.3129770992366,320.1162790697674,317
316.6037735849056,318.5046728971963,323.0511654772774,321.3529411764706,321.9473684210527,323,322.9333333333333,320.3358778625954,320.0697674418604,317
316.5471698113208,318.4205607476636,322.9987888725335,321.3235294117647,321.7894736842105,323,323,320.3587786259542,320.0232558139535,317
316.4905660377358,318.3364485981308,322.9464122677896,321.2941176470588,321.6315789473684,323,322.9444444444445,320.381679389313,319.9767441860465,317
316.433962264151,318.2523364485981,322.8940356630457,321.2647058823529,321.4736842105264,323,322.8888888888889,320.4045801526718,319.9302325581396,317
316.3773584905661,318.1682242990655,322.8416590583018,321.2352941176471,321.3157894736842,323,322.8333333333334,320.4274809160305,319.8837209302326,317
316.3207547169811,318.0841121495327,322.7892824535579,321.2058823529412,321.1578947368421,323,322.7777777777778,320.4503816793894,319.8372093023256,317
316.2641509433963,318,322.7418032786886,321.1764705882352,321,322.9703947368421,322.7222222222222,320.4732824427481,319.7906976744186,317
316.2075471698113,317.9497716894977,322.7090163934426,321.1470588235294,321,322.9309210526316,322.6666666666667,320.4961832061069,319.7441860465116,317
316.1509433962264,317.8995433789955,322.6762295081967,321.1176470588235,321,322.891447368421,322.6111111111111,320.5190839694657,319.6976744186047,317
316.0943396226415,317.8493150684932,322.6434426229508,321.0882352941177,321,322.8519736842105,322.5555555555555,320.5419847328245,319.6511627906976,317
316.0377358490566,317.7990867579909,322.6106557377049,321.0588235294118,321,322.8125,322.5,320.5648854961833,319.6046511627907,317
315.9811320754717,317.7488584474886,322.5778688524591,321.0294117647059,321,322.7730263157895,322.4444444444445,320.587786259542,319.5581395348837,317
315.9245283018868,317.6986301369863,322.5450819672131,321,321,322.733552631579,322.3888888888889,320.6106870229008,319.5116279069767,317
315.8679245283019,317.648401826484,322.5122950819672,320.9565217391304,321,322.6940789473684,322.3333333333334,320.6335877862596,319.4651162790698,317
315.811320754717,317.5981735159817,322.4795081967213,320.9130434782609,321,322.6546052631579,322.2777777777778,320.6564885496184,319.4186046511628,317
315.7547169811321,317.5479452054794,322.4467213114754,320.8695652173913,321,322.6151315789474,322.2222222222222,320.6793893129771,319.3720930232558,317
315.6981132075472,317.4977168949772,322.4139344262295,320.8260869565217,321,322.5756578947369,322.1666666666667,320.7022900763359,319.3255813953488,317
315.6415094339623,317.4474885844749,322.3811475409836,320.7826086956522,321,322.5361842105263,322.1111111111111,320.7251908396947,319.2790697674419,317
315.5849056603773,317.3972602739726,322.3483606557377,320.7391304347826,321,322.4967105263158,322.0555555555555,320.7480916030535,319.2325581395349,317
315.5283018867925,317.3470319634703,322.3155737704918,320.695652173913,321,322.4572368421053,322,320.7709923664122,319.1860465116279,317
315.4716981132075,317.296803652968,322.282786885246,320.6521739130435,320.962962962963,322.4177631578947,321.9285714285714,320.793893129771,319.139534883721,317
315.4150943396227,317.2465753424657,322.25,320.6086956521739,320.9259259259259,322.3782894736842,321.8571428571428,320.8167938931298,319.0930232558139,317
315.3584905660377,317.1963470319635,322.2172131147541,320.5652173913044,320.8888888888889,322.3388157894737,321.7857142857143,320.8396946564886,319.046511627907,317
315.3018867924528,317.1461187214612,322.1844262295082,320.5217391304348,320.8518518518518,322.2993421052632,321.7142857142857,320.8625954198473,319,317
315.2452830188679,317.0958904109589,322.1516393442623,320.4782608695652,320.8148148148148,322.2598684210526,321.6428571428571,320.8854961832061,318.9787234042553,317
315.188679245283,317.0456621004566,322.1188524590164,320.4347826086956,320.7777777777778,322.2014388489209,321.5714285714286,320.9083969465649,318.9574468085106,317
315.1320754716982,316.9954337899543,322.0860655737705,320.3913043478261,320.7407407407408,322.136690647482,321.5,320.9312977099237,318.936170212766,317
315.0754716981132,316.9452054794521,322.0532786885246,320.3478260869565,320.7037037037037,322.0719424460432,321.4285714285714,320.9541984732824,318.9148936170213,317
315.0188679245283,316.8949771689498,322.0204918032787,320.3043478260869,320.6666666666667,322.0071942446043,321.3571428571428,320.9770992366413,318.8936170212766,317
314.9622641509434,316.8447488584475,321.9877049180328,320.2608695652174,320.6296296296296,321.9424460431655,321.2857142857143,321,318.8723404255319,317
314.9056603773585,316.7945205479452,321.9549180327868,320.2173913043478,320.5925925925926,321.8776978417266,321.2142857142857,320.9583333333333,318.8510638297872,317
314.8490566037736,316.7442922374429,321.9221311475409,320.1739130434783,320.5555555555555,321.8129496402878,321.1428571428571,320.9166666666667,318.8297872340426,317
314.7924528301887,316.6940639269407,321.8893442622951,320.1304347826087,320.5185185185185,321.7482014388489,321.0714285714286,320.875,318.8085106382979,317
314.7358490566038,316.6438356164384,321.8565573770492,320.0869565217391,320.4814814814815,321.68345323741,321,320.8333333333333,318.7872340425532,317
314.6792452830189,316.5936073059361,321.8237704918033,320.0434782608696,320.4444444444445,321.6187050359712,320.9444444444445,320.7916666666667,318.7659574468085,317
314.6226415094339,316.5433789954338,321.7909836065574,320,320.4074074074074,321.5539568345324,320.8888888888889,320.75,318.7446808510638,317
314.566037735849,316.4931506849315,321.7581967213114,319.9666666666666,320.3703703703704,321.4892086330935,320.8333333333333,320.7083333333333,318.7234042553191,317
314.5094339622642,316.4429223744293,321.7134146341464,319.9333333333333,320.3333333333333,321.4244604316547,320.7777777777778,320.6666666666667,318.7021276595744,317
314.4528301886793,316.3926940639269,321.6646341463414,319.9,320.2962962962963,321.3597122302158,320.7222222222222,320.625,318.6808510638298,317
314.3962264150944,316.3424657534247,321.6158536585365,319.8666666666667,320.2592592592592,321.294964028777,320.6666666666667,320.5833333333333,318.6595744680851,317
314.3396226415094,316.2922374429224,321.5670731707317,319.8333333333334,320.2222222222222,321.2302158273382,320.6111111111111,320.5416666666667,318.6382978723404,317
314.2830188679245,316.2420091324201,321.5182926829269,319.8,320.1851851851852,321.1654676258993,320.5555555555555,320.5,318.6170212765958,317
314.2264150943396,316.1917808219178,321.469512195122,319.7666666666667,320.1481481481482,321.1007194244604,320.5,320.4583333333333,318.5957446808511,317
314.1698113207547,316.1415525114155,321.420731707317,319.7333333333333,320.1111111111111,321.0359712230216,320.4444444444445,320.4166666666667,318.5744680851064,317
314.1132075471698,316.0913242009133,321.3719512195122,319.7,320.0740740740741,320.9712230215828,320.3888888888889,320.375,318.5531914893617,317
314.0566037735849,316.041095890411,321.3231707317073,319.6666666666667,320.0370370370371,320.9064748201439,320.3333333333333,320.3333333333333,318.531914893617,317
314,315.9908675799087,321.2743902439024,319.6333333333333,320,320.841726618705,320.2777777777778,320.2916666666667,318.5106382978723,317
313.875,315.9406392694064,321.2256097560976,319.6,319.9259259259259,320.7769784172662,320.2222222222222,320.25,318.4893617021277,317
313.75,315.8904109589041,321.1768292682926,319.5666666666667,319.8518518518518,320.7122302158273,320.1666666666667,320.2083333333333,318.468085106383,317
313.625,315.8401826484018,321.1280487804878,319.5333333333333,319.7777777777778,320.6474820143885,320.1111111111111,320.1666666666667,318.4468085106383,317
313.5,315.7899543378995,321.0792682926829,319.5,319.7037037037037,320.5827338129496,320.0555555555555,320.125,318.4255319148936,317
313.375,315.7397260273972,321.030487804878,319.4666666666667,319.6296296296297,320.5179856115108,320,320.0833333333333,318.4042553191489,317
313.25,315.6894977168949,320.9817073170732,319.4333333333333,319.5555555555555,320.4532374100719,319.9285714285714,320.0416666666667,318.3829787234042,317
313.125,315.6392694063927,320.9329268292684,319.4,319.4814814814815,320.3884892086331,319.8571428571429,320,318.3617021276596,317
313,315.5890410958904,320.8841463414634,319.3666666666667,319.4074074074074,320.3237410071943,319.7857142857143,319.958904109589,318.3404255319149,317
312.875,315.5388127853881,320.8353658536586,319.3333333333334,319.3333333333334,320.2589928057554,319.7142857142857,319.917808219178,318.3191489361702,317
312.75,315.4885844748858,320.7865853658537,319.3,319.2592592592592,320.1942446043166,319.6428571428571,319.8767123287672,318.2978723404256,317
312.625,315.4383561643836,320.7378048780488,319.2666666666667,319.1851851851852,320.1294964028777,319.5714285714286,319.8356164383562,318.2765957446809,317
312.5,315.3881278538813,320.6890243902439,319.2333333333333,319.1111111111111,320.0647482014389,319.5,319.7945205479452,318.2553191489362,317
312.375,315.337899543379,320.640243902439,319.2,319.0370370370371,320,319.4285714285714,319.7534246575343,318.2340425531915,317
312.25,315.2876712328767,320.5914634146342,319.1666666666667,318.9629629629629,319.8958333333333,319.3571428571429,319.7123287671233,318.2127659574468,317
312.125,315.2269230769231,320.5426829268292,319.1333333333333,318.8888888888889,319.7916666666667,319.2857142857143,319.6712328767123,318.1914893617021,317
312,315.1346153846154,320.4939024390244,319.1,318.8148148148148,319.6875,319.2142857142857,319.6301369863014,318.1702127659574,317
311.875,315.0423076923077,320.4451219512195,319.0666666666667,318.7407407407408,319.5833333333333,319.1428571428571,319.5890410958904,318.1489361702128,317
311.75,314.95,320.3963414634146,319.0333333333334,318.6666666666667,319.4791666666667,319.0714285714286,319.5479452054794,318.1276595744681,317
311.625,314.8576923076923,320.3475609756097,319,318.5925925925926,319.375,319,319.5068493150685,318.1063829787234,317
311.5,314.7653846153846,320.2987804878049,318.9160305343511,318.5185185185185,319.2708333333333,318.9565217391304,319.4657534246575,318.0851063829787,317
311.375,314.6730769230769,320.25,318.8320610687023,318.4444444444445,319.1666666666667,318.9130434782609,319.4246575342465,318.0638297872341,316.9642857142857
311.25,314.5807692307692,320.2012195121951,318.7480916030534,318.3703703703704,319.0625,318.8695652173913,319.3835616438356,318.0425531914894,316.9285714285714
311.125,314.4884615384615,320.1524390243903,318.6641221374045,318.2962962962963,318.9583333333333,318.8260869565217,319.3424657534247,318.0212765957447,316.8928571428571
311,314.3961538461539,320.1036585365854,318.5801526717557,318.2222222222222,318.8541666666667,318.7826086956522,319.3013698630137,318,316.8571428571428
310.875,314.3038461538462,320.0548780487805,318.4961832061069,318.1481481481482,318.75,318.7391304347826,319.2602739726027,317.9189189189189,316.8214285714286
310.75,314.2115384615385,320.0060975609756,318.412213740458,318.0740740740741,318.6458333333334,318.6956521739131,319.1686746987951,317.8378378378379,316.7857142857143
310.625,314.1192307692308,319.9573170731708,318.3282442748092,318,318.5416666666666,318.6521739130435,319.0602409638554,317.7567567567567,316.75
310.5,314.0269230769231,319.9085365853659,318.2442748091603,317.9375,318.4375,318.6086956521739,318.9518072289157,317.6756756756757,316.7142857142857
310.375,313.9346153846154,319.859756097561,318.1603053435114,317.875,318.3333333333334,318.5652173913044,318.8433734939759,317.5945945945946,316.6785714285714
310.25,313.8423076923077,319.8109756097561,318.0763358778626,317.8125,318.2291666666666,318.5217391304348,318.7349397590361,317.5135135135135,316.6428571428571
310.125,313.75,319.7621951219512,317.9923664122138,317.75,318.125,318.4782608695652,318.6265060240964,317.4324324324324,316.6071428571428
310,313.6576923076923,319.6607929515418,317.9083969465649,317.6875,318.0208333333334,318.4347826086956,318.5180722891566,317.3513513513514,316.5714285714286
309.8888888888889,313.5653846153846,319.5418502202643,317.824427480916,317.625,317.9166666666666,318.3913043478261,318.4096385542169,317.2702702702703,316.5357142857143
309.7777777777778,313.4730769230769,319.4229074889868,317.7404580152672,317.5625,317.8125,318.3478260869565,318.3012048192771,317.1891891891892,316.5
309.6666666666666,313.3807692307693,319.3039647577093,317.6564885496183,317.5,317.7083333333334,318.3043478260869,318.1927710843373,317.1081081081081,316.4642857142857
309.5555555555555,313.2884615384615,319.1850220264317,317.5725190839695,317.4375,317.6041666666666,318.2608695652174,318.0843373493976,317.027027027027,316.4285714285714
309.4444444444445,313.1961538461538,319.0660792951542,317.4885496183206,317.375,317.5,318.2173913043478,317.9759036144578,316.9459459459459,316.3928571428572
309.3333333333334,313.1038461538461,318.9471365638767,317.4045801526718,317.3125,317.3958333333333,318.1739130434783,317.8674698795181,316.8648648648649,316.3571428571429
309.2222222222222,313.0115384615385,318.8281938325991,317.3206106870229,317.25,317.2916666666667,318.1304347826087,317.7590361445783,316.7837837837837,316.3214285714286
309.1111111111111,312.9192307692308,318.7092511013216,317.236641221374,317.1875,317.1875,318.0869565217391,317.6506024096386,316.7027027027027,316.2857142857143
309,312.8269230769231,318.5903083700441,317.1526717557252,317.125,317.0833333333333,318.0434782608696,317.5421686746988,316.6216216216217,316.25
308.8888888888889,312.7346153846154,318.4713656387665,317.0687022900763,317.0625,316.9791666666667,318,317.433734939759,316.5405405405405,316.2142857142857
308.7777777777778,312.6423076923077,318.352422907489,316.9847328244275,317,316.875,317.9010989010989,317.3253012048193,316.4594594594595,316.1785714285714
308.6666666666667,312.55,318.2334801762115,316.9007633587786,316.9375,316.7708333333333,317.8021978021978,317.2168674698796,316.3783783783784,316.1428571428572
308.5555555555555,312.4576923076923,318.1145374449339,316.8167938931298,316.875,316.6666666666667,317.7032967032967,317.1084337349398,316.2972972972973,316.1071428571429
308.4444444444445,312.3653846153846,317.9955947136564,316.7328244274809,316.8125,316.5625,317.6043956043956,317,316.2162162162163,316.0714285714286
308.3333333333333,312.2730769230769,317.8766519823789,316.6488549618321,316.75,316.4583333333333,317.5054945054945,316.9007633587786,316.1351351351352,316.0357142857143
308.2222222222222,312.1417525773196,317.7577092511013,316.5648854961832,316.6875,316.3541666666667,317.4065934065934,316.8015267175572,316.0540540540541,316
308.1111111111111,311.9974226804123,317.6387665198238,316.4809160305343,316.625,316.25,317.3076923076923,316.7022900763358,315.972972972973,315.8947368421053
308,311.8530927835051,317.5198237885463,316.3969465648855,316.5625,316.1458333333333,317.2087912087912,316.6030534351145,315.8918918918919,315.7894736842105
307.8888888888889,311.708762886598,317.4008810572687,316.3129770992367,316.5,316.0416666666667,317.1098901098901,316.5038167938931,315.8108108108108,315.6842105263158
307.7777777777778,311.5644329896907,317.2819383259912,316.21875,316.4375,315.9375,317.010989010989,316.4045801526718,315.7297297297297,315.578947368421
307.6666666666666,311.4201030927835,317.1629955947137,316.09375,316.375,315.8333333333333,316.9120879120879,316.3053435114504,315.6486486486486,315.4736842105264
307.5555555555555,311.2757731958763,317.0440528634361,315.96875,316.3125,315.7291666666667,316.8131868131868,316.206106870229,315.5675675675676,315.3684210526316
307.4444444444445,311.1314432989691,316.9251101321586,315.84375,316.25,315.625,316.7142857142857,316.1068702290077,315.4864864864865,315.2631578947368
307.3333333333334,310.9871134020618,316.8061674008811,315.71875,316.1875,315.5208333333333,316.6153846153846,316.0076335877862,315.4054054054054,315.1578947368421
307.2222222222222,310.8427835051547,316.6872246696036,315.59375,316.125,315.4166666666667,316.5164835164835,315.9083969465649,315.3243243243243,315.0526315789474
307.1111111111111,310.6984536082474,316.5606528009181,315.46875,316.0625,315.3125,316.4175824175824,315.8091603053435,315.2432432432432,314.9473684210526
307,310.5541237113402,316.4183412666944,315.34375,316,315.2083333333333,316.3186813186813,315.7099236641221,315.1621621621621,314.8421052631579
306.8888888888889,310.409793814433,316.2760297324706,315.21875,315.8750000000001,315.1041666666667,316.2197802197802,315.6106870229007,315.0810810810811,314.7368421052631
306.7777777777778,310.2654639175258,316.133718198247,315.09375,315.7499999999999,315,316.1208791208791,315.5114503816794,315,314.6315789473684
306.6666666666666,310.1211340206186,315.9914066640233,314.96875,315.625,314.9032258064516,316.021978021978,315.412213740458,314.9393939393939,314.5263157894737
306.5555555555555,309.9768041237114,315.8490951297996,314.84375,315.5000000000001,314.8064516129032,315.9230769230769,315.3129770992366,314.8787878787879,314.421052631579
306.4444444444445,309.8324742268042,315.7067835955759,314.7037037037037,315.375,314.7096774193549,315.8241758241758,315.2137404580153,314.8181818181818,314.3157894736842
306.3333333333334,309.6881443298969,315.5644720613521,314.5185185185185,315.25,314.6129032258065,315.7151162790698,315.1145038167939,314.7575757575758,314.2105263157895
306.2222222222222,309.5438144329897,315.4221605271285,314.3333333333333,315.125,314.516129032258,315.5755813953488,315.0152671755725,314.6969696969697,314.1052631578947
306.1111111111111,309.3994845360825,315.2798489929048,314.1481481481481,315,314.4193548387097,315.436046511628,314.9160305343511,314.6363636363636,314
306,309.2551546391752,315.1375374586811,313.9629629629629,314.875,314.3225806451612,315.296511627907,314.8167938931298,314.5757575757576,313.9047619047619
305.8070175438597,309.1108247422681,314.9952259244574,313.7777777777777,314.75,314.2258064516129,315.156976744186,314.7175572519084,314.5151515151515,313.8095238095238
305.6140350877193,308.9664948453608,314.8529143902337,313.5925925925926,314.625,314.1290322580645,315.0174418604651,314.618320610687,314.4545454545454,313.7142857142857
305.421052631579,308.8221649484536,314.71060285601,313.4074074074074,314.5,314.0322580645161,314.8779069767442,314.5190839694657,314.3939393939394,313.6190476190476
305.2280701754386,308.6778350515464,314.5682913217863,313.2222222222222,314.375,313.9354838709677,314.7383720930233,314.4198473282443,314.3333333333334,313.5238095238095
305.0350877192982,308.5335051546392,314.4259797875626,313.037037037037,314.25,313.8387096774193,314.5988372093024,314.3206106870229,314.2727272727273,313.4285714285714
304.8421052631579,308.3891752577319,314.2836682533389,312.8518518518518,314.125,313.741935483871,314.4593023255813,314.2213740458015,314.2121212121212,313.3333333333334
304.6491228070175,308.2448453608247,314.1413567191152,312.6666666666666,314,313.6451612903226,314.3197674418604,314.1221374045801,314.1515151515151,313.2380952380952
304.4561403508771,308.1005154639175,313.9990451848914,312.4814814814815,313.875,313.5483870967742,314.1802325581396,314.0229007633588,314.0909090909091,313.1428571428571
304.2631578947368,307.9561855670103,313.8567336506678,312.2962962962963,313.75,313.4516129032259,314.0406976744187,313.9236641221374,314.030303030303,313.047619047619
304.0701754385965,307.8118556701031,313.7071428571429,312.1111111111111,313.625,313.3548387096774,313.9011627906977,313.824427480916,313.969696969697,312.952380952381
303.8771929824561,307.6675257731959,313.5357142857143,311.9259259259259,313.5,313.258064516129,313.7616279069767,313.7169811320755,313.9090909090909,312.8571428571429
303.6842105263158,307.5231958762886,313.3642857142857,311.7407407407408,313.375,313.1612903225806,313.6220930232558,313.5849056603773,313.8484848484849,312.7619047619048
303.4912280701755,307.3788659793814,313.1928571428572,311.5555555555555,313.25,313.0645161290323,313.4825581395349,313.4528301886792,313.7878787878788,312.6666666666667
303.2982456140351,307.2345360824742,313.0214285714285,311.3703703703704,313.125,312.9677419354839,313.3430232558139,313.3207547169811,313.7272727272727,312.5714285714286
303.1308411214953,307.090206185567,312.85,311.1851851851852,313,312.8709677419355,313.203488372093,313.188679245283,313.6666666666667,312.4761904761905
302.9719626168225,306.9458762886598,312.6785714285714,311,312.9047619047619,312.7741935483871,313.0639534883721,313.0566037735849,313.6060606060606,312.3809523809524
302.8130841121495,306.8015463917526,312.5071428571429,310.85,312.8095238095238,312.6774193548387,312.9244186046512,312.9245283018868,313.5454545454546,312.2857142857143
302.6542056074766,306.6572164948453,312.3357142857143,310.7,312.7142857142857,312.5806451612904,312.7848837209302,312.7924528301887,313.4848484848485,312.1904761904762
302.4953271028037,306.5128865979381,312.1642857142857,310.55,312.6190476190476,312.483870967742,312.6847826086957,312.6603773584906,313.4242424242424,312.0952380952381
302.3364485981309,306.3685567010309,311.9928571428571,310.4,312.5238095238095,312.3870967741935,312.5978260869566,312.5283018867925,313.3636363636364,312
302.177570093458,306.2242268041237,311.8214285714286,310.25,312.4285714285714,312.2903225806451,312.5108695652174,312.3962264150944,313.3030303030303,311.9130434782609
302.0186915887851,306.0798969072165,311.65,310.1,312.3333333333334,312.1935483870968,312.4239130434783,312.2641509433963,313.2424242424242,311.8260869565217
301.8598130841121,305.9355670103093,311.4785714285714,309.95,312.2380952380952,312.0967741935484,312.3369565217391,312.1320754716981,313.1818181818182,311.7391304347826
301.7009345794393,305.7912371134021,311.3071428571429,309.8,312.1428571428571,312,312.25,312,313.1212121212121,311.6521739130435
301.5420560747664,305.6469072164948,311.1357142857143,309.65,312.047619047619,311.9032258064516,312.1630434782609,311.8947368421053,313.0606060606061,311.5652173913044
301.3831775700935,305.5025773195877,310.9642857142857,309.5,311.952380952381,311.8064516129032,312.0760869565217,311.7894736842105,313,311.4782608695652
301.2242990654206,305.3582474226804,310.7928571428571,309.35,311.8571428571428,311.7096774193549,311.9891304347826,311.6842105263157,312.9047619047619,311.3913043478261
301.0654205607477,305.2043795620438,310.6081081081081,309.2,311.7619047619048,311.6129032258065,311.9021739130434,311.578947368421,312.8095238095238,311.3043478260869
300.9065420560748,305.021897810219,310.4189189189189,309.05,311.6666666666666,311.516129032258,311.8152173913043,311.4736842105264,312.7142857142857,311.2173913043479
300.7476635514018,304.8394160583941,310.2297297297297,308.9,311.5714285714286,311.4193548387097,311.7010309278351,311.3684210526316,312.6190476190476,311.1304347826087
300.588785046729,304.6569343065694,310.0405405405405,308.75,311.4761904761905,311.3225806451613,311.5051546391753,311.2631578947368,312.5238095238095,311.0434782608696
300.4299065420561,304.4744525547445,309.8513513513514,308.6,311.3809523809524,311.2116788321168,311.3092783505155,311.1578947368421,312.4285714285714,310.9565217391304
300.2710280373832,304.2919708029197,309.6621621621622,308.45,311.2857142857143,311.0583941605839,311.1134020618557,311.0526315789474,312.3333333333334,310.8695652173913
300.1121495327103,304.1094890510949,309.472972972973,308.3,311.1904761904762,310.9051094890511,310.9175257731958,310.9473684210527,312.2380952380952,310.7826086956522
299.9532710280374,303.9270072992701,309.2837837837838,308.15,311.0952380952381,310.7518248175182,310.7216494845361,310.8421052631579,312.1428571428571,310.695652173913
299.7943925233645,303.7445255474453,309.0945945945946,308,311,310.5985401459854,310.5257731958762,310.7368421052632,312.047619047619,310.6086956521739
299.6355140186916,303.5620437956205,308.9054054054054,307.85,310.7931034482759,310.4452554744526,310.3298969072165,310.6315789473684,311.952380952381,310.5217391304348
299.4766355140187,303.3795620437957,308.7162162162162,307.7,310.5862068965517,310.2919708029197,310.1340206185567,310.5263157894737,311.8571428571428,310.4347826086957
299.3177570093458,303.1970802919708,308.527027027027,307.55,310.3793103448276,310.1386861313869,309.9381443298969,310.421052631579,311.7619047619048,310.3478260869565
299.1588785046729,303.014598540146,308.3378378378378,307.4,310.1724137931034,309.985401459854,309.7422680412371,310.3157894736842,311.6666666666666,310.2608695652174
299,302.8321167883212,308.1486486486486,307.25,309.9655172413793,309.8321167883212,309.5463917525773,310.2105263157895,311.5714285714286,310.1739130434783
298.8666666666667,302.6496350364963,307.9594594594595,307.1,309.7586206896552,309.6788321167883,309.3505154639175,310.1052631578947,311.4761904761905,310.0869565217391
298.7333333333333,302.4671532846716,307.7702702702703,306.95,309.551724137931,309.5255474452555,309.1546391752578,310,311.3809523809524,310
298.6,302.2846715328467,307.581081081081,306.8,309.3448275862069,309.3722627737226,308.9587628865979,309.8333333333334,311.2857142857143,309.8695652173913
298.4666666666667,302.1021897810219,307.3918918918919,306.65,309.1379310344828,309.2189781021898,308.7628865979381,309.6666666666666,311.1904761904762,309.7391304347826
298.3333333333334,301.9197080291971,307.2083333333333,306.5,308.9310344827586,309.0656934306569,308.5670103092784,309.5,311.0952380952381,309.6086956521739
298.2,301.7372262773723,307.0416666666666,306.35,308.7241379310345,308.9124087591241,308.3711340206186,309.3333333333334,311,309.4782608695652
298.0666666666667,301.5547445255474,306.8749999999999,306.2,308.5172413793103,308.7591240875912,308.1752577319588,309.1666666666666,310.8695652173913,309.3478260869566
297.9333333333333,301.3722627737226,306.7083333333334,306.05,308.3103448275862,308.6058394160584,307.979381443299,309,310.7391304347826,309.2173913043478
297.8,301.1897810218978,306.5416666666666,305.9,308.103448275862,308.4525547445255,307.7835051546392,308.8333333333333,310.6086956521739,309.0869565217391
297.6666666666667,301.007299270073,306.375,305.75,307.8965517241379,308.2992700729927,307.5876288659794,308.6666666666667,310.4782608695652,308.9565217391304
297.5333333333333,300.8248175182482,306.2083333333333,305.6,307.6896551724138,308.1459854014599,307.3917525773196,308.5,310.3478260869565,308.8260869565217
297.4,300.6423357664233,306.0416666666666,305.45,307.4827586206897,307.992700729927,307.1958762886598,308.3333333333333,310.2173913043478,308.6956521739131
297.2666666666667,300.4598540145985,305.875,305.3,307.2758620689655,307.8394160583941,307,308.1666666666667,310.0869565217391,308.5652173913043
297.1333333333333,300.2773722627737,305.7083333333333,305.15,307.0689655172414,307.6861313868613,306.9,308,309.9565217391304,308.4347826086956
297,300.0948905109489,305.5416666666667,305,306.8620689655173,307.5328467153284,306.8,307.8333333333334,309.8260869565217,308.3043478260869
296.821052631579,299.9124087591241,305.375,304.8666666666667,306.6551724137931,307.3795620437956,306.7,307.6666666666666,309.6956521739131,308.1739130434783
296.6421052631579,299.7299270072993,305.2083333333333,304.7333333333333,306.448275862069,307.2262773722628,306.6,307.5,309.5652173913044,308.0434782608696
296.4631578947369,299.5474452554744,305.0416666666667,304.6,306.2413793103448,307.0729927007299,306.5,307.3333333333334,309.4347826086956,307.9130434782609
296.2842105263158,299.3649635036497,304.875,304.4666666666666,306.0344827586207,306.9197080291971,306.4,307.1666666666666,309.304347826087,307.7826086956522
296.1052631578947,299.1824817518249,304.7,304.3333333333334,305.8275862068966,306.7664233576642,306.3,307,309.1739130434783,307.6521739130435
295.9263157894737,299,304.5000000000001,304.2,305.6206896551724,306.6131386861314,306.2,306.8333333333334,309.0434782608696,307.5217391304348
295.7473684210526,298.8125,304.3,304.0666666666667,305.4137931034483,306.4598540145985,306.1,306.6666666666666,308.9130434782609,307.3913043478261
295.5684210526316,298.625,304.1,303.9333333333333,305.2068965517241,306.3065693430657,306,306.5,308.7826086956522,307.2608695652174
295.3894736842105,298.4375,303.9,303.8,305,306.1532846715328,305.9,306.3333333333334,308.6521739130435,307.1304347826087
295.2105263157895,298.25,303.7,303.6666666666667,304.9166666666667,305.9999999999999,305.8,306.1666666666666,308.5217391304348,307
295.0315789473684,298.0625,303.5,303.5333333333333,304.8333333333333,305.8437499999999,305.7,306,308.3913043478261,306.921052631579
294.8526315789474,297.875,303.3,303.4,304.75,305.6875,305.6,305.8602150537635,308.2608695652174,306.8421052631579
294.6736842105263,297.6875,303.1,303.2666666666667,304.6666666666667,305.53125,305.5,305.7204301075269,308.1304347826087,306.7631578947368
294.4947368421052,297.5,302.9,303.1333333333333,304.5833333333333,305.375,305.4,305.5806451612903,308,306.6842105263158
294.3157894736842,297.3125,302.7,303,304.5,305.21875,305.3,305.4408602150538,307.8666666666667,306.6052631578947
294.1368421052632,297.125,302.5,302.8666666666667,304.4166666666666,305.0625,305.2,305.3010752688172,307.7333333333333,306.5263157894737
293.9578947368421,296.9375,302.3,302.7333333333333,304.3333333333334,304.90625,305.1,305.1612903225806,307.6,306.4473684210526
293.7789473684211,296.75,302.1204188481676,302.6,304.25,304.75,305,305.0215053763441,307.4666666666667,306.3684210526316
293.6,296.5625,301.9476439790575,302.4666666666667,304.1666666666666,304.59375,304.9,304.8817204301075,307.3333333333334,306.2894736842105
293.421052631579,296.375,301.7748691099476,302.3333333333333,304.0833333333334,304.4375,304.8,304.741935483871,307.2,306.2105263157895
293.2421052631579,296.1875,301.6020942408377,302.2,304,304.28125,304.7,304.6021505376344,307.0666666666667,306.1315789473684
293.0631578947368,296,301.4293193717278,302.0666666666667,303.9166666666667,304.125,304.6,304.4623655913979,306.9333333333333,306.0526315789474
292.8842105263158,295.8125,301.2565445026178,301.9333333333333,303.8333333333333,303.96875,304.5,304.3225806451613,306.8,305.9736842105263
292.6916666666667,295.625,301.0837696335079,301.8,303.75,303.8125,304.4,304.1827956989247,306.6666666666667,305.8947368421053
292.4583333333333,295.4375,300.9109947643979,301.6666666666667,303.6666666666667,303.65625,304.3,304.0430107526882,306.5333333333333,305.8157894736842
292.225,295.25,300.738219895288,301.5333333333333,303.5833333333333,303.5,304.2,303.9032258064516,306.4,305.7368421052631
291.9916666666667,295.0625,300.565445026178,301.4,303.5,303.34375,304.1,303.763440860215,306.2666666666667,305.6578947368421
291.7583333333333,294.875,300.3926701570681,301.2666666666667,303.4166666666667,303.1875,304,303.6236559139785,306.1333333333333,305.578947368421
291.525,294.6875,300.2198952879581,301.1333333333334,303.3333333333333,303.03125,303.8571428571429,303.483870967742,306,305.5
291.2916666666666,294.5,300.0471204188482,301,303.25,302.875,303.7142857142857,303.3440860215054,305.8666666666667,305.421052631579
291.0583333333333,294.3125,299.8743455497382,300.8453608247423,303.1666666666667,302.71875,303.5714285714286,303.2043010752688,305.7333333333333,305.3421052631579
290.825,294.125,299.7015706806283,300.6907216494845,303.0833333333333,302.5625,303.4285714285714,303.0645161290323,305.6,305.2631578947369
290.5916666666667,293.9375,299.5287958115183,300.5360824742268,303,302.40625,303.2857142857143,302.9247311827957,305.4666666666667,305.1842105263158
290.3583333333333,293.75,299.3560209424083,300.3814432989691,302.8181818181818,302.25,303.1428571428571,302.7849462365592,305.3333333333333,305.1052631578947
290.125,293.5625,299.1832460732984,300.2268041237114,302.6363636363636,302.09375,303,302.6375,305.2,305.0263157894737
289.8916666666667,293.375,299.0104712041885,300.0721649484536,302.4545454545454,301.9375,302.8571428571428,302.4875,305.0666666666667,304.9473684210527
289.6583333333334,293.1875,298.8376963350785,299.9175257731958,302.2727272727273,301.78125,302.7142857142857,302.3375,304.9333333333333,304.8684210526316
289.425,293,298.6649214659686,299.7628865979382,302.0909090909091,301.625,302.5714285714286,302.1875,304.8,304.7894736842105
289.1666666666666,292.7878787878788,298.4921465968587,299.6082474226804,301.9090909090909,301.46875,302.4285714285714,302.0375,304.6666666666667,304.7105263157895
288.8333333333333,292.5757575757576,298.3193717277487,299.4536082474227,301.7272727272727,301.3125,302.2857142857142,301.8875,304.5333333333334,304.6315789473684
288.5,292.3636363636364,298.1465968586387,299.2989690721649,301.5454545454546,301.15625,302.1428571428571,301.7375,304.4,304.5526315789473
288.1666666666666,292.1515151515152,297.9738219895288,299.1443298969072,301.3636363636364,301,302,301.5875,304.2666666666667,304.4736842105263
287.8333333333333,291.9393939393939,297.8010471204188,298.9896907216495,301.1818181818181,300.8695652173913,301.8571428571429,301.4375,304.1333333333333,304.3947368421053
287.6315789473684,291.7272727272727,297.6282722513089,298.8350515463918,301,300.7391304347826,301.7142857142857,301.2875,304,304.3157894736842
287.4736842105263,291.5151515151515,297.4554973821989,298.680412371134,300.8181818181818,300.6086956521739,301.5714285714286,301.1375,303.8461538461539,304.2368421052631
287.3157894736842,291.3030303030303,297.282722513089,298.5257731958763,300.6363636363636,300.4782608695652,301.4285714285714,300.9875,303.6923076923077,304.1578947368421
287.1578947368421,291.0909090909091,297.1099476439791,298.3711340206186,300.4545454545455,300.3478260869565,301.2857142857143,300.8375,303.5384615384615,304.078947368421
287,290.8787878787879,296.9371727748691,298.2164948453608,300.2727272727273,300.2173913043478,301.1428571428571,300.6875,303.3846153846154,304
286.808988764045,290.6666666666667,296.7643979057591,298.0618556701031,300.0909090909091,300.0869565217391,301,300.5375,303.2307692307693,303.8
286.6179775280899,290.4545454545454,296.5916230366492,297.9072164948454,299.9090909090909,299.9565217391304,300.8571428571429,300.3875,303.076923076923,303.6
286.4269662921348,290.2424242424242,296.4188481675392,297.7525773195877,299.7272727272727,299.8260869565217,300.7142857142857,300.2375,302.9230769230769,303.4
286.2359550561798,290.030303030303,296.2460732984293,297.5979381443299,299.5454545454546,299.6956521739131,300.5714285714286,300.0875,302.7692307692308,303.2
286.0449438202247,289.8181818181818,296.0732984293194,297.4432989690721,299.3636363636364,299.5652173913044,300.4285714285714,299.9375,302.6153846153846,303
285.8539325842696,289.6060606060606,295.9005235602094,297.2886597938144,299.1818181818182,299.4347826086956,300.2857142857143,299.7875,302.4615384615385,302.8
285.6629213483146,289.3939393939394,295.7277486910995,297.12,299,299.3043478260869,300.1428571428571,299.639705882353,302.3076923076923,302.6
285.4719101123595,289.1818181818182,295.5549738219895,296.9466666666667,298.8333333333334,299.1739130434783,300,299.4926470588235,302.1538461538461,302.4
285.2808988764045,288.969696969697,295.3821989528795,296.7733333333333,298.6666666666667,299.0434782608696,299.8484848484849,299.3455882352941,302,302.2
285.0898876404494,288.7575757575758,295.2094240837696,296.6,298.5,298.9130434782609,299.6969696969697,299.1985294117647,301.8461538461539,302
284.8988764044944,288.5454545454546,295.0366492146597,296.4266666666666,298.3333333333333,298.7826086956522,299.5454545454545,299.0514705882353,301.6923076923077,301.8
284.7078651685393,288.3333333333333,294.8638743455497,296.2533333333333,298.1666666666667,298.6521739130435,299.3939393939394,298.9044117647059,301.5384615384615,301.6
284.5168539325842,288.1212121212121,294.6910994764398,296.08,298,298.5217391304348,299.2424242424242,298.7573529411765,301.3846153846154,301.4
284.3258426966293,287.9090909090909,294.5183246073298,295.9066666666666,297.8333333333333,298.3913043478261,299.0909090909091,298.6102941176471,301.2307692307692,301.2
284.1348314606741,287.6969696969697,294.3455497382199,295.7333333333333,297.6666666666667,298.2608695652174,298.9393939393939,298.4632352941176,301.0769230769231,301
283.9438202247191,287.4848484848485,294.17277486911,295.56,297.5,298.1304347826087,298.7878787878788,298.3161764705882,300.923076923077,300.8571428571428
283.7528089887641,287.2727272727273,294,295.3866666666667,297.3333333333334,298,298.6363636363636,298.1691176470588,300.7692307692308,300.7142857142857
283.561797752809,287.0606060606061,293.8301886792453,295.2133333333333,297.1666666666666,297.8095238095238,298.4848484848485,298.0220588235294,300.6153846153846,300.5714285714286
283.3707865168539,286.8484848484849,293.6603773584906,295.04,297,297.6190476190476,298.3333333333334,297.875,300.4615384615385,300.4285714285714
283.1797752808989,286.6363636363636,293.4905660377358,294.8666666666667,296.8333333333334,297.4285714285714,298.1818181818182,297.7279411764706,300.3076923076923,300.2857142857143
282.9887640449438,286.4242424242424,293.3207547169811,294.6933333333333,296.6666666666666,297.2380952380952,298.030303030303,297.5808823529412,300.1538461538461,300.1428571428571
282.7977528089888,286.2121212121212,293.1509433962264,294.52,296.5,297.047619047619,297.8787878787879,297.4338235294117,300,300
282.5625,286,292.9811320754717,294.3466666666666,296.3333333333334,296.8571428571429,297.7272727272727,297.2867647058823,299.8260869565217,299.8571428571429
282.3124999999999,285.84,292.811320754717,294.1733333333333,296.1666666666666,296.6666666666667,297.5757575757576,297.1375,299.6521739130435,299.7142857142857
282.0625,285.68,292.6415094339623,294,296,296.4761904761904,297.4242424242424,296.9875,299.4782608695652,299.5714285714286
281.8125,285.52,292.4716981132076,293.75,295.8333333333333,296.2857142857143,297.2727272727273,296.8375,299.3043478260869,299.4285714285714
281.5625,285.36,292.3018867924528,293.5,295.6666666666667,296.0952380952381,297.1212121212121,296.6875,299.1304347826087,299.2857142857143
281.3125,285.2,292.1320754716981,293.25,295.5,295.9047619047619,296.9696969696969,296.5375,298.9565217391304,299.1428571428572
281.0625,285.04,291.9622641509434,293,295.3333333333334,295.7142857142857,296.8181818181818,296.3875,298.7826086956522,299
280.8125,284.88,291.7924528301887,292.75,295.1666666666666,295.5238095238095,296.6666666666667,296.2375,298.6086956521739,298.9545454545455
280.5625,284.72,291.5806451612903,292.5,295,295.3333333333333,296.5151515151515,296.0875,298.4347826086956,298.9090909090909
280.3125,284.56,291.3548387096774,292.25,294.8333333333333,295.1428571428571,296.3636363636364,295.9375,298.2608695652174,298.8636363636364
280.0625,284.4,291.1290322580645,292,294.6666666666667,294.952380952381,296.2121212121212,295.7875,298.0869565217391,298.8181818181818
279.8125,284.24,290.9032258064516,291.75,294.5,294.7619047619048,296.0606060606061,295.6346153846154,297.9130434782609,298.7727272727273
279.5625,284.08,290.6774193548387,291.5,294.3333333333333,294.5714285714286,295.9090909090909,295.4807692307692,297.7391304347826,298.7272727272727
279.3125,283.92,290.4516129032259,291.25,294.1666666666666,294.3809523809524,295.7575757575758,295.3269230769231,297.5652173913044,298.6818181818182
279.0625,283.76,290.2258064516129,291,294,294.1904761904762,295.6060606060606,295.1730769230769,297.3913043478261,298.6363636363636
278.8125,283.6,290,290.75,293.8,294,295.4545454545455,295.0192307692308,297.2173913043479,298.5909090909091
278.5625,283.4400000000001,289.7741935483871,290.5,293.6,293.875,295.3030303030303,294.8653846153846,297.0434782608696,298.5454545454545
278.3125,283.1887784378586,289.5483870967742,290.25,293.4,293.75,295.1515151515151,294.7115384615385,296.8695652173913,298.5
278.0625,282.9154036994532,289.3225806451613,290,293.2,293.625,295,294.5576923076923,296.695652173913,298.4545454545455
277.8125,282.6420289610477,289.0967741935484,289.75,293,293.5,294.8333333333333,294.4038461538461,296.5217391304348,298.4090909090909
277.5625,282.3686542226422,288.8709677419355,289.5,292.8,293.375,294.6666666666667,294.25,296.3478260869565,298.3636363636364
277.3125,282.0952794842368,288.6451612903226,289.25,292.6,293.25,294.5,294.0961538461539,296.1739130434783,298.3181818181818
277,281.8219047458314,288.4193548387097,289,292.4,293.125,294.3333333333334,293.9423076923077,296,298.2727272727273
276.6666666666666,281.5485300074259,288.1836734693877,288.8260869565217,292.2,293,294.1666666666666,293.7884615384615,295.7931034482759,298.2272727272727
276.3333333333333,281.2751552690204,287.9183673469387,288.6521739130435,292,292.875,294,293.6279069767442,295.5862068965517,298.1818181818182
276,281.001780530615,287.6530612244898,288.4782608695652,291.8,292.75,293.8333333333334,293.4651162790698,295.3793103448276,298.1363636363636
275.6666666666666,280.7284057922096,287.3877551020408,288.304347826087,291.6,292.625,293.6666666666666,293.3023255813953,295.1724137931034,298.0909090909091
275.3333333333333,280.4550310538041,287.1224489795919,288.1304347826087,291.4,292.5,293.5,293.139534883721,294.9655172413793,298.0454545454545
275,280.1834862385321,286.8571428571428,287.9565217391304,291.2,292.375,293.3333333333334,292.9767441860465,294.7586206896552,298
274.6666666666667,279.9174311926606,286.5918367346939,287.7826086956522,291,292.25,293.1666666666666,292.8139534883721,294.551724137931,297.8095238095238
274.3333333333333,279.651376146789,286.3265306122449,287.6086956521739,290.8,292.125,293,292.6511627906977,294.3448275862069,297.6190476190476
274,279.3853211009175,286.0612244897959,287.4347826086956,290.6,292,292.8181818181818,292.4883720930233,294.1379310344828,297.4285714285714
273.7887323943661,279.1192660550459,285.7959183673469,287.2608695652174,290.4,291.875,292.6363636363636,292.3255813953488,293.9310344827586,297.2380952380952
273.5774647887324,278.8532110091743,285.530612244898,287.0869565217391,290.2,291.75,292.4545454545455,292.1627906976744,293.7241379310345,297.047619047619
273.3661971830986,278.5871559633027,285.265306122449,286.9130434782609,290,291.625,292.2727272727273,292,293.5172413793103,296.8571428571429
273.1549295774648,278.3211009174312,285,286.7391304347826,289.8,291.5,292.0909090909091,291.8571428571429,293.3103448275862,296.6666666666667
272.943661971831,278.0550458715596,284.7898089171974,286.5652173913044,289.6,291.375,291.9090909090909,291.7142857142857,293.103448275862,296.4761904761905
272.7323943661972,277.7889908256881,284.5796178343949,286.3913043478261,289.4,291.25,291.7272727272727,291.5714285714286,292.8965517241379,296.2857142857143
272.5211267605634,277.5229357798165,284.3694267515924,286.2173913043478,289.2,291.125,291.5454545454545,291.4285714285714,292.6896551724138,296.0952380952381
272.3098591549295,277.256880733945,284.1592356687898,286.0434782608696,289,291,291.3636363636364,291.2857142857143,292.4827586206897,295.9047619047619
272.0985915492957,276.9908256880734,283.9490445859873,285.8695652173913,288.8750000000001,290.8275862068966,291.1818181818181,291.1428571428571,292.2758620689655,295.7142857142857
271.887323943662,276.7247706422019,283.7388535031847,285.6956521739131,288.7499999999999,290.6551724137931,291,291,292.0689655172414,295.5238095238095
271.6760563380282,276.4587155963303,283.5286624203821,285.5217391304348,288.625,290.4827586206897,290.8181818181818,290.8571428571429,291.8620689655172,295.3333333333334
271.4647887323944,276.1926605504587,283.3184713375796,285.3478260869565,288.5,290.3103448275862,290.6363636363636,290.7142857142857,291.6551724137931,295.1428571428571
271.2535211267606,275.9266055045871,283.1082802547771,285.1739130434783,288.375,290.1379310344827,290.4545454545454,290.5714285714286,291.448275862069,294.952380952381
271.0422535211268,275.6605504587156,282.8980891719745,285,288.25,289.9655172413793,290.2727272727273,290.4285714285714,291.2413793103448,294.7619047619048
270.8309859154929,275.394495412844,282.6878980891719,284.7727272727273,288.125,289.7931034482759,290.0909090909091,290.2857142857143,291.0344827586207,294.5714285714286
270.6197183098591,275.1284403669725,282.4777070063694,284.5454545454545,288,289.6206896551724,289.9090909090909,290.0878378378379,290.8275862068965,294.3809523809524
270.4084507042253,274.8623853211009,282.2675159235669,284.3181818181818,287.875,289.448275862069,289.7272727272727,289.8716216216216,290.6206896551724,294.1904761904762
270.1824324324324,274.5963302752294,282.0573248407643,284.0909090909091,287.75,289.2758620689655,289.5454545454546,289.6554054054054,290.4137931034483,294
269.9121621621622,274.3302752293578,281.8471337579618,283.8636363636364,287.625,289.1034482758621,289.3636363636363,289.4391891891892,290.2068965517241,293.8620689655173
269.6418918918919,274.0642201834862,281.6369426751592,283.6363636363636,287.5,288.9310344827586,289.1818181818182,289.2229729729729,290,293.7241379310345
269.3716216216216,273.7981651376147,281.4267515923567,283.4090909090909,287.375,288.7586206896552,289,289.0067567567568,289.9047619047619,293.5862068965517
269.1013513513514,273.5321100917431,281.2165605095541,283.1818181818182,287.25,288.5862068965517,288.7647058823529,288.7905405405405,289.8095238095239,293.448275862069
268.8310810810811,273.2660550458716,281.0063694267516,282.9545454545454,287.125,288.4137931034483,288.5294117647059,288.5743243243243,289.7142857142857,293.3103448275862
268.5608108108108,273,280.796178343949,282.7272727272727,287,288.2413793103448,288.2941176470588,288.3581081081081,289.6190476190476,293.1724137931035
268.2905405405405,272.7924528301887,280.5859872611464,282.5,286.875,288.0689655172414,288.0588235294117,288.1418918918919,289.5238095238095,293.0344827586207
268.0202702702703,272.5849056603774,280.3757961783439,282.2727272727273,286.75,287.8965517241379,287.8235294117647,287.9256756756757,289.4285714285714,292.8965517241379
267.75,272.3773584905661,280.1656050955414,282.0454545454546,286.625,287.7241379310345,287.5882352941176,287.7094594594595,289.3333333333334,292.7586206896552
267.4797297297297,272.1698113207548,279.9554140127389,281.8181818181818,286.5,287.551724137931,287.3529411764706,287.4932432432432,289.2380952380952,292.6206896551724
267.2094594594595,271.9622641509434,279.7452229299363,281.5909090909091,286.375,287.3793103448276,287.1176470588235,287.277027027027,289.1428571428571,292.4827586206897
266.9391891891892,271.754716981132,279.5350318471337,281.3636363636364,286.25,287.2068965517241,286.8823529411765,287.0608108108108,289.047619047619,292.3448275862069
266.6689189189189,271.5471698113208,279.3248407643312,281.1363636363636,286.125,287.0344827586207,286.6470588235294,286.8445945945946,288.952380952381,292.2068965517241
266.3986486486486,271.3396226415094,279.1146496815286,280.9090909090909,286,286.8620689655172,286.4117647058824,286.6283783783784,288.8571428571428,292.0689655172414
266.1283783783784,271.1320754716981,278.9044585987261,280.6818181818182,285.8636363636364,286.6896551724138,286.1764705882353,286.4121621621621,288.7619047619048,291.9310344827586
265.8581081081081,270.9245283018868,278.6942675159236,280.4545454545454,285.7272727272727,286.5172413793103,285.9411764705882,286.2054794520548,288.6666666666667,291.7931034482759
265.5878378378378,270.7169811320755,278.484076433121,280.2272727272727,285.5909090909091,286.3448275862069,285.7058823529412,286.027397260274,288.5714285714286,291.6551724137931
265.3175675675676,270.5094339622642,278.2738853503184,280,285.4545454545454,286.1724137931035,285.4705882352941,285.8493150684931,288.4761904761905,291.5172413793103
265.0357142857143,270.3018867924528,278.0636942675159,279.8260869565217,285.3181818181818,286,285.2352941176471,285.6712328767123,288.3809523809524,291.3793103448276
264.75,270.0719424460431,277.8535031847134,279.6521739130435,285.1818181818182,285.8275862068966,285,285.4931506849315,288.2857142857143,291.2413793103448
264.4642857142857,269.8345323741007,277.6433121019109,279.4782608695652,285.0454545454546,285.6551724137931,284.8125,285.3150684931507,288.1904761904761,291.1034482758621
264.1785714285714,269.5971223021583,277.4331210191083,279.304347826087,284.9090909090909,285.4827586206897,284.625,285.1369863013699,288.0952380952381,290.9655172413793
263.8928571428571,269.3597122302158,277.2229299363057,279.1304347826087,284.7727272727273,285.3103448275862,284.4375,284.958904109589,288,290.8275862068965
263.6071428571429,269.1223021582734,277.0127388535032,278.9565217391304,284.6363636363636,285.1379310344827,284.25,284.7808219178082,287.8125,290.6896551724138
263.3214285714286,268.8848920863309,276.8025477707006,278.7826086956521,284.5,284.9655172413793,284.0625,284.6027397260274,287.625,290.551724137931
263.0357142857143,268.6474820143885,276.6101640051791,278.6086956521739,284.3636363636364,284.7931034482759,283.875,284.4246575342465,287.4375,290.4137931034483
262.75,268.4100719424461,276.4237160120846,278.4347826086956,284.2272727272727,284.6206896551724,283.6875,284.2465753424657,287.25,290.2758620689655
262.4642857142857,268.1726618705036,276.2372680189901,278.2608695652174,284.0909090909091,284.448275862069,283.5,284.068493150685,287.0625,290.1379310344827
262.1785714285714,267.9352517985611,276.0508200258955,278.0869565217391,283.9545454545454,284.2758620689655,283.3125,283.8904109589041,286.875,290
261.8928571428572,267.6978417266187,275.864372032801,277.9130434782609,283.8181818181818,284.1034482758621,283.125,283.7123287671233,286.6875,289.8
261.6071428571428,267.4604316546763,275.6779240397066,277.7391304347826,283.6818181818182,283.9310344827586,282.9375,283.5342465753425,286.5,289.6
261.3214285714286,267.2230215827338,275.491476046612,277.5652173913044,283.5454545454546,283.7586206896552,282.75,283.3561643835616,286.3125,289.4
260.875,266.9856115107914,275.3050280535175,277.3913043478261,283.4090909090909,283.5862068965517,282.5625,283.1780821917808,286.125,289.2
260.375,266.7482014388489,275.118580060423,277.2173913043478,283.2727272727273,283.4137931034483,282.375,283,285.9375,289
259.875,266.5107913669065,274.9321320673284,277.0434782608696,283.1363636363636,283.2413793103448,282.1875,282.875,285.75,288.8
259.375,266.273381294964,274.7456840742339,276.8695652173913,283,283.0689655172414,282,282.75,285.5625,288.6
258.875,266.0359712230216,274.5592360811394,276.6956521739131,282.764705882353,282.8965517241379,281.923076923077,282.625,285.375,288.4
258.375,265.7985611510791,274.3727880880449,276.5217391304348,282.5294117647059,282.7241379310345,281.8461538461539,282.5,285.1875,288.2
257.875,265.5611510791367,274.1411771454796,276.3478260869565,282.2941176470588,282.551724137931,281.7692307692308,282.375,285,288
257.375,265.2929683885891,273.8931275814594,276.1739130434783,282.0588235294118,282.3793103448276,281.6923076923077,282.25,284.8571428571428,287.8
256.875,265.0111796453354,273.6450780174392,276,281.8235294117647,282.2068965517241,281.6153846153846,282.125,284.7142857142857,287.6
256.5294117647059,264.7293909020817,273.397028453419,275.9122807017544,281.5882352941176,282.0344827586207,281.5384615384615,282,284.5714285714286,287.4
256.2352941176471,264.4476021588281,273.1489788893988,275.8245614035088,281.3529411764706,281.8620689655172,281.4615384615385,281.875,284.4285714285714,287.2
255.9411764705882,264.1658134155744,272.9009293253786,275.7368421052631,281.1176470588235,281.6896551724138,281.3846153846154,281.75,284.2857142857143,287
255.6470588235294,263.8840246723207,272.6528797613584,275.6491228070175,280.8823529411765,281.5172413793103,281.3076923076923,281.625,284.1428571428572,286.7368421052632
255.3529411764706,263.6022359290671,272.4048301973382,275.5614035087719,280.6470588235294,281.3448275862069,281.2307692307692,281.5,284,286.4736842105263
255.0588235294118,263.3204471858134,272.156780633318,275.4736842105263,280.4117647058823,281.1724137931034,281.1538461538462,281.375,283.8571428571429,286.2105263157895
254.7647058823529,263.0272277227722,271.9087310692979,275.3859649122807,280.1764705882353,281,281.0769230769231,281.25,283.7142857142857,285.9473684210527
254.4705882352941,262.7301980198019,271.6606815052776,275.2982456140351,279.9411764705882,280.7727272727273,281,281.125,283.5714285714286,285.6842105263158
254.1764705882352,262.4331683168317,271.4126319412574,275.2105263157895,279.7058823529412,280.5454545454545,280.9333333333333,281,283.4285714285714,285.421052631579
253.8823529411765,262.1361386138614,271.1645823772373,275.1228070175439,279.4705882352941,280.3181818181818,280.8666666666667,280.875,283.2857142857143,285.1578947368421
253.5882352941176,261.8391089108911,270.916532813217,275.0350877192982,279.235294117647,280.0909090909091,280.8,280.75,283.1428571428572,284.8947368421053
253.2941176470588,261.5420792079208,270.6684832491969,274.9473684210526,279,279.8636363636364,280.7333333333333,280.625,283,284.6315789473684
253,261.2450495049505,270.4204336851767,274.859649122807,278.8,279.6363636363636,280.6666666666667,280.5,282.8571428571429,284.3684210526316
252.6666666666666,260.9480198019802,270.1723841211565,274.7719298245614,278.6,279.4090909090909,280.6,280.333921448297,282.7142857142857,284.1052631578947
252.3333333333333,260.6509900990099,269.9243345571363,274.5744680851064,278.4,279.1818181818182,280.5333333333333,280.1565664314207,282.5714285714286,283.8421052631579
252,260.3539603960396,269.6762849931161,274.3404255319149,278.2,278.9545454545454,280.4666666666667,279.9792114145444,282.4285714285714,283.578947368421
251.6666666666667,260.0569306930693,269.4282354290959,274.1063829787234,278,278.7272727272727,280.4,279.801856397668,282.2857142857143,283.3157894736842
251.3333333333333,259.759900990099,269.1801858650757,273.8723404255319,277.8,278.5,280.3333333333333,279.6245013807917,282.1428571428572,283.0526315789473
251,259.4628712871287,268.9321363010556,273.6382978723404,277.6,278.2727272727273,280.2666666666667,279.4471463639153,282,282.7894736842105
250.6666666666666,259.1658415841584,268.6840867370353,273.4042553191489,277.4,278.0454545454545,280.2,279.269791347039,281.68,282.5263157894737
250.3333333333333,258.8688118811882,268.4360371730152,273.1702127659574,277.2,277.8181818181818,280.1333333333333,279.0924363301626,281.36,282.2631578947368
250,258.5717821782178,268.1923076923077,272.9361702127659,277,277.5909090909091,280.0666666666667,278.9150813132863,281.04,282
249.6666666666667,258.2747524752475,267.9615384615385,272.7021276595744,276.8,277.3636363636364,280,278.73772629641,280.72,281.9
249.3333333333333,257.9777227722772,267.7307692307692,272.468085106383,276.6,277.1363636363636,279.6470588235294,278.5603712795336,280.4,281.8
249,257.6806930693069,267.5,272.2340425531915,276.4,276.9090909090909,279.2941176470588,278.3830162626573,280.08,281.7
248.8076923076923,257.3836633663366,267.2692307692308,272,276.2,276.6818181818182,278.9411764705882,278.2045454545455,279.76,281.6
248.6153846153846,257.0866336633663,267.0384615384615,271.6363636363636,276,276.4545454545454,278.5882352941177,278.0227272727273,279.44,281.5
248.4230769230769,256.7896039603961,266.8076923076923,271.2727272727273,275.8333333333333,276.2272727272727,278.2352941176471,277.8409090909091,279.12,281.4
248.2307692307692,256.4925742574258,266.5769230769231,270.9090909090909,275.6666666666667,276,277.8823529411765,277.6590909090909,278.8,281.3
248.0384615384615,256.1955445544555,266.3461538461538,270.5454545454546,275.5,275.8888888888889,277.5294117647059,277.4772727272727,278.48,281.2
247.8461538461538,255.8985148514851,266.1153846153846,270.1818181818182,275.3333333333333,275.7777777777778,277.1764705882353,277.2954545454546,278.16,281.1
