280,272.25,270,265,262.5,263,267,254.7712765957447,250,255
279.5,272.0909090909091,269.9090909090909,264.9411764705882,262.3666666666667,262.8333333333333,266.1904761904761,254.8138297872341,250,254.5714285714286
279,271.9318181818182,269.8181818181819,264.8823529411765,262.2333333333333,262.6666666666667,265.3809523809524,254.8563829787234,250,254.1428571428571
278.5,271.7727272727273,269.7272727272727,264.8235294117647,262.1,262.5,264.5714285714286,254.8989361702128,250,253.7142857142857
278,271.6136363636364,269.6363636363636,264.7647058823529,261.9666666666667,262.3333333333333,263.7619047619048,254.9414893617022,250,253.2857142857143
277.5,271.4545454545454,269.5454545454545,264.6,261.8333333333334,262.1666666666667,262.952380952381,254.9840425531915,250,252.8571428571428
277,271.2954545454545,269.4545454545454,264.4,261.7,262,262.3333333333333,255.0265957446809,250,252.4285714285714
276.2,271.1363636363636,269.3636363636364,264.2,261.5666666666667,261.8333333333333,261.7777777777778,255.0691489361702,250,252
275.4,270.9772727272727,269.2727272727273,264,261.4333333333333,261.6666666666667,261.2222222222222,255.1117021276596,250,251.8333333333333
274.6,270.8181818181818,269.1818181818182,263.72,261.3,261.5,260.6666666666666,255.1542553191489,250,251.6666666666667
273.8,270.6590909090909,269.0909090909091,263.44,261.1666666666667,261.3333333333333,260.1904761904761,255.1968085106383,250,251.5
273,270.5,269,263.16,261.0333333333334,261.1666666666667,259.952380952381,255.2393617021277,250,251.3333333333334
272.8235294117647,270.4333333333333,268.6666666666666,262.88,260.9,261,259.7142857142857,255.0735294117648,250,251.1666666666666
272.6470588235294,270.3666666666667,268.3333333333334,262.6,260.7666666666667,260.75,259.4761904761905,254.8382352941177,249.5714285714286,251
272.4705882352941,270.3,268,262.32,260.6333333333333,260.5,259.2380952380952,254.6029411764706,249.1428571428572,250.8333333333333
272.2941176470588,270.2333333333333,267.6666666666666,262.1,260.5,260.25,259,254.3676470588235,248.7142857142857,250.6666666666667
272.5,270.1666666666667,267.3333333333334,261.9,260.3358208955224,260,258.6666666666667,254.1323529411765,248.2857142857143,250.5
272.8333333333333,270.1,267,261.7,260.1716417910448,259.75,258.3333333333334,253.8970588235294,247.8571428571429,250.3333333333333
273.1666666666667,270.0333333333333,266.6666666666667,261.5,260.0074626865672,259.5,258,253.6617647058824,247.4285714285714,250.1666666666667
273.5714285714286,269.9666666666667,266.3333333333333,261.3,259.8432835820896,259.25,257.6666666666666,253.4264705882353,247,250
274,269.9,266,261,259.679104477612,259,257.3333333333334,253.2692307692308,247.05,249.5
274.4285714285714,269.8333333333333,265.6666666666667,260.6666666666667,259.5149253731344,258.75,257,253.3461538461539,247.1,249
274.8214285714286,269.7666666666667,265.3333333333333,260.3333333333333,259.3507462686567,258.5,256.8979591836735,253.423076923077,247.15,248.5
275.1071428571428,269.7,265,260,259.1865671641791,258.25,256.795918367347,253.5,247.2,248
275.3928571428572,269.6333333333333,264.8823529411765,259.775,259.0223880597015,258,256.6938775510204,253.5769230769231,247.25,247.5
275.6785714285714,269.5666666666667,264.7647058823529,259.875,258.8582089552239,257.75,256.5918367346939,253.6538461538462,247.3,247
275.8709677419355,269.5,264.6470588235294,259.975,258.6940298507463,257.5,256.4897959183673,253.7307692307693,247.35,246.7777777777778
276.0322580645161,269.3695652173913,264.5294117647059,260.075,258.5298507462687,257.25,256.3877551020408,253.5806451612903,247.4,246.5555555555555
276.1935483870968,269.2391304347826,264.4117647058824,260.175,258.3656716417911,257,256.2857142857143,253.3548387096774,247.45,246.3333333333333
276.3548387096774,269.1086956521739,264.2941176470588,260.1875,258.2014925373135,256.7826086956522,256.1836734693878,253.1290322580645,247.5,246.1111111111111
276.516129032258,268.9782608695652,264.1764705882353,259.9375,258.0373134328359,256.5652173913044,256.0816326530612,252.9032258064516,247.55,245.8888888888889
276.6774193548387,268.8478260869565,264.0588235294118,259.6875,257.8731343283583,256.3478260869565,255.9795918367347,252.6774193548387,247.6,245.6666666666667
276.8387096774193,268.7173913043478,263.9411764705882,259.4375,257.6666666666667,256.1304347826087,255.8775510204082,252.4516129032258,247.65,245.4444444444445
277,268.5869565217391,263.8235294117647,259.1875,257.3333333333334,255.9130434782609,255.7755102040817,252.2258064516129,247.7,245.2222222222222
276.8333333333334,268.4565217391304,263.7058823529412,258.9375,257.0000000000001,255.695652173913,255.5,252,247.75,245
276.6666666666667,268.3260869565217,263.5882352941176,258.6,256.6666666666667,255.4782608695652,255.1666666666667,251.7777777777778,247.8,245.1666666666667
276.5,268.1956521739131,263.4705882352941,258,256.3333333333334,255.2608695652174,254.8333333333334,251.5555555555555,247.85,245.3333333333333
276.3333333333334,268.0652173913044,263.3529411764706,257.4,256.0000000000001,255.0434782608696,254.5000000000001,251.3333333333334,247.8841028819337,245.5
276.1666666666666,267.9347826086956,263.2352941176471,257.1964285714286,255.3333333333334,254.8260869565217,254.1666666666667,251.1111111111111,247.7663464518128,245.6666666666667
276,267.8043478260869,263.1176470588235,257.125,253.6666666666667,254.6086956521739,253.8333333333334,250.8888888888889,247.648590021692,245.8333333333333
275.8695652173913,267.6739130434783,263,257.0535714285714,252.8214285714286,254.3913043478261,253.4090909090909,250.6666666666667,247.5308335915711,246
275.7391304347826,267.5434782608696,262.8181818181818,256.9821428571429,252.2500000000001,254.1739130434783,252.9545454545455,250.4444444444445,247.4130771614502,245.9090909090909
275.6086956521739,267.4130434782609,262.6363636363636,256.9107142857143,251.6785714285715,253.9565217391304,252.5,250.2222222222222,247.2953207313294,245.8181818181818
275.4782608695652,267.2826086956522,262.4545454545455,256.8392857142857,251.275,253.7391304347826,252.0454545454546,250,247.1775643012085,245.7272727272727
275.3478260869565,267.1521739130435,262.2727272727273,256.7678571428571,251.3750000000001,253.5217391304348,251.5909090909091,249.8648648648648,247.0598078710877,245.6363636363636
275.1904761904761,267.0217391304348,262.0909090909091,256.375,251.475,253.3043478260869,251.1176470588235,249.7297297297297,246.9420514409668,245.5454545454546
274.952380952381,266.8913043478261,261.9090909090909,255.875,251.575,253.0869565217391,250.5882352941177,249.5945945945946,246.824295010846,245.4545454545454
274.7142857142857,266.7608695652174,261.7272727272727,255.375,251.675,252.8695652173913,250.0588235294118,249.4594594594595,246.7065385807251,245.3636363636364
274.4761904761905,266.6304347826087,261.5454545454545,255,251.6541895604396,252.6521739130435,249.5294117647059,249.3243243243243,246.5887821506043,245.2727272727273
274.2380952380952,266.5,261.3636363636364,254.6666666666667,251.2709478021978,252.4347826086957,249,249.1891891891892,246.4710257204834,245.1818181818182
274,266.4504950495049,261.1818181818182,254.3333333333333,250.8877060439561,252.2173913043478,248.7777777777778,249.0540540540541,246.3532692903626,245.0909090909091
273.875,266.4009900990099,261,254.15625,250.5044642857143,252,248.5555555555555,248.9189189189189,246.2355128602417,245
273.75,266.3514851485149,260.8571428571429,254.03125,250.1315789473685,251.75,248.3333333333334,248.7837837837838,246.1177564301209,245.25
273.625,266.3019801980198,260.7142857142857,253.90625,249.7631578947369,251.5,248.1111111111111,248.5021913109756,246,245.5
273.5,266.2524752475247,260.5714285714286,253.78125,249.3947368421053,251.25,247.8888888888889,248.1717797256097,246.5,245.75
273.375,266.2029702970297,260.4285714285714,254,249.0263157894738,251,247.6666666666667,247.8413681402439,247,246
273.25,266.1534653465346,260.2857142857143,254.3333333333333,248.7187500000001,250.75,247.4444444444445,247.510956554878,247.5,246.25
273.125,266.1039603960396,260.1428571428571,254.6666666666667,248.5937500000001,250.5,247.2222222222222,247.1805449695122,248,246.5
273,266.0544554455445,260,254.2142857142857,248.4687500000001,250.25,247,246.8181818181818,248.5,246.75
272.8,266.0049504950495,259.8571428571429,253.5,248.3437500000001,250,246.6363636363636,246.4545454545454,249,247
272.6,265.9554455445544,259.7142857142857,252.7857142857143,248.3750000000001,249.75,246.2727272727273,246.0909090909091,249.25,247.6
272.4,265.9059405940594,259.5714285714286,252.175,248.8750000000001,249.5,245.9090909090909,245.7272727272727,249.5,248.2
272.2,265.8564356435643,259.4285714285714,251.875,249.3750000000001,249.25,245.5454545454546,245.3636363636364,249.75,248.8
272,265.8069306930693,259.2857142857143,251.575,249.5625000000001,249,245.1818181818182,245,250,249.4
271.8571428571429,265.7574257425742,259.1428571428571,251.275,248.8125000000001,248.75,244.8181818181818,244.9,250.25,250
271.7142857142857,265.7079207920792,259,250.975,248.0625000000001,248.5,244.4545454545454,244.8,250.5,250.0714285714286
271.5714285714286,265.6584158415842,258.7777777777778,250.7307692307692,247.3125000000001,248.25,244.0909090909091,244.7,250.75,250.1428571428572
271.4285714285714,265.6089108910891,258.5555555555555,250.6538461538462,246.765572497709,248,243.7272727272727,244.6,251,250.2142857142857
271.2857142857143,265.559405940594,258.3333333333333,250.5769230769231,246.827862488545,247.9,243.3636363636364,244.5,250.625,250.2857142857143
271.1428571428572,265.509900990099,258.1111111111111,250.5,246.890152479381,247.8,243,244.4,250.25,250.3571428571428
271,265.4603960396039,257.8888888888889,250.4230769230769,246.9524424702169,247.7,242.7692307692308,244.3,249.875,250.4285714285714
270.9677419354839,265.4108910891089,257.6666666666667,250.3461538461538,247.0147324610529,247.6,242.5384615384615,244.2,249.5,250.5
270.9354838709677,265.3613861386139,257.4444444444445,250.2692307692308,246.9588235294118,247.5,242.3076923076923,244.1,249.125,250.5714285714286
270.9032258064516,265.3118811881188,257.2222222222222,250.0625,246.6411764705883,247.4,242.0769230769231,244,248.75,250.6428571428571
270.8709677419355,265.2623762376238,257,249.8125,246.3235294117648,247.3,241.8461538461539,243.8571428571429,248.375,250.7142857142857
270.8387096774193,265.0555555555555,256.7777777777778,249.5625,246.0058823529412,247.2,241.6153846153846,243.7142857142857,248,250.7857142857143
270.8064516129032,264.7962962962963,256.5555555555555,249.3125,245.6882352941177,247.1,241.3846153846154,243.5714285714286,247.8571428571429,250.8571428571428
270.7741935483871,264.5370370370371,256.3333333333333,249.0625,245.3705882352942,247,241.1538461538462,243.4285714285714,247.7142857142857,250.9285714285714
270.6969696969697,264.2777777777778,256.1111111111111,248.8125,245.0529411764706,246.6428571428571,240.9230769230769,243.2857142857143,247.5714285714286,251
270.4848484848485,264.0185185185185,255.8888888888889,248.65,244.7352941176471,246.2857142857143,240.6923076923077,243.1428571428571,247.4285714285714,251.5
270.2727272727273,263.7592592592592,255.6666666666666,248.5166666666667,244.4176470588236,245.9285714285714,240.4615384615385,243,247.2857142857143,252
270.0606060606061,263.5,255.4444444444444,248.3833333333333,244.1,245.5714285714286,240.2307692307692,242.8387096774194,247.1428571428571,252.5
269.8484848484849,263.2407407407408,255.2222222222222,248.25,243.7823529411765,245.2142857142857,240,242.6774193548387,247,253
269.6363636363636,262.9814814814815,255,248.1166666666667,243.464705882353,244.8571428571428,240.0909090909091,242.5161290322581,247.1267650834403,253.5
269.4242424242424,262.7222222222222,254.8181818181818,247.9833333333333,243.1470588235294,244.5,240.1818181818182,242.3548387096774,247.2535301668806,254
269.2121212121212,262.462962962963,254.6363636363636,247.85,242.8294117647059,244.1428571428571,240.2727272727273,242.1935483870968,247.380295250321,254
269,262.2037037037037,254.4545454545454,247.7083333333333,242.9166666666667,243.7857142857143,240.3636363636364,242.0322580645162,247.5070603337612,254
269,261.9444444444445,254.2727272727273,247.5416666666667,243.1388888888889,243.4285714285714,240.4545454545454,241.8709677419355,247.6338254172015,254
269,261.7236842105263,254.0909090909091,247.375,243.3611111111111,243.0714285714286,240.5454545454545,241.6666666666667,247.7605905006418,254
269,261.6184210526316,253.9090909090909,247.2083333333333,243.5833333333334,242.7142857142857,240.6363636363637,241.3333333333334,247.8860759493671,254
269,261.5131578947368,253.7272727272727,247.0416666666667,243.7068965517242,242.3571428571429,240.7272727272727,241,247.8987341772152,254
269,261.4078947368421,253.5454545454545,246.875,243.5344827586208,242,240.8181818181818,240.6666666666667,247.9113924050633,254
269,261.3026315789474,253.3636363636363,246.7,243.3620689655173,241.8666666666667,240.9090909090909,240.3333333333334,247.9240506329114,254
268.9090909090909,261.1973684210526,253.1818181818182,246.5,243.1896551724138,241.7333333333333,241,240,247.9367088607595,254
268.8181818181818,261.0921052631579,253,246.3,243.0172413793103,241.6,240.8181818181818,239.6666666666667,247.9493670886076,254
268.7272727272727,260.9868421052631,252.7692307692307,246.1,242.8448275862069,241.4666666666667,240.6363636363636,239.3333333333333,247.9620253164557,254
268.6363636363636,260.8815789473684,252.5384615384615,245.9,242.6724137931035,241.3333333333333,240.4545454545454,239,247.9746835443038,253.7142857142857
268.5454545454545,260.7763157894737,252.3076923076923,245.7045454545454,242.5,241.2,240.2727272727273,238.9166666666667,247.9873417721519,253.4285714285714
268.4545454545454,260.6136363636364,252.0769230769231,245.5227272727273,242.3095238095238,241.0666666666667,240.0909090909091,238.8333333333333,248,253.1428571428571
268.3636363636364,260.4318181818182,251.8461538461538,245.3409090909091,242.1190476190476,240.9333333333333,239.9090909090909,238.75,247.8,252.8571428571429
268.2727272727273,260.25,251.6153846153846,245.1590909090909,241.9285714285714,240.8,239.7272727272727,238.6666666666667,247.6,252.5714285714286
268.1818181818182,260.0681818181818,251.3846153846154,244.9772727272727,241.7380952380952,240.6666666666667,239.5454545454545,238.5833333333333,247.4,252.2857142857143
268.0909090909091,259.8863636363636,251.1538461538462,244.7954545454545,241.5476190476191,240.5333333333334,239.3636363636364,238.5,247.2,252
268,259.7954545454545,250.9230769230769,244.5892857142857,241.3571428571429,240.4,239.1818181818182,238.4166666666667,247,251.95
267.9285714285714,259.9772727272727,250.6923076923077,244.375,241.1666666666667,240.2666666666667,239,238.3333333333333,246.8,251.9
267.8571428571429,260.1590909090909,250.4615384615385,244.1607142857143,240.9761904761905,240.1333333333333,238.8,238.25,246.6,251.85
267.7857142857143,260.3409090909091,250.2307692307692,243.9464285714286,240.7857142857143,240,238.6,238.1666666666667,246.4,251.8
267.7142857142857,260.5227272727273,250,243.7321428571429,240.5952380952381,239.6923076923077,238.4,238.0833333333333,246.2,251.75
267.6428571428571,260.7045454545455,249.9166666666667,243.5178571428572,240.4047619047619,239.3846153846154,238.2,238,246,251.7
267.5714285714286,260.5930232558139,249.8333333333333,243.3035714285714,240.2142857142857,239.076923076923,238,237.95,246.2,251.65
267.5,260.3837209302326,249.75,243.1195652173913,240.0238095238095,238.7692307692308,237.8,237.9,246.4,251.6
267.4285714285714,260.1744186046511,249.6666666666667,242.945652173913,239.8333333333334,238.4615384615385,237.6,237.85,246.6,251.55
267.3571428571429,259.9651162790698,249.5833333333333,242.7717391304348,239.6428571428572,238.1538461538462,237.4,237.8,246.8,251.5
267.2857142857143,259.7558139534884,249.5,242.5978260869565,239.452380952381,237.8461538461538,237.2,237.75,247,251.45
267.2142857142857,259.546511627907,249.4166666666667,242.4239130434783,239.2619047619048,237.5384615384615,237,237.7,247.2,251.4
267.1428571428571,259.3372093023256,249.3333333333333,242.25,239.0714285714286,237.2307692307692,236.8,237.65,247.4,251.35
267.0714285714286,259.1279069767442,249.25,242.0760869565217,238.8809523809524,236.9230769230769,236.6,237.6,247.6,251.3
267,258.9186046511628,249.1666666666667,241.9021739130435,238.6904761904762,236.6153846153846,236.4,237.55,247.8,251.25
266.9375,258.7093023255814,249.0833333333333,241.7282608695652,238.5,236.3076923076923,236.2,237.5,248,251.2
266.875,258.5,249,241.554347826087,238.3837209302326,236,236,237.45,247.8888888888889,251.15
266.8125,258.14,248.7857142857143,241.3804347826087,238.2674418604651,236.1,235.9444444444444,237.4,247.7777777777778,251.1
266.75,257.78,248.5714285714286,241.2272727272727,238.1511627906977,236.2,235.8888888888889,237.35,247.6666666666667,251.05
266.6875,257.42,248.3571428571428,241.1363636363636,238.0348837209303,236.3,235.8333333333333,237.3,247.5555555555555,251
266.625,257.06,248.1428571428571,241.0454545454545,237.9186046511628,236.4,235.7777777777778,237.25,247.4444444444445,250.9583333333333
266.5625,256.7,247.9285714285714,240.9545454545455,237.8023255813954,236.5,235.7222222222222,237.2,247.3333333333333,250.9166666666666
266.5,256.34,247.7142857142857,240.8636363636364,237.6860465116279,236.6,235.6666666666667,237.15,247.2222222222222,250.875
266.4375,256.1760563380282,247.5,240.7727272727273,237.5697674418605,236.7,235.6111111111111,237.1,247.1111111111111,250.8333333333333
266.375,256.0774647887324,247.2857142857143,240.7714285714285,237.4534883720931,236.8,235.5555555555555,237.05,247,250.7916666666667
266.3125,255.9788732394366,247.0714285714286,240.8,237.3372093023256,236.9,235.5,237,246.8888888888889,250.75
266.25,255.8802816901409,246.8571428571429,240.8285714285714,237.2678571428572,237,235.4444444444445,236.9565217391304,246.7777777777778,250.7083333333333
266.1875,255.7816901408451,246.6428571428571,240.8571428571428,237.3392857142858,236.9411764705882,235.3888888888889,236.9130434782609,246.6666666666667,250.6666666666667
266.125,255.6830985915493,246.4285714285714,240.8857142857143,237.4107142857143,236.8823529411765,235.3333333333333,236.8695652173913,246.5555555555555,250.625
266.0625,255.5845070422536,246.2142857142857,240.9142857142857,237.4821428571429,236.8235294117647,235.2777777777778,236.8260869565217,246.4444444444445,250.5833333333333
266,255.4859154929578,246,240.9428571428571,237.5535714285715,236.7647058823529,235.2222222222222,236.7826086956522,246.3333333333333,250.5416666666667
265.8823529411765,255.387323943662,245.7692307692308,240.9714285714286,237.6250000000001,236.7058823529412,235.1666666666667,236.7619047619048,246.2222222222222,250.5
265.7647058823529,255.2887323943662,245.5384615384615,241,237.6964285714286,236.6470588235294,235.1111111111111,236.8095238095238,246.1111111111111,250.4583333333333
265.6470588235294,255.1901408450704,245.3076923076923,240.9333333333333,237.7045454545455,236.5882352941176,235.0555555555555,236.8571428571429,246,250.4166666666667
265.5294117647059,255.0915492957747,245.0769230769231,240.8666666666667,237.5227272727273,236.5294117647059,235,236.9047619047619,245.9285714285714,250.375
265.4117647058823,254.9929577464789,244.8461538461539,240.8,237.3409090909091,236.4705882352941,234.9166666666667,236.952380952381,245.8571428571429,250.3333333333333
265.2941176470588,254.8943661971831,244.6153846153846,240.7333333333333,237.159090909091,236.4117647058824,234.8333333333333,237,245.7857142857143,250.2916666666667
265.1764705882353,254.7957746478873,244.3846153846154,240.6666666666667,236.9772727272728,236.3529411764706,234.75,236.972972972973,245.7142857142857,250.25
265.0588235294118,254.6971830985916,244.1538461538462,240.6,236.7954545454546,236.2941176470588,234.6666666666667,236.9459459459459,245.6428571428571,250.2083333333333
264.9411764705882,254.5985915492958,243.9230769230769,240.5333333333333,236.8906250000001,236.2352941176471,234.5833333333333,236.9189189189189,245.5714285714286,250.1666666666667
264.8235294117648,254.5,243.6923076923077,240.4666666666667,237.0781250000001,236.1764705882353,234.5,236.8918918918919,245.5,250.125
264.7058823529412,254.3333333333333,243.4615384615385,240.4,237.2656250000001,236.1176470588235,234.4166666666667,236.8648648648649,245.4285714285714,250.0833333333333
264.5882352941177,254.1666666666667,243.2307692307692,240.3333333333333,237.4531250000001,236.0588235294118,234.3333333333333,236.8378378378379,245.3571428571428,250.0416666666667
264.4705882352941,254,243,240.2666666666667,237.6406250000001,236,234.25,236.8108108108108,245.2857142857143,250
264.3529411764706,253.8333333333333,242.9090909090909,240.2,237.8281250000001,236.0555555555555,234.1666666666667,236.7837837837838,245.2142857142857,250.0606060606061
264.2352941176471,253.6666666666667,242.8181818181818,240.1333333333333,238.0156250000001,236.1111111111111,234.0833333333333,236.7567567567568,245.1428571428572,250.1212121212122
264.1176470588235,253.5,242.7272727272727,240.0666666666667,238.2031250000001,236.1666666666667,234,236.7021276595745,245.0714285714286,250.1818181818182
264,253.3333333333333,242.6363636363636,240,238.1521739130435,236.2222222222222,233.9166666666667,236.6382978723404,245,250.2424242424242
263.9333333333333,253.1666666666667,242.5454545454545,239.9830508474576,238.0217391304348,236.2777777777778,233.8333333333333,236.5744680851064,245.1666666666667,250.3030303030303
263.8666666666667,253,242.4545454545455,239.9661016949153,237.8913043478261,236.3333333333333,233.75,236.5106382978724,245.3333333333333,250.3636363636363
263.8,252.8333333333333,242.3636363636364,239.9491525423729,237.7608695652174,236.3888888888889,233.6666666666667,236.4468085106383,245.5,250.4242424242424
263.7333333333333,252.6666666666667,242.2727272727273,239.9322033898305,237.6304347826087,236.4444444444445,233.5833333333333,236.3829787234043,245.6666666666667,250.4848484848485
263.6666666666667,252.5,242.1818181818182,239.9152542372881,237.5,236.5,233.5,236.3191489361702,245.8333333333333,250.5454545454545
263.6,252.2857142857143,242.0909090909091,239.8983050847458,237.6363636363637,236.5555555555556,233.4166666666667,236.2553191489362,246,250.6060606060606
263.5333333333334,252.0714285714286,242,239.8813559322034,237.7727272727273,236.6111111111111,233.3333333333333,236.1914893617021,246.1666666666667,250.6666666666667
263.4666666666666,251.8571428571428,242.0612244897959,239.864406779661,237.9090909090909,236.6666666666667,233.25,236.1276595744681,246.3333333333333,250.7272727272727
263.4,251.6428571428571,242.1224489795918,239.8474576271186,238.0454545454545,236.7222222222222,233.1666666666667,236.0638297872341,246.5,250.7878787878788
263.3333333333333,251.4285714285714,242.1836734693877,239.8305084745763,238.1818181818182,236.7777777777778,233.0833333333333,236,246.6666666666667,250.8484848484848
263.2666666666667,251.2142857142857,242.2448979591837,239.8135593220339,238.3181818181818,236.8333333333333,233,235.9354838709678,246.8333333333333,250.9090909090909
263.2,251,242.3061224489796,239.7966101694915,238.4545454545454,236.8888888888889,233.2727272727273,235.8709677419355,247,250.969696969697
263.1333333333333,250.7857142857143,242.3673469387755,239.7796610169491,238.5909090909091,236.9444444444444,233.5454545454545,235.8064516129032,246.8333333333333,251.030303030303
263.0666666666667,250.5714285714286,242.4285714285714,239.7627118644068,238.7272727272727,237,233.8181818181818,235.741935483871,246.6666666666667,251.0909090909091
263,250.3571428571429,242.4897959183673,239.768115942029,238.8636363636363,237.1111111111111,234.0909090909091,235.6774193548387,246.5,251.1515151515151
262.8,250.1428571428571,242.5510204081633,239.8405797101449,239,237.2222222222222,234.3636363636364,235.6129032258064,246.3333333333333,251.2121212121212
262.6,249.9285714285714,242.6122448979592,239.9130434782609,239.1363636363636,237.3333333333334,234.6363636363636,235.5483870967742,246.1666666666667,251.2727272727273
262.4,249.7142857142857,242.6734693877551,239.9855072463768,239.2727272727273,237.4444444444445,234.9090909090909,235.4838709677419,246,251.3333333333333
262.2,249.5,242.7346938775511,240.0579710144928,239.4090909090909,237.5555555555555,235.1818181818182,235.4193548387097,245.8333333333333,251.3939393939394
262,249.4767441860465,242.7142857142857,240.1304347826087,239.5454545454546,237.6666666666667,235.25,235.3548387096774,245.6666666666667,251.4545454545454
261.8,249.453488372093,242.6666666666667,240.2028985507246,239.6818181818182,237.7777777777778,235.25,235.2903225806452,245.5,251.5151515151515
261.6,249.4302325581396,242.6190476190476,240.2753623188406,239.8181818181818,237.8888888888889,235.25,235.2258064516129,245.3333333333333,251.5757575757576
261.4,249.4069767441861,242.5714285714286,240.3478260869565,239.9545454545454,238,235.25,235.1612903225806,245.1666666666667,251.6363636363636
261.2,249.3837209302326,242.5238095238095,240.4202898550725,240.0909090909091,238.1333333333333,235.25,235.0967741935484,245,251.6969696969697
261,249.3604651162791,242.4761904761905,240.4927536231884,240.2272727272727,238.2666666666667,235.25,235.0322580645161,245.0833333333333,251.7575757575758
261,249.3372093023256,242.4285714285714,240.5652173913043,240.3636363636364,238.4,235.25,234.9677419354839,245.1666666666667,251.8181818181818
261,249.3139534883721,242.3809523809524,240.6376811594203,240.5,238.5333333333334,235.3529411764706,234.9032258064516,245.25,251.8787878787879
261,249.2906976744187,242.3333333333334,240.7101449275362,240.6304347826087,238.6666666666667,235.4901960784314,234.8387096774193,245.3333333333333,251.9393939393939
261,249.2674418604651,242.2857142857143,240.7826086956522,240.7608695652174,238.8,235.6274509803922,234.7741935483871,245.4166666666667,252
261,249.275,242.2380952380952,240.8550724637681,240.8913043478261,238.9333333333333,235.7647058823529,234.7096774193548,245.5,252
261,249.375,242.1904761904762,240.9275362318841,241.0217391304348,239.0666666666667,235.9019607843137,234.6451612903226,245.5833333333333,252
261,249.475,242.1428571428571,241,241.1521739130435,239.2,236.0392156862745,234.5806451612903,245.6666666666667,252
261,249.575,242.0952380952381,241.0555555555555,241.2826086956522,239.3333333333333,236.1764705882353,234.5161290322581,245.75,252
261,249.675,242.047619047619,241.1111111111111,241.4130434782609,239.4666666666667,236.3137254901961,234.4516129032258,245.8333333333333,252
261,249.775,242,241.1666666666667,241.5434782608696,239.6,236.4509803921569,234.3870967741935,245.9166666666667,252
261,249.8750000000001,241.95,241.2222222222222,241.6739130434783,239.7333333333333,236.5882352941177,234.3225806451613,246,252
260.7586206896552,249.975,241.9,241.2777777777778,241.8043478260869,239.8666666666667,236.7254901960784,234.258064516129,245.8606048091904,252
260.5172413793103,250.075,241.85,241.3333333333333,241.9347826086957,240,236.8627450980392,234.1935483870968,245.7212096183808,252
260.2758620689655,250.175,241.8,241.3888888888889,242.0652173913043,240.1818181818182,237,234.1290322580645,245.5818144275712,252
260.0344827586207,250.2297297297298,241.75,241.4444444444444,242.1956521739131,240.3636363636363,237.1182795698925,234.0645161290323,245.4424192367616,252
259.7931034482759,250.1486486486487,241.7,241.5,242.3260869565217,240.5454545454546,237.2365591397849,234,245.303024045952,252
259.551724137931,250.0675675675676,241.65,241.5555555555555,242.4565217391304,240.7272727272727,237.3548387096774,233.9655172413793,245.1636288551423,252
259.3103448275862,249.9864864864865,241.6,241.6111111111111,242.5869565217391,240.9090909090909,237.4731182795699,233.9310344827586,245.0242336643328,252
259.125,249.9054054054054,241.55,241.6666666666667,242.7173913043478,241.0909090909091,237.5913978494624,233.8965517241379,244.8848384735232,252
258.9583333333333,249.8243243243243,241.5,241.7222222222222,242.8478260869565,241.2727272727273,237.7096774193548,233.8620689655172,244.7454432827136,252
258.7916666666667,249.7432432432432,241.45,241.7777777777778,242.9782608695652,241.4545454545454,237.8279569892473,233.8275862068966,244.606048091904,251.9473684210527
258.625,249.6621621621622,241.4,241.8333333333333,243.1086956521739,241.6363636363636,237.9462365591398,233.7931034482759,244.4666529010944,251.8947368421053
258.4583333333333,249.5810810810811,241.35,241.8888888888889,243.2391304347826,241.8181818181818,238.0645161290323,233.7586206896552,244.3272577102848,251.8421052631579
258.2916666666667,249.5,241.3,241.9444444444444,243.3695652173913,242,238.1827956989247,233.7241379310345,244.1878625194751,251.7894736842105
258.125,249.4230769230769,241.25,242,243.5,242.5135135135135,238.3010752688172,233.6896551724138,244.171875,251.7368421052632
257.9583333333333,249.3461538461539,241.2,242.1,243.7857142857143,243.027027027027,238.4193548387097,233.6551724137931,244.15625,251.6842105263158
257.7916666666666,249.2692307692308,241.15,242.2,244.0714285714286,243.5405405405406,238.5376344086022,233.6206896551724,244.140625,251.6315789473684
257.8181818181818,249.1923076923077,241.1,242.3,244.3571428571428,244.0540540540541,238.6559139784946,233.5862068965517,244.125,251.578947368421
257.9090909090909,249.1153846153846,241.05,242.4,244.6428571428572,244.5675675675676,238.7741935483871,233.551724137931,244.109375,251.5263157894737
258,249.0384615384615,241,242.5,244.9285714285714,245.0810810810811,238.8924731182796,233.5172413793103,244.09375,251.4736842105263
258.0909090909091,248.1049149338374,241.0384615384615,242.6,245.2142857142857,245.5945945945946,239.0107526881721,233.4827586206897,244.078125,251.4210526315789
258.1818181818182,247.2142857142858,241.0769230769231,242.7,245.5,246.1081081081081,239.1290322580645,233.448275862069,244.0625,251.3684210526316
258.2115384615385,247.0714285714286,241.1153846153846,242.8,245.7857142857143,246.6216216216216,239.247311827957,233.4137931034483,244.046875,251.3157894736842
258.0576923076923,246.9285714285714,241.1538461538462,242.9,246.0714285714286,247.0875,239.3655913978495,233.3793103448276,244.03125,251.2631578947368
257.9038461538461,246.7857142857143,241.1923076923077,243,246.3571428571428,247.5375,239.483870967742,233.3448275862069,244.015625,251.2105263157895
257.75,246.8333333333333,241.2307692307692,243.2,246.6428571428572,247.9875,239.6021505376344,233.3103448275862,244,251.1578947368421
257.5961538461539,246.9444444444445,241.2692307692308,243.4,246.9285714285714,248.4375000000001,239.7204301075269,233.2758620689655,244.05,251.1052631578947
257.4423076923077,247.0555555555555,241.3076923076923,243.6,247.2142857142857,248.8875,239.864406779661,233.2413793103448,244.1,251.0526315789473
257.2884615384615,247.1666666666667,241.3461538461538,243.8,247.5,249.3375,240.0169491525424,233.2068965517241,244.15,251
257.1538461538462,247.2777777777778,241.3846153846154,244,247.8846153846154,249.7875,240.1694915254238,233.1724137931034,244.2,251.2
257.0256410256411,247.3888888888889,241.4230769230769,244.2,248.2692307692307,250.2375,240.3220338983051,233.1379310344828,244.25,251.4
256.8974358974359,247.5,241.4615384615385,244.4,248.6538461538461,250.6875,240.4745762711864,233.1034482758621,244.3,251.6
256.7692307692308,247.6111111111111,241.5,244.6,249.0384615384615,251.1375,240.6271186440678,233.0689655172414,244.35,251.8
256.6410256410256,247.7222222222222,241.5384615384615,244.8,249.4230769230769,251.423076923077,240.7796610169491,233.0344827586207,244.4,252
256.5128205128205,247.725,241.5769230769231,245,249.8076923076923,251.6538461538462,240.9322033898305,233,244.45,252.2
256.3846153846154,247.6916666666667,241.6153846153846,245.2,250.1923076923077,251.8846153846154,241.0847457627119,233.05,244.5,252.4
256.2564102564103,247.6583333333334,241.6538461538461,245.4,250.5769230769231,252.1153846153846,241.2372881355932,233.1,244.55,252.6
256.1282051282051,247.625,241.6923076923077,245.6,250.9615384615385,252.3461538461539,241.3898305084746,233.15,244.6,252.8
256,247.5916666666667,241.7307692307692,245.8,251.3461538461538,252.5769230769231,241.5423728813559,233.2,244.65,253
256.0833333333334,247.5583333333334,241.7692307692308,246,251.7307692307692,252.7222222222222,241.6949152542373,233.25,244.7,253.2
256.1666666666667,247.525,241.8076923076923,245.8888888888889,252.1153846153846,252.6111111111111,241.8474576271186,233.3,244.75,253.4
256.25,247.4916666666667,241.8461538461539,245.7777777777778,252.4999999999999,252.5,242,233.35,244.8,253.6
256.3333333333333,247.4583333333334,241.8846153846154,245.6666666666667,253.0362318840579,252.3888888888889,242.1052631578947,233.4,244.85,253.8
256.4166666666667,247.425,241.9230769230769,245.5555555555556,253.5724637681159,252.2777777777778,242.2105263157895,233.45,244.9,254
256.5,247.3916666666667,241.9615384615385,245.4444444444445,254.1086956521739,252.5733944954129,242.3157894736842,233.5,244.95,253.9411764705882
256.5833333333334,247.3583333333333,242,245.3333333333333,254.6449275362318,253.0045871559633,242.4210526315789,233.55,245,253.8823529411765
256.6666666666666,247.325,241.9411764705882,245.2222222222222,255.1811594202898,253.4357798165138,242.5263157894737,233.6,244.9375,253.8235294117647
256.75,247.2916666666667,241.8823529411765,245.1111111111111,255.7173913043478,253.8669724770642,242.6315789473684,233.65,244.875,253.7647058823529
256.8333333333334,247.2583333333334,241.8235294117647,245,256.2536231884058,254.2981651376147,242.7368421052632,233.7,244.8125,253.7058823529412
256.9166666666666,247.1666666666667,241.7647058823529,245.2173913043478,256.7898550724638,254.7293577981652,242.8421052631579,233.75,244.75,253.6470588235294
257,247.0555555555556,241.7058823529412,245.4347826086957,257.2980769230769,255.1605504587156,242.9473684210526,233.8,244.6875,253.5882352941176
256.9655172413793,246.9444444444445,241.6470588235294,245.6521739130435,257.7596153846154,255.5917431192661,243.0526315789474,233.85,244.625,253.5294117647059
256.9310344827586,246.8333333333333,241.5882352941176,245.8695652173913,258.2211538461538,256.0229357798165,243.1578947368421,233.9,244.5625,253.4705882352941
256.8965517241379,246.7222222222222,241.5294117647059,246.0869565217391,258.6840277777778,256.454128440367,243.2631578947368,233.95,244.5,253.4117647058823
256.8620689655173,246.6111111111111,241.4705882352941,246.3253012048193,259.15625,256.8853211009174,243.3684210526316,234,244.4375,253.3529411764706
256.8275862068966,246.5,241.4117647058824,246.6265060240964,259.6284722222222,257.3165137614679,243.4736842105263,234.030303030303,244.375,253.2941176470588
256.7931034482759,246.3888888888889,241.3529411764706,246.9277108433735,260.1006944444445,257.7477064220183,243.578947368421,234.0606060606061,244.3125,253.235294117647
256.7586206896552,246.2777777777778,241.2941176470588,247.2289156626506,260.5729166666667,258.1337209302326,243.6842105263158,234.0909090909091,244.25,253.1764705882352
256.6153846153846,246.2058823529412,241.2352941176471,247.5301204819277,261.0451388888889,258.203488372093,243.7894736842105,234.1212121212121,244.1875,253.1176470588235
256.4358974358975,246.1470588235294,241.1764705882353,247.8307926829268,261.5173611111111,258.2732558139535,243.8947368421053,234.1515151515152,244.125,253.0588235294117
256.2564102564103,246.0882352941176,241.1176470588235,248.1234756097561,261.9895833333334,258.3920454545455,244,234.1818181818182,244.0625,253
256.0769230769231,246.0294117647059,241.0588235294118,248.4161585365854,262.4618055555555,258.5738636363636,244.0666666666667,234.2121212121212,244,252.9090909090909
255.8974358974359,245.9705882352941,241,248.7088414634146,262.8928571428572,258.7556818181818,244.1333333333333,234.2424242424242,244.2935749968515,252.8181818181818
255.7179487179487,245.9117647058823,240.9859154929577,249.0015243902439,263.0357142857143,259.0849056603774,244.2,234.2727272727273,244.587149993703,252.7272727272727
255.5384615384615,245.8529411764706,240.9718309859155,249.2942073170732,263.1785714285714,259.4811320754717,244.2666666666667,234.3030303030303,244.8807249905545,252.6363636363636
255.3589743589743,245.7941176470588,240.9577464788732,249.421052631579,263.3214285714286,259.8773584905661,244.3333333333333,234.3333333333334,245.1742999874061,252.5454545454545
255.1794871794872,245.7352941176471,240.943661971831,249.7194289750905,263.4642857142857,260.2,244.4,234.3636363636364,245.4678749842576,252.4545454545454
255,245.6764705882353,240.9295774647887,250.8379592797834,263.6071428571429,260.3541666666666,244.4666666666667,234.3939393939394,245.7614499811091,252.3636363636364
254.9166666666666,245.6176470588235,240.9154929577465,250.7578125,263.75,260.1875,244.5333333333334,234.4242424242424,246.0550249779606,252.2727272727272
254.8333333333333,245.5588235294118,240.9014084507043,250.1328125,263.8928571428572,260.2352941176471,244.6,234.4545454545454,246.3478699257062,252.1818181818182
254.75,245.5,240.887323943662,249.9773550724638,264.0357142857143,260.4117647058824,244.6666666666667,234.4848484848485,246.2360665959107,252.0909090909091
254.6666666666667,245.375,240.8732394366197,250.0353260869565,264.1785714285714,260.5882352941176,244.7333333333333,234.5151515151515,246.1242632661151,252
254.5833333333333,245.25,240.8591549295775,250.0932971014493,264.3214285714286,260.7647058823529,244.8,234.5454545454545,246.0124599363196,251.9090909090909
254.5,245.125,240.8450704225352,250.151268115942,264.4642857142857,260.875,244.8666666666667,234.5757575757576,245.9006566065241,251.8181818181818
254.4166666666667,245,240.830985915493,250.2092391304348,264.6071428571429,260.875,244.9333333333333,234.6060606060606,245.7888532767285,251.7272727272727
254.3333333333333,244.875,240.8169014084507,250.2672101449275,264.75,260.875,245,234.6363636363636,245.677049946933,251.6363636363636
254.25,244.75,240.8028169014085,250.3251811594203,264.8928571428572,260.875,244.9473684210526,234.6666666666667,245.5652466171375,251.5454545454545
254.1666666666667,244.625,240.7887323943662,250.3831521739131,265.0357142857143,260.875,244.8947368421053,234.6969696969697,245.4534432873419,251.4545454545454
254.0833333333333,244.5,240.774647887324,250.375,265.0625,260.875,244.8421052631579,234.7272727272727,245.3416399575464,251.3636363636363
254,244.5714285714286,240.7605633802817,249.375,264.8958333333333,260.875,244.7894736842105,234.7575757575758,245.2298366277509,251.2727272727273
254.1764705882353,244.6428571428572,240.7088963047371,248.375,264.7291666666667,260.875,244.7368421052632,234.7878787878788,245.1180332979553,251.1818181818182
254.3529411764706,244.7142857142857,240.5444815236855,247.8061224489796,264.5625,260.875,244.6842105263158,234.8181818181818,245.0062299681598,251.0909090909091
254.5294117647059,244.7857142857143,240.3800667426339,247.3367346938775,264.3958333333333,260.8444444444444,244.6315789473684,234.8484848484848,244.8944266383643,251
254.7058823529412,244.8571428571428,240.2156519615823,246.8673469387755,264.2291666666667,260.6,244.578947368421,234.8787878787879,244.7826233085687,251.0357142857142
254.6521739130435,244.9285714285714,240.0512371805307,246.7597402597403,264.0625,260.3555555555556,244.5263157894737,234.9090909090909,244.6708199787732,251.0714285714286
254.5217391304348,245,239.8868223994791,246.7727272727273,263.8958333333333,260.1111111111111,244.4736842105263,234.9393939393939,244.5590166489777,251.1071428571428
254.3913043478261,245.0714285714286,239.7224076184275,246.7857142857143,263.7291666666667,259.8666666666667,244.421052631579,234.969696969697,244.4472133191821,251.1428571428571
254.2608695652174,245.1428571428572,239.5290901137358,246.7987012987013,263.5384615384615,259.6222222222223,244.3684210526316,235,244.3354099893866,251.1785714285714
254.1304347826087,245.2142857142857,239.268622672166,246.8116883116883,263.3076923076923,259.3777777777777,244.3157894736842,235.0588235294118,244.223606659591,251.2142857142857
254,245.2857142857143,239.0081552305962,246.5263157894737,263.0769230769231,259.1333333333333,244.2631578947368,235.1176470588235,244.1118033297955,251.25
253.9,245.3571428571428,238.7476877890264,246.2210526315789,262.82,258.8888888888889,244.2105263157895,235.1764705882353,244,251.2857142857143
253.8,245.4285714285714,238.4872203474566,245.9157894736842,262.38,258.6444444444444,244.1578947368421,235.235294117647,243.8888888888889,251.3214285714286
253.7,245.5,238.2267529058868,245.6105263157895,261.94,258.4,244.1052631578947,235.2941176470588,243.7777777777778,251.3571428571428
253.6,245.2407407407407,237.966285464317,245.3052631578948,261.5,258.1555555555556,244.0526315789474,235.3529411764706,243.6666666666667,251.3928571428571
253.5,244.9814814814815,237.7058180227472,245,260.9561403508772,257.5,244,235.4117647058824,243.5555555555556,251.4285714285714
253.4,244.7222222222222,237.4453505811773,245.3333333333333,260.4122807017544,256.7857142857143,243.875,235.4705882352941,243.4444444444445,251.4642857142857
253.3,244.462962962963,237.2622950819672,245.6666666666667,259.8684210526316,256.0714285714286,243.75,235.5294117647059,243.3333333333333,251.5
253.2,244.2037037037037,237.311475409836,246,259.3245614035088,255.3571428571429,243.625,235.5882352941177,243.2222222222222,251.5357142857143
253.1,243.9444444444444,237.3606557377049,246.3333333333333,258.780701754386,254.6428571428572,243.5,235.6470588235294,243.1111111111111,251.5714285714286
253,243.7424242424242,237.4098360655738,246.6666666666667,258.2368421052632,253.9285714285714,243.375,235.7058823529412,243,251.6071428571429
252.9,243.7121212121212,237.4590163934426,247,257.6929824561403,253.2142857142857,243.25,235.764705882353,243.1111111111111,251.6428571428571
252.8,243.6818181818182,237.5081967213115,246.7407407407408,257.0106382978723,252.5,243.125,235.8235294117647,243.2222222222222,251.6785714285714
252.7,243.6515151515151,237.5573770491803,246.4814814814815,256.3085106382979,251.9125,243,235.8823529411765,243.3333333333334,251.7142857142857
252.6,243.6212121212121,237.6065573770492,246.2222222222222,255.6063829787234,252.2125,242.875,235.9411764705882,243.4444444444445,251.75
252.5,243.5909090909091,237.655737704918,245.9629629629629,254.9042553191489,252.5125,242.75,236,243.5555555555556,251.7857142857143
252.4,243.5606060606061,237.7049180327869,245.7037037037037,254.2021276595745,252.625,242.625,236,243.6666666666667,251.8214285714286
252.3,243.530303030303,237.7540983606557,245.4444444444445,253.5,252.625,242.5,236,243.7777777777778,251.8571428571429
252.2,243.5,237.8032786885246,245.1785714285714,253.2234042553191,252.625,242.375,236,243.8888888888889,251.8928571428571
252.1,243.7258064516129,237.8524590163934,244.8928571428571,252.9468085106383,252.3529411764706,242.25,236,244,251.9285714285714
252,243.9516129032258,237.9016393442623,244.6071428571429,252.6702127659575,251.9176470588235,242.125,236,244.0526315789474,251.9642857142857
251.8571428571429,244.1774193548387,237.9508196721312,244.3214285714286,252.3936170212766,251.4823529411765,242,236,244.1052631578947,252
251.7142857142857,244.4032258064516,238,244.1,252.1170212765958,251.0470588235294,241.8333333333333,235.1538461538462,244.1578947368421,252.03125
251.5714285714286,244.6290322580645,237.75,243.9,251.8404255319149,250.6117647058824,241.6666666666667,234.3076923076923,244.2105263157895,252.0625
251.4285714285714,244.8548387096774,237.5,243.7,251.5638297872341,250.1764705882353,241.5,233.4615384615385,244.2631578947368,252.09375
251.2857142857143,245.0806451612903,237.25,243.5,251.2872340425532,249.7411764705882,241.3333333333333,233.25,244.3157894736842,252.125
251.1428571428571,245.2380952380952,237,243.3,251.0106382978724,249.3058823529412,241.1666666666667,233.25,244.3684210526316,252.15625
251,245.1904761904762,236.75,243.025,250.7340425531915,248.8705882352941,241,233.25,244.4210526315789,252.1875
250.9230769230769,245.1428571428571,236.5,242.725,250.4574468085107,248.4352941176471,240.8333333333333,233.4117647058823,244.4736842105263,252.21875
250.8461538461538,245.0952380952381,236.25,242.425,250.1375000000001,248,240.6666666666667,234.0588235294118,244.5263157894737,252.25
250.7692307692307,245.047619047619,236,242.125,249.6875000000001,247.6666666666667,240.5,234.7058823529412,244.578947368421,252.28125
250.6923076923077,245,235.9285714285714,241.825,249.2375000000001,247.3333333333333,240.3333333333333,235.3529411764706,244.6315789473684,252.3125
250.6153846153846,244.9523809523809,235.8571428571429,241.4772727272727,248.7875000000001,247,240.1666666666667,236,244.6842105263158,252.34375
250.5384615384615,244.9047619047619,235.7857142857143,241.1136363636364,248.3375,246.6666666666667,240,235.6,244.7368421052632,252.375
250.4615384615385,244.8571428571428,235.7142857142857,240.75,247.8875,246.3333333333333,239.75,235.2,244.7894736842105,252.40625
250.3846153846154,244.8095238095238,235.6428571428571,240.3863636363636,247.4375000000001,246,239.5,234.8,244.8421052631579,252.4375
250.3076923076923,244.7619047619048,235.5714285714286,240.0227272727273,246.9875000000001,245.6666666666667,239.25,234.4,244.8947368421053,252.46875
250.2307692307692,244.5769230769231,235.5,239.6896551724138,246.5375000000001,245.3333333333333,239,234,244.9473684210526,252.5
250.1538461538462,244.3461538461538,235.4285714285714,239.448275862069,246.0875,245,238.75,234.2222222222222,245,252.53125
250.0769230769231,244.1153846153846,235.3571428571429,239.2068965517242,245.6621621621622,244.6666666666667,238.5,234.4444444444445,245.1111111111111,252.5625
250,243.8846153846154,235.2857142857143,238.9655172413793,245.3108108108109,244.3333333333333,238.25,234.6666666666667,245.2222222222222,252.59375
250.1111111111111,243.6538461538462,235.2142857142857,238.7241379310345,244.9594594594595,244,238,234.8888888888889,245.3333333333334,252.625
250.2222222222222,243.4230769230769,235.1428571428571,238.4827586206897,244.6081081081082,243.6666666666667,237.75,235.1111111111111,245.4444444444445,252.65625
250.3333333333333,243.1923076923077,235.0714285714286,238.2413793103448,244.2567567567568,243.3333333333333,237.5,235.3333333333333,245.5555555555556,252.6875
250.4444444444444,242.9615384615385,235,238,243.9054054054054,243,237.25,235.5555555555556,245.6666666666667,252.71875
250.5555555555555,242.7307692307692,235,237.8571428571429,243.5540540540541,242.6666666666667,237,235.7777777777778,245.7777777777778,252.75
250.6666666666667,242.5,235,237.7142857142857,243.2027027027027,242.3333333333333,236.9166666666667,236,245.8888888888889,252.78125
250.7777777777777,242.4508196721311,235,237.5714285714286,242.8513513513514,242,236.8333333333333,235.6315789473684,246,252.8125
250.8888888888889,242.4016393442623,235,237.4285714285714,242.5,241.6666666666667,236.75,235.2631578947368,245.8181818181818,252.84375
251,242.3524590163934,235,237.2857142857143,242.1428571428572,241.3333333333333,236.6666666666667,234.8947368421053,245.6363636363636,252.875
250.6086956521739,242.3032786885246,235,237.1428571428572,241.7857142857143,241,236.5833333333333,234.5263157894737,245.4545454545454,252.90625
250.2173913043478,242.2540983606557,235,237,241.4285714285714,240.6666666666667,236.5,234.25,245.2727272727273,252.9375
249.8260869565217,242.2049180327869,234.969696969697,237.1111111111111,241.0714285714286,240.3333333333333,236.4166666666667,234.25,245.0909090909091,252.96875
249.4347826086957,242.155737704918,234.9393939393939,237.2222222222222,240.7142857142857,240,236.3333333333333,234.25,244.9090909090909,253
249.0434782608696,242.1065573770492,234.9090909090909,237.3333333333333,240.3571428571428,239.6666666666667,236.25,234.25,244.7272727272727,252.9375
248.7260273972603,242.0573770491803,234.8787878787879,237.4444444444445,240,239.3333333333333,236.1666666666667,234.25,244.5454545454546,252.875
248.6301369863014,242.0081967213115,234.8484848484849,237.5555555555556,239.6428571428571,239,236.0833333333333,234.3529411764706,244.3636363636364,252.8125
248.5342465753425,241.9590163934427,234.8181818181818,237.6666666666667,239.2857142857143,238.6666666666667,236,234.7647058823529,244.1818181818182,252.75
248.4383561643836,241.9098360655738,234.7878787878788,237.7125,238.9285714285714,238.3333333333333,235.9166666666667,235.1764705882353,244,252.6875
248.3424657534247,241.8606557377049,234.7575757575758,237.5625,238.5714285714286,238,235.8333333333333,235.5882352941177,244.1052631578947,252.625
248.2465753424658,241.8114754098361,234.5526315789474,237.4125,238.2142857142857,237.6666666666667,235.75,236,244.2105263157895,252.5625
248.1506849315069,241.7622950819672,234.2894736842105,237.2625,237.8571428571429,237.3333333333334,235.6666666666667,236.2,244.3157894736842,252.5
248.0547945205479,241.75,234.0263157894737,237.1125,237.5,237,235.5833333333333,236.4,244.4210526315789,252.4375
247.9589041095891,241.75,233.7631578947368,236.9625,237.3695652173913,236.6666666666667,235.5,236.6,244.5263157894737,252.375
247.8630136986301,241.75,233.5,236.8125,237.2391304347826,236.3333333333334,235.4166666666666,236.8,244.6315789473684,252.3125
247.7671232876713,241.75,233.2368421052632,236.6625,237.1086956521739,236,235.3333333333333,237,244.7368421052632,252.25
247.6712328767123,241.75,232.9736842105263,236.5125,236.9782608695652,235.9,235.25,237.2,244.8421052631579,252.1875
247.5753424657534,241.75,232.7105263157895,236.3625,236.8478260869565,235.8,235.1666666666667,237.4,244.9473684210526,252.125
247.4794520547945,241.75,232.4473684210526,236.1764705882353,236.7173913043478,235.7,235.0833333333333,237.6,245.0526315789473,252.0625
247.3835616438356,241.75,232.2758620689655,235.8823529411765,236.5869565217391,235.6,235,237.7241379310345,245.1578947368421,252
247.2876712328767,241.75,232.3793103448276,235.5882352941176,236.4565217391304,235.5,234.9166666666667,237.6206896551724,245.2631578947368,252.0769230769231
247.1917808219178,241.75,232.4827586206897,235.2941176470588,236.3260869565217,235.4,234.8333333333333,237.5172413793104,245.3684210526316,252.1538461538461
247.0958904109589,241.7025316455696,232.5862068965517,235,236.1956521739131,235.3,234.75,237.4137931034483,245.4736842105263,252.2307692307692
247,241.6392405063291,232.6896551724138,234.8571428571429,236.0652173913043,235.2,234.6666666666667,237.3103448275862,245.578947368421,252.3076923076923
246.9166666666667,241.5759493670886,232.7931034482759,234.7142857142857,235.9347826086957,235.1,234.5833333333333,237.2068965517242,245.6842105263158,252.3846153846154
246.8333333333333,241.5126582278481,232.8965517241379,234.5714285714286,235.804347826087,235,234.5,237.1034482758621,245.7894736842105,252.4615384615385
246.75,241.4493670886076,233,234.4285714285714,235.6739130434783,234.9,234.4166666666667,237,245.8947368421053,252.5384615384615
246.6666666666667,241.3860759493671,232.9166666666667,234.2857142857143,235.5434782608696,234.8,234.3333333333333,236.96,246,252.6153846153846
246.5833333333333,241.3227848101266,232.8333333333333,234.1428571428571,235.4130434782609,234.7,234.25,236.92,246.0019491602633,252.6923076923077
246.5,241.2594936708861,232.75,234,235.2826086956522,234.6,234.1666666666667,236.88,246.0038983205267,252.7692307692308
246.4166666666667,241.1962025316456,232.6666666666667,233.8571428571429,235.1521739130435,234.5,234.0833333333333,236.84,246.00584748079,252.8461538461538
246.3333333333333,241.132911392405,232.5833333333333,233.7142857142857,235.0217391304348,234.4,234,236.8,246.0077966410534,252.9230769230769
246.25,241.0696202531645,232.5,233.5714285714286,234.8913043478261,234.3,234.05,236.76,246.0097458013167,253
246.1666666666667,241.006329113924,232.4166666666667,233.4285714285714,234.7608695652174,234.2,234.1,236.72,246.0116949615801,253.25
246.0833333333333,240.9430379746835,232.3333333333333,233.2857142857143,234.6304347826087,234.1,234.15,236.68,246.0136441218434,253.5
246,240.879746835443,232.25,233.1428571428571,234.5,234,234.2,236.64,246.0155932821067,253.7499999999999
245.875,240.8164556962025,232.1666666666667,233,234.3947368421053,233.9230769230769,234.25,236.6,246.0175424423701,254
245.75,240.753164556962,232.0833333333333,232.8888888888889,234.2894736842105,233.8461538461538,234.3,236.56,246.0194916026334,254.2499999999999
245.625,240.6898734177215,232,232.7777777777778,234.1842105263158,233.7692307692308,234.35,236.52,246.0214407628968,254.5
245.5,240.626582278481,231.9090909090909,232.6666666666667,234.078947368421,233.6923076923077,234.4,236.48,246.0233899231601,254.75
245.375,240.5632911392405,231.8181818181818,232.5555555555555,233.9736842105263,233.6153846153846,234.45,236.44,246.0253390834234,255
245.25,240.5,231.7272727272727,232.4444444444444,233.8684210526316,233.5384615384615,234.5,236.4,246.0272882436868,254.9230769230769
245.125,240.4090909090909,231.6363636363636,232.3333333333333,233.7631578947368,233.4615384615385,234.55,236.36,246.0292374039501,254.8461538461538
245,240.3181818181818,231.5454545454546,232.2222222222222,233.6578947368421,233.3846153846154,234.6,236.32,246.0311865642134,254.7692307692307
244.75,240.2272727272727,231.4545454545454,232.1111111111111,233.5526315789474,233.3076923076923,234.65,236.28,246.0331357244768,254.6923076923077
244.5,240.1363636363636,231.3636363636364,232,233.4473684210526,233.2307692307692,234.7,236.241935483871,246.0303867403315,254.6153846153846
244.25,240.0454545454545,231.2727272727273,231.9285714285714,233.3421052631579,233.1538461538462,234.75,236.2096774193549,246.0276243093923,254.5384615384615
244,239.9545454545454,231.1818181818182,231.8571428571429,233.2368421052632,233.0769230769231,234.8,236.1774193548387,246.024861878453,254.4615384615385
243.75,239.8636363636364,231.0909090909091,231.7857142857143,233.1315789473684,233,234.85,236.1451612903226,246.0220994475138,254.3846153846154
243.5,239.7727272727273,231,231.7142857142857,233.0263157894737,233,234.9,236.1129032258065,246.0193370165746,254.3076923076923
243.25,239.6818181818182,230.9090909090909,231.6428571428571,232.921052631579,233,234.95,236.0806451612904,246.0165745856354,254.2307692307692
243,239.5909090909091,230.8181818181818,231.5714285714286,232.8157894736842,233,235,236.0483870967742,246.0138121546962,254.1538461538461
243,239.5,230.7272727272727,231.5,232.7105263157895,233,235.1578947368421,236.0161290322581,246.0110497237569,254.0769230769231
243,239.4642857142857,230.6363636363636,231.4285714285714,232.6052631578947,233,235.3157894736842,235.983870967742,246.0082872928177,254
243,239.4285714285714,230.5454545454546,231.3571428571428,232.5,233,235.4736842105263,235.9516129032259,246.0055248618785,253.9285714285714
243.046875,239.3928571428571,230.4545454545454,231.2857142857143,232.3947368421053,233,235.6315789473684,235.9193548387097,246.0027624309392,253.8571428571429
243.234375,239.3571428571428,230.3636363636364,231.2142857142857,232.2894736842105,233,235.7142857142857,235.8870967741936,246,253.7857142857143
243.421875,239.3214285714286,230.2727272727273,231.1428571428572,232.1842105263158,233,235.5714285714286,235.8548387096775,245.9064949794843,253.7142857142857
243.609375,239.2857142857143,230.1818181818182,231.0714285714286,232.078947368421,233,235.4285714285714,235.8225806451613,245.8129899589685,253.6428571428571
243.6896551724138,239.25,230.0909090909091,231,231.9736842105263,233,235.2857142857143,235.7903225806452,245.7194849384528,253.5714285714286
243.448275862069,239.2142857142857,230,230.9375,231.8684210526316,233,235.1428571428571,235.7580645161291,245.6259799179371,253.5
243.2068965517242,239.1785714285714,230.2222222222222,230.875,231.7631578947368,233,235,235.785046728972,245.5324748974214,253.4285714285714
242.9655172413793,239.1428571428571,230.4444444444445,230.8125,231.6578947368421,233,234.875,235.8317757009346,245.4389698769056,253.3571428571428
242.7241379310345,239.1071428571428,230.6666666666666,230.75,231.5526315789474,233,234.75,235.8785046728972,245.3454648563899,253.2857142857143
242.4827586206897,239.0714285714286,230.8888888888889,230.6875,231.4473684210526,233,234.625,235.9252336448598,245.2519598358742,253.2142857142857
242.2413793103449,239.0357142857143,231.1111111111111,230.625,231.3421052631579,233,234.5,235.9719626168225,245.1602959309494,253.1428571428571
242,239,231.3333333333333,230.5625,231.2368421052632,232.96,234.375,236.0186915887851,245.1479654747226,253.0714285714286
241.6666666666667,238.9642857142857,231.5555555555556,230.5,231.1315789473684,232.92,234.25,236.0654205607477,245.1356350184957,253
241.3333333333333,238.9285714285714,231.7777777777778,230.4375,231.0263157894737,232.88,234.125,236.1121495327103,245.1233045622688,252.9090909090909
241,238.8928571428572,232,230.375,230.921052631579,232.84,234,236.1588785046729,245.1109741060419,252.8181818181818
240.6666666666667,238.8571428571429,231.9473684210526,230.3125,230.8157894736842,232.8,233.875,236.2056074766355,245.098643649815,252.7272727272727
240.3333333333333,238.8214285714286,231.8947368421053,230.25,230.7105263157895,232.76,233.75,236.2523364485982,245.0863131935881,252.6363636363636
240,238.7857142857143,231.8421052631579,230.1875,230.6052631578947,232.72,233.625,236.2990654205608,245.0739827373613,252.5454545454546
240,238.75,231.7894736842105,230.125,230.5,232.68,233.5,236.3457943925234,245.0616522811344,252.4545454545454
240,238.7142857142857,231.7368421052632,230.0625,230.5222222222222,232.64,233.375,236.392523364486,245.0493218249075,252.3636363636364
240,238.6785714285714,231.6842105263158,230,230.5444444444445,232.6,233.25,236.4392523364486,245.0369913686806,252.2727272727273
240,238.6428571428571,231.6315789473684,229.95,230.5666666666667,232.56,233.125,236.4859813084112,245.0246609124538,251.7777777777778
240,238.6071428571429,231.578947368421,229.9,230.5888888888889,232.52,233,236.5327102803739,245.0123304562269,251.1481481481482
239.8,238.5714285714286,231.5263157894737,229.85,230.6111111111111,232.48,233.0666666666667,236.5794392523364,245,250.5185185185185
239.6,238.5357142857143,231.4736842105263,229.8,230.6333333333334,232.44,233.1333333333333,236.6261682242991,245.125,249.8888888888889
239.4,238.5,231.4210526315789,229.75,230.6555555555556,232.4,233.2,236.6728971962617,245.25,249.2592592592593
239.2,238.4230769230769,231.3684210526316,229.7,230.6777777777778,232.36,233.2666666666667,236.7196261682243,245.375,248.6296296296296
239,238.3461538461539,231.3157894736842,229.65,230.7,232.32,233.3333333333333,236.7663551401869,245.5,248
239.04,238.2692307692308,231.2631578947368,229.6,230.7222222222223,232.28,233.4,236.8130841121495,245.625,248.2222222222222
239.08,238.1923076923077,231.2105263157895,229.55,230.7444444444445,232.24,233.4666666666667,236.8598130841121,245.75,248.4444444444445
239.12,238.1153846153846,231.1578947368421,229.5,230.7307692307693,232.2,233.5333333333333,236.9065420560748,245.875,248.6666666666667
239.16,238.0384615384615,231.1052631578947,229.45,230.7051282051283,232.16,233.6,236.9532710280374,246,248.8888888888889
239.2,237.9615384615385,231.0526315789474,229.4,230.6794871794872,232.12,233.6666666666667,237,245.75,249.1111111111111
239.24,237.8846153846154,231,229.35,230.6538461538462,232.08,233.7333333333333,237.0909090909091,245.5,249.3333333333333
239.025,237.8076923076923,230.952380952381,229.3,230.6282051282052,232.04,233.8,237.1818181818182,245.25,249.5555555555556
238.725,237.7307692307692,230.9047619047619,229.25,230.6025641025641,232,233.8666666666667,237.2727272727273,245,249.7777777777778
238.425,237.6538461538461,230.8571428571429,229.2,230.5769230769231,232.0625,233.9333333333333,237.3636363636364,244.75,250
238.125,237.5769230769231,230.8095238095238,229.15,230.5512820512821,232.125,234,237.4545454545455,244.5,249.952380952381
237.825,237.5,230.7619047619048,229.1,230.5256410256411,232.1875,234.0666666666667,237.5454545454546,244.25,249.9047619047619
237.3157894736842,237.4230769230769,230.7142857142857,229.05,230.5000000000001,232.25,234.1333333333333,237.6363636363637,244,249.8571428571429
236.7368421052632,237.3461538461539,230.6666666666667,229,230.474358974359,232.3125,234.2,237.7272727272728,243.8333333333333,249.8095238095238
236.1578947368421,237.2692307692308,230.6190476190476,229.0810810810811,230.448717948718,232.375,234.2666666666667,237.6666666666667,243.6666666666667,249.7619047619048
235.5789473684211,237.1923076923077,230.5714285714286,229.1621621621622,230.423076923077,232.4375,234.3333333333333,237.5555555555556,243.5,249.7826086956522
235,237.1153846153846,230.5238095238095,229.2432432432432,230.3974358974359,232.5,234.4,237.4444444444445,243.3333333333333,249.8260869565217
234.6666666666667,237.0384615384615,230.4761904761905,229.3243243243243,230.3717948717949,232.5625,234.4666666666667,237.3333333333333,243.1666666666667,249.8695652173913
234.3333333333333,236.9615384615385,230.4285714285714,229.4054054054054,230.3461538461539,232.625,234.5333333333333,237.2222222222222,243,249.9130434782609
234,236.8846153846154,230.3809523809524,229.4864864864865,230.3205128205129,232.6875,234.6,237.1111111111111,243.125,249.9565217391304
233.6666666666667,236.8076923076923,230.3333333333333,229.5675675675676,230.2948717948719,232.75,234.6666666666667,237,243.25,250
233.3333333333333,236.7307692307692,230.2857142857143,229.6486486486487,230.2692307692308,232.8125,234.7333333333333,236.7777777777778,243.375,249.8571428571428
233,236.6538461538462,230.2380952380952,229.7297297297297,230.2435897435898,232.875,234.8,236.5555555555555,243.5,249.7142857142857
233.125,236.5769230769231,230.1904761904762,229.6666666666667,230.2179487179488,232.9375,234.8666666666667,236.3333333333333,243.625,249.5714285714286
233.25,236.5,230.1428571428572,229.5555555555555,230.1923076923077,233,234.9333333333333,236.1111111111111,243.75,249.4285714285714
233.375,236.4230769230769,230.0952380952381,229.4444444444445,230.1666666666667,232.9473684210527,235,235.8888888888889,243.875,249.2857142857143
233.5,236.3461538461538,230.047619047619,229.3333333333333,230.1410256410257,232.8947368421053,234.9090909090909,235.6666666666666,244,249.1428571428572
233.625,236.2692307692308,230,229.2222222222222,230.1153846153847,232.8421052631579,234.8181818181818,235.4444444444444,243.8181818181818,249
233.75,236.1923076923077,230.0714285714286,229.1111111111111,230.0897435897436,232.7894736842105,234.7272727272727,235.2222222222222,243.6363636363636,248.7142857142857
233.875,236.1153846153846,230.1428571428572,229,230.0641025641026,232.7368421052632,234.6363636363636,235,243.4545454545455,248.4285714285714
234,236.0384615384615,230.2142857142857,229.0625,230.0384615384616,232.6842105263158,234.5454545454545,235.0909090909091,243.2727272727273,248.1428571428571
234.1,235.9615384615385,230.2857142857143,229.125,230.0128205128206,232.6315789473684,234.4545454545454,235.1818181818182,243.0909090909091,247.8571428571429
234.2,235.8846153846154,230.3571428571428,229.1875,229.9871794871795,232.578947368421,234.3636363636363,235.2727272727273,242.9090909090909,247.5714285714286
234.3,235.8076923076923,230.4285714285714,229.25,229.9615384615385,232.5263157894737,234.2727272727273,235.3636363636364,242.7272727272727,247.2857142857143
234.4,235.7307692307692,230.5,229.3125,229.9358974358975,232.4736842105263,234.1818181818182,235.4545454545454,242.5454545454546,247
234.5,235.6538461538462,230.5714285714286,229.375,229.9102564102565,232.421052631579,234.0909090909091,235.5454545454546,242.3636363636363,247.1111111111111
234.6,235.5769230769231,230.6428571428571,229.4375,229.8846153846154,232.3684210526316,234,235.6363636363636,242.1818181818182,247.2222222222222
234.7,235.5,230.7142857142857,229.5,229.8589743589744,232.3157894736842,233.9545454545454,235.7272727272727,242,247.3333333333333
234.8,235.2142857142857,230.7857142857143,229.5625,229.8333333333334,232.2631578947368,233.9090909090909,235.8181818181818,242.3333333333333,247.4444444444445
234.9,234.9285714285714,230.8571428571429,229.625,229.8076923076923,232.2105263157895,233.8636363636364,235.9090909090909,242.6666666666667,247.5555555555555
235,234.6428571428571,230.9285714285714,229.6875,229.7820512820514,232.1578947368421,233.8181818181818,236,243,247.6666666666667
234.9,234.3571428571428,231,229.75,229.7564102564103,232.1052631578947,233.7727272727273,236.0769230769231,243.3333333333333,247.7777777777778
234.8,234.0714285714286,230.9,229.8125,229.7352941176471,232.0526315789474,233.7272727272727,236.1538461538461,243.6666666666667,247.8888888888889
234.7,233.7857142857143,230.8,229.875,229.7156862745099,232,233.6818181818182,236.2307692307692,244,248
234.6,233.5,230.7,229.9375,229.6960784313726,231.9285714285714,233.6363636363636,236.3076923076923,243.8181818181818,248.1111111111111
234.5,233.4285714285714,230.6,230,229.6764705882353,231.8571428571429,233.5909090909091,236.3846153846154,243.6363636363636,248.2222222222222
234.4,233.3571428571429,230.5,229.9230769230769,229.6568627450981,231.7857142857143,233.5454545454546,236.4615384615385,243.4545454545455,248.3333333333333
234.3,233.2857142857143,230.4,229.8461538461539,229.6372549019608,231.7142857142857,233.5,236.5384615384615,243.2727272727273,248.4444444444445
234.2,233.2142857142857,230.3,229.7692307692308,229.6176470588235,231.6428571428571,233.4545454545454,236.6153846153846,243.0909090909091,248.5555555555555
234.1,233.1428571428572,230.2,229.6923076923077,229.5980392156863,231.5714285714286,233.4090909090909,236.6923076923077,242.9090909090909,248.6666666666667
234,233.0714285714286,230.1,229.6153846153846,229.578431372549,231.5,233.3636363636364,236.7692307692308,242.7272727272727,248.7777777777778
233.75,233,230,229.5384615384615,229.5588235294118,231.4285714285714,233.3181818181818,236.8461538461538,242.5454545454546,248.8888888888889
233.5,232.9285714285714,229.9411764705882,229.4615384615385,229.5392156862745,231.3571428571429,233.2727272727273,236.9230769230769,242.3636363636363,249
233.25,232.8571428571429,229.8823529411765,229.3846153846154,229.5196078431373,231.2857142857143,233.2272727272727,237,242.1818181818182,248.9047619047619
233,232.7857142857143,229.8235294117647,229.3076923076923,229.5,231.2142857142857,233.1818181818182,236.8888888888889,242,248.8095238095238
232.75,232.7142857142857,229.7647058823529,229.2307692307692,229.46,231.1428571428571,233.1363636363636,236.7777777777778,241.9090909090909,248.7142857142857
232.5,232.6428571428572,229.7058823529412,229.1538461538461,229.42,231.0714285714286,233.0909090909091,236.6666666666667,241.8181818181818,248.6190476190476
232.25,232.5714285714286,229.6470588235294,229.0769230769231,229.38,231,233.0454545454545,236.5555555555556,241.7272727272727,248.5238095238095
232,232.5,229.5882352941177,229,229.34,230.9285714285714,233,236.4444444444445,241.6363636363636,248.4285714285714
231.6666666666667,232.3421052631579,229.5294117647059,229.0555555555555,229.3,230.8571428571428,233.0857142857143,236.3333333333333,241.5454545454546,248.3333333333334
231.3333333333333,232.1842105263158,229.4705882352941,229.1111111111111,229.26,230.7857142857143,233.1714285714286,236.2222222222222,241.4545454545454,248.2380952380952
231,232.0263157894737,229.4117647058824,229.1666666666667,229.22,230.7142857142857,233.2571428571429,236.1111111111111,241.3636363636364,248.1428571428571
230.6666666666666,231.8684210526316,229.3529411764706,229.2222222222222,229.18,230.6428571428572,233.3428571428572,236,241.2727272727273,248.047619047619
230.3333333333333,231.7105263157895,229.2941176470588,229.2777777777778,229.14,230.5714285714286,233.4285714285714,235.8571428571429,241.1818181818182,247.952380952381
230,231.5526315789473,229.235294117647,229.3333333333333,229.1,230.5,233.5142857142857,235.7142857142857,241.0909090909091,247.8571428571429
229.6666666666667,231.3947368421053,229.1764705882353,229.3888888888889,229.06,230.4285714285714,233.6,235.5714285714286,241,247.7619047619048
229.3333333333333,231.2368421052632,229.1176470588235,229.4444444444445,229.02,230.3571428571429,233.6857142857143,235.4285714285714,241,247.6666666666667
229,231.078947368421,229.0588235294118,229.5,228.98,230.2857142857143,233.7297297297297,235.2857142857143,241,247.5714285714286
228.8461538461539,230.9210526315789,229,229.5555555555555,228.94,230.2142857142857,233.6486486486487,235.1428571428571,241,247.4761904761905
228.6923076923077,230.7631578947368,229.1,229.6111111111111,228.9,230.1428571428571,233.5675675675676,235,241,247.3809523809524
228.5384615384615,230.6052631578947,229.2,229.6666666666667,228.86,230.0714285714286,233.4864864864865,234.8571428571428,241,247.2857142857143
228.3846153846154,230.4473684210526,229.3,229.7222222222222,228.82,230,233.4054054054054,234.7142857142857,241,247.1904761904762
228.2307692307692,230.2894736842105,229.4,229.7777777777778,228.78,229.9523809523809,233.3243243243243,234.5714285714286,241,247.0952380952381
228.0769230769231,230.1315789473684,229.5,229.8333333333333,228.74,229.9047619047619,233.2432432432433,234.4285714285714,241,247
227.9230769230769,229.9736842105263,229.6,229.8888888888889,228.7,229.8571428571429,233.1621621621621,234.2857142857143,241,246.8333333333333
227.7692307692308,229.8157894736842,229.7,229.9444444444444,228.66,229.8095238095238,233.0810810810811,234.1428571428572,241,246.6666666666667
227.6153846153846,229.6578947368421,229.8,230,228.62,229.7619047619048,233,234,241,246.5
227.4615384615385,229.5,229.9,229.875,228.58,229.7142857142857,232.9189189189189,233.962962962963,240.8666666666667,246.3333333333333
227.3076923076923,229.3666666666667,230,229.75,228.54,229.6666666666667,232.8378378378378,233.9259259259259,240.7333333333333,246.1666666666667
227.1538461538462,229.2333333333333,229.6666666666667,229.625,228.5,229.6190476190476,232.7567567567568,233.8888888888889,240.6,246
227,229.1,229.3333333333333,229.5,228.4285714285714,229.5714285714286,232.6756756756757,233.8518518518519,240.4666666666667,245.8333333333333
226.8666666666667,228.9666666666667,229,229.375,228.3571428571429,229.5238095238095,232.5945945945946,233.8148148148148,240.3333333333333,245.6666666666667
226.7333333333333,228.8333333333333,228.6666666666667,229.25,228.2857142857143,229.4761904761905,232.5135135135135,233.7777777777778,240.2,245.5
226.6,228.7,228.3333333333333,229.125,228.2142857142857,229.4285714285714,232.4324324324324,233.7619047619048,240.0666666666667,245.3333333333333
226.4666666666667,228.5666666666667,228.1428571428571,229,228.1428571428571,229.3809523809524,232.3513513513514,233.8095238095238,239.9444444444444,245.1666666666667
226.3333333333333,228.4333333333333,228,228.8,228.0714285714286,229.3333333333333,232.2702702702703,233.8571428571429,239.8333333333333,245
226.2,228.3,227.8571428571428,228.6,228,229.2857142857143,232.218487394958,233.9047619047619,239.7222222222222,244.8333333333334
226.0666666666667,228.1666666666667,227.7142857142857,228.4,227.9285714285714,229.2380952380952,232.1764705882353,233.952380952381,239.6111111111111,244.6666666666667
225.9333333333333,228.0333333333333,227.5714285714286,228.2,227.8571428571429,229.1904761904762,232.1344537815126,234,239.5,244.5
225.8,227.9,227.4285714285714,228,227.7857142857143,229.1428571428571,232.0924369747899,233.972972972973,239.3888888888889,244.3333333333333
225.6666666666667,227.7666666666667,227.2857142857143,227.8,227.7142857142857,229.0952380952381,232.0504201680672,233.9459459459459,239.2777777777778,244.1666666666667
225.5333333333334,227.6333333333333,227.1428571428571,227.6,227.6428571428571,229.047619047619,232.0084033613446,233.9189189189189,239.1666666666667,244
225.4,227.5,227,227.4,227.5714285714286,229,231.9663865546218,233.8918918918919,239.0555555555556,243.7692307692308
225.2666666666667,227.3181818181818,226.8571428571428,227.2,227.5,228.962962962963,231.9243697478992,233.8648648648649,238.9,243.5384615384615
225.1333333333333,227.1363636363636,226.7142857142857,227,227.4285714285714,228.9259259259259,231.8823529411765,233.8378378378379,238.7,243.3076923076923
225,226.9545454545455,226.5714285714286,227,227.3571428571428,228.8888888888889,231.8403361344538,233.8108108108108,238.5,243.0769230769231
224.8717948717949,226.7727272727273,226.4285714285714,227,227.2857142857143,228.8518518518518,231.7983193277311,233.7837837837838,238.3,242.8461538461539
224.7435897435898,226.5909090909091,226.2857142857143,227,227.2142857142857,228.8148148148148,231.7563025210084,233.7567567567568,238.1,242.6153846153846
224.6153846153846,226.4090909090909,226.1428571428571,227,227.1428571428572,228.7777777777778,231.7142857142857,233.7826086956522,237.9,242.3846153846154
224.4871794871795,226.2272727272727,226,227,227.0714285714286,228.7407407407407,231.672268907563,233.8260869565217,237.7,242.1538461538462
224.3589743589744,226.0454545454546,225.875,227,227,228.7037037037037,231.6302521008404,233.8695652173913,237.5,241.9230769230769
224.2307692307692,225.8636363636363,225.75,227,226.9285714285714,228.6666666666667,231.5882352941177,233.9130434782609,237.3,241.6923076923077
224.1025641025641,225.6818181818182,225.625,226.9285714285714,226.8571428571429,228.6296296296296,231.546218487395,233.9565217391304,237.1,241.4615384615385
223.974358974359,225.5,225.5,226.8571428571429,226.7857142857143,228.5925925925926,231.5042016806723,234,236.9615384615385,241.2307692307692
223.8461538461539,225.3823529411765,225.375,226.7857142857143,226.7142857142857,228.5555555555555,231.4621848739496,233.8666666666667,236.8846153846154,241
223.64,225.264705882353,225.25,226.7142857142857,226.6428571428571,228.5185185185185,231.4201680672269,233.7333333333333,236.8076923076923,241.1428571428572
223.2,225.1470588235294,225.125,226.6428571428571,226.5714285714286,228.4814814814815,231.3781512605042,233.6,236.7307692307692,241.2857142857143
222.76,225.0294117647059,225,226.5714285714286,226.5,228.4444444444445,231.3361344537815,233.4666666666667,236.6538461538461,241.4285714285714
222.32,224.9117647058824,224.875,226.5,226.4545454545455,228.4074074074074,231.2941176470588,233.3333333333334,236.5769230769231,241.5714285714286
221.88,224.7941176470588,224.75,226.4285714285714,226.4090909090909,228.3703703703704,231.2521008403361,233.2,236.5,241.7142857142857
221.44,224.6764705882353,224.625,226.3571428571429,226.3636363636364,228.3333333333333,231.2100840336134,233.0666666666667,236.4230769230769,241.8571428571429
221,224.5588235294118,224.5,226.2857142857143,226.3181818181818,228.2962962962963,231.1680672268907,232.9333333333333,236.3461538461539,242
220.8070175438597,224.4411764705882,224.375,226.2142857142857,226.2727272727273,228.2592592592593,231.1260504201681,232.8,236.2692307692308,242
220.6140350877193,224.3235294117647,224.25,226.1428571428571,226.2272727272727,228.2222222222222,231.0840336134454,232.6666666666667,236.1923076923077,242
220.421052631579,224.2058823529412,224.125,226.0714285714286,226.1818181818182,228.1851851851852,231.0420168067227,232.5333333333333,236.1153846153846,242
220.2280701754386,224.0882352941177,224,226,226.1363636363636,228.1481481481482,231,232.4,236.0384615384615,242
220.0350877192982,223.9705882352941,223.875,225.8181818181818,226.0909090909091,228.1111111111111,230.9361702127659,232.2666666666667,236.0714285714286,242
219.8421052631579,223.8529411764706,223.75,225.6363636363636,226.0454545454545,228.0740740740741,230.8723404255319,232.1333333333333,236.2142857142857,242
219.6491228070175,223.7352941176471,223.625,225.4545454545455,226,228.037037037037,230.8085106382979,232,236.3571428571428,242
219.4561403508772,223.6176470588235,223.5,225.2727272727273,225.9545454545454,228,230.7446808510638,231.9333333333333,236.5,241.8666666666667
219.2631578947368,223.5,223.375,225.0909090909091,225.9090909090909,227.8571428571429,230.6808510638298,231.8666666666667,236.6428571428571,241.7333333333333
219.0701754385965,223.2878787878788,223.25,224.9090909090909,225.8636363636364,227.7142857142857,230.6170212765958,231.8,236.7857142857143,241.6
218.8771929824561,223.0757575757576,223.125,224.7272727272727,225.8181818181818,227.5714285714286,230.5531914893617,231.7333333333333,236.9285714285714,241.4666666666667
218.6842105263158,222.8636363636364,223,224.5454545454545,225.7727272727273,227.4285714285714,230.4893617021277,231.6666666666667,236.8888888888889,241.3333333333333
218.4912280701755,222.6515151515152,222.9411764705882,224.3636363636364,225.7272727272727,227.2857142857143,230.4255319148936,231.6,236.6666666666667,241.2
218.2982456140351,222.4393939393939,222.8823529411765,224.1818181818182,225.6818181818182,227.1428571428571,230.3617021276596,231.5333333333333,236.4444444444445,241.0666666666667
218.0571428571428,222.2272727272727,222.8235294117647,224,225.6363636363636,227,230.2978723404255,231.4666666666667,236.2222222222222,240.9333333333333
217.8,222.0151515151515,222.7647058823529,223.9166666666667,225.5909090909091,226.8571428571429,230.2244897959183,231.4,236,240.8
217.5428571428571,221.8030303030303,222.7058823529412,223.8333333333333,225.5454545454545,226.7142857142857,230.1224489795918,231.3333333333333,235.7777777777778,240.6666666666667
217.2857142857143,221.4166666666667,222.6470588235294,223.75,225.5,226.5714285714286,230.0204081632653,231.2666666666667,235.5555555555556,240.5333333333334
217.0285714285714,220.9722222222222,222.5882352941177,223.6666666666667,225.4,226.4285714285714,229.9183673469388,231.2,235.3333333333333,240.4
216.7714285714286,220.5277777777778,222.5294117647059,223.5833333333333,225.3,226.2857142857143,229.8163265306122,231.1333333333334,235.1111111111111,240.2666666666667
216.5142857142857,220.0833333333333,222.4705882352941,223.5,225.2,226.1428571428571,229.7142857142857,231.0666666666667,234.8947368421053,240.1333333333333
216.2571428571429,219.7184484905073,222.4117647058823,223.4166666666667,225.1,226,229.6122448979592,231,234.6842105263158,240
216,219.5922424525366,222.3529411764706,223.3333333333333,225,225.8571428571429,229.5102040816327,230.85,234.4736842105263,239.75
215.7777777777778,219.4660364145658,222.2941176470588,223.25,224.9,225.7142857142857,229.4081632653061,230.7,234.2631578947368,239.5
215.5555555555555,219.3398303765951,222.2352941176471,223.1666666666667,224.8,225.5714285714286,229.3061224489796,230.55,234.0526315789474,239.25
215.3333333333334,219.2136243386243,222.1764705882353,223.0833333333333,224.7,225.4285714285714,229.2040816326531,230.4,233.8421052631579,239
215.1111111111111,219.0874183006536,222.1176470588235,223,224.6,225.2857142857143,229.1020408163265,230.25,233.6315789473684,238.75
214.8888888888889,218.9612122626829,222.0588235294118,222.8461538461539,224.5,225.1428571428571,229,230.1,233.421052631579,238.5
214.6666666666667,218.8173658987725,222,222.6923076923077,224.4,225,228.8947368421053,229.95,233.2105263157895,238.25
214.4444444444445,218.6160038674962,221.8695652173913,222.5384615384615,224.3,224.8571428571429,228.7894736842105,229.8,233,238
214.2222222222222,218.4146418362199,221.7391304347826,222.3846153846154,224.2,224.7142857142857,228.6842105263158,229.65,232.7894736842105,237.75
214,218.2132798049437,221.6086956521739,222.2307692307692,224.1,224.5714285714286,228.578947368421,229.5,232.5789473684211,237.5
213.7272727272727,218.0119177736674,221.4782608695652,222.0769230769231,224,224.4285714285714,228.4736842105263,229.35,232.3684210526316,237.25
213.4545454545454,217.8105557423912,221.3478260869565,221.9230769230769,223.9,224.2857142857143,228.3684210526316,229.2,232.1578947368421,237
213.1818181818182,217.6091937111148,221.2173913043478,221.7692307692308,223.8,224.1428571428571,228.2631578947368,229.05,231.9473684210527,236.9166666666667
212.9090909090909,217.4078316798386,221.0869565217391,221.6153846153846,223.7,224,228.1578947368421,228.9,231.7368421052632,236.8333333333333
212.6363636363636,217.2064696485623,220.9565217391304,221.4615384615385,223.6,223.9047619047619,228.0526315789474,228.75,231.5263157894737,236.75
212.3636363636364,217.005107617286,220.8260869565217,221.3076923076923,223.5,223.8095238095238,227.9473684210527,228.6,231.3157894736842,236.6666666666667
212.0909090909091,216.8037455860097,220.6956521739131,221.1538461538461,223.3846153846154,223.7142857142857,227.8421052631579,228.45,231.1052631578947,236.5833333333333
211.8181818181818,216.6023835547335,220.5652173913043,221,223.2692307692308,223.6190476190476,227.7368421052632,228.3,230.9444444444445,236.5
211.5454545454546,216.4010215234572,220.4347826086957,220.8571428571429,223.1538461538461,223.5238095238095,227.6315789473684,228.15,230.8333333333333,236.4166666666667
211.2727272727273,216.1666666666667,220.3043478260869,220.7142857142857,223.0384615384615,223.4285714285714,227.5263157894737,228,230.7222222222222,236.3333333333333
211,215.8333333333333,220.1739130434783,220.5714285714286,222.9230769230769,223.3333333333333,227.421052631579,228,230.6111111111111,236.25
210.7272727272727,215.5,220.0434782608696,220.4285714285714,222.8076923076923,223.2380952380952,227.3157894736842,228,230.5,236.1666666666667
210.4545454545454,215.1666666666667,219.9130434782609,220.2857142857143,222.6923076923077,223.1428571428571,227.2105263157895,228,230.3888888888889,236.0833333333333
210.1818181818182,214.8333333333333,219.7826086956522,220.1428571428571,222.5769230769231,223.047619047619,227.1052631578947,228,230.2777777777778,236
209.9090909090909,214.5,219.6521739130435,220,222.4615384615385,222.952380952381,227,228,230.1666666666666,235.8461538461539
209.6363636363636,214.2045454545455,219.5217391304348,219.8571428571429,222.3461538461539,222.8571428571428,226.7857142857143,228,230.0555555555555,235.6923076923077
209.3636363636364,214.0227272727273,219.3913043478261,219.7142857142857,222.2307692307692,222.7619047619048,226.5714285714286,228,229.9444444444445,235.5384615384615
209.0909090909091,213.8409090909091,219.2608695652174,219.5714285714286,222.1153846153846,222.6666666666667,226.3571428571429,228,229.8333333333333,235.3846153846154
208.8181818181818,213.6590909090909,219.1304347826087,219.4285714285714,222,222.5714285714286,226.1428571428571,228,229.7222222222222,235.2307692307692
208.5454545454545,213.4772727272727,219,219.2857142857143,221.8846153846154,222.4761904761905,225.9285714285714,227.9090909090909,229.6111111111111,235.0769230769231
208.2727272727273,213.2954545454545,218.8860759493671,219.1428571428571,221.7692307692308,222.3809523809524,225.7142857142857,227.8181818181818,229.5,234.9230769230769
208,213.0745336210497,218.7721518987342,219,221.6538461538462,222.2857142857143,225.5,227.7272727272727,229.3888888888889,234.7692307692308
207.7,212.840578449116,218.6582278481013,218.9166666666667,221.5384615384615,222.1904761904762,225.2857142857143,227.6363636363636,229.2777777777778,234.6153846153846
207.4,212.6066232771823,218.5443037974684,218.8333333333333,221.4230769230769,222.0952380952381,225.0714285714286,227.5454545454545,229.1666666666667,234.4615384615385
207.1,212.3726681052485,218.4303797468355,218.75,221.3076923076923,222,224.8571428571428,227.4545454545454,229.0555555555555,234.3076923076923
206.8,212.1387129333148,218.3164556962025,218.6666666666667,221.1923076923077,221.9523809523809,224.6428571428571,227.3636363636363,228.9444444444444,234.1538461538461
206.5,211.904757761381,218.2025316455696,218.5833333333333,221.0769230769231,221.9047619047619,224.4285714285714,227.2727272727273,228.8333333333333,234
206.2,211.6708025894473,218.0886075949367,218.5,220.9615384615385,221.8571428571429,224.2142857142857,227.1818181818182,228.7222222222222,233.6666666666667
205.9,211.4368474175136,217.9746835443038,218.4166666666667,220.8461538461538,221.8095238095238,224,227.0909090909091,228.6111111111111,233.3333333333333
205.6,211.2028922455798,217.8607594936709,218.3333333333333,220.7307692307692,221.7619047619048,223.9166666666667,227,228.5,233
205.3,210.9689370736461,217.746835443038,218.25,220.6153846153846,221.7142857142857,223.8333333333333,226.9,228.3888888888889,232.6666666666667
205,210.7168674698795,217.6329113924051,218.1666666666667,220.5,221.6666666666667,223.75,226.8,228.2777777777778,232.3333333333333
204.625,210.4638554216867,217.5189873417722,218.0833333333333,220.452380952381,221.6190476190476,223.6666666666667,226.7,228.1666666666667,232
204.25,210.210843373494,217.4050632911392,218,220.4047619047619,221.5714285714286,223.5833333333333,226.6,228.0555555555555,231.6666666666667
203.875,209.9578313253012,217.2911392405063,217.8571428571429,220.3571428571429,221.5238095238095,223.5,226.5,227.9444444444445,231.3333333333333
203.5,209.7048192771084,217.1772151898734,217.7142857142857,220.3095238095238,221.4761904761905,223.4166666666667,226.4,227.8333333333333,231
203.125,209.4518072289157,217.0632911392405,217.5714285714286,220.2619047619048,221.4285714285714,223.3333333333333,226.3,227.7222222222222,230.5714285714286
202.75,209.1987951807229,216.9493670886076,217.4285714285714,220.2142857142857,221.3809523809524,223.25,226.2,227.6111111111111,230.1428571428571
202.375,208.9457831325301,216.8354430379747,217.2857142857143,220.1666666666667,221.3333333333333,223.1666666666667,226.1,227.5,229.7142857142857
202,208.6927710843374,216.7012987012987,217.1428571428572,220.1190476190476,221.2857142857143,223.0833333333333,226,227.3888888888889,229.2857142857143
201.9,208.4397590361446,216.5064935064935,217,220.0714285714286,221.2380952380952,223,225.7777777777778,227.2777777777778,228.8571428571429
201.8,208.1973684210526,216.3116883116883,216.8837209302326,220.0238095238095,221.1904761904762,222.8461538461539,225.5555555555555,227.1666666666667,228.4285714285714
201.7,207.9868421052632,216.1168831168831,216.7674418604651,219.9761904761905,221.1428571428571,222.6923076923077,225.3333333333333,227.0555555555555,228
201.6,207.7763157894737,215.9220779220779,216.6511627906977,219.9285714285714,221.0952380952381,222.5384615384615,225.1111111111111,226.875,227.4545454545454
201.5,207.5657894736842,215.7272727272727,216.5348837209302,219.8809523809524,221.047619047619,222.3846153846154,224.8888888888889,226.625,226.9090909090909
201.4,207.3552631578947,215.5324675324675,216.4186046511628,219.8333333333333,221,222.2307692307692,224.6666666666667,226.375,226.3636363636363
201.3,207.1447368421053,215.3376623376623,216.3023255813953,219.7857142857143,220.8461538461538,222.0769230769231,224.4444444444445,226.125,225.8181818181818
201.2,206.9342105263158,215.1428571428571,216.1860465116279,219.7380952380952,220.6923076923077,221.9230769230769,224.2222222222222,225.875,225.2727272727273
201.1,206.7236842105263,214.948051948052,216.0697674418604,219.6904761904762,220.5384615384615,221.7692307692308,224,225.625,224.7272727272727
201,206.5131578947368,214.7532467532467,215.953488372093,219.6428571428571,220.3846153846154,221.6153846153846,223.8095238095238,225.375,224.1818181818182
201.1111111111111,206.3026315789474,214.5584415584416,215.8372093023256,219.5952380952381,220.2307692307692,221.4615384615385,223.6190476190476,225.125,223.6363636363637
201.2222222222222,206.0909090909091,214.3636363636364,215.71875,219.547619047619,220.0769230769231,221.3076923076923,223.4285714285714,224.875,223.0909090909091
201.3333333333334,205.8787878787879,214.1688311688312,215.59375,219.5,219.9230769230769,221.1538461538461,223.2380952380952,224.625,222.5454545454546
201.4444444444445,205.6666666666667,213.974025974026,215.46875,219.3461538461538,219.7692307692308,221,223.047619047619,224.375,222
201.5555555555555,205.4545454545454,213.7792207792208,215.34375,219.1923076923077,219.6153846153846,220.8636363636364,222.8571428571428,224.125,222
201.6666666666667,205.2424242424242,213.5844155844156,215.1833333333333,219.0384615384615,219.4615384615385,220.7272727272727,222.6666666666667,223.875,222
201.7777777777778,205.030303030303,213.3896103896104,214.9166666666667,218.8846153846154,219.3076923076923,220.5909090909091,222.4761904761905,223.625,222
201.8888888888889,204.8181818181818,213.1948051948052,214.65,218.7307692307692,219.1538461538462,220.4545454545454,222.2857142857143,223.375,222
202,204.6060606060606,213,214.3833333333333,218.5769230769231,219,220.3181818181818,222.0952380952381,223.125,222
