190.6875,195.8333333333333,204.7187499999999,208.4807692307692,207.7499999999999,208.7333333333333,203.2812499999999,191.7142857142856,189.3181818181818,183.9423076923077
190.9375,196.1666666666666,204.84375,208.1730769230769,207.75,208.7999999999999,203.40625,192.4285714285714,189.590909090909,184.2499999999999
191.1875,196.4999999999999,204.96875,207.8653846153846,207.75,208.8666666666666,203.53125,193.1428571428571,189.8636363636363,184.5576923076923
191.4375,196.8333333333333,205.09375,207.5576923076923,207.875,208.9333333333333,203.65625,193.8571428571428,190.1363636363636,184.8653846153846
191.6875,197.1666666666667,205.21875,207.25,208.375,209,203.9583333333334,194.5714285714286,190.4090909090909,185.1730769230769
191.9375,197.5,205.34375,206.9423076923077,208.875,209.0666666666667,204.7916666666667,194.6428571428571,190.6818181818182,185.4807692307692
192.1875,197.8035714285714,205.46875,206.6346153846154,209.2777777777778,209.1333333333333,205.625,194.5,191.5,185.7884615384615
192.3181818181818,198.0178571428572,205.59375,206.3269230769231,209.3888888888889,209.2,206.3333333333333,194.3571428571428,192.5,186.0961538461538
192.4090909090909,198.2321428571429,205.71875,206.25,209.5,209.2142857142857,206.6666666666667,194.3636363636364,192.75,186.4375
192.5,198.4464285714286,205.8823529411765,206.25,209.6111111111111,209.0714285714286,207,194.8181818181818,192.75,186.8125
192.5909090909091,198.6607142857143,206.0588235294118,206.25,209.7222222222222,208.9285714285714,207.3333333333333,195.2727272727273,192.75,187.1875
192.6818181818182,198.875,206.2352941176471,206.25,210.1785714285714,208.7857142857143,207.6666666666667,195.7272727272727,192.75,187.5625
192.8333333333333,199.0892857142857,206.4117647058824,208.7500000000001,210.75,209.05,207.8181818181818,196.1818181818182,192.75,188
193.1666666666667,199.3382352941177,206.5882352941177,211.2763157894737,211.3214285714286,209.45,207.9090909090909,196.6363636363636,192.75,188.5
193.5,199.6911764705883,206.7647058823529,211.3815789473684,211.8181818181818,209.85,208,196.84375,192.75,188.6071428571428
193.8333333333333,200.0441176470588,206.9411764705882,211.4868421052632,212.0909090909091,210.25,208.0909090909091,196.96875,193.0384615384615,188.3214285714286
194.1666666666667,200.3970588235294,207.1176470588235,211.5921052631579,212.3636363636364,210.65,208.1818181818182,197.09375,193.4230769230769,188.0357142857143
194.4,200.75,207.328125,211.6973684210526,212.6363636363636,211.0384615384615,208.5,197.21875,193.8076923076923,187.75
194.6,201.1029411764706,207.640625,211.8026315789474,212.9090909090909,211.4230769230769,209.5000000000001,197.6785714285714,194.1923076923077,188.5833333333334
194.9285714285714,201.4558823529412,207.953125,211.9078947368421,213.1818181818182,211.8076923076923,210.5,198.25,194.5769230769231,189.4166666666667
195.6428571428572,201.8088235294118,208.265625,212.0131578947368,213.34375,212.1923076923077,211.3611111111111,198.8214285714286,194.9615384615385,190.25
196.3571428571429,202.1617647058823,208.578125,212.1184210526316,213.46875,212.5769230769231,211.8055555555555,199.3653846153846,195.3611111111111,190.9166666666667
197.0714285714286,202.6590909090909,208.890625,212.2236842105263,213.59375,212.9615384615385,212.25,199.8269230769231,195.8055555555556,191.5833333333334
197.7,203.2045454545455,209.203125,212.5178571428571,213.71875,213.3,212.6944444444445,200.2884615384615,196.25,192.25
198.3,203.75,209.515625,212.875,213.95,213.5,213.1388888888889,200.75,196.6944444444445,192.25
198.75,204.2954545454546,209.8392857142857,213.2321428571429,214.2166666666666,213.7,213.375,201.2115384615385,197.1388888888889,192.25
198.75,204.8409090909091,210.1964285714286,213.5892857142857,214.4833333333333,213.9,213.5416666666667,201.6730769230769,196.8,192.25
198.75,205.3611111111111,210.5535714285714,213.9464285714286,214.75,214.1,213.7083333333333,202.1346153846154,196.2,192.4583333333334
198.75,205.8055555555556,210.9107142857143,214.3035714285714,215.0166666666667,214.3,213.875,202.175,195.775,192.875
198.9642857142858,206.25,211.2678571428572,214.6607142857143,215.2833333333333,214.5,214.0416666666667,202.075,195.875,193.2916666666667
199.8214285714286,206.6944444444445,211.625,214.825,215.55,214.7,214.2083333333333,201.975,195.975,193.7083333333333
200.6785714285714,207.1388888888889,211.9821428571429,214.925,215.775,214.9583333333334,214.4166666666667,201.875,196.075,194.125
201.5357142857143,207.34375,212.2708333333333,215.025,215.875,215.2361111111111,214.6388888888889,201.775,196.175,194.5416666666667
202.5,207.46875,212.3541666666667,215.125,215.975,215.5138888888889,214.8611111111111,201.975,197.0000000000001,194.9444444444445
202.9166666666667,207.59375,212.4375,215.225,216.075,215.7916666666667,215.0833333333333,202.275,200.0000000000001,195.3333333333333
203.1388888888889,207.71875,212.5208333333333,216.3000000000001,216.175,216.0694444444445,215.3055555555556,202.575,200.8214285714286,195.7222222222222
203.3611111111111,207.9642857142857,212.6041666666667,217.7,216.5,216.3472222222222,215.5277777777778,202.875,200.9166666666667,196.1111111111111
203.5833333333333,208.25,212.6875,218.6590909090909,217.5,216.625,215.75,203.175,201.0119047619048,196.5
203.65625,208.5357142857143,213,218.2954545454545,218.5,216.9027777777778,215.9722222222222,203.3863636363636,201.1071428571429,196.8888888888889
203.28125,208.8214285714286,214,217.9318181818182,219.5000000000001,217.1805555555556,216.1944444444445,203.5681818181818,201.202380952381,197.2777777777778
202.90625,209.1071428571429,214.625,217.5681818181818,220.5,217.35,216.34375,203.75,201.297619047619,197.6666666666667
202.53125,209.3928571428571,214.125,217.2045454545454,218.1249999999999,217.4833333333333,216.46875,203.9318181818182,201.3928571428572,198.0555555555556
202.375,209.6785714285714,213.625,216.8409090909091,217.25,217.6166666666667,216.59375,204.1136363636364,201.4880952380952,198.4545454545454
202.875,209.8,213.25,217.5,217.25,217.75,216.71875,204.40625,201.5833333333333,198.8636363636364
203.375,209.8666666666667,213.25,218.5000000000001,217.25,217.8833333333333,216.84375,205.03125,201.6785714285714,199.2727272727273
203.875,209.9333333333333,213.25,219.5,219.8750000000001,218.0166666666667,216.96875,205.65625,201.8684210526316,199.6818181818182
204.5,210,213.9166666666667,219.875,220.75,218.15,217.09375,206.28125,202.3421052631579,200.0909090909091
205.5,210.0666666666667,216.5833333333334,220.0416666666667,220.75,218.35,217.21875,206.8636363636364,202.8157894736842,200.5
206.5,210.1333333333333,217.325,220.2083333333333,220.75,218.75,217.3125,207.3181818181818,203.2894736842105,200.9090909090909
207.2954545454546,210.2,217.425,219.9166666666666,220.75,219.15,217.3958333333333,207.7727272727273,203.7631578947368,201.3181818181818
207.4772727272727,210.2916666666667,217.525,219.4722222222222,220.8125,219.55,217.4791666666667,208.2272727272727,204.2368421052632,201.7272727272727
207.6590909090909,210.4583333333333,217.625,219.0277777777778,221.0625,219.95,217.5625,208.6818181818182,204.7105263157895,202.1363636363637
207.8409090909091,210.625,217.725,218.5833333333333,221.3125,220.45,217.6458333333333,209.1363636363637,205.1842105263158,202.5454545454546
208.0227272727273,210.7916666666667,217.5,218.4642857142857,221.5625,221.25,217.7291666666667,209.4,205.6578947368421,202.8928571428572
208.2045454545455,210.9583333333333,217.1666666666667,219.3214285714286,221.8125,222.05,217.9,209.6,206.1315789473684,203.1785714285714
208.875,211.125,216.8333333333333,220.1785714285714,222.0625,221.8214285714286,218.1,209.8,206.578125,203.4642857142857
209.7083333333333,211.3863636363636,216.875,221.0357142857143,222.25,221.25,218.3,210,207.015625,203.75
210.5416666666667,211.9318181818182,217.0416666666667,221.3823529411765,222.25,220.6785714285714,218.5,210.2,207.453125,204.0357142857143
211.0178571428571,212.4772727272727,217.2083333333333,221.5588235294118,222.25,220.3,218.7,210.4,207.890625,204.3214285714286
211.375,213.0227272727273,217.375,221.7352941176471,222.25,220.5,218.9,210.6,208.328125,204.6071428571429
211.7321428571428,213.5681818181818,217.5416666666667,221.9117647058823,222.3214285714286,220.7,219.1,210.7857142857143,208.765625,204.8928571428572
212.0892857142857,214.1136363636364,217.7083333333333,222.0882352941177,222.6071428571429,220.9,219.3333333333333,210.9285714285714,209.203125,205.1785714285714
212.4464285714286,214.1818181818182,218.25,222.2647058823529,222.8928571428572,221.1,219.6666666666667,211.0714285714286,209.640625,205.4642857142857
212.8035714285714,214.0909090909091,218.9166666666667,222.4411764705882,223.1785714285714,221.3,220,211.2142857142857,210,205.75
213.1607142857143,214,219.5833333333333,222.6176470588235,223.25,221.5,220.3333333333333,211.3571428571428,210.3333333333333,205.985294117647
213.4545454545454,213.9090909090909,220.25,222.8125,223.25,221.7,220.6666666666667,211.5,210.6666666666667,206.2205882352941
213.7272727272727,213.8181818181818,220.8333333333334,223.0625,223.25,222.1785714285714,221,211.6428571428571,211,206.4558823529412
214,213.8076923076923,221.1666666666667,223.3125,223.25,222.75,221.0714285714286,211.8,211.3333333333333,206.6911764705882
214.2727272727273,214.0384615384615,221.5,223.5625,223.3214285714286,223.3214285714286,220.3571428571428,212,211.6666666666667,206.9264705882353
214.5454545454545,214.2692307692308,221.8333333333333,223.8125,223.6071428571429,223.7833333333334,219.6428571428571,212.2,212,207.1617647058823
214.8541666666667,214.5,222.1666666666667,224.0625,223.8928571428572,223.9166666666667,218.9285714285714,212.4,212.3333333333333,207.3970588235294
215.2708333333333,214.7307692307692,222.1818181818182,224.3125,224.1785714285714,224.05,218.6428571428571,212.6,212.6666666666667,207.6323529411765
215.6875,214.9615384615385,222.0909090909091,224.5625,224.4642857142857,224.1833333333333,218.5,212.8,212.9705882352941,207.9642857142857
216.1041666666667,215.1923076923077,222,224.8125,224.75,224.3166666666667,218.3571428571428,213,213.264705882353,208.3928571428572
216.5208333333333,215.578125,221.9090909090909,225.0625,225.0357142857143,224.45,218.46875,213.2,213.5588235294117,208.8214285714286
216.9375,216.015625,221.8181818181818,225.2857142857143,225.3214285714286,224.5833333333333,219.34375,213.6590909090909,213.8529411764706,209.25
217.2678571428571,216.453125,221.825,225.4285714285714,225.6071428571429,224.7166666666667,220.21875,214.2045454545454,214.1470588235294,209.6785714285714
217.3392857142857,216.890625,222.125,225.5714285714286,225.8928571428571,224.8571428571429,221.09375,214.75,214.4411764705882,210.1071428571429
217.4107142857143,217.328125,222.425,225.7142857142857,226.1785714285714,225,221.8181818181818,215.2954545454546,214.7352941176471,210.5357142857143
217.4821428571428,217.765625,222.725,225.6666666666667,226.3823529411765,225.1428571428572,222.0909090909091,215.8409090909091,215.0294117647059,210.9166666666667
217.5535714285714,218.203125,223.025,225.5555555555555,226.5588235294118,225.2857142857143,222.3636363636364,216.3,215.2976190476191,211.25
217.625,218.640625,223.3125,225.4444444444444,226.7352941176471,225.4285714285714,222.6363636363637,216.5,215.4880952380952,211.5833333333334
217.6964285714286,218.9807692307692,223.5625,225.3333333333333,226.9117647058824,225.5714285714286,222.9090909090909,216.7,215.6785714285714,211.9166666666667
217.7291666666667,219.2884615384616,223.8125,225.2884615384615,227.0882352941177,225.7142857142857,223.1818181818182,216.9,215.8690476190476,212.25
217.6458333333333,219.5961538461539,224.0625,225.4423076923077,227.2647058823529,225.890625,223.4375,217.1,216.0595238095238,212.5833333333333
217.5625,219.9038461538462,224.3125,225.5961538461538,227.4411764705882,226.078125,223.6875,217.3928571428572,216.25,212.75
217.4791666666667,220.2115384615385,224.5625,225.75,227.6176470588235,226.265625,223.9375,217.9642857142857,216.4404761904762,212.75
217.3958333333333,220.5192307692308,224.796875,225.9038461538461,227.875,226.453125,224.1875,218.5357142857143,216.6309523809524,212.75
217.3125,220.7738095238095,224.984375,226.0576923076923,228.375,226.640625,224.4642857142857,219.1071428571429,216.8214285714286,212.8863636363636
217.45,220.8690476190476,225.171875,226.2115384615385,228.875,226.828125,224.75,219.375,217.0119047619048,213.1590909090909
218.25,220.9642857142857,225.359375,226.25,229.375,227.015625,225.0357142857143,219.5416666666667,217.202380952381,213.4318181818182
219.05,221.0595238095238,225.546875,226.25,229.6428571428571,227.203125,225.3214285714286,219.7083333333334,217.514705882353,213.7045454545454
219.34375,221.1547619047619,225.734375,226.25,229.2142857142857,227.3214285714286,225.6071428571429,219.875,217.8676470588235,213.9772727272727
219.46875,221.25,225.921875,226.25,228.7857142857143,227.4166666666667,225.8928571428572,220.0416666666667,218.2205882352941,214.25
219.59375,221.3452380952381,226.109375,226.3035714285714,228.3571428571429,227.5119047619048,226.1785714285714,220.2083333333333,218.5735294117647,214.55
219.71875,221.4404761904762,226.3125,226.5178571428571,227.8214285714286,227.6071428571429,226.4642857142857,220.375,218.9264705882353,214.85
219.6,221.5357142857143,226.5625,226.7321428571429,227.25,227.702380952381,226.75,220.5416666666667,219.2794117647059,215.15
219.4,221.6309523809524,226.8125,226.9464285714286,226.6785714285714,227.797619047619,227.0357142857143,220.7083333333333,219.6323529411765,215.45
219.2,221.7261904761905,227.0625,227.1607142857143,226.3928571428571,227.8928571428572,227.2794117647059,220.875,219.9852941176471,215.75
219,221.8214285714286,227.3125,227.375,226.9642857142857,227.9880952380952,227.3970588235294,221.0416666666667,220.2916666666667,215.9642857142857
218.8,221.9166666666667,227.5625,227.5892857142857,227.5357142857143,228.0833333333333,227.5147058823529,221.2083333333333,220.4583333333333,216.1785714285714
218.8125,222.0119047619048,227.8125,227.25,228.1071428571429,228.1785714285714,227.6323529411765,221.375,220.625,216.3928571428572
218.8958333333334,222.1071428571429,228.0625,225.8333333333333,228.3333333333333,228.3,227.75,221.5416666666667,220.7916666666667,216.6071428571429
218.9791666666667,222.2023809523809,228.35,226.1666666666667,228.4444444444444,228.5,227.8676470588235,221.7083333333333,220.9583333333333,216.8214285714286
219.0625,222.297619047619,228.75,226.5,228.5555555555556,228.7,227.9852941176471,221.875,221.125,217.0357142857143
219.1458333333333,222.3928571428572,229.15,226.8333333333333,228.6666666666667,228.9,228.1029411764706,222.0416666666667,221.2916666666667,217.25
219.2291666666667,222.4880952380952,229.4375,227.1666666666667,228.8,229.1,228.2205882352941,222.2083333333333,221.4583333333333,217.5
219.5714285714286,222.5833333333333,229.6875,227.5,229,229.3,228.2916666666667,222.2916666666667,221.625,217.75
220,222.6785714285714,229.375,227.9166666666667,229.2,229.5,228.3472222222222,222.3472222222222,221.7307692307692,218
220.4285714285714,222.7833333333334,228.875,228.5833333333333,229.4,229.7,228.4027777777778,222.4027777777778,221.6538461538461,218.25
220.8571428571429,222.9166666666667,228.9642857142857,229.25,229.6,229.9,228.4583333333333,222.4583333333333,221.5769230769231,218.5
221.2857142857143,223.05,229.25,229.7291666666667,229.8,230.1,228.5138888888889,222.5138888888889,221.5,218.75
221.7142857142857,223.1833333333333,229.5357142857143,229.6458333333333,230,230.2613636363636,228.5694444444445,222.5694444444445,221.4230769230769,219.0625
222.1428571428572,223.3166666666667,229.75,229.5625,230.2,230.3068181818182,228.625,222.625,221.3461538461539,219.375
222.375,223.45,229.75,229.4791666666667,230.3625,230.3522727272727,228.6805555555555,222.6805555555556,221.2692307692308,219.6875
222.5416666666667,223.5833333333333,229.75,229.3958333333333,230.5125,230.3977272727273,228.7361111111111,222.7361111111111,221.484375,220
222.7083333333333,223.7166666666667,229.1875,229.3125,230.6625,230.4431818181818,228.8823529411765,222.9375,221.796875,220.3125
222.875,224,228.4375,229.3863636363636,230.8125,230.4886363636364,229.0588235294118,223.1875,222.109375,220.625
223.0416666666667,224.3333333333334,228.5833333333333,229.9318181818182,230.9625,230.5340909090909,229.2352941176471,223.4375,222.421875,220.9375
223.2083333333333,224.6666666666667,229.0277777777778,230.4772727272727,231.1125,230.5795454545454,229.4117647058824,223.6875,222.734375,221.25
223.375,225,229.4722222222222,231.0227272727273,231.2625,230.625,229.5882352941177,223.9375,223.046875,221.3409090909091
223.5416666666667,225.3333333333333,229.9166666666667,231.5681818181818,231.4125,230.6704545454546,229.7647058823529,224.1875,223.359375,221.4318181818182
223.7083333333333,225.6666666666667,230.3125,232.1136363636364,231.5625,230.7159090909091,229.9411764705882,224.4375,223.671875,221.5227272727273
223.9807692307692,225.875,230.5625,232.25,231.7125,230.7166666666667,230.1176470588235,224.6875,223.75,221.6136363636364
224.2884615384615,226.0416666666667,230.8125,232.25,231.6,230.5833333333333,230.297619047619,224.9375,223.75,221.7045454545455
224.5961538461538,226.2083333333333,231.0625,232.25,231.4,230.45,230.4880952380952,225.1875,223.75,222.05
224.9038461538462,226.375,231.3125,232.25,231.2,230.3166666666667,230.6785714285714,225.4375,223.75,222.65
225.2115384615385,226.5416666666667,231.5625,232.25,231,230.1833333333333,230.8690476190476,225.6875,223.75,223.25
225.5192307692308,226.7083333333333,231.8,232.25,230.8,230.05,231.0595238095238,225.9,223.75,223.85
225.8636363636364,227.0384615384615,232,232.25,230.9375,229.9166666666667,231.25,226.1,223.75,224.45
226.3181818181818,227.4230769230769,232.2,231.2,231.1875,229.7833333333333,231.4404761904762,226.3,223.75,224.9375
226.7727272727273,227.8076923076923,232.4,229.8,231.4375,229.9642857142857,231.6309523809524,226.5,223.75,225.3125
227.2272727272727,228.1923076923077,232.6,228.8636363636364,231.6875,230.25,231.8214285714286,226.7,223.8611111111111,225.6875
227.6818181818182,228.5769230769231,232.71875,229.3181818181818,231.9375,230.5357142857143,232.0119047619048,226.9,224.3055555555556,226.0625
228.1363636363636,228.9615384615385,232.59375,229.7727272727273,232.1875,230.8214285714286,232.202380952381,227.1,224.75,226.2777777777778
228.0625,229.296875,232.46875,230.2272727272727,231.875,231.1071428571429,232.3653846153846,227.1875,225.1944444444444,226.3333333333333
227.8125,229.484375,232.34375,230.6818181818182,231.375,231.3928571428571,232.5192307692308,226.9375,225.6388888888889,226.3888888888889
227.5625,229.671875,232,231.1363636363636,230.875,231.6785714285714,232.6730769230769,226.6875,226.0178571428571,226.4444444444445
227.3125,229.859375,231,231.4545454545454,230.9705882352941,231.9642857142857,232.8269230769231,226.4375,226.375,226.5
227.4166666666667,230.046875,230,231.7272727272727,231.264705882353,232.25,232.9807692307692,226.325,226.7321428571429,226.5555555555555
227.6388888888889,230.234375,229,232,231.5588235294118,232.5357142857143,233.1346153846154,226.625,227.0892857142857,226.6111111111111
227.8611111111111,230.421875,228.3,232.2727272727273,231.8529411764706,232.75,233.25,226.925,227.4464285714286,226.6666666666667
228.0833333333333,230.609375,227.7,232.5454545454545,232.1470588235294,232.75,233.25,227.225,227.8035714285714,226.7222222222222
228.3055555555555,230.7763157894737,228.1666666666667,232.7638888888889,232.4411764705882,232.75,233.25,227.525,228.1607142857143,226.85
228.5277777777778,230.8815789473684,231.8333333333333,232.8194444444445,232.7352941176471,232.75,233.25,227.8194444444445,228.37,227.05
228.75,230.9868421052632,232.9078947368421,232.875,233.0294117647059,232.75,233.25,228.0972222222222,228.53,227.25
228.9722222222222,231.0921052631579,233.1184210526316,232.9305555555555,233.2857142857143,232.75,233.25,228.375,228.69,227.45
229.1944444444444,231.1973684210526,233.328947368421,232.9861111111111,233.4285714285714,232.6346153846154,233.25,228.6527777777778,228.85,227.65
229.6666666666667,231.3026315789473,233.5394736842105,233.0416666666667,233.5714285714286,232.4807692307693,233.25,228.9305555555555,229.01,227.85
230.2222222222222,231.4078947368421,233.75,233.0972222222222,233.7142857142857,232.326923076923,233.25,229.2083333333333,229.17,228.05
230.7777777777778,231.5131578947368,233.9605263157895,233.1527777777778,233.8571428571429,232.1730769230769,233.25,229.4861111111111,229.33,228.25
231.3333333333333,231.6184210526316,234.1710526315789,233.2083333333333,234,232.0192307692308,233.25,229.7638888888889,229.49,228.45
231.7794117647059,231.7236842105263,234.3815789473684,233.3026315789474,234.1428571428571,231.8653846153846,233.25,230.0416666666667,229.65,228.65
231.8970588235294,231.9,234.5921052631579,233.5131578947368,234.2916666666667,231.875,233.25,230.3214285714286,229.81,228.8289473684211
232.0147058823529,232.1,233.875,233.7236842105263,234.4583333333333,232.375,233.25,230.6071428571428,229.97,228.9868421052632
232.1323529411765,232.3,230.9166666666667,233.9342105263158,234.625,232.875,233.25,230.8928571428572,230.13,229.1447368421053
232.25,232.5,229.5833333333333,234.1447368421053,234.7916666666667,233.375,233.25,231.1785714285714,230.3020833333333,229.3026315789473
232.3676470588235,232.7,231.5,234.3552631578947,234.9583333333333,233.875,233.25,231.4642857142857,230.5104166666667,229.4605263157895
232.4852941176471,232.9,234.4999999999999,234.5657894736842,235.125,234.3,233.25,231.75,230.71875,229.6184210526316
232.6029411764706,233.1,234.75,234.7763157894737,235.1428571428572,234.5,233.25,232.0357142857143,230.9270833333334,229.7763157894737
232.7205882352941,233.2934782608696,234.0833333333334,234.9868421052632,234.7142857142857,234.7,233.25,232.2826086956522,231.1354166666666,229.9342105263158
232.875,233.4673913043478,233.4166666666667,235.1973684210527,234.2857142857143,234.9,233.4,232.4130434782609,231.34375,230.0921052631579
233.0416666666667,233.6413043478261,233.4642857142857,235.2105263157895,233.8571428571429,235.1,233.6,232.5434782608696,231.5520833333333,230.25
233.2083333333333,233.8152173913044,233.75,235.1578947368421,233.9,235.3,233.8,232.6739130434783,231.7604166666667,230.5441176470588
233.375,233.9891304347826,234.0357142857143,235.1052631578947,234.1,235.5,234,232.8043478260869,231.96875,230.8382352941177
233.5416666666667,234.1630434782609,234.4166666666667,235.0526315789474,234.3,235.7,234.2,232.9347826086956,232.1770833333333,231.1323529411765
233.7083333333333,234.3369565217391,235.0833333333333,235,234.5,235.75,234.4,233.0652173913043,232.3854166666667,231.4264705882353
233.875,234.5108695652174,235.75,234.9473684210526,234.7,235.75,234.6,233.1956521739131,232.59375,231.7205882352941
234.0416666666667,234.6847826086957,236.25,234.8947368421053,234.9,235.75,234.8,233.3260869565217,232.825,232.014705882353
234.2083333333333,234.8586956521739,236.25,234.8421052631579,235.1,235.75,235,233.4565217391304,233.125,232.3088235294118
234.325,235.0326086956522,236.25,234.7894736842105,235.2727272727273,235.75,235.2,233.5869565217391,233.425,232.6029411764706
234.425,235.2065217391304,236.25,234.9166666666667,235.3636363636364,235.75,235.3,233.7173913043478,233.725,232.875
234.525,235.25,236.25,235.5833333333333,235.4545454545454,235.8035714285714,235.3666666666666,233.75,234.025,233.125
234.625,235.25,236.25,236.25,235.5454545454546,236.0178571428571,235.4333333333333,233.75,234.325,233.375
234.725,235.25,235.875,236.9166666666667,235.6363636363636,236.2321428571428,235.5,233.75,234.625,233.625
234.85,235.25,235.375,237.5833333333333,235.7272727272727,236.4464285714286,235.5666666666667,233.75,234.925,233.875
234.9833333333333,235.25,234.875,237.7916666666667,235.9375,236.6607142857143,235.6333333333333,233.75,235.225,234.125
235.1166666666666,235.25,235,237.8472222222222,236.1875,236.875,235.7,233.75,235.525,234.375
235.25,235.25,235.3333333333333,237.9027777777778,236.4375,237.0892857142857,235.825,233.75,235.8035714285714,234.625
235.3833333333333,235.4545454545455,235.6666666666666,237.9583333333333,236.6875,237.25,236.125,233.75,236.0178571428571,234.5833333333333
235.5166666666667,235.7272727272727,236,238.0138888888889,236.9375,237.25,236.425,233.8055555555555,236.2321428571429,234.25
235.65,236,236.3333333333333,238.0694444444445,237.1875,237.25,236.725,234.0277777777778,236.4464285714286,233.9166666666667
235.796875,236.2727272727273,236.6666666666667,238.125,237.2,237.25,237.025,234.25,236.6607142857143,233.5833333333333
235.984375,236.5454545454546,237,238.1805555555555,237.1333333333333,237.25,237.1875,234.4722222222222,236.875,233.25
236.171875,236.6923076923077,237.296875,238.2361111111111,237.0666666666667,237.25,236.9375,234.6944444444445,237.0892857142857,233.9642857142857
236.359375,236.4615384615385,237.484375,238.3571428571428,237,237.2368421052632,236.6875,234.9166666666667,237.1818181818182,234.6785714285714
236.546875,236.2307692307692,237.671875,238.5,236.9333333333333,237.1842105263158,236.4375,235.1388888888889,236.9090909090909,235.3928571428571
236.734375,236,237.859375,238.6428571428572,236.8666666666667,237.1315789473684,236.1875,235.3611111111111,236.6363636363636,235.75
236.921875,235.7692307692308,238.046875,238.7857142857143,236.8,237.078947368421,235.9375,235.5833333333333,236.3636363636364,235.75
237.109375,235.5384615384615,238.234375,238.9285714285714,236.75,237.0263157894737,235.7115384615385,235.7692307692308,236.0909090909091,235.75
237.29,235.3076923076923,238.421875,239.0714285714286,236.75,236.9736842105263,235.5576923076923,235.8461538461539,235.8181818181818,235.75
237.45,235.5625,238.609375,239.2142857142857,236.75,236.921052631579,235.4038461538462,235.9230769230769,235.75,235.75
237.61,235.9791666666667,238.65625,235.8863636363636,236.75,236.8684210526316,235.25,236,235.75,235.75
237.77,236.3958333333334,238.28125,236.4318181818182,236.75,236.8157894736842,235.0961538461538,236.0769230769231,235.75,235.75
237.93,236.8125,237.90625,236.9772727272727,236.75,236.7631578947368,234.9423076923077,236.1538461538462,235.75,235.9722222222222
238.09,237.2291666666667,237.53125,237.5227272727273,236.75,236.84,234.7884615384615,236.2307692307692,235.75,236.1944444444445
238.25,237.6458333333333,237.25,238.0681818181818,236.75,236.96,234.85,236.3571428571429,235.7857142857143,236.4166666666667
238.41,237.9642857142857,237.25,238.6136363636364,236.8125,237.08,234.9833333333333,236.5,235.9285714285714,236.6388888888889
238.57,238.25,237.25,238.8214285714286,237.0625,237.2,235.1166666666666,236.6428571428571,236.0714285714286,236.8611111111111
238.73,238.5357142857143,237.25,238.9166666666667,237.3125,237.32,235.25,236.6,236.2142857142857,237.0833333333333
238.89,238.8214285714286,237.25,239.0119047619048,237.5625,237.44,235.3833333333333,236,236.3571428571429,237.3055555555555
239.05,239.1071428571428,237.25,239.1071428571428,237.8125,237.56,235.5166666666667,235.4,236.5,237.5277777777778
239.21,239.3928571428572,237.25,239.202380952381,238.0625,237.68,235.65,235.8125,236.6428571428571,237.75
239.325,239.6785714285714,237.2777777777778,239.297619047619,238.2954545454546,237.8,235.8055555555555,236.5625,236.7857142857143,237.9807692307692
239.425,239.875,237.3888888888889,239.3928571428571,238.4772727272727,237.92,236.0277777777778,237.3125,236.9285714285714,238.2115384615385
239.525,240.0416666666667,237.5,239.4880952380952,238.6590909090909,238.04,236.25,238.0625,237.0714285714286,238.4423076923077
239.625,240.2083333333333,237.6111111111111,239.5833333333333,238.8409090909091,238.16,236.4722222222222,238.2058823529412,237.2142857142857,238.6730769230769
239.725,240.375,237.7222222222222,239.6785714285714,239.0227272727273,238.2666666666667,236.6944444444445,238.1470588235294,237.4807692307693,238.9038461538462
239.825,240.5416666666667,237.8333333333333,239.7692307692308,239.2045454545454,238.3333333333333,236.9166666666667,238.0882352941177,237.7884615384615,239.1346153846154
239.925,240.7083333333333,237.9444444444445,239.8461538461539,239.25,238.4,237.1388888888889,238.0294117647059,238.0961538461539,239.3333333333333
240.025,240.6847826086957,238.0555555555555,239.9230769230769,239.25,238.4666666666667,237.3611111111111,237.9705882352941,238.4038461538461,239.5
240.125,240.5978260869565,238.1666666666667,240,239.25,238.5333333333333,237.5833333333333,237.9117647058824,238.7115384615385,239.6666666666667
240.225,240.5108695652174,238.2333333333333,240.0769230769231,239.25,238.6,237.8181818181818,237.8529411764706,239.0192307692308,239.8333333333333
240.34,240.4239130434783,238.1666666666667,240.1538461538462,239.25,238.6666666666667,238.0909090909091,237.7941176470588,239.3055555555555,240
240.46,240.3369565217391,238.1,240.2307692307692,239.25,238.7333333333333,238.3636363636363,237.8026315789474,239.5277777777778,240.1666666666667
240.58,240.25,238.0333333333333,240.16,239.25,238.85,238.6363636363636,238.0131578947368,239.75,240.3333333333333
240.7,240.1630434782609,237.9666666666667,240.04,239.1315789473684,238.9833333333333,238.9090909090909,238.2236842105263,239.9722222222222,240.5
240.82,240.0760869565217,237.9,239.92,238.9736842105263,239.1166666666667,239.1818181818182,238.4342105263158,240.1944444444444,240.6666666666667
240.94,239.9891304347826,237.8333333333333,239.8,238.8157894736842,239.25,239.2857142857143,238.6447368421053,240.4166666666667,240.8088235294118
241.06,239.9021739130435,237.7666666666667,239.68,238.6578947368421,239.3833333333333,239.3333333333333,238.8552631578947,240.6388888888889,240.9264705882353
241.18,239.8152173913043,237.8684210526316,239.56,238.5,239.5166666666667,239.3809523809524,239.0657894736842,240.8611111111111,241.0441176470588
241.3,239.7619047619048,238.0263157894737,239.44,238.3421052631579,239.65,239.4285714285714,239.2763157894737,241.0833333333333,241.1617647058823
241.42,239.8095238095238,238.1842105263158,239.32,238.1842105263158,239.7236842105263,239.4761904761905,239.4868421052632,241.3,241.2794117647059
241.54,239.8571428571429,238.3421052631579,239.2,238.0263157894737,239.6184210526316,239.5238095238095,239.6973684210526,241.5,241.3970588235294
241.66,239.9047619047619,238.5,239.08,237.8684210526316,239.5131578947368,239.5714285714286,239.8382352941177,241.7,241.5147058823529
241.7934782608696,239.952380952381,238.6578947368421,238.96,237.7833333333334,239.4078947368421,239.6190476190476,239.9558823529412,241.9,241.6323529411765
241.9673913043478,240,238.8157894736842,238.84,237.9166666666667,239.3026315789474,239.6666666666667,240.0735294117647,242.1,241.75
242.1413043478261,240.047619047619,238.9736842105263,238.725,238.05,239.1973684210526,239.7142857142857,240.1911764705882,242.3,242.125
242.3152173913044,240.0952380952381,239.1315789473684,238.625,238.1833333333333,239.0921052631579,239.7105263157895,240.3088235294118,242.5,242.5
242.4891304347826,240.1428571428572,239.2395833333333,238.525,238.3166666666667,238.9868421052632,239.5526315789474,240.4264705882353,242.7,242.875
242.6630434782608,240.1904761904762,239.1979166666667,238.425,238.45,238.8815789473684,239.3947368421053,240.5441176470588,242.8035714285714,243.25
242.8369565217391,240.2380952380952,239.15625,238.325,238.5833333333333,238.7763157894737,239.2368421052632,240.6617647058823,242.875,243.625
243.0108695652174,240.34,239.1145833333334,238.225,238.7166666666667,238.7058823529412,239.078947368421,240.7916666666667,242.9464285714286,244
243.1847826086956,240.46,239.0729166666666,238.125,238.875,238.6470588235294,238.921052631579,240.9583333333333,243.0178571428572,244.375
243.3586956521739,240.58,239.03125,238.025,239.0416666666667,238.5882352941177,238.7631578947368,241.125,243.0892857142857,244.75
243.5326086956522,240.7,238.9895833333333,237.925,239.2083333333333,238.5294117647059,238.6052631578947,241.2916666666667,243.1607142857143,244.8166666666667
243.7065217391304,240.82,238.9479166666667,237.825,239.375,238.4705882352941,238.4473684210526,241.4583333333333,243.2321428571429,244.8833333333333
243.8181818181818,240.94,238.90625,237.8194444444445,239.5416666666667,238.4117647058824,238.2894736842105,241.625,243.25,244.95
243.9090909090909,241.06,238.8645833333333,238.0972222222222,239.7083333333333,238.3529411764706,238.2777777777778,241.7333333333333,243.25,245.0166666666667
244,241.18,238.8229166666667,238.375,239.375,238.2941176470588,238.3148148148148,241.6666666666667,243.25,245.0833333333333
244.0909090909091,241.3,238.78125,238.6527777777778,238.875,238.26,238.3518518518518,241.6,243.25,245.15
244.1818181818182,241.42,238.8194444444444,238.9305555555556,238.375,238.3,238.3888888888889,241.5333333333334,243.25,245.2166666666667
244.15625,241.54,239.0972222222222,239.2083333333333,238.5,238.34,238.4259259259259,241.4666666666667,243.25,244.8928571428571
243.78125,241.66,239.375,239.4861111111111,238.8333333333334,238.38,238.462962962963,241.4,243.25,244.1785714285714
243.40625,241.7672413793103,239.6527777777778,239.7638888888889,239.1666666666667,238.42,238.5,241.3333333333333,243.25,243.4642857142857
243.03125,241.8362068965517,239.9305555555555,240.0416666666667,239.5,238.46,238.537037037037,241.2666666666667,243.3684210526316,242.75
242.8076923076923,241.9051724137931,240.2083333333333,240.2678571428572,239.8157894736842,238.5,238.5740740740741,241.3181818181818,243.5263157894737,243.0576923076923
243.0384615384615,241.9741379310345,240.4861111111111,240.3392857142857,240.078947368421,238.54,238.6111111111111,241.4090909090909,243.6842105263158,243.3653846153846
243.2692307692308,242.0431034482759,240.7638888888889,240.4107142857143,240.3421052631579,238.58,238.6481481481482,241.5,243.8421052631579,243.6730769230769
243.5,242.1120689655173,241.0416666666667,240.4821428571429,240.6052631578947,238.62,238.6851851851852,241.5909090909091,244,243.9807692307692
243.7307692307692,242.1810344827586,241.2763157894737,240.5535714285714,240.8684210526316,238.66,238.7222222222222,241.6818181818182,244.1578947368421,244.2884615384615
243.9615384615385,242.25,241.3815789473684,240.625,241.1315789473684,238.7,238.7857142857143,241.7727272727273,244.3157894736842,244.5961538461538
244.1923076923077,242.3189655172414,241.4868421052632,240.6964285714286,241.3947368421053,238.74,238.9285714285714,241.8636363636364,244.4736842105263,244.8928571428571
244.2941176470588,242.3879310344828,241.5921052631579,240.8166666666667,241.6578947368421,238.825,239.0714285714286,241.9545454545454,244.6315789473684,245.1785714285714
244.3529411764706,242.4568965517241,241.6973684210526,241.0833333333333,241.921052631579,238.925,239.2142857142857,242.0454545454546,244.725,245.4642857142857
244.4117647058824,242.5258620689655,241.8026315789473,241.35,242.1842105263158,239.025,239.775,242.1363636363636,244.625,245.75
244.4705882352941,242.5948275862069,241.9078947368421,241.6166666666667,241.7142857142857,239.125,240.475,242.2272727272727,244.525,246.0357142857143
244.5294117647059,242.6637931034483,242.0131578947368,241.8833333333333,241,239.225,241.175,242.3,244.425,246.3214285714286
244.5882352941176,242.7327586206897,242.1184210526316,242.15,240.2857142857143,239.325,241.875,242.3666666666667,244.325,246.6071428571429
244.6470588235294,242.7840909090909,242.2236842105263,242.4166666666667,239.8571428571429,239.425,242.575,242.4333333333333,244.225,246.8166666666667
244.7058823529412,242.8295454545454,242.25,242.6833333333333,240.2857142857143,239.525,242.8333333333333,242.5,244.125,246.95
244.8125,242.875,242.25,242.28125,240.7142857142857,239.625,242.9444444444445,242.5666666666667,244.025,247.0833333333334
245.0625,242.9204545454546,242.25,241.65625,241.1428571428571,239.725,243.0555555555556,242.6333333333333,243.925,247.2166666666667
245.3125,242.9659090909091,242.25,241.03125,240.2,239.825,243.1666666666667,242.7,243.825,247.35
245.5625,243.0113636363636,242.25,240.40625,238.8,239.925,243.1111111111111,242.7647058823529,243.9285714285714,247.4833333333333
245.77,243.0568181818182,242.25,240.3035714285714,237.8,240.025,242.5555555555555,242.8235294117647,244.6428571428571,247.6166666666667
245.85,243.1022727272727,242.2875,240.375,238,240.125,242,242.8823529411765,245.3571428571429,247.75
245.93,243.1477272727273,242.3375,240.4464285714286,238.2,240.225,241.4444444444445,242.9411764705882,246.0714285714286,247.9807692307692
246.01,243.1931818181818,242.3875,240.5178571428571,238.4,240.2826086956522,240.8888888888889,243,246.25,248.2115384615385
246.09,243.2386363636363,242.4375,240.5892857142857,238.6,240.3260869565217,241.0714285714286,243.0588235294118,246.25,248.4423076923077
246.17,243.2826086956522,242.4875,240.6607142857143,238.8,240.3695652173913,241.5,243.1176470588235,246.25,248.6730769230769
246.25,243.3260869565217,242.5375,240.7321428571429,239,240.4130434782609,241.9285714285714,243.1764705882353,246.25,248.9038461538462
246.33,243.3695652173913,242.5875,240.9264705882353,239.2,240.4565217391304,242.2142857142857,243.2352941176471,246.25,249.1346153846154
246.41,243.4130434782609,242.6375,241.1617647058823,239.8333333333333,240.5,242.0714285714286,243.4375,246.25,249.125
246.49,243.4565217391304,242.6875,241.3970588235294,240.6111111111111,240.5434782608696,241.9285714285714,243.6875,245.8214285714286,248.875
246.57,243.5,242.7375,241.6323529411765,241.3888888888889,240.5869565217391,241.7857142857143,243.9375,245.25,248.625
246.65,243.5434782608696,242.625,241.8676470588235,242.1666666666667,240.6304347826087,239.125,244.1875,244.6785714285714,248.375
246.73,243.5869565217391,242.4583333333333,242.1029411764706,242.25,240.6739130434783,238.55,244.4375,244.125,248.125
246.9545454545455,243.6304347826087,242.2916666666667,242.3382352941176,240.25,240.7173913043478,238.95,244.6875,243.625,247.875
247.2272727272727,243.6739130434783,242.125,242.5735294117647,238.25,240.75,239.4583333333333,244.7826086956522,243.40625,247.7115384615385
247.5,243.7173913043478,241.9583333333333,242.6666666666667,237.8035714285714,240.75,240.2916666666666,244.8260869565217,244.03125,247.6346153846154
247.7727272727273,243.7115384615385,241.7916666666667,242.3333333333333,237.875,240.75,241.125,244.8695652173913,244.65625,247.5576923076923
248.0454545454545,243.5576923076923,241.9,242,237.9464285714286,240.75,241.375,244.9130434782609,245.28125,247.4807692307692
248.3181818181818,243.4038461538461,242.1,241.6666666666667,238.0178571428571,240.75,239.875,244.9565217391304,245.7045454545455,247.4038461538461
248.5909090909091,243.25,242.3,241.3333333333333,238.0892857142857,240.75,238.59375,245,245.5227272727273,247.3269230769231
248.8636363636364,243.0961538461538,242.5,241,238.1607142857143,240.75,237.96875,245.0434782608696,245.3409090909091,247.25
249.1363636363636,242.9423076923077,242.7,240.6666666666667,238.2321428571429,240.75,237.34375,245.0869565217391,245.1590909090909,247.3125
249.4090909090909,242.7884615384615,242.9,240.3333333333333,238.5,240.6617647058823,236.71875,245.1304347826087,244.9772727272727,247.375
249.6818181818182,242.7916666666667,243.1,241,238.8333333333333,240.5441176470588,236.35,245.1739130434783,244.7954545454545,247.4375
249.7894736842105,242.8472222222222,243.2368421052632,242,239.1666666666667,240.4264705882353,236.75,245.2173913043478,244.9078947368421,247.5
249.8421052631579,242.9027777777778,243.1842105263158,243,238.3125,240.3088235294118,237.15,245.265625,245.1184210526316,247.5625
249.8947368421053,242.9583333333333,243.1315789473684,244,237.0625,240.1911764705882,239.875,245.328125,245.328947368421,247.625
249.9473684210526,243.0138888888889,243.078947368421,244.015625,236.6,240.0735294117647,240.9107142857143,245.390625,245.5394736842105,247.6875
250,243.0694444444444,243.0263157894736,243.703125,236.4,239.9558823529412,241.125,245.453125,245.75,247.75
250.0526315789474,243.125,242.9736842105263,243.390625,236.2,239.8382352941177,241.3392857142857,245.515625,245.9605263157895,247.9807692307693
250.1052631578947,243.1805555555556,242.921052631579,243.078125,236,239.6842105263158,241.5535714285714,245.578125,246.171052631579,248.2115384615385
250.1578947368421,243.2361111111111,242.8684210526316,242.765625,235.8,239.421052631579,241.7678571428572,245.640625,246.3815789473684,248.4423076923077
250.2105263157895,243.3625,242.8157894736842,242.453125,235.9375,239.1578947368421,241.9821428571429,245.703125,246.5921052631579,248.6730769230769
250.3076923076923,243.5125,242.7631578947368,242.140625,236.1875,238.8947368421053,242.1964285714286,245.7608695652174,246.7625,248.9038461538462
250.5384615384615,243.6625,242.8522727272727,241.828125,236.4375,238.6315789473684,242.2,245.8043478260869,246.8125,249.1346153846154
250.7692307692308,243.8125,242.9886363636364,241.28125,236.6875,238.3684210526316,242.1333333333333,245.8478260869565,246.8625,249.3653846153846
251,243.9625,243.125,240.65625,236.9375,238.1052631578947,242.0666666666667,245.8913043478261,246.9125,249.5961538461539
251.2307692307692,244.1125,243.2613636363637,240.03125,237.1875,237.8421052631579,242,245.9347826086957,246.9625,249.8269230769231
251.4615384615385,244.2625,243.3977272727273,239.40625,237.4375,237.578947368421,241.9333333333333,245.9782608695652,247.0125,250.0576923076923
251.6923076923077,244.4125,243.5340909090909,239.0892857142857,237.6875,237.3157894736842,241.8666666666666,246.0217391304348,247.0625,250.2884615384615
251.9375,244.5625,243.6704545454545,238.875,237.8571428571428,237.1,241.8,246.0652173913043,247.1125,250.5192307692308
252.1875,244.7125,243.8068181818182,238.6607142857143,238,236.9,241.702380952381,246.1086956521739,247.1625,250.75
252.4375,244.7142857142857,243.9431818181818,238.4464285714286,238.1428571428571,236.7,241.5119047619048,246.1521739130435,247.2125,250.9642857142857
252.6875,244.6666666666667,244.0795454545455,238.2321428571428,238.1428571428571,236.5,241.3214285714286,246.1956521739131,247.2083333333333,251.1785714285714
252.9375,244.6190476190476,244.2159090909091,238.0178571428572,237.7142857142857,236.3,241.1309523809524,246.2391304347826,247.0416666666667,251.3928571428571
253.1875,244.5714285714286,244.1847826086957,237.8035714285714,237.2857142857143,236.1,240.9404761904762,246.25,246.875,251.6071428571429
253.4375,244.5238095238095,244.0978260869565,238.0227272727273,236.8571428571429,235.9,240.75,246.25,246.8333333333333,251.8214285714286
253.6875,244.4761904761905,244.0108695652174,238.3863636363637,236.9230769230769,235.7386363636364,240.5595238095238,246.25,247.1666666666666,252.0357142857143
254,244.4285714285714,243.9239130434783,238.75,237.1538461538461,235.6931818181818,240.3690476190476,246.25,247.5,252.25
254.3333333333333,244.3809523809524,243.8369565217391,239.1136363636363,237.3846153846154,235.6477272727273,240.1785714285714,246.25,247.7954545454546,252.25
254.6666666666667,244.3333333333333,243.75,239.4772727272727,237.6153846153846,235.6022727272727,239.9880952380952,246.25,247.9772727272727,252.25
255,244.2857142857143,243.6630434782609,239.7115384615385,237.8461538461539,235.5568181818182,239.797619047619,246.25,248.1590909090909,252.25
255.3333333333333,244.2916666666667,243.5760869565217,239.5576923076923,238.0769230769231,235.5113636363636,239.6428571428571,246.25,248.3409090909091,252.25
255.6666666666667,244.4583333333334,243.4891304347826,239.4038461538462,238.3,235.4659090909091,239.5,246.3076923076923,248.5227272727273,252.25
255.7,244.625,243.4021739130435,239.25,238.5,235.4204545454545,239.3571428571429,246.3846153846154,248.7045454545455,252.25
255.6333333333333,244.7916666666666,243.3152173913043,239.0961538461538,238.7,235.375,239.2142857142857,246.4615384615385,248.8653846153846,252.25
255.5666666666667,244.9583333333333,243.2291666666667,238.9423076923077,238.9,235.3295454545455,239.0714285714286,246.5384615384615,249.0192307692308,252.25
255.5,245.125,243.1458333333333,238.7884615384615,239.1,235.2840909090909,238.9285714285714,246.6153846153846,249.1730769230769,252.171052631579
255.4333333333333,245.2916666666667,243.0625,238.8035714285714,239.1363636363636,235.2314814814815,238.7857142857143,246.6923076923077,249.3269230769231,252.0131578947368
255.3666666666667,245.4583333333333,242.9791666666667,238.875,238.6818181818182,235.1574074074074,238.5357142857143,246.7894736842105,249.4807692307692,251.8552631578947
255.3,245.625,242.8958333333333,238.9464285714286,238.2272727272727,235.0833333333333,238.25,246.9473684210526,249.6346153846154,251.6973684210526
255.1923076923077,245.8157894736842,242.8125,239.0178571428572,237.7727272727273,235.0092592592593,237.9642857142857,247.1052631578947,249.7222222222222,251.5394736842105
254.9615384615385,246.0789473684211,242.8,239.0892857142857,237.3181818181818,234.9351851851852,237.6785714285714,247.2631578947368,249.6111111111111,251.3815789473684
254.7307692307692,246.3421052631579,243,239.1607142857143,236.8636363636364,234.8611111111111,237.3928571428571,247.421052631579,249.5,251.2236842105263
254.5,246.6052631578947,243.2,239.2321428571429,236.4166666666667,234.787037037037,237.1071428571429,247.578947368421,249.3888888888889,251.0657894736842
254.2692307692308,246.8684210526316,243.4,239.203125,235.9722222222222,234.712962962963,236.8214285714286,247.7368421052632,249.2777777777778,250.9078947368421
254.0384615384615,247.1315789473684,243.6,239.140625,235.5277777777778,234.6388888888889,236.6346153846154,247.8947368421053,249.55,250.75
253.8076923076923,247.3947368421053,243.8,239.078125,235.0833333333333,234.5648148148148,236.4807692307692,248.0526315789474,249.95,250.6666666666667
253.7083333333333,247.6578947368421,244,239.015625,234.7379032258065,234.4907407407408,236.3269230769231,248.2105263157895,250.35,250.5833333333333
253.6527777777778,247.921052631579,244.2,238.953125,234.6895161290323,234.4166666666667,236.1730769230769,248.15625,250.75,250.5
253.5972222222222,248.1842105263158,244.4,238.890625,234.641129032258,234.3425925925926,236.0192307692308,248.03125,251.15,250.4166666666667
253.5416666666667,248.1477272727273,244.6,238.828125,234.5927419354838,234.2685185185185,235.8653846153846,247.90625,250.6875,250.3333333333333
253.4861111111111,248.0113636363636,244.7205882352941,238.765625,234.5443548387096,234.4583333333333,235.7857142857143,247.78125,249.9375,250.25
253.4305555555555,247.875,244.6029411764706,238.625,234.4959677419354,234.7361111111111,235.9285714285714,247.65625,250.1666666666667,249.6785714285714
253.375,247.7386363636364,244.4852941176471,238.4583333333333,234.4475806451612,235.0138888888889,236.0714285714286,247.53125,250.7222222222222,249.1071428571429
253.3194444444445,247.6022727272727,244.3676470588235,238.2916666666667,234.399193548387,235.2916666666667,236.2142857142857,247.40625,251.2777777777778,248.5357142857143
253.2638888888889,247.4659090909091,244.25,238.125,234.3149999999999,235.5694444444445,236.3571428571429,247.28125,251.8333333333333,248.25
253.3181818181818,247.3295454545454,244.1323529411765,237.9583333333333,234.1949999999999,235.8472222222222,236.5,247.3863636363636,252.25,248.25
253.4090909090909,247.1931818181818,244.0147058823529,237.7916666666667,234.0749999999999,236.125,236.6428571428571,247.5681818181818,252.25,248.25
253.5,247.0568181818182,243.8970588235294,237.6923076923077,233.9549999999999,236.4027777777778,236.7685185185185,247.75,252.25,248.25
253.5909090909091,246.9204545454546,243.7794117647059,237.6153846153846,233.8349999999999,236.6805555555556,236.8425925925926,247.9318181818182,252.25,248.45
253.6818181818182,246.7840909090909,243.8571428571429,237.5384615384615,233.7149999999999,237.0714285714286,236.9166666666667,248.1136363636364,252,248.85
253.7727272727273,246.9166666666667,244,237.4615384615385,233.6292372881355,237.5,236.9907407407408,248.3,251,249.25
253.8636363636364,247.1388888888889,244.1428571428572,237.3846153846154,233.6461864406779,237.9285714285714,237.0648148148148,248.5,250,249.65
253.9545454545455,247.3611111111111,244.2857142857143,237.3076923076923,233.6631355932202,238.3571428571429,237.1388888888889,248.7,250.2,250.05
254.0454545454545,247.5833333333333,244.4285714285714,237.25,233.6800847457626,238.7857142857143,237.2129629629629,248.9,250.8,250.5
254.1363636363636,247.7727272727273,244.5714285714286,237.25,233.697033898305,239.2142857142857,237.287037037037,249.1,251.4,251
254.2272727272727,247.8636363636364,244.7142857142857,237.25,233.7139830508474,239.6428571428571,237.3611111111111,249.3,252,251.5
254.1875,247.9545454545454,244.8382352941177,237.25,233.7309322033897,239.8625,237.4351851851852,249.5,252.6,252
254.1041666666666,248.0454545454546,244.9558823529412,237.25,233.7478813559321,240.0125,237.5092592592592,249.7,252.825,252.5
254.0208333333334,248.1363636363636,245.0735294117647,237.25,233.7648305084745,240.1625,237.5833333333333,249.7105263157895,252.925,252.9583333333333
253.9375,248.2272727272727,245.1911764705882,237.1617647058823,233.7817796610168,240.3125,237.6574074074074,249.6578947368421,253.025,253.375
253.8541666666667,248.3181818181818,245.3088235294118,237.0441176470588,233.7987288135592,240.4625,237.7314814814815,249.6052631578947,253.125,253.7916666666666
253.7708333333333,248.4090909090909,245.4264705882353,236.9264705882353,233.8156779661016,240.6125,237.675,249.5526315789474,253.225,254.2083333333333
253.9166666666667,248.5,245.5441176470588,236.8088235294118,233.832627118644,240.7625,237.575,249.5,253.0625,254.625
254.1388888888889,248.5909090909091,245.6617647058823,236.6911764705882,233.8495762711863,240.9125,237.475,249.4473684210526,252.8125,255.0416666666667
254.3611111111111,248.6818181818182,245.7619047619048,236.5735294117647,233.8665254237287,241.0625,237.375,249.3947368421053,252.5625,255.19
254.5833333333333,248.7833333333333,245.8095238095238,236.4558823529412,233.8472222222221,241.2125,237.275,249.3421052631579,252.3125,255.07
254.8055555555555,248.9166666666667,245.8571428571429,236.3382352941177,233.7916666666666,241.1136363636364,237.175,249.2894736842105,252.0625,254.95
255.0277777777778,249.05,245.9047619047619,236.3,233.736111111111,240.9318181818182,237.075,249.28125,251.8125,254.83
255.25,249.1833333333333,245.952380952381,236.5,233.6805555555555,240.75,236.975,249.40625,251.3,254.71
255.4722222222222,249.3166666666667,246,236.7,233.6249999999999,240.5681818181818,236.875,249.53125,250.7,254.59
255.6944444444445,249.45,246.0476190476191,236.9,233.5694444444443,240.3863636363636,236.775,249.65625,250.4090909090909,254.47
255.975,249.5833333333333,246.0952380952381,237.1,233.5138888888888,240.2045454545454,236.828947368421,249.78125,251.0454545454546,254.35
256.275,249.7166666666667,246.1428571428572,237.3,233.4583333333332,240.0227272727273,236.9342105263158,249.90625,251.6818181818182,254.23
256.575,249.8522727272727,246.1904761904762,237.5,233.4027777777777,239.8409090909091,237.0394736842105,250.03125,252.3181818181818,254.11
256.875,249.9886363636364,246.2380952380952,237.7,233.4407894736841,239.6590909090909,237.1447368421053,250.15625,252.9545454545454,253.99
257.175,250.125,246.1,237.9,233.5723684210525,239.4772727272727,237.25,250.2058823529412,253.5909090909091,253.87
257.0454545454546,250.2613636363636,245.9,238.1,233.7039473684209,239.2954545454545,237.3552631578947,250.0294117647059,253.75,253.75
256.7727272727273,250.3977272727273,245.7,238.2738095238095,233.8355263157893,238.8,237.4605263157895,249.8529411764706,253.75,253.5357142857143
256.5,250.5340909090909,245.5,238.3690476190476,233.9671052631578,238.2,237.5657894736842,249.6764705882353,253.6590909090909,253.3214285714286
256.2272727272727,250.6704545454546,245.3,238.4642857142857,234.0986842105262,237.6,237.671052631579,249.5,253.2954545454545,253.1071428571428
255.9545454545454,250.8068181818182,245.1,238.5595238095238,234.2302631578946,237,237.7678571428571,249.3235294117647,252.9318181818182,252.8928571428572
255.7368421052632,250.9431818181818,244.9,238.6547619047619,234.3618421052631,236.4,237.8392857142857,249.1470588235294,252.5681818181818,252.6785714285714
255.6842105263158,251.0795454545454,244.7,238.75,234.4934210526314,236.4230769230769,237.9107142857143,248.9705882352941,252.2045454545455,252.4642857142857
255.6315789473684,251.2159090909091,244.5,238.8452380952381,234.6249999999999,236.6538461538462,237.9821428571428,248.7941176470588,251.8409090909091,252.25
255.5789473684211,251.0833333333333,244.3,238.9404761904762,234.801056338028,236.8846153846154,238.0535714285714,249.03125,251.85,252.1911764705882
255.5263157894736,250.8611111111111,244.3333333333333,239.0357142857143,234.9771126760562,237.1153846153846,238.125,249.40625,251.9833333333333,252.1323529411765
255.4736842105263,250.6388888888889,244.4444444444445,239.1309523809524,235.1531690140844,237.3461538461539,238.1964285714286,249.78125,252.1166666666667,252.0735294117647
255.4210526315789,250.4166666666667,244.5555555555555,239.2261904761905,235.3292253521126,237.5769230769231,238.2678571428572,250.15625,252.25,252.0147058823529
255.3684210526316,250.21875,244.6666666666667,239.3653846153846,235.5052816901407,237.7205882352941,238.3392857142857,250.53125,252.3833333333333,251.9558823529412
255.3157894736842,250.09375,244.8,239.5192307692308,235.6813380281689,237.6029411764706,238.4107142857143,250.90625,252.5166666666667,251.8970588235294
255.2631578947368,249.96875,245,239.6730769230769,235.8573943661971,237.4852941176471,238.4821428571429,251.28125,252.65,251.8382352941177
255.175,249.84375,245.2,239.8269230769231,236.0334507042253,237.3676470588235,238.5535714285714,251.65625,252.7692307692308,251.7794117647059
255.075,249.71875,247.125,239.9807692307692,236.2095070422534,237.25,238.625,251.5,252.8461538461539,251.7307692307693
254.975,249.59375,247.6964285714286,240.1346153846154,236.3855633802816,237.1323529411765,238.6964285714286,251.1666666666667,252.9230769230769,251.6923076923077
254.875,249.46875,247.625,240.2884615384615,236.5616197183098,237.0147058823529,238.804347826087,250.8333333333333,253,251.6538461538461
254.775,249.34375,247.5535714285714,240.4423076923077,236.737676056338,236.8970588235294,239.0217391304348,250.5,253.0769230769231,251.6153846153846
255.0178571428572,249.3611111111111,247.4821428571429,240.5961538461539,236.9137323943661,236.7794117647059,239.2391304347826,250.29,253.1538461538462,251.5769230769231
255.375,249.8055555555555,247.4107142857143,240.75,237.0897887323943,236.9204545454546,239.4565217391304,250.45,253.2307692307692,251.5384615384615
255.7321428571429,250.25,247.3392857142857,240.9038461538462,237.2658450704225,237.1477272727273,239.6739130434783,250.61,253.2142857142857,251.5
256.0892857142857,250.6944444444445,247.2678571428571,241.0576923076923,237.4419014084507,237.375,239.8913043478261,250.77,253.1666666666667,251.4615384615385
256.4464285714286,251.1388888888889,246.5,241.2115384615385,237.6179577464789,237.6022727272727,240.1086956521739,250.93,253.1190476190476,251.4230769230769
256.8035714285714,251.3382352941176,245.7678571428571,241.2916666666667,237.6666666666667,237.8295454545454,240.3260869565217,251.09,253.0714285714286,251.3846153846154
257.1607142857143,251.4558823529412,245.8392857142857,241.3472222222222,237.3333333333334,238.0568181818182,240.5434782608696,251.25,253.0238095238095,251.3461538461539
257.1923076923077,251.5735294117647,245.9107142857143,241.4027777777778,237,238.2840909090909,240.7608695652174,251.41,252.9761904761905,251.3076923076923
257.1153846153846,251.6911764705882,245.9821428571429,241.4583333333333,236.6875,238.5113636363636,240.9782608695652,251.57,252.9285714285714,251.2692307692308
257.0384615384615,251.8088235294118,246.0535714285714,241.5138888888889,236.4375,238.7386363636363,241.195652173913,251.73,252.8809523809524,251.35
256.9615384615385,251.9264705882353,246.125,241.5694444444444,236.1875,238.9659090909091,241.34375,251.89,252.8333333333333,251.55
256.8846153846154,252.0441176470588,246.1964285714286,241.625,235.9375,239.1931818181818,241.46875,252.05,252.7857142857143,251.75
256.8076923076923,252.1617647058824,246.2083333333333,241.6805555555556,235.9318181818181,239.25,241.59375,252.21,252.6923076923077,251.95
256.7777777777778,252.2142857142857,246.0416666666667,241.7361111111111,236.6590909090909,239.25,241.71875,252.2875,252.4615384615385,252.15
256.8888888888889,252.0714285714286,245.875,241.7916666666667,237.3863636363636,239.25,241.84375,252.3375,252.2307692307692,252.1875
257,251.9285714285714,245.7083333333333,241.8472222222222,238.1136363636363,239.25,241.96875,252.3875,252,252.0625
257.1111111111111,251.7857142857143,245.5416666666667,241.9027777777778,238.840909090909,239.25,242.09375,252.4375,251.7692307692308,251.9375
257.2222222222222,251.6428571428571,245.375,241.9583333333333,239.5681818181818,239.25,242.21875,252.4875,251.5384615384615,251.8125
257.3333333333334,251.5,245.25,242.0138888888889,237.8750000000002,239.25,242.34375,252.5375,251.3076923076923,252.625
257.4444444444445,251.3571428571429,245.25,242.0694444444445,237.3823529411765,239.25,242.46875,252.5875,251.4,254.375
257.5555555555555,251.3269230769231,245.25,242.125,237.5588235294118,239.25,242.59375,252.6375,251.6,254.95
257.6666666666667,251.6346153846154,245.25,242.1805555555556,237.7352941176471,239.55,242.71875,252.6875,251.8,254.35
257.7777777777778,251.9423076923077,245.25,242.2361111111111,237.9117647058823,239.95,242.5892857142857,252.7375,252,253.75
257.8888888888889,252.25,245.25,242.2884615384615,238.0882352941177,240.35,242.375,252.8382352941176,252.2,253.4642857142857
258,252.5576923076923,245.25,242.3397435897436,238.2647058823529,240.7499999999999,242.1607142857143,252.9558823529412,252.4,253.1785714285714
258.1111111111111,252.8653846153846,245.25,242.3910256410257,238.4411764705882,241.1499999999999,241.9464285714286,253.0735294117647,252.6,252.8928571428572
258.2222222222222,253.1730769230769,245.25,242.4423076923077,238.6176470588235,241.55,241.7321428571428,253.1911764705882,252.7738095238095,253.1666666666667
258.175,253.3035714285714,245.25,242.4935897435897,238.875,241.95,241.5178571428572,253.3088235294118,252.8690476190476,254
258.075,253.375,245.25,242.5448717948718,239.3749999999999,242.25,241.3035714285714,253.4264705882353,252.9642857142857,254.8333333333333
257.975,253.4464285714286,245.375,242.5961538461539,239.875,242.25,241.8125,253.5441176470588,253.0595238095238,254.6184210526316
257.875,253.5178571428572,245.875,242.6474358974359,240.375,242.25,242.5625,253.6617647058823,253.1547619047619,253.3552631578947
257.775,253.5892857142857,246.3749999999999,242.698717948718,240.875,242.25,243.3125,253.7142857142857,253.25,252.0921052631579
257.675,253.6607142857143,246.875,242.75,241.5227272727272,242.3125,244.0625,253.5714285714286,253.3452380952381,250.828947368421
257.575,253.7321428571428,247.375,242.801282051282,242.6136363636363,242.3958333333333,244.4375,253.4285714285714,253.4404761904762,249.5657894736842
257.475,253.8035714285714,247.6944444444445,242.8525641025641,243.7045454545454,242.4791666666667,244.6875,253.2857142857143,253.5357142857143,249.3437499999999
257.375,253.875,247.4722222222222,242.9038461538462,244.326923076923,242.5625,244.9375,252.5,253.6309523809524,249.4687499999999
257.275,253.9464285714286,247.25,242.9551282051282,244.4807692307692,242.6458333333333,245.1875,251.5,253.7261904761905,249.5937499999999
257.375,254.0178571428571,247.0277777777778,243.0064102564102,244.6346153846154,242.7291666666667,245.4375,250.71875,253.8333333333333,249.7187499999999
257.5416666666666,254.0892857142857,246.8055555555556,243.0576923076923,244.7045454545455,242.9230769230769,245.6875,250.59375,253.9444444444445,250.2717391304347
257.7083333333333,254.1607142857143,246.5833333333333,243.1089743589744,244.5227272727273,243.1538461538461,245,250.46875,254.0555555555555,250.9673913043478
257.875,254.2321428571429,246.3611111111111,243.1602564102564,244.3409090909091,243.3846153846154,244,250.34375,254.1666666666667,251.6630434782608
258.0416666666666,254.15625,246.1388888888889,243.2115384615385,244.1590909090909,243.6153846153846,243.4,250.35,254.1071428571429,252.3586956521739
258.2083333333334,254.03125,245.9166666666667,243.25,243.9772727272727,243.8461538461538,244,250.75,253.5357142857143,253.0543478260869
258.375,253.90625,245.8055555555555,243.25,243.7954545454546,244.0769230769231,244.6,251.15,252.9642857142857,253.75
258.5416666666666,253.78125,246.0277777777778,243.25,243.87,244.0000000000001,245.2,251.55,252.3928571428572,251.0833333333333
258.7083333333333,253.65,246.25,243.25,244.03,243.0000000000001,245.8,251.95,252.4,249.75
258.875,253.5166666666667,246.4722222222222,243.25,244.19,242.0000000000001,246.3076923076923,252.3055555555555,252.6,249.75
259.0416666666666,253.3833333333333,246.6944444444444,243.25,244.35,241.0000000000001,246.5384615384615,252.5277777777778,252.8,249.75
259.2083333333333,253.25,246.8823529411765,243.25,244.51,241.6249999999999,246.7692307692308,252.75,253,249.75
259.1,253.1166666666667,247.0588235294118,243.25,244.67,242.7916666666666,247,252.9722222222222,253.2,249.75
258.9,252.9833333333333,247.2352941176471,243.3636363636364,244.83,243.9583333333333,247.2307692307692,253.1944444444444,252.9772727272727,249.75
258.7,252.85,247.4117647058823,243.8181818181818,244.99,244.4264705882352,247.4615384615385,252.65,252.6136363636364,250.2954545454545
258.5,252.6911764705882,247.5882352941176,244.2727272727273,245.15,244.6617647058823,247.6923076923077,251.85,252.2500000000001,250.8409090909091
258.3,252.4558823529412,247.7647058823529,244.7272727272727,245.31,244.8970588235294,246.4375,251.4,251.8863636363637,251.3863636363636
258.1,252.2205882352941,247.9411764705882,245.1818181818182,245.47,245.1323529411765,244.6875,251.9999999999999,251.5227272727273,251.9318181818182
257.9,251.9852941176471,248.1176470588235,245.6363636363636,245.63,245.3676470588235,244.1428571428571,252.6,251.3999999999999,252.4772727272727
257.7777777777778,251.75,248.3055555555555,245.7894736842105,245.7692307692308,245.6029411764706,244,253.2,251.9999999999999,252.5833333333333
257.8888888888889,251.5147058823529,248.5277777777777,245.8421052631579,245.8461538461538,245.8382352941177,243.8571428571429,253.8,252.5999999999999,252.25
258,251.2794117647059,248.75,245.8947368421053,245.9230769230769,246.0735294117647,243.825,254.2727272727273,253.2,251.9166666666667
258.1111111111111,251.0441176470588,248.9722222222222,245.9473684210527,246,246.2857142857143,244.125,254.3636363636363,253.8,251.0000000000001
258.2222222222222,250.8088235294118,249.1944444444444,246,246.0769230769231,246.4285714285714,244.425,254.4545454545454,254.234375,249.5000000000001
258.3333333333333,250.7894736842105,249.4166666666667,246.0526315789474,246.1538461538461,246.5714285714286,244.725,254.5454545454546,254.171875,249.2115384615384
258.4444444444445,250.8421052631579,249.6388888888889,246.1052631578947,246.2307692307692,246.7142857142857,245.025,254.6363636363637,254.109375,250.1346153846153
258.5555555555555,250.8947368421053,249.8611111111111,246.1578947368421,246.4807692307692,246.8571428571429,245.625,254.7272727272727,254.046875,251.0576923076922
258.6666666666666,250.9473684210526,250.0833333333333,246.2105263157895,246.7884615384615,247,247.125,254.28125,253.984375,251.6785714285714
258.76,251,250.3125,246.2631578947368,247.0961538461538,247.1428571428571,248.2692307692308,253.65625,253.921875,251.3928571428571
258.8,251.0526315789474,250.5625,246.3157894736842,247.2499999999999,247.2857142857143,248.3461538461539,253.0312500000001,253.859375,251.1071428571428
258.84,251.1052631578947,250.8125,246.3684210526316,247.2499999999999,247.4285714285714,248.4230769230769,252.40625,253.796875,250.8214285714285
258.88,251.1578947368421,251.0625,246.421052631579,247.2499999999999,247.5714285714286,248.5,252.1666666666667,253.775,251.0227272727272
258.92,251.2105263157895,251.3125,246.4736842105263,247.25,247.7142857142857,248.5769230769231,252.0555555555556,253.875,251.3863636363636
258.96,251.287037037037,251.5625,246.5263157894737,247.25,247.75,248.6538461538462,251.9444444444445,253.975,251.7499999999999
259,251.4351851851852,251.8125,246.578947368421,247.25,247.75,248.7307692307692,251.8333333333333,254.075,252.1136363636363
259.04,251.5833333333333,252.0625,246.6315789473684,247.25,247.75,248.3409090909091,251.8888888888889,254.175,252.4772727272727
259.08,251.7314814814815,252.1666666666667,246.6842105263158,247.2708333333333,247.75,247.7954545454546,252.4444444444444,254.275,252.7031249999999
259.12,251.8796296296296,251.8333333333334,246.7368421052632,247.3541666666667,247.75,247.25,253,254.375,252.5156249999999
259.16,252.0277777777778,251.5,247.0125,247.4375,247.75,246.7045454545455,253.5555555555555,254.475,252.3281249999999
259.2,252.1759259259259,251.1666666666667,247.3625,247.5208333333333,247.75,246.1590909090909,254.1111111111111,254.575,252.1406249999999
259.24,252.3240740740741,250.8333333333334,247.7125,247.6041666666667,247.75,245.875,254.34375,254.675,251.9531249999999
259.25,252.4722222222222,250.5,248.0625,247.6875,247.75,246.375,254.46875,254.75,251.7656249999999
259.25,252.6203703703704,250.3333333333333,248.4125,247.7708333333333,247.75,246.875,254.59375,254.75,251.5781249999999
259.25,252.7685185185185,250.6666666666667,248.7625,247.8541666666667,247.8,247.375,254.71875,254.75,251.3906249999999
259.25,252.9166666666667,251,249.1125,247.9375,248,247.8088235294118,254.84375,254.75,251.2499999999999
259.25,253.0648148148148,251.3333333333333,249.4625,248.0208333333333,248.2,248.0441176470588,254.96875,254.75,251.2499999999999
259.2173913043478,253.212962962963,251.6666666666667,249.8125,248.1041666666667,248.4,248.2794117647059,255.09375,254.75,251.2499999999999
259.0869565217391,253.5,252.2,250.1625,248.1875,248.6,248.5147058823529,255.21875,254.75,251.2499999999999
258.9565217391304,253.8333333333333,252.8,250.1375,248.2980769230769,248.8,248.75,255.175,254.6875,251.2499999999999
258.8260869565217,254.1666666666667,253.2083333333333,249.9875,248.4903846153846,249,248.9852941176471,255.075,254.6041666666667,251.4999999999999
258.695652173913,254.5,253.0416666666667,249.8375,248.6826923076923,249.2,249.2205882352941,254.975,254.5208333333333,252.4999999999999
258.5652173913044,254.8333333333333,252.875,249.6875,248.875,249.4,249.4558823529412,254.875,254.4375,253.1874999999999
258.4347826086956,255.1666666666667,252.7083333333333,249.5375,249.0673076923077,249.6,249.6911764705882,254.775,254.3541666666667,252.9374999999999
258.3043478260869,255.5,252.5416666666667,249.3875,249.2596153846154,249.8095238095238,249.9264705882353,254.8076923076923,254.2708333333333,252.6874999999999
258.1739130434783,255.8333333333333,252.375,249.2375,249.451923076923,250.047619047619,250.1617647058823,254.8846153846154,254.3382352941176,252.4374999999999
258.0434782608696,256.1666666666666,252.3,249.0875,249.6442307692308,250.2857142857143,250.3970588235294,254.9615384615385,254.4558823529412,252.1111111111111
257.9130434782609,256.25,252.5,248.9375,249.8365384615385,250.5238095238095,250.6323529411765,255.0384615384615,254.5735294117647,251.5555555555555
257.7826086956522,256.25,252.7,248.7875,250.0288461538461,250.7619047619048,250.8676470588235,255.1153846153846,254.6911764705882,250.9999999999999
257.6617647058823,256.25,252.9,248.890625,250.2211538461538,251,251.1029411764706,255.1923076923077,254.8088235294118,250.4444444444444
257.5441176470588,256.25,253.1,249.078125,250.4134615384615,251.2380952380952,251.3382352941176,255.1818181818182,254.9264705882353,249.8888888888888
257.4264705882353,256.25,253.3,249.265625,250.6057692307692,251.4761904761905,251.5735294117647,254.9090909090909,255.0441176470588,249.8076923076922
257.3088235294117,256.25,253.5,249.453125,250.78,251.7142857142857,251.725,254.6363636363636,255.1617647058823,249.8846153846154
257.1911764705882,256.25,253.7,249.640625,250.9,251.9523809523809,251.625,254.3636363636364,255.225,249.9615384615384
257.0735294117647,256.125,253.7058823529412,249.828125,251.02,252.1904761904762,251.525,254.0909090909091,255.125,250.0384615384615
256.9558823529412,255.9583333333333,253.6470588235294,250.015625,251.14,252.1964285714286,251.425,253.8181818181818,255.025,250.1153846153846
256.8382352941177,255.7916666666666,253.5882352941177,250.203125,251.26,252.125,251.325,253.5833333333333,254.925,250.1923076923076
256.7777777777778,255.625,253.5294117647059,250.2894736842105,251.38,252.0535714285714,251.225,253.3611111111111,254.825,250.2727272727272
256.8888888888889,255.4583333333333,253.4705882352941,250.3421052631579,251.5,251.9821428571429,251.125,253.1388888888889,254.725,250.3636363636363
257,255.2916666666667,253.4117647058823,250.3947368421053,251.62,251.9107142857143,251.025,252.9166666666666,254.625,250.4545454545454
257.1111111111111,255.1964285714286,253.3529411764706,250.4473684210526,251.74,251.8392857142857,250.925,252.8571428571428,254.525,250.5454545454545
257.2222222222222,255.125,253.2941176470588,250.5,251.86,251.7678571428571,250.825,253.2857142857142,254.425,250.6363636363636
257.3333333333333,255.0535714285714,253.375,250.5526315789473,251.98,251.8863636363637,250.7631578947368,253.7142857142857,254.325,250.7272727272727
257.4444444444445,254.9821428571429,253.8749999999999,250.6052631578947,252.1,252.0681818181818,250.8157894736842,254.1428571428571,254.2608695652174,250.4999999999999
257.5555555555555,254.9107142857143,254.3749999999999,250.6578947368421,252.22,252.25,250.8684210526316,253.9999999999999,254.304347826087,250.1666666666666
257.6666666666667,254.8392857142857,254.875,250.7105263157895,252.3382352941177,252.4318181818182,250.921052631579,253.6666666666666,254.3478260869565,249.8333333333333
257.7608695652174,254.7678571428571,255.375,250.8088235294118,252.4558823529412,252.6136363636363,250.9736842105263,253.3333333333333,254.3913043478261,249.4999999999999
257.8043478260869,254.8928571428571,255.765625,251.0441176470588,252.5735294117647,252.7954545454546,251.0263157894737,252.9999999999999,254.4347826086957,249.2954545454545
257.8478260869565,255.0833333333333,255.828125,251.2794117647059,252.6911764705882,252.9772727272727,251.078947368421,252.8214285714285,254.4782608695652,249.4772727272727
257.8913043478261,255.2738095238095,255.890625,251.5147058823529,252.8088235294118,253.1590909090909,251.1315789473684,253.1071428571428,254.5217391304348,249.6590909090908
257.9347826086956,255.4642857142857,255.953125,251.75,252.9264705882353,253.3409090909091,251.1842105263158,253.3928571428571,254.5652173913043,249.840909090909
257.9782608695652,255.6547619047619,256.015625,251.9852941176471,253.0441176470588,253.5227272727273,251.2368421052632,253.6785714285714,254.6086956521739,250.0227272727272
258.0217391304348,255.8452380952381,256.078125,252.2205882352941,253.1617647058823,253.7045454545455,250.95,254.090909090909,254.6521739130435,250.2045454545454
258.0652173913044,256.0357142857143,256.140625,252.4558823529412,253.2894736842105,253.84,250.55,254.5454545454545,254.6956521739131,250.0192307692307
258.1086956521739,256.2261904761905,256.203125,252.6911764705882,253.4473684210526,253.96,250.15,254.9999999999999,254.7391304347826,249.7115384615384
258.1521739130435,256.4166666666667,256.2352941176471,252.95,253.6052631578947,254.08,249.75,255.4545454545454,254.6346153846154,249.4038461538461
258.1956521739131,256.6071428571429,256.1764705882353,253.2166666666666,253.7631578947369,254.2,249.35,255.9090909090908,254.4807692307692,249.0961538461538
258.2391304347826,256.8382352941176,256.1176470588235,253.4833333333333,253.9210526315789,254.32,249.8333333333333,256.2812499999999,254.3269230769231,248.7884615384615
258.1428571428572,257.1911764705882,256.0588235294118,253.75,254.078947368421,254.44,250.6111111111111,256.4062499999999,254.1730769230769,248.4807692307692
258,257.5441176470588,256,254.0166666666667,254.2368421052632,254.56,251.3888888888889,256.5312499999999,254.0192307692308,248.3333333333333
257.8571428571429,257.8970588235294,255.9411764705882,254.2833333333333,254.3947368421053,254.68,252.1666666666667,256.6562499999999,253.8653846153846,248.6666666666666
257.7142857142857,258.25,255.8823529411765,254.55,254.5526315789474,254.8,252.8214285714286,256.4583333333333,253.8055555555555,248.9999999999999
257.5714285714286,258.6029411764706,255.8235294117647,254.6923076923077,254.7105263157895,254.92,253.1071428571428,255.2916666666666,254.0277777777778,249.3333333333333
257.4285714285714,258.9558823529412,255.7647058823529,254.4615384615385,254.6666666666667,255.04,253.3928571428572,254.1249999999999,254.25,249.6666666666666
257.2857142857143,259.3088235294118,255.8942307692307,254.2307692307692,254.5555555555555,255.16,253.6785714285714,253.3928571428571,254.4722222222222,249.1071428571428
257.1428571428571,259.6617647058823,256.0865384615385,254,254.4444444444445,255.2608695652174,253.9642857142857,253.9642857142857,254.6944444444445,248.2499999999999
257,259.9107142857143,256.2788461538461,253.7692307692308,254.3333333333333,255.3043478260869,254.25,254.5357142857142,254.3214285714286,247.3928571428571
256.8571428571429,260.125,256.4711538461539,253.5384615384615,254.2222222222222,255.3478260869565,254.5357142857143,255.1071428571428,253.75,246.9062499999999
256.7125,260.3392857142857,256.6634615384615,253.3076923076923,254.1111111111111,255.3913043478261,254.7375,255.3181818181818,253.1785714285714,247.5312499999999
256.5625,260.5535714285714,256.8557692307692,254,254,255.4347826086956,254.6875,255.4090909090909,252.7884615384615,248.1562499999999
256.4125,260.7678571428571,257.0480769230769,255,253.8888888888889,255.4782608695652,254.6375,255.4999999999999,252.9423076923077,248.7812499999999
256.2625,260.9821428571428,257.2403846153846,255.7261904761905,253.7777777777778,255.5217391304348,254.5875,255.590909090909,253.0961538461538,249.1666666666666
256.1125,261.1964285714286,257.4326923076923,255.6309523809524,253.9285714285714,255.5652173913043,254.5375,255.6818181818181,253.25,248.8333333333333
255.9625,261.1666666666666,257.625,255.5357142857143,254.1666666666667,255.6086956521739,254.4875,255.7708333333333,253.4038461538462,248.4999999999999
255.8125,261.0555555555555,257.8173076923077,255.4404761904762,254.4047619047619,255.6521739130435,254.4375,255.8541666666666,253.5576923076923,248.1666666666666
255.6625,260.9444444444445,258.0096153846154,255.3452380952381,254.6428571428571,255.695652173913,254.3875,255.9374999999999,253.7115384615385,247.8333333333333
255.5125,260.8333333333333,258.2019230769231,255.25,254.8809523809524,255.7391304347826,254.3375,256.0208333333333,253.375,247.8999999999999
255.3625,260.7222222222222,258.125,255.1547619047619,255.1190476190476,255.65625,254.2875,256.1041666666666,252.875,248.0999999999999
255.3125,260.6111111111111,257.9583333333333,255.0595238095238,255.3571428571428,255.53125,254.2884615384615,256.1874999999999,252.375,248.3
255.5625,260.5,257.7916666666667,254.9642857142857,255.5952380952381,255.40625,254.4423076923077,256.2291666666666,251.875,248.4999999999999
255.8125,260.3888888888889,257.625,254.8690476190476,255.8333333333333,255.28125,254.5961538461538,256.1458333333333,251.8653846153846,248.7
256.0625,260.2777777777778,257.4583333333334,254.7738095238095,256.0714285714286,255.15625,254.75,256.0624999999999,252.0192307692308,248.6428571428571
256.3125,260.1315789473684,257.2916666666666,254.8804347826087,256.2894736842105,255.03125,254.9038461538462,255.9791666666666,252.1730769230769,248.4999999999999
256.5625,259.9736842105263,257.4375,255.0543478260869,256.4473684210527,254.90625,255.0576923076923,255.8958333333333,252.3269230769231,248.3571428571428
256.7678571428571,259.8157894736842,257.6875,255.2282608695652,256.6052631578947,254.78125,255.2115384615385,255.8124999999999,252.4807692307692,248.1923076923077
256.8392857142857,259.6578947368421,257.9375,255.4021739130435,256.7631578947369,254.9583333333333,255.15625,255.7656249999999,252.6346153846154,247.9615384615384
256.9107142857143,259.5,258.1875,255.5760869565217,256.921052631579,255.2361111111111,255.03125,255.8281249999999,252.7857142857143,247.7307692307692
256.9821428571429,259.3421052631579,258.4375,255.75,257.078947368421,255.5138888888889,254.90625,255.8906249999999,252.9285714285714,247.4999999999999
257.0535714285714,259.1842105263158,258.6875,255.9239130434783,257.2368421052631,255.7916666666667,254.78125,255.9531249999999,253.0714285714286,247.2692307692307
257.125,259.0263157894737,258.9375,256.0978260869565,257.3947368421053,256.0694444444445,254.65625,256.0156249999999,253.2142857142857,247.0384615384615
257.1964285714286,258.8684210526316,259.1875,256.2717391304348,257.5526315789473,256.3472222222222,254.53125,256.0781249999999,252.875,246.8076923076922
257.2142857142857,258.703125,259.325,256.4456521739131,257.7105263157895,256.625,254.40625,256.1406249999999,252.375,246.8999999999999
257.0714285714286,258.515625,259.425,256.6195652173913,257.87,256.9027777777778,254.28125,256.2031249999999,251.875,247.0999999999999
256.9285714285714,258.328125,259.525,256.7222222222222,258.03,257.1805555555555,254.4583333333333,256.2187499999999,251.875,247.3
256.7857142857143,258.140625,259.625,256.6111111111111,258.19,257.3522727272727,254.7361111111111,256.0937499999999,252.0416666666667,247.4999999999999
256.6428571428571,257.953125,259.725,256.5,258.35,257.4886363636364,255.0138888888889,255.9687499999999,252.2083333333333,247.6999999999999
256.5,257.765625,259.825,256.3888888888889,258.51,257.625,255.2916666666666,255.8437499999999,252.2894736842105,247.4499999999999
256.3571428571429,257.578125,259.925,256.2777777777778,258.67,257.7613636363636,255.5694444444445,255.7187499999999,252.3421052631579,247.05
256.2142857142857,257.390625,260.025,256.1666666666666,258.83,257.8977272727273,255.8472222222222,255.5937499999999,252.3947368421053,246.6499999999999
256.0714285714286,257.2403846153846,260.125,256.0555555555555,258.99,258.0340909090909,256.125,255.4687499999999,252.4473684210526,246.2499999999999
255.9285714285714,257.2019230769231,260.225,255.9444444444445,259.15,258.1704545454546,256.4027777777778,255.3437499999999,252.5,245.85
255.7857142857143,257.1634615384615,260.3,255.8333333333333,259.31,258.3068181818182,256.6805555555555,255.1874999999999,252.5526315789474,245.8653846153846
255.6923076923077,257.125,260.3666666666667,255.84375,259.47,258.4431818181818,256.796875,254.9374999999999,252.6052631578947,246.0192307692307
255.6153846153846,257.0865384615385,260.4333333333333,256.21875,259.63,258.5795454545454,256.859375,254.6874999999999,252.6578947368421,246.1730769230768
255.5384615384615,257.0480769230769,260.5,256.59375,259.7708333333333,258.7159090909091,256.921875,254.4374999999999,252.7105263157895,246.326923076923
255.4615384615385,257.0096153846154,260.5666666666667,256.96875,259.8541666666667,258.828947368421,256.984375,254.1874999999999,252.7065217391304,246.4807692307692
255.3846153846154,256.9711538461538,260.6333333333333,257.34375,259.9375,258.9342105263158,257.046875,253.9374999999999,252.5326086956522,246.6346153846153
255.3076923076923,256.9326923076923,260.7,257.71875,260.0208333333334,259.0394736842105,257.109375,253.6071428571428,252.3586956521739,246.6666666666666
255.1428571428571,256.8942307692308,260.5416666666666,258.09375,260.1041666666666,259.1447368421053,257.171875,253.0357142857142,252.1847826086957,246.3333333333333
254.7142857142857,256.8557692307692,259.7083333333333,258.46875,260.1875,259.25,257.234375,252.4642857142857,252.0108695652174,245.9999999999999
254.2857142857143,256.8173076923077,258.875,258.8392857142857,260.2708333333334,259.3552631578947,257.0625,251.8928571428571,251.8369565217391,245.7321428571428
253.8571428571429,256.7788461538461,258.2142857142857,259.1964285714286,260.3541666666666,259.4605263157895,256.8125,251.3214285714285,251.6630434782609,245.6607142857142
253.6428571428571,256.7934782608696,258.0714285714286,259.5535714285714,260.4375,259.5657894736842,256.5625,250.7499999999999,251.4891304347826,245.5892857142857
253.5,256.9673913043478,257.9285714285714,259.9107142857143,260.5208333333334,259.671052631579,256.3125,250.1785714285714,251.3152173913043,245.5178571428571
253.3571428571429,257.1413043478261,257.7857142857143,260.2678571428571,260.6041666666666,259.7777777777778,256.0625,250.0624999999999,251.1413043478261,245.4464285714285
253.2142857142857,257.3152173913044,257.6428571428572,260.625,260.6875,259.8888888888889,255.8125,251.3124999999999,250.9673913043478,245.3749999999999
253.0714285714286,257.4891304347826,257.5,260.9821428571428,260.7794117647059,260,255.9375,252.5624999999999,250.7934782608696,245.3035714285714
252.9285714285714,257.6630434782609,257.3571428571428,261.2222222222222,260.8970588235294,260.1111111111111,256.1875,253.8124999999999,250.6428571428571,245.2656249999999
252.7857142857143,257.8369565217391,257.2916666666667,261.1111111111111,261.0147058823529,260.2222222222222,256.4375,254.7321428571428,250.5,245.3281249999999
252.6428571428572,258.0108695652174,257.4583333333333,261,261.1323529411765,260.3333333333334,256.6875,254.6607142857142,250.3571428571429,245.3906249999999
252.5,258.1847826086956,257.625,260.8888888888889,261.25,260.4444444444445,256.9375,254.5892857142857,250.2142857142857,245.4531249999999
252.3571428571429,258.3586956521739,257.7916666666667,260.7777777777778,261.3676470588235,260.5555555555555,257.1875,254.5178571428571,250.0714285714286,245.5156249999999
252.2142857142857,258.5326086956522,257.9583333333333,259.875,261.4852941176471,260.6666666666667,257.4375,254.4464285714285,249.9285714285714,245.5781249999999
252.0714285714286,258.7065217391304,258.125,258.7083333333333,261.6029411764706,260.7777777777778,257.6875,254.3749999999999,249.7857142857143,245.6406249999999
251.9285714285714,258.75,258.2391304347826,257.5416666666667,261.7205882352941,260.8888888888889,257.875,254.3035714285714,249.6428571428571,245.7031249999999
251.7857142857143,258.75,258.195652173913,256.2,261.5357142857143,261,258.0416666666666,254.2142857142857,249.5,245.7291666666666
251.6428571428571,258.75,258.1521739130435,254.8,261.25,261.1111111111111,258.2083333333334,254.0714285714285,249.3571428571429,245.6458333333333
251.5,258.75,258.1086956521739,253.75,260.9642857142857,261.2222222222222,258.375,253.9285714285714,249.2272727272727,245.5624999999999
251.3571428571429,258.75,258.0652173913044,253.75,260.6785714285714,261.275,258.5416666666667,253.7857142857142,249.1363636363637,245.4791666666666
251.1805555555556,258.75,258.0217391304348,253.75,260.3928571428572,261.3083333333333,258.7083333333333,253.6428571428571,249.0454545454545,245.3958333333333
250.9027777777778,258.75,257.9782608695652,253.75,260.1071428571428,261.3416666666666,258.875,253.4999999999999,248.9545454545455,245.3124999999999
250.625,258.75,257.9347826086956,254.0833333333333,259.8214285714286,261.375,259.0416666666667,253.3571428571428,248.8636363636363,245.2115384615384
250.3472222222222,258.5294117647059,257.8913043478261,255.4166666666667,259.6136363636364,261.4083333333334,259.2083333333333,253.2272727272727,248.7727272727273,245.0576923076923
250.0694444444444,258.2352941176471,257.8478260869566,256.75,259.4318181818182,261.4416666666667,259.375,253.1363636363636,248.6818181818182,244.9038461538461
249.7916666666667,257.9411764705883,257.8043478260869,257.8035714285714,259.25,261.475,259.5416666666667,253.0454545454545,248.5909090909091,244.7499999999999
249.5138888888889,257.6470588235294,257.7608695652174,258.0178571428571,259.0681818181818,261.5083333333333,259.7083333333333,252.9545454545454,248.5,244.5961538461538
249.2361111111111,257.3529411764706,257.9107142857143,258.2321428571429,258.8863636363636,261.5416666666666,259.78,252.8636363636363,248.4090909090909,244.4423076923076
248.9583333333333,257.0588235294118,258.125,258.4464285714286,258.8958333333333,261.575,259.82,252.7727272727272,248.3181818181818,244.2884615384615
248.7083333333333,256.7647058823529,258.3392857142857,258.6607142857143,259.4791666666667,261.6083333333333,259.86,252.2499999999999,248.2222222222222,244.3035714285714
248.5416666666667,256.4705882352941,258.5535714285714,258.875,260.0625,261.6416666666667,259.9,251.5833333333333,248.1111111111111,244.3749999999999
248.375,256.2,258.7678571428571,259.0892857142857,260.6458333333333,261.675,259.94,250.9166666666666,248,244.4464285714285
248.2083333333333,256,258.9821428571429,259.375,261.2291666666667,261.7083333333334,259.98,250.4687499999999,247.8888888888889,244.5178571428571
248.0416666666667,255.8,259.1964285714286,259.875,261.8125,261.7416666666667,260.02,250.0937499999999,247.7777777777778,244.5892857142857
247.875,255.6,259.296875,260.375,262.2884615384615,261.8382352941176,260.06,249.7187499999999,247.6666666666667,244.6607142857142
247.7083333333333,255.4,259.359375,260.875,262.4423076923077,261.9558823529412,260.1,249.3437499999999,247.5555555555555,244.7321428571428
247.5416666666667,255.2,259.421875,261.375,262.5961538461538,262.0735294117647,260.14,248.9499999999999,247.4444444444445,244.5249999999999
247.375,255,259.484375,261.875,262.75,262.1911764705882,260.18,248.55,247.3333333333333,244.225
247.2205882352941,254.8,259.546875,262.1964285714286,262.9038461538461,262.3088235294118,260.22,248.3124999999999,247.2307692307692,243.9249999999999
247.1029411764706,254.6,259.609375,261.9821428571429,263.0576923076923,262.4264705882353,260.15,248.5624999999999,247.1538461538462,243.6249999999999
246.9852941176471,254.4,259.671875,261.7678571428571,263.2115384615385,262.5441176470588,259.75,248.8124999999999,247.0769230769231,243.325
246.8676470588235,254.2638888888889,259.734375,261.5535714285714,263,262.6617647058824,259.35,249.0624999999999,247,243.175
246.75,254.3194444444445,259.675,261.3392857142857,262.6666666666666,262.7638888888889,258.95,249.1249999999999,246.9230769230769,243.0749999999999
246.6323529411765,254.375,259.575,261.125,262.3333333333333,262.8194444444445,258.55,248.6249999999999,246.8461538461539,242.975
246.514705882353,254.4305555555555,259.475,260.9107142857143,262,262.875,258.2666666666667,248.1249999999999,246.7692307692308,242.8749999999999
246.3970588235294,254.4861111111111,259.375,260.825,261.6666666666666,262.9305555555555,258.3333333333334,247.7857142857142,246.5294117647059,242.7749999999999
246.2794117647059,254.5416666666667,259.275,261.125,261.3333333333334,262.9861111111111,258.4,247.9285714285714,246.2352941176471,242.5833333333333
246.1,254.5972222222222,259.175,261.425,261,263.0416666666666,258.4666666666667,248.0714285714285,245.9411764705883,242.3611111111111
245.9,254.6527777777778,259.075,261.725,260.7307692307692,263.0972222222222,258.5333333333333,248.2142857142857,245.6470588235294,242.1388888888888
245.7,254.7083333333333,258.975,262.025,260.6538461538461,263.1527777777778,258.6,248.3571428571428,245.3529411764706,241.9166666666666
245.5,254.6730769230769,258.875,262.3181818181818,260.5769230769231,263.2083333333334,258.6666666666666,248.4999999999999,245.0588235294118,241.7378048780487
245.3,254.3653846153846,258.775,262.5909090909091,260.5,263.2678571428571,258.7333333333333,248.6428571428571,244.7647058823529,241.6890243902438
245.1,254.0576923076923,258.8076923076923,262.8636363636364,260.4230769230769,263.3392857142857,258.75,248.6666666666666,244.4705882352941,241.640243902439
244.9,253.75,258.8846153846154,263.1363636363636,260.3461538461539,263.4107142857143,258.75,248.3333333333333,244.2291666666667,241.5914634146341
244.7,253.4423076923077,258.9615384615385,263.4090909090909,260.2692307692308,263.4821428571429,258.75,247.9999999999999,244.1458333333333,241.5426829268292
244.5,253.1346153846154,259.0384615384615,263.6818181818182,260.5961538461538,263.5535714285714,258.75,247.6666666666666,244.0625,241.4939024390243
244.3,252.8269230769231,259.1153846153846,263.5833333333334,261.0576923076923,263.625,258.75,247.3333333333333,243.9791666666667,241.4451219512194
244.1,252,259.1923076923077,263.3611111111111,261.5192307692307,263.6964285714286,258.984375,247.3906249999999,243.8958333333333,241.3963414634146
243.9,251,259.3333333333334,263.1388888888889,261.9807692307692,263.7166666666667,259.296875,247.5781249999999,243.8125,241.3475609756097
243.7954545454546,250,259.6666666666666,262.9166666666667,262.4423076923077,263.5833333333334,259.609375,247.7656249999999,243.7045454545455,241.2987804878048
243.9772727272727,249.275,260,262.6388888888889,262.9038461538462,263.45,259.921875,247.9531249999999,243.5227272727273,241.2499999999999
244.1590909090909,249.375,260.3333333333333,262.1944444444445,263.3214285714286,263.3166666666667,260.234375,248.1406249999999,243.3409090909091,240.8055555555555
244.3409090909091,249.475,260.6666666666667,261.75,263.6071428571428,263.1833333333333,260.546875,248.3281249999999,243.1590909090909,240.361111111111
244.5227272727273,249.575,261,261.3055555555555,263.8928571428571,263.05,260.859375,248.5156249999999,242.9772727272727,239.9166666666666
244.7045454545454,249.675,261.3333333333333,260.8611111111111,264.1785714285714,262.9166666666667,261.171875,248.7031249999999,242.7954545454545,239.4722222222222
