167.1964285714285,173.7031249999999,180.6458333333333,184.65,185.2205882352941,181.4090909090909,182.25,170.3333333333333,166.8235294117647,165.4285714285713
167.4107142857142,173.8906249999999,181.0625,184.25,185.3382352941176,182.0454545454545,182.25,170.6666666666666,167.1176470588235,165.5714285714285
167.6249999999999,174.078125,181.4791666666666,183.85,185.4558823529411,182.6818181818182,182.25,171,167.4117647058823,165.7142857142856
167.8392857142857,174.2656249999999,181.8958333333333,184.2857142857143,185.5735294117647,183.3181818181818,182.25,171.3333333333333,167.7058823529412,165.8571428571428
168.0535714285714,174.453125,182.3125,185.0000000000001,185.6911764705882,183.9545454545455,182.25,171.6666666666667,168,165.9999999999999
168.2678571428571,174.640625,182.7291666666667,185.7142857142858,185.8088235294117,184.5909090909091,182.25,171.9166666666667,168.2941176470588,166.1428571428571
168.4821428571429,174.828125,183.1458333333333,186.2638888888889,185.9264705882353,184.85,182.25,172.1388888888889,168.5882352941176,166.2857142857142
168.6964285714286,175.015625,183.4204545454546,186.3194444444444,186.0441176470588,184.9833333333333,182.25,172.3611111111111,168.8823529411765,166.4285714285714
168.9642857142857,175.203125,183.6477272727273,186.375,186.1617647058823,185.1166666666667,182.25,172.5833333333333,169.1764705882353,166.5714285714285
169.25,175.6590909090909,183.875,186.4305555555555,186.29,185.25,182.25,172.8235294117647,169.4705882352941,166.7142857142857
169.5357142857143,176.2045454545455,184.1022727272727,186.4861111111111,186.45,185.3833333333333,182.25,173.1176470588235,169.764705882353,166.8571428571428
169.8214285714286,176.75,184.3295454545455,186.5416666666667,186.61,185.5166666666667,182.4545454545454,173.4117647058824,170.0588235294118,167
170.1071428571429,177.2954545454546,184.5568181818182,186.5972222222222,186.77,185.65,182.7272727272727,173.7058823529412,170.3529411764706,167.1428571428571
170.3928571428571,177.8409090909091,184.7840909090909,186.6527777777778,186.93,185.85,183,174,170.6470588235294,167.3035714285714
170.6785714285714,178.3125,185.0113636363636,186.7083333333333,187.09,186.25,183.2727272727273,174.2941176470588,170.9411764705882,167.5178571428572
170.9807692307692,178.5625,185.2386363636364,186.8125,187.25,186.65,183.5454545454546,174.5882352941177,171.2352941176471,167.7321428571429
171.2884615384615,178.8125,185.4659090909091,187.0625,187.41,187.05,183.75,174.8823529411765,171.5294117647059,167.9464285714286
171.5961538461539,179.0625,185.6931818181818,187.3125,187.57,187.45,183.75,175.1764705882353,171.8529411764706,168.1607142857143
171.9038461538462,179.3125,185.8478260869565,187.5625,187.73,187.85,183.75,175.5833333333333,172.2647058823529,168.375
172.2115384615385,179.5625,185.9782608695652,187.8125,187.89,188.25,183.75,176.0277777777778,172.6764705882353,168.5892857142857
172.5192307692308,179.8125,186.1086956521739,188.0625,188.05,188.65,183.75,176.4722222222222,173.0882352941177,168.8
172.84375,180.0625,186.2391304347826,188.3125,188.21,188.84375,183.8333333333333,176.9166666666667,173.5,169
173.21875,180.3125,186.3695652173913,188.5625,188.4375,188.96875,184.1666666666667,177.275,173.9117647058824,169.2
173.59375,180.5625,186.5,188.7727272727273,188.6875,189.09375,184.5,177.375,174.3235294117647,169.4
173.96875,180.8125,186.6304347826087,188.8636363636364,188.9375,189.21875,184.8333333333333,177.475,174.7352941176471,169.6
174.3928571428571,181.0625,186.7608695652174,188.9545454545455,189.1875,189.34375,185.1666666666667,177.575,175.1470588235294,170.0625
174.9642857142858,181.3125,186.8913043478261,189.0454545454546,189.4375,189.46875,185.4375,177.675,175.4264705882353,171.3125
175.5357142857143,181.5625,187.0217391304348,189.1363636363636,189.6875,189.59375,185.6875,177.8382352941177,175.6617647058824,172.2727272727273
176.1071428571429,181.8125,187.1521739130435,189.2272727272727,189.9375,189.71875,185.9375,178.1911764705882,175.8970588235294,172.3636363636364
176.3823529411765,182.0625,187.3125,189.484375,190.1875,189.9130434782609,186.1875,178.5441176470588,176.1323529411765,172.4545454545454
176.5588235294118,182.3125,187.5625,189.796875,190.3571428571429,190.1304347826087,186.4375,178.8970588235294,176.3676470588235,172.5454545454546
176.7352941176471,182.5625,187.8125,190.109375,190.5,190.3478260869565,186.6875,179.25,176.6029411764706,172.6363636363636
176.9117647058823,182.8125,188.0625,190.421875,190.6428571428571,190.5652173913043,186.9375,179.6029411764706,176.8382352941177,172.7272727272727
177.0882352941177,183.0625,188.3125,190.734375,190.7857142857143,190.7826086956522,187.1875,179.9558823529412,177.0735294117647,173.2
177.264705882353,183.3125,188.5625,191.046875,190.9285714285714,191,187.4375,180.3088235294118,177.2941176470588,173.8
177.4411764705882,183.5625,188.8125,191.359375,191.0714285714286,191.2173913043478,187.6875,180.6617647058824,177.4705882352941,174.4
177.6176470588235,183.8125,189.0625,191.671875,191.2142857142857,191.4347826086957,187.9545454545455,181.0714285714286,177.6470588235294,175
177.8214285714286,184.0625,189.3,191.9375,191.3571428571429,191.6521739130435,188.2272727272727,181.5,177.8235294117647,175.6
178.1071428571429,184.35,189.5,192.1875,191.5,191.8695652173913,188.5,181.9285714285714,178,175.84375
178.3928571428572,184.75,189.7,192.4375,191.6428571428572,192.0869565217391,188.7727272727273,182.3571428571429,178.1764705882353,175.96875
178.6785714285714,185.15,189.9,192.6875,192.0000000000001,192.2727272727273,189.0454545454546,182.7857142857143,178.3529411764706,176.09375
178.9642857142857,185.55,190.1,192.9375,193,192.3636363636364,189.3181818181818,183.2142857142857,178.5294117647059,176.21875
179.25,185.95,190.3,193.1875,193.3035714285714,192.4545454545454,189.5909090909091,183.6428571428571,178.7058823529412,176.625
179.5357142857143,186.3269230769231,190.5,193.4375,193.375,192.5454545454546,189.8636363636364,183.9,178.9,177.125
179.725,186.6346153846154,190.7,193.6875,193.4464285714286,192.6363636363637,190.1363636363636,184.1,179.1,177.625
179.625,186.9423076923077,190.9,193.8571428571429,193.5178571428571,192.7272727272727,190.4090909090909,184.3,179.3,178.125
179.525,187.25,191.1,194,193.5892857142857,192.8181818181818,190.6818181818182,184.5,179.5,178.625
179.425,187.5576923076923,191.3,194.1428571428571,193.6607142857143,192.9090909090909,190.9166666666667,184.7,179.7,178.9107142857143
179.325,187.8653846153846,191.5,194.2857142857143,193.7321428571429,193,191.1388888888889,184.9,179.9264705882353,179.125
179.3409090909091,188.1730769230769,191.7,194.4285714285714,193.7875,193.0909090909091,191.3611111111111,185.1,180.1617647058824,179.3392857142857
179.7045454545455,188.3035714285714,191.8522727272727,194.5714285714286,193.8375,193.1818181818182,191.5833333333333,185.3,180.3970588235294,179.5535714285714
180.0681818181818,188.375,191.9886363636364,194.7142857142857,193.8875,193.2916666666667,191.8,185.5,180.6323529411765,179.7678571428571
180.4318181818182,188.4464285714286,192.125,194.8571428571428,193.9375,193.4583333333333,192,185.7,180.8676470588235,179.9821428571429
180.7954545454546,188.5178571428571,192.2613636363636,194.9999999999999,193.9875,193.625,192.2,185.984375,181.1029411764706,180.1964285714286
181.1590909090909,188.5892857142857,192.3977272727273,195.1428571428571,194.0375,193.7916666666667,192.4,186.296875,181.3382352941177,180.5909090909091
181.3478260869565,188.6607142857143,192.5340909090909,195.3461538461538,194.0875,193.9583333333333,192.6,186.609375,181.5735294117647,181.0454545454546
181.4782608695652,188.7321428571429,192.6704545454546,195.7307692307692,194.1375,194.125,192.8,186.921875,181.8333333333333,181.5
181.6086956521739,188.9642857142857,192.8068181818182,196.1153846153846,194.1875,194.2916666666667,193,187.234375,182.1666666666667,181.9545454545455
181.7391304347826,189.25,192.9431818181818,196.5,194.2375,194.4583333333333,193.2,187.546875,182.5,182.4090909090909
181.8695652173913,189.5357142857143,193.0795454545455,196.8846153846154,194.4107142857143,194.625,193.4,187.859375,182.8333333333333,182.8035714285714
182,189.8214285714286,193.2159090909091,197.2692307692308,194.625,194.7916666666667,193.6,188.171875,183.1666666666667,183.0178571428572
182.1304347826087,190.1071428571429,193.3928571428572,197.6538461538462,194.8392857142857,194.9583333333333,193.804347826087,188.3636363636364,183.5,183.2321428571429
182.2608695652174,190.3928571428571,193.5833333333333,197.65625,195.0535714285714,195.125,194.0217391304348,188.5151515151515,183.7727272727273,183.4464285714286
182.3913043478261,190.6785714285714,193.7738095238095,197.53125,195.2678571428571,195.2916666666667,194.2391304347826,188.6666666666667,183.8636363636364,183.6607142857143
182.5217391304348,190.8,193.9642857142857,197.40625,195.4821428571429,195.4583333333333,194.4565217391304,188.8181818181818,183.9545454545454,183.875
182.6521739130435,190.8666666666667,194.1547619047619,197.28125,195.6964285714286,195.625,194.6739130434783,188.969696969697,184.0454545454546,184.0892857142857
182.79,190.9333333333333,194.3452380952381,197.0625,195.8571428571429,195.78125,194.8913043478261,189.1212121212121,184.1363636363636,184.3181818181818
182.95,191,194.5357142857143,196.8125,196,195.90625,195.1086956521739,189.2727272727273,184.2272727272727,184.5909090909091
183.11,191.0666666666667,194.7261904761905,196.5624999999999,196.1428571428571,196.03125,195.3260869565217,189.4242424242424,184.4583333333333,184.8636363636364
183.27,191.1333333333333,194.9166666666667,196.3124999999999,196.2857142857143,196.15625,195.5434782608696,189.5757575757576,184.7361111111111,185.1363636363636
183.43,191.2,195.1071428571429,196.4107142857142,196.4285714285714,196.28125,195.7608695652174,189.7272727272727,185.0138888888889,185.4090909090909
183.59,191.3333333333333,195.2663043478261,196.6249999999999,196.5714285714286,196.40625,195.9782608695652,189.8787878787879,185.2916666666667,185.6818181818182
183.75,191.6666666666667,195.3315217391304,196.8392857142857,196.7142857142857,196.53125,196.1956521739131,190.030303030303,185.5694444444445,185.8035714285714
183.91,192,195.3967391304348,197.0535714285714,196.8571428571429,196.65625,196.3,190.1818181818182,185.8472222222222,185.875
184.07,192.3333333333333,195.4619565217391,197.2678571428571,197,196.78,196.3666666666667,190.3333333333333,186.125,185.9464285714286
184.23,192.6666666666667,195.5271739130435,197.4821428571429,197.1428571428572,196.9,196.4333333333333,190.4848484848485,186.4027777777778,186.0178571428571
184.39,193,195.5923913043478,197.6964285714286,197.2857142857143,197.02,196.5,190.6363636363636,186.6805555555555,186.0892857142857
184.55,193.2777777777778,195.6576086956522,197.75,197.4285714285714,197.14,196.5666666666667,190.85,186.7105263157895,186.1607142857143
184.71,193.3888888888889,195.7228260869565,197.75,197.5714285714286,197.26,196.6333333333333,191.25,186.6578947368421,186.2321428571428
185.275,193.5,195.7880434782609,197.75,197.7142857142857,197.38,196.7,191.65,186.6052631578947,187
185.975,193.6111111111111,195.8532608695652,197.75,197.8181818181818,197.5,196.7666666666667,192.05,186.5526315789474,188
186.675,193.7222222222222,195.9184782608696,197.7499999999999,197.9090909090909,197.62,196.8333333333333,192.45,186.5,189
187.375,193.8333333333333,195.9836956521739,197.75,198,197.74,196.9,192.7931034482759,186.4473684210526,189.75
188.075,193.9444444444444,196.0489130434783,197.75,198.0909090909091,197.86,196.9666666666667,192.9655172413793,186.3947368421053,189.75
188.25,194.0555555555556,196.1141304347826,197.7499999999999,198.1818181818182,197.98,197.0333333333333,193.1379310344828,186.3421052631579,189.75
188.25,194.1666666666667,196.1793478260869,198.3124999999999,198.2727272727273,198.1,197.1,193.3103448275862,186.2894736842105,189.75
188.25,194.28125,196.2445652173913,199.0624999999999,198.3636363636364,198.22,197.1666666666667,193.4827586206897,186.4375,189.75
188.3571428571428,194.40625,196.3097826086956,199.2894736842105,198.4545454545455,198.34375,197.2333333333333,193.6551724137931,187.1875,190.125
188.7857142857143,194.53125,196.375,199.3421052631578,198.5454545454546,198.46875,197.3035714285714,193.8275862068966,187.9375,190.625
189.2142857142857,194.65625,196.4402173913043,199.3947368421052,198.6363636363637,198.59375,197.375,194,188.6875,191.125
189.6428571428571,194.78125,196.5054347826087,199.4473684210526,198.7272727272727,198.71875,197.4464285714286,194.1724137931035,189.3214285714286,191.625
190.6071428571429,194.90625,196.5706521739131,199.5,198.8928571428571,198.84375,197.5178571428571,194.3448275862069,189.6071428571429,191.9
191.75,195.03125,196.6358695652174,199.5526315789473,199.0833333333333,198.96875,197.5892857142857,194.5172413793103,189.8928571428572,192.1
192.8928571428572,195.15625,196.7010869565217,199.6052631578947,199.2738095238095,199.09375,197.6607142857143,194.6896551724138,190.1785714285714,192.3
193.7794117647059,195.28125,196.790404040404,199.6578947368421,199.4642857142857,199.21875,197.7321428571429,194.8620689655172,190.4642857142857,192.5
193.8970588235294,195.40625,196.9520202020202,199.7105263157895,199.6547619047619,199.34375,197.8035714285714,195.0344827586207,190.75,192.7
194.0147058823529,195.53125,197.1136363636364,199.7672413793103,199.8452380952381,199.46875,197.875,195.2068965517242,191.0357142857143,192.9
194.1323529411765,195.65625,197.2752525252525,199.8362068965517,200.0357142857143,199.59375,197.9464285714286,195.3653846153846,191.3653846153846,193.1
194.25,195.8409090909091,197.4368686868687,199.9051724137931,200.2261904761905,199.71875,198.0178571428571,195.5192307692308,191.8269230769231,193.3
194.3676470588235,196.2045454545455,197.5984848484848,199.9741379310345,200.4166666666667,199.84375,198.0892857142857,195.6730769230769,192.2884615384615,193.5
194.4852941176471,196.5681818181818,197.760101010101,200.0431034482758,200.6071428571429,199.96875,198.1607142857143,195.8269230769231,192.75,193.7
194.6029411764706,196.9318181818182,197.9217171717171,200.1120689655173,200.7589285714286,200.09375,198.2321428571429,195.9807692307692,193.2115384615385,193.9
194.7205882352941,197.2954545454546,198.0833333333333,200.1810344827586,200.7946428571429,200.21875,198.3534482758621,196.1346153846154,193.6730769230769,194.1
194.8571428571429,197.6590909090909,198.2449494949495,200.25,200.8303571428571,200.34375,198.4913793103448,196.2884615384615,194.1346153846154,194.3125
195,197.890625,198.4065656565656,200.3189655172414,200.8660714285714,200.46875,198.6293103448276,196.4423076923077,194.2,194.5625
195.1428571428572,198.078125,198.5681818181818,200.3879310344828,200.9017857142857,200.59375,198.7672413793103,196.5961538461539,194.1333333333333,194.8125
195.2857142857143,198.265625,198.729797979798,200.4568965517241,200.9375,200.71875,198.9051724137931,196.75,194.0666666666667,195.0625
195.4285714285714,198.453125,198.8914141414141,200.5258620689655,200.9732142857143,200.84375,199.0431034482759,196.9038461538462,194,195.3125
195.5714285714286,198.640625,199.0530303030303,200.5948275862069,201.0089285714286,200.96875,199.1810344827586,197.0576923076923,193.9333333333333,195.5625
195.7142857142857,198.828125,199.2146464646464,200.6637931034483,201.0446428571428,201.09375,199.3189655172414,197.2115384615385,193.8666666666666,195.7708333333333
195.8571428571429,199.015625,199.3762626262626,200.7327586206897,201.0803571428571,201.21875,199.4568965517241,197.37,193.8,195.8541666666667
196,199.203125,199.5378787878788,200.801724137931,201.1160714285714,201.34375,199.5948275862069,197.53,193.8035714285714,195.9375
196.1428571428571,199.25,199.6994949494949,200.8706896551724,201.1517857142857,201.46875,199.7327586206897,197.69,194.0178571428572,196.0208333333333
196.3863636363636,199.25,199.8611111111111,200.9396551724138,201.1875,201.59375,199.8706896551724,197.85,194.2321428571429,196.1041666666667
196.9318181818182,199.25,200.0227272727273,201.0086206896552,201.2232142857143,201.71875,200.0086206896552,198.01,194.4464285714286,196.1875
197.4772727272727,199.25,200.1843434343434,201.0775862068966,201.2631578947368,201.7016129032258,200.1465517241379,198.17,194.6607142857143,196.3653846153846
198.0227272727273,199.25,200.3459595959595,201.1465517241379,201.3157894736842,201.6370967741936,200.27,198.33,194.875,196.8269230769231
198.5681818181818,199.25,200.5075757575757,201.2155172413793,201.3684210526316,201.5725806451613,200.35,198.49,195.0892857142857,197.2884615384615
199.1136363636364,199.3125,200.6691919191919,201.2844827586207,201.421052631579,201.508064516129,200.43,198.65,195.3181818181818,197.75
199.3684210526316,199.5625,200.7840909090908,201.3534482758621,201.4736842105263,201.4435483870968,200.51,198.81,195.5909090909091,198.2115384615385
199.5263157894737,199.8125,200.8522727272727,201.4224137931035,201.5263157894737,201.3790322580645,200.59,198.97,195.8636363636364,198.6730769230769
199.6842105263158,200.0625,200.9204545454545,201.4913793103449,201.578947368421,201.3145161290323,200.67,199.13,196.1363636363636,199.1346153846154
199.8421052631579,200.3125,200.9886363636363,201.5603448275862,201.6315789473684,201.25,200.75,199.2826086956522,196.4090909090909,199.25
200,200.5625,201.0568181818181,201.6293103448276,201.6842105263158,201.1854838709677,200.83,199.4130434782608,196.6818181818182,199.25
200.1578947368421,200.8125,201.1249999999999,201.698275862069,201.7368421052632,201.1209677419355,200.91,199.5434782608696,196.9078947368421,199.25
200.3157894736842,201.0625,201.1931818181818,201.755,201.7894736842105,201.0564516129032,200.99,199.6739130434783,197.1184210526316,199.25
200.4736842105263,201.3125,201.2613636363636,201.775,201.8421052631579,200.991935483871,201.07,199.8043478260869,197.3289473684211,199.25
200.6315789473684,201.5625,201.3295454545454,201.795,201.8947368421053,200.9274193548387,201.15,199.9347826086957,197.5394736842105,199.25
200.8194444444445,201.7867647058823,201.3977272727272,201.815,201.9473684210526,200.8629032258064,201.23,200.0652173913043,197.75,199.25
201.0972222222222,201.9338235294118,201.465909090909,201.835,202,200.7983870967742,201.2734375,200.195652173913,197.9605263157895,199.6666666666667
201.375,202.0808823529412,201.5340909090908,201.855,202.0526315789474,200.7767857142857,201.3046875,200.3260869565217,198.1710526315789,200.2222222222222
201.6527777777778,202.2279411764706,201.6022727272727,201.875,202.1052631578947,200.8839285714286,201.3359375,200.4565217391304,198.3815789473684,200.7777777777778
201.9305555555555,202.375,201.6704545454545,201.895,202.1578947368421,200.9910714285714,201.3671875,200.5869565217391,198.5921052631579,201.3333333333333
202.2083333333333,202.5220588235294,201.7386363636363,201.915,202.2105263157895,201.0982142857143,201.3984375,200.7173913043478,198.8409090909091,201.7840909090909
202.4861111111111,202.6691176470588,201.8068181818181,201.935,202.2631578947368,201.2053571428571,201.4296875,200.7894736842105,199.2045454545454,201.9204545454545
202.7638888888889,202.8161764705882,201.8749999999999,201.955,202.3157894736842,201.3125,201.4609375,200.8421052631579,199.5681818181818,202.0568181818182
203.0416666666667,202.9632352941176,201.9431818181818,201.975,202.3684210526316,201.4196428571429,201.4921875,200.8947368421053,199.9318181818182,202.1931818181818
203.3214285714286,203.1102941176471,202.0113636363636,201.995,202.421052631579,201.5267857142857,201.5234375,200.9473684210526,200.2954545454546,202.3295454545454
203.6071428571429,203.2573529411765,202.0795454545454,202.015,202.4736842105263,201.6339285714286,201.5546875,201,200.6590909090909,202.4659090909091
203.8928571428572,203.4044117647059,202.1477272727272,202.035,202.5263157894737,201.7410714285714,201.5859375,201.0526315789474,200.9230769230769,202.6022727272727
204.1785714285714,203.5514705882353,202.215909090909,202.055,202.578947368421,201.8482142857143,201.6171875,201.1052631578947,201.1538461538462,202.7386363636364
204.4642857142857,203.6985294117647,202.280303030303,202.075,202.6315789473684,201.9553571428572,201.6484375,201.1578947368421,201.3846153846154,202.875
204.75,203.8455882352941,202.340909090909,202.095,202.6842105263158,202.0625,201.6796875,201.2105263157895,201.6153846153846,203.0113636363636
205.0357142857143,203.9926470588235,202.4015151515151,202.115,202.7368421052632,202.1696428571428,201.7109375,201.264705882353,201.8461538461538,203.1477272727273
205.3181818181818,204.1397058823529,202.4621212121212,202.135,202.7159090909091,202.2413793103448,201.7421875,201.3235294117647,202.0769230769231,203.3
205.5909090909091,204.2616279069767,202.5227272727273,202.155,202.6704545454546,202.2068965517242,201.7941176470588,201.3823529411765,202.2916666666667,203.5
205.8636363636363,204.3081395348837,202.5833333333333,202.175,202.625,202.1724137931034,201.8529411764706,201.4411764705882,202.4583333333333,203.7
206.1363636363636,204.3546511627907,202.6439393939394,202.195,202.5795454545455,202.1379310344828,201.9117647058824,201.5,202.625,203.9
206.4090909090909,204.4011627906977,202.7045454545454,202.215,202.5340909090909,202.1034482758621,201.9705882352941,201.5588235294118,202.7916666666667,204.1
206.6818181818182,204.4476744186047,202.7573529411765,202.235,202.4886363636364,202.0689655172414,202.0294117647059,201.6176470588235,202.9583333333333,204.3
206.9230769230769,204.4941860465116,202.7867647058823,202.2631578947368,202.4431818181818,202.0344827586207,202.0882352941176,201.6764705882353,203.125,204.5
207.1538461538462,204.5406976744186,202.8161764705882,202.3157894736842,202.3977272727273,202,202.1470588235294,201.735294117647,203.2916666666667,204.7
207.3846153846154,204.5872093023256,202.8455882352941,202.3684210526316,202.3522727272727,201.9655172413793,202.2058823529412,201.8571428571429,203.4583333333333,204.875
207.6153846153846,204.6337209302326,202.875,202.421052631579,202.3068181818182,201.9310344827586,202.2647058823529,202,203.625,205.0416666666666
207.8461538461538,204.6802325581396,202.9044117647059,202.4736842105263,202.2613636363636,201.8965517241379,202.3235294117647,202.1428571428572,203.7934782608696,205.2083333333333
208.0769230769231,204.7267441860465,202.9338235294118,202.5263157894737,202.2258064516129,201.8620689655173,202.3823529411765,202.2857142857143,203.9673913043478,205.375
208.29,204.7732558139535,202.9632352941176,202.578947368421,202.1935483870968,201.8275862068966,202.4411764705882,202.4285714285714,204.1413043478261,205.5416666666667
208.45,204.8197674418604,202.9926470588235,202.6315789473684,202.1612903225807,201.7931034482759,202.5,202.5714285714286,204.3152173913044,205.7083333333333
208.61,204.8662790697674,203.0220588235294,202.6842105263158,202.1290322580645,201.7586206896552,202.5588235294118,202.7142857142857,204.4891304347826,205.6136363636363
208.77,204.9127906976744,203.0514705882353,202.7368421052632,202.0967741935484,201.7071428571429,202.6176470588235,202.8571428571428,204.6630434782609,205.4318181818182
208.93,204.9593023255814,203.0808823529412,202.5625,202.0645161290323,201.65,202.6764705882353,203,204.8369565217391,205.25
209.09,205.0058139534884,203.1102941176471,202.3125,202.0322580645162,201.5928571428571,202.7352941176471,203.1428571428571,205.0108695652174,205.0681818181818
209.25,205.0523255813953,203.1397058823529,202.0625,202,201.5357142857143,202.7702702702703,203.2884615384615,205.1847826086957,204.8863636363637
209.41,205.0988372093023,203.1691176470588,201.8124999999999,201.9677419354839,201.4785714285714,202.7972972972973,203.4423076923077,205.3586956521739,204.8541666666667
209.57,205.1453488372093,203.1985294117647,201.5624999999999,201.9354838709677,201.4214285714286,202.8243243243243,203.5961538461538,205.5326086956522,205.2708333333333
209.73,205.1918604651163,203.2279411764706,201.3124999999999,201.9032258064516,201.3642857142857,202.8513513513514,203.75,205.7065217391304,205.6875
209.89,205.2383720930233,203.2661290322581,201.2708333333333,201.8709677419355,201.3071428571428,202.8783783783784,203.9038461538461,205.7916666666667,206.1041666666667
210.05,205.375,203.3306451612903,201.2986111111111,201.8387096774194,201.25,202.9054054054054,204.0576923076923,205.8472222222222,206.5208333333333
210.21,205.5416666666667,203.3951612903226,201.3263888888889,201.8064516129032,201.1928571428572,202.9324324324324,204.2115384615385,205.9027777777778,206.9375
210.3571428571429,205.7083333333333,203.4596774193548,201.3541666666666,201.7741935483871,201.1357142857143,202.9594594594595,204.3653846153846,205.9583333333333,207.3421052631579
210.5,205.875,203.5241935483871,201.3819444444444,201.7916666666667,201.0785714285714,202.9864864864865,204.5192307692308,206.0138888888889,207.7105263157895
210.6428571428572,206.0416666666667,203.5887096774194,201.4097222222222,201.9583333333334,201.0214285714286,203.0135135135135,204.6730769230769,206.0694444444444,208.078947368421
210.7857142857143,206.2083333333333,203.6532258064516,201.4375,202.125,200.9642857142857,203.0405405405405,204.8269230769231,206.125,208.4473684210526
210.9285714285714,206.375,203.7177419354838,201.4652777777777,202.2916666666667,200.9071428571429,203.0675675675676,204.9807692307692,206.1805555555556,208.8157894736842
211.0714285714286,206.5416666666667,203.7822580645162,201.4930555555555,202.4583333333333,200.85,203.0945945945946,205.1346153846154,206.2361111111111,209.1842105263158
211.2142857142857,206.7083333333333,203.8467741935484,201.5208333333333,202.625,200.7928571428571,203.1216216216216,205.25,205.5,209.5526315789473
211.3571428571429,206.875,203.9112903225807,201.5486111111111,202.6911764705882,200.766129032258,203.1486486486486,205.25,204.5,209.921052631579
211.5,207.0416666666667,203.9758064516129,201.5763888888889,202.4558823529412,200.8306451612903,203.1756756756757,205.25,203.8552631578947,210.2894736842105
211.6428571428571,207.2083333333333,204.0403225806452,201.6041666666666,202.2205882352941,200.8951612903226,203.2027027027027,205.25,204.2763157894737,210.6578947368421
211.7631578947368,207.22,204.1048387096774,201.6319444444444,201.9852941176471,200.9596774193548,203.2297297297297,205.25,204.6973684210526,210.8823529411765
211.8157894736842,207.18,204.1693548387097,201.6597222222222,201.75,201.0241935483871,203.2421875,205.25,205.1184210526316,211.0588235294118
211.8684210526316,207.14,204.2338709677419,201.6875,201.5147058823529,201.0887096774194,203.2109375,205.25,205.5394736842105,211.2352941176471
211.921052631579,207.1,204.25,201.7152777777778,201.2794117647059,201.1532258064516,203.1796875,205.2380952380952,205.9605263157895,211.4117647058824
211.9736842105263,207.06,204.25,201.7430555555556,201.0441176470588,201.2177419354838,203.1484375,205.1904761904762,206.3815789473684,211.5882352941176
212.0263157894737,207.02,204.25,201.6838235294118,200.8088235294118,201.2822580645161,203.1171875,205.1428571428571,206.8026315789474,211.7647058823529
212.078947368421,206.98,204.25,201.5955882352941,200.7767857142857,201.3467741935484,203.0859375,205.0952380952381,207.2236842105263,211.9411764705882
212.1315789473684,206.94,204.25,201.5073529411765,200.8125,201.4112903225806,203.0546875,205.047619047619,207.6447368421053,212.1176470588235
212.1842105263158,206.9,204.25,201.4191176470588,200.8482142857143,201.4758064516129,203.0234375,205,207.7941176470588,212.2333333333333
212.2368421052632,206.86,204.25,201.3308823529412,200.8839285714286,201.5403225806452,202.9921875,204.952380952381,207.8529411764706,212.1666666666667
212.2894736842105,206.82,204.25,201.2426470588235,200.9196428571428,201.6048387096774,202.9609375,204.9047619047619,207.9117647058823,212.1
212.3421052631579,206.78,204.25,201.1544117647059,200.9553571428572,201.6693548387097,202.9296875,204.8571428571429,207.9705882352941,212.0333333333333
212.3947368421053,206.7571428571428,204.25,201.0661764705882,200.9910714285714,201.733870967742,202.8984375,204.8095238095238,208.0294117647059,211.9666666666667
212.4473684210526,206.7857142857143,204.25,200.9779411764706,201.0267857142857,201.7164179104478,202.8671875,204.7619047619048,208.0882352941177,211.9
212.5,206.8142857142857,204.2499999999999,200.8897058823529,201.0625,201.6716417910447,202.8359375,204.8055555555555,208.1470588235294,211.8333333333333
212.5526315789473,206.8428571428572,204.2499999999999,200.8014705882353,201.0982142857143,201.6268656716418,202.8046875,204.8796296296296,208.2058823529412,211.7666666666667
212.6052631578947,206.8714285714286,204.2499999999999,200.7132352941177,201.1339285714286,201.5820895522388,202.7734375,204.9537037037037,208.2708333333333,212
212.6578947368421,206.9,204.25,200.625,201.1696428571429,201.5373134328358,202.7419354838709,205.0277777777778,208.3541666666667,212.3333333333333
212.7105263157895,206.9285714285714,204.2499999999999,200.5367647058824,201.2053571428571,201.4925373134328,202.7096774193548,205.1018518518518,208.4375,212.6666666666667
212.7720588235294,206.9571428571429,204.2324561403508,200.4485294117647,201.2410714285714,201.4477611940299,202.6774193548387,205.1759259259259,208.5208333333333,213
212.860294117647,206.9857142857143,204.1973684210526,200.360294117647,201.198275862069,201.4029850746269,202.6451612903226,205.25,208.6041666666667,213.3333333333333
212.9485294117647,207.0142857142857,204.1622807017544,200.2720588235294,201.1293103448276,201.3582089552239,202.6129032258065,205.3240740740741,208.6875,213.6666666666667
213.0367647058824,207.0428571428571,204.1271929824561,200.2317073170732,201.0603448275862,201.3134328358209,202.5806451612903,205.3981481481482,208.7708333333333,213.796875
213.125,207.0714285714286,204.0921052631579,200.2073170731707,200.9913793103449,201.2686567164179,202.5483870967742,205.4722222222222,208.8541666666667,213.859375
213.2132352941176,207.1,204.0570175438596,200.1829268292683,200.9224137931034,201.2238805970149,202.516129032258,205.5462962962963,208.9375,213.921875
213.3014705882353,207.1285714285714,204.0219298245614,200.1585365853659,200.8534482758621,201.1791044776119,202.483870967742,205.6203703703704,209.0208333333333,213.984375
213.3897058823529,207.1571428571428,203.9868421052631,200.1341463414634,200.7844827586207,201.134328358209,202.4516129032258,205.6944444444444,209.1041666666667,214.046875
213.4779411764706,207.1857142857143,203.9517543859649,200.109756097561,200.7155172413793,201.0895522388059,202.4193548387097,205.7708333333333,209.1875,214.109375
213.5661764705882,207.2142857142857,203.9166666666667,200.0853658536585,200.6465517241379,201.044776119403,202.3870967741936,205.8541666666667,209.2291666666667,214.171875
213.6544117647059,207.2428571428572,203.8815789473684,200.0609756097561,200.5775862068966,201,202.3548387096774,205.9375,209.1458333333333,214.234375
213.7426470588235,207.2211538461538,203.8464912280702,200.0365853658537,200.5086206896552,200.955223880597,202.3225806451613,206.0208333333333,209.0625,214.175
213.8308823529412,207.1826923076923,203.8114035087719,200.0121951219512,200.4396551724138,200.910447761194,202.2903225806452,206.1041666666667,208.9791666666667,214.075
213.9191176470588,207.1442307692308,203.7763157894737,199.9878048780488,200.3706896551724,200.865671641791,202.2580645161291,206.1875,208.8958333333333,213.975
214.0073529411765,207.1057692307692,203.7045454545454,199.9634146341463,200.301724137931,200.8208955223881,202.2094594594595,206.2708333333333,208.8125,213.875
214.0955882352941,207.0673076923077,203.5227272727273,199.9390243902439,200.2368421052632,200.776119402985,202.1554054054054,206.3541666666667,208.7291666666667,213.775
214.1838235294118,207.0288461538461,203.3409090909091,199.9146341463415,200.1842105263158,200.7313432835821,202.1013513513513,206.4375,208.6458333333333,213.8478260869565
214.2633928571429,206.9903846153846,203.1590909090909,199.890243902439,200.1315789473684,200.6865671641791,202.0472972972973,206.5208333333333,208.5625,213.9782608695652
214.3169642857143,206.9519230769231,202.9772727272727,199.8658536585366,200.078947368421,200.6417910447761,201.9932432432432,206.6041666666667,208.4791666666667,214.1086956521739
214.3705357142857,206.9134615384615,202.7954545454546,199.8414634146341,200.0263157894737,200.5970149253731,201.9391891891892,206.6875,208.3958333333333,214.2391304347826
214.4241071428571,206.875,202.6136363636364,199.8170731707317,199.9736842105263,200.5522388059701,201.8851351351352,206.7567567567568,208.3125,214.3695652173913
214.4776785714286,206.8365384615385,202.4318181818182,199.7926829268293,199.921052631579,200.5074626865672,201.8310810810811,206.7837837837838,208.175,214.5
214.53125,206.7980769230769,202.25,199.7682926829268,199.8684210526316,200.4626865671642,201.777027027027,206.8108108108108,207.875,214.6304347826087
214.5848214285714,206.7596153846154,202.0681818181818,199.75,199.8157894736842,200.4179104477612,201.722972972973,206.8378378378378,207.575,214.7608695652174
214.6383928571429,206.7865853658537,201.8863636363637,199.75,199.7631578947368,200.3731343283582,201.6689189189189,206.8648648648649,207.275,214.8913043478261
214.6919642857143,206.8353658536585,201.75,199.75,199.7105263157895,200.3283582089552,201.6148648648648,206.8918918918919,206.975,215.0217391304348
214.7455357142857,206.8841463414634,201.75,199.75,199.6578947368421,200.2835820895523,201.5608108108108,206.9189189189189,206.8026315789474,215.1521739130435
214.7991071428571,206.9329268292683,201.75,199.75,199.6052631578947,200.2323529411765,201.5067567567568,206.9459459459459,207.0131578947368,215.2717391304348
214.8526785714286,206.9817073170732,201.75,199.75,199.5526315789473,200.1617647058823,201.4527027027027,206.972972972973,207.2236842105263,215.3586956521739
214.90625,207.030487804878,201.75,199.75,199.5,200.0911764705882,201.3986486486486,207,207.4342105263158,215.4456521739131
214.9598214285714,207.0792682926829,201.7115384615385,199.75,199.4473684210527,200.0205882352941,201.3445945945946,207.027027027027,207.6447368421053,215.5326086956522
215.0133928571429,207.1280487804878,201.5576923076923,199.75,199.3947368421053,199.95,201.2905405405405,207.0540540540541,207.8552631578947,215.6195652173913
215.0669642857143,207.1768292682927,201.4038461538461,199.75,199.3421052631579,199.8794117647059,201.2276119402985,207.0810810810811,208.0657894736842,215.7065217391304
215.1205357142857,207.2256097560976,201.25,199.75,199.2894736842105,199.8088235294117,201.1380597014926,207.1081081081081,208.2763157894737,215.7934782608696
215.1741071428571,207.2743902439024,201.0961538461539,199.75,199.2272727272727,199.7382352941176,201.0485074626866,207.1351351351351,208.4868421052632,215.8804347826087
215.2276785714286,207.3231707317073,200.9423076923077,199.75,199.1363636363636,199.6676470588235,200.9589552238806,207.1621621621622,208.6973684210526,215.9673913043478
215.28125,207.3719512195122,200.7884615384615,199.75,199.0454545454546,199.5970588235294,200.8694029850746,207.1891891891892,208.9705882352941,216.0543478260869
215.3348214285714,207.4207317073171,200.6617647058824,199.75,198.9545454545454,199.5264705882353,200.7798507462687,207.2162162162162,209.264705882353,216.1413043478261
215.3883928571429,207.469512195122,200.5441176470588,199.671052631579,198.8636363636364,199.4558823529412,200.6902985074627,207.2432432432432,209.5588235294118,216.2282608695652
215.4419642857143,207.5182926829268,200.4264705882353,199.5657894736842,198.7727272727273,199.385294117647,200.6007462686567,207.1696428571428,209.8529411764706,216.390625
215.4955357142857,207.5670731707317,200.3088235294118,199.4605263157895,198.6818181818182,199.3147058823529,200.5111940298507,207.0625,210.1470588235294,216.578125
215.5491071428571,207.6158536585366,200.1911764705882,199.3552631578947,198.5909090909091,199.2441176470588,200.4216417910448,206.9553571428572,210.4411764705882,216.765625
215.6026785714286,207.6646341463415,200.0735294117647,199.25,198.5,199.1735294117647,200.3320895522388,206.8482142857143,210.7352941176471,216.953125
215.65625,207.7134146341463,199.9558823529412,199.1447368421053,198.4090909090909,199.1029411764706,200.2425373134328,206.7410714285714,211.0294117647059,217.140625
215.7098214285714,207.7743902439024,199.8382352941176,199.0394736842105,198.3181818181818,199.0323529411765,200.1529850746269,206.6339285714286,211.2391304347826,217.328125
215.762987012987,207.8719512195122,199.75,198.9342105263158,198.2272727272727,198.9617647058823,200.0634328358209,206.5267857142857,211.1956521739131,217.515625
215.8149350649351,207.969512195122,199.75,198.828947368421,198.1363636363636,198.8911764705882,199.9738805970149,206.4196428571428,211.1521739130435,217.703125
215.8668831168831,208.0670731707317,199.75,198.7,198.0454545454545,198.8205882352941,199.884328358209,206.3125,211.1086956521739,217.7083333333333
215.9188311688312,208.1646341463415,199.75,198.5,197.9545454545454,198.75,199.794776119403,206.2053571428571,211.0652173913044,217.6527777777778
215.9707792207792,208.2621951219512,199.7499999999999,198.3,197.8636363636363,198.6794117647059,199.705223880597,206.0982142857143,211.0217391304348,217.5972222222222
216.0227272727273,208.359756097561,199.75,198.1,197.7727272727273,198.6088235294118,199.615671641791,205.9910714285714,210.9782608695652,217.5416666666667
216.0746753246753,208.4573170731707,199.7499999999999,197.9,197.6768292682927,198.5382352941177,199.5261194029851,205.8839285714286,210.9347826086957,217.4861111111111
216.1266233766234,208.5548780487805,199.7499999999999,197.7,197.5792682926829,198.4676470588235,199.4365671641791,205.7767857142857,210.8913043478261,217.4305555555555
216.1785714285714,208.6524390243902,199.6547619047619,197.5,197.4817073170732,198.3970588235294,199.3470149253731,205.7045454545455,210.8478260869565,217.375
216.2305194805195,208.75,199.5595238095238,197.3,197.3841463414634,198.3264705882353,199.2574626865672,205.6439393939394,210.8043478260869,217.3194444444444
216.2824675324675,208.8475609756098,199.4642857142857,197.1785714285714,197.2865853658537,198.2558823529412,199.1679104477612,205.5833333333333,210.7608695652174,217.2638888888889
216.3344155844156,208.9451219512195,199.3690476190476,197.0833333333333,197.1890243902439,198.1852941176471,199.0783582089552,205.5227272727273,210.7159090909091,217.34375
216.3863636363637,209.0426829268293,199.2738095238095,196.9880952380952,197.0914634146341,198.114705882353,198.9888059701493,205.4621212121212,210.6704545454545,217.46875
216.4383116883117,209.140243902439,199.25,196.8928571428571,196.9939024390244,198.0441176470588,198.8992537313433,205.4015151515151,210.625,217.59375
216.4902597402598,209.2378048780488,199.25,196.7976190476191,196.8963414634146,197.9735294117647,198.8097014925373,205.3409090909091,210.5795454545455,217.71875
216.5422077922078,209.3353658536585,199.25,196.702380952381,196.7987804878049,197.9029411764706,198.7201492537313,205.280303030303,210.5340909090909,216.4375
216.5941558441558,209.4329268292683,199.2499999999999,196.6071428571428,196.7012195121951,197.8323529411765,198.6305970149254,205.219696969697,210.4886363636364,214.6875
216.6461038961039,209.530487804878,199.2499999999999,196.5119047619048,196.6036585365854,197.7617647058824,198.5410447761194,205.1590909090909,210.4431818181818,214.25
216.698051948052,209.6280487804878,199.2499999999999,196.4166666666667,196.5060975609756,197.6911764705883,198.4514925373134,205.0984848484849,210.3977272727273,214.25
216.75,209.7256097560976,199.1973684210526,196.3214285714286,196.4085365853659,197.6205882352941,198.3619402985075,205.0378787878788,210.3522727272727,214.5
216.801948051948,209.775,199.0921052631579,196.2327586206897,196.3109756097561,197.55,198.2723880597015,204.9772727272727,210.3068181818182,215.5
216.8538961038961,209.8083333333333,198.9868421052631,196.1637931034483,196.2134146341463,197.4794117647059,198.2317073170732,204.9166666666667,210.2613636363636,216.5
216.9058441558442,209.8416666666666,198.8815789473684,196.0948275862069,196.1158536585366,197.4088235294118,198.2073170731707,204.8560606060606,210.25,217.3035714285714
216.9577922077922,209.875,198.7763157894737,196.0258620689655,196.0182926829268,197.3382352941177,198.1829268292683,204.7954545454545,210.25,217.5178571428571
217.0097402597403,209.9083333333334,198.65,195.9568965517241,195.9207317073171,197.2676470588235,198.1585365853659,204.75,210.25,217.7321428571429
217.0616883116883,209.9416666666667,198.5166666666667,195.8879310344828,195.8231707317073,197.1521739130435,198.1341463414634,204.75,210.25,217.9464285714286
217.1136363636364,209.975,198.3833333333333,195.8189655172414,195.7407407407407,197.0217391304348,198.109756097561,204.75,210.25,218.1607142857143
217.1655844155844,210.0083333333333,198.2499999999999,195.75,195.7037037037037,196.8913043478261,198.0853658536585,204.75,210.5833333333333,218.375
217.2175324675325,210.0416666666667,198.1547619047618,195.6810344827586,195.6666666666667,196.7608695652174,198.0609756097561,204.75,211.0277777777778,218.5892857142857
217.2694805194805,210.075,198.0595238095238,195.6120689655172,195.6296296296296,196.6304347826087,198.0365853658537,204.75,211.4722222222222,218.7708333333333
217.3214285714286,210.1083333333333,197.9642857142857,195.5431034482759,195.5925925925926,196.5,198.0121951219512,204.75,211.9166666666667,218.8541666666667
217.3733766233766,210.1416666666667,197.8690476190476,195.4741379310345,195.5555555555556,196.3695652173913,197.9878048780488,204.75,212.25,218.9375
217.4253246753247,210.175,197.7738095238095,195.4051724137931,195.5185185185185,196.2391304347826,197.9634146341463,204.75,212.25,219.0208333333333
217.4772727272727,210.2083333333333,197.6730769230769,195.3362068965517,195.4814814814815,196.1086956521739,197.9390243902439,204.75,212.25,219.1041666666667
217.5292207792208,210.2416666666666,197.5705128205128,195.2672413793103,195.4444444444445,195.9782608695652,197.9146341463415,204.75,212,219.1875
217.5811688311688,210.2232142857143,197.4679487179487,195.2291666666667,195.4074074074074,195.8478260869565,197.890243902439,204.75,211.6666666666667,219.2222222222222
217.6331168831169,210.1875,197.3653846153846,195.2013888888889,195.3703703703704,195.7321428571429,197.8658536585366,204.75,211.3333333333333,219.1111111111111
217.6850649350649,210.1517857142857,197.2628205128205,195.1736111111111,195.3333333333333,195.6607142857143,197.8414634146341,204.7444444444444,211.2741935483871,219
217.737012987013,210.1160714285714,197.1602564102564,195.1458333333333,195.2962962962963,195.5892857142857,197.8170731707317,204.7222222222222,211.3064516129032,218.8888888888889
217.8214285714286,210.0803571428571,197.0576923076923,195.1180555555555,195.2592592592593,195.5178571428572,197.7926829268293,204.7,211.3387096774193,218.7777777777778
217.9166666666667,210.0446428571429,196.9551282051281,195.0902777777778,195.4285714285714,195.4464285714286,197.7682926829268,204.6777777777778,211.3709677419355,218.8684210526316
218.0119047619048,210.0089285714286,196.8525641025641,195.0625,195.6666666666667,195.375,197.7714285714286,204.6555555555555,211.4032258064516,219.0263157894737
218.1071428571428,209.9732142857143,196.7499999999999,195.0347222222222,195.9047619047619,195.3035714285714,197.8571428571429,204.6333333333333,211.4354838709677,219.1842105263158
218.202380952381,209.9375,196.6209677419354,195.0069444444444,196.1428571428571,195.375,197.9428571428571,204.6111111111111,211.4677419354838,219.3421052631579
218.297619047619,209.9017857142857,196.4919354838709,194.9791666666666,196.3809523809524,195.875,198.0285714285714,204.5888888888889,211.5,219.5
218.3928571428572,209.8660714285714,196.3629032258064,194.9513888888889,196.6190476190476,196.375,198.1142857142857,204.5666666666667,211.5322580645161,219.6578947368421
218.4880952380952,209.8303571428572,196.2338709677419,194.9236111111111,196.8571428571429,196.875,198.2,204.5444444444444,211.5645161290323,219.8157894736842
218.5833333333333,209.7946428571428,196.1048387096774,194.8958333333333,197.0952380952381,197.2777777777778,198.2857142857143,204.5222222222222,211.5967741935484,219.9736842105263
218.6785714285714,209.7589285714286,195.9758064516128,194.8680555555555,197.3333333333333,197.3888888888889,198.3714285714286,204.5,211.6290322580645,220.1315789473684
218.7738095238095,209.7758620689655,195.8467741935483,194.8402777777777,197.5714285714286,197.5,198.4571428571429,204.4777777777778,211.6612903225806,220.2738095238095
218.8690476190476,209.8103448275862,195.7177419354838,194.8124999999999,197.8173076923077,197.6111111111111,198.5428571428571,204.4555555555556,211.6935483870968,220.3690476190476
218.9642857142857,209.8448275862069,195.5887096774193,194.7847222222222,198.0865384615385,197.7222222222222,198.6285714285714,204.4333333333333,211.7258064516129,220.4642857142857
219.0595238095238,209.8793103448276,195.4596774193548,194.7569444444444,198.3557692307692,197.8333333333333,198.7142857142857,204.4111111111111,211.7556818181818,220.5595238095238
219.1547619047619,209.9137931034483,195.3306451612903,194.8571428571428,198.625,197.9444444444445,198.8,204.3888888888889,211.7784090909091,220.6547619047619
219.25,209.948275862069,195.2016129032257,194.9999999999999,198.8942307692308,198.0555555555555,198.8857142857143,204.3666666666667,211.8011363636364,220.75
219.3452380952381,209.9827586206897,195.0725806451612,195.1428571428571,199.1634615384615,198.1666666666667,198.9714285714286,204.3444444444444,211.8238636363636,220.8452380952381
219.4404761904762,210.0172413793103,194.9435483870967,195.2916666666666,199.4326923076923,198.3571428571429,199.0571428571429,204.3222222222222,211.8465909090909,220.9404761904762
219.5357142857143,210.051724137931,194.8145161290322,195.4583333333333,199.7019230769231,198.7857142857143,199.1428571428571,204.3,211.8693181818182,221.0357142857143
219.6309523809524,210.0862068965517,194.7499999999999,195.6249999999999,199.9711538461538,199.2142857142857,199.2285714285714,204.2777777777778,211.8920454545454,221.1309523809524
219.7261904761905,210.1206896551724,194.7499999999999,195.7916666666666,200.2403846153846,199.6428571428571,199.5086206896552,204.2555555555556,211.9147727272727,221.2261904761905
219.6136363636364,210.1551724137931,194.7499999999999,195.9583333333333,200.5096153846154,200.0714285714286,199.8534482758621,204.2333333333333,211.9375,221.375
219.4318181818182,210.1896551724138,194.75,196.1249999999999,200.7788461538461,200.5,200.198275862069,204.2111111111111,211.9602272727273,221.5416666666666
219.25,210.2241379310345,194.75,196.3088235294117,201.0480769230769,200.9285714285714,200.5431034482759,204.1888888888889,211.9829545454546,221.7083333333333
219.0681818181818,210.1964285714286,194.7499999999999,196.5441176470588,201.3703703703704,201.3823529411765,200.8879310344827,204.1666666666667,212.0056818181818,221.875
218.8863636363637,209.9821428571429,194.75,196.7794117647059,201.8518518518518,201.9117647058823,201.2327586206897,204.1444444444444,212.0284090909091,222.0416666666667
218.75,209.7678571428572,194.75,197.0147058823529,202.3333333333333,202.4411764705883,201.5775862068966,204.1222222222222,212.0511363636364,222.2083333333333
218.75,209.5535714285714,194.75,197.25,202.8148148148148,202.9705882352941,201.9224137931035,204.1,212.0738636363636,221.95
218.75,209.3392857142857,194.75,197.485294117647,203.2962962962963,203.5,202.2672413793103,204.0777777777778,212.0965909090909,221.55
218.75,209.125,194.75,197.7205882352941,203.7777777777778,204.0294117647059,202.6120689655172,204.0555555555556,212.1193181818182,221.2685185185185
218.75,208.9107142857143,194.75,197.9558823529412,204.2592592592592,204.5588235294118,202.9568965517241,204.0333333333333,212.1420454545454,221.3425925925926
218.75,208.7875,194.745,198.1911764705882,204.7407407407408,205.0882352941177,203.301724137931,204.0111111111111,212.1647727272727,221.4166666666667
218.75,208.9375,194.725,198.46,205.2222222222222,205.6176470588235,203.6465517241379,203.9888888888889,212.1875,221.4907407407407
218.75,209.0875,194.705,198.74,205.7037037037037,206.2857142857143,203.9913793103448,203.9666666666667,212.2102272727273,221.5648148148148
218.75,209.2375,194.685,199.02,206.1851851851852,207,204.375,203.9444444444445,212.2329545454546,221.6388888888889
218.75,209.3875,194.665,199.3,206.6666666666667,207.7142857142857,204.875,203.9222222222222,212.2586206896552,221.7129629629629
218.75,209.5375,194.645,199.58,207.1481481481482,208.4285714285714,205.375,203.9,212.2931034482758,221.787037037037
218.75,209.6875,194.625,199.86,207.6296296296296,209.1428571428572,205.875,203.8777777777778,212.3275862068966,221.8611111111111
218.75,209.8375,194.605,200.14,208.3235294117647,209.8571428571428,206.375,203.8555555555556,212.3620689655173,221.9351851851852
218.75,209.9875,194.585,200.42,209.0882352941177,210.5714285714286,206.875,203.8333333333333,212.3965517241379,222.0092592592593
218.75,210.1375,194.565,200.7,209.8529411764706,211.2857142857143,207.375,203.8111111111111,212.4310344827586,222.0833333333333
218.75,210.24,194.545,200.98,210.6176470588235,212,207.875,203.7888888888889,212.4655172413793,222.1574074074074
218.8092105263158,210.2,194.525,201.26,211.3823529411765,212.7142857142857,208.375,203.7666666666667,212.5,222.2314814814815
218.8881578947369,210.16,194.505,201.54,212.1470588235294,213.5,208.875,203.734375,212.5344827586207,222.3125
218.9671052631579,210.12,194.485,201.8518518518518,212.9117647058823,214.5,209.375,203.671875,212.5689655172414,222.3958333333333
219.0460526315789,210.08,194.465,202.2592592592592,213.6764705882353,215.5,209.875,203.609375,212.6034482758621,222.4791666666667
219.125,210.04,194.445,202.6666666666667,214.40625,216.5,210.4117647058823,203.546875,212.6379310344827,222.5625
219.2039473684211,210,194.425,203.0740740740741,215.03125,217.5,211.0588235294117,203.484375,212.6724137931034,222.6458333333333
219.2828947368421,209.96,194.405,203.4814814814815,215.65625,218.5,211.7058823529412,203.421875,212.7068965517241,222.7291666666667
219.3618421052631,209.92,194.385,203.8888888888889,216.28125,219.5,212.3529411764706,203.359375,212.7413793103448,222.8125
219.4407894736842,209.88,194.365,204.2962962962963,216.9166666666667,220.5,213,203.296875,212.8181818181818,222.8958333333333
219.5197368421053,209.84,194.345,204.7037037037037,217.5833333333333,221.5,213.6470588235294,203.234375,212.9090909090909,222.9791666666667
219.5986842105263,209.8,194.325,205.1111111111111,218.25,222.5,214.2941176470588,203.171875,213,223.0625
219.6776315789473,209.76,194.305,205.5185185185185,218.9166666666667,223.5,214.9411764705882,203.109375,213.0909090909091,223.1458333333333
219.7565789473684,209.7232142857143,194.285,205.9259259259259,219.5833333333333,224.5,215.5882352941177,203.046875,213.1818181818182,223.2291666666667
219.8355263157895,209.6875,194.265,206.3333333333333,220.4166666666667,225.5,216.1470588235294,202.984375,213.2375,223.1875
219.9144736842105,209.6517857142857,194.2547169811321,206.7407407407407,221.3055555555556,226.5,216.6764705882353,202.921875,213.1875,223.1041666666667
219.9934210526316,209.6160714285714,194.2735849056604,207.1481481481481,222.1944444444445,227.5,217.2058823529412,202.859375,213.1375,223.0208333333333
220.0723684210526,209.5803571428571,194.2924528301887,207.4782608695652,223.0833333333333,228.5,217.7352941176471,202.796875,213.0875,222.9375
220.1513157894737,209.5446428571428,194.311320754717,207.7826086956521,224.0277777777778,229.5,218.2647058823529,202.7352941176471,213.0375,222.8541666666667
220.2302631578947,209.5089285714286,194.3301886792453,208.0869565217391,225.1388888888889,230.5,218.7941176470588,202.6764705882353,212.9875,222.7708333333333
220.2674418604651,209.4732142857143,194.3490566037736,208.3913043478261,226.25,231.2,219.3235294117647,202.6176470588235,212.9375,222.6875
220.2906976744186,209.4375,194.3679245283019,208.695652173913,227.3611111111111,231.8,219.8529411764706,202.5588235294118,212.8875,222.6041666666667
220.3139534883721,209.4017857142857,194.3867924528302,209,228.4722222222222,232.4,220.3833333333333,202.5,212.8375,222.5208333333333
220.3372093023256,209.3660714285714,194.4056603773585,209.3043478260869,229,233,220.9166666666667,202.4411764705882,212.7875,222.4375
220.3604651162791,209.3303571428571,194.4245283018868,209.6086956521739,229.3333333333333,233.6,221.45,202.3823529411765,212.7348484848485,222.3541666666667
220.3837209302326,209.2946428571429,194.4433962264151,209.9130434782608,229.6666666666667,234.2,221.9833333333333,202.3235294117647,212.6742424242424,222.2708333333333
220.4069767441861,209.2589285714286,194.4622641509434,210.2173913043478,230,234.8,222.5166666666667,202.2647058823529,212.6136363636364,222.25
220.4302325581396,209.3125,194.4811320754717,210.5217391304348,230.3333333333333,235.3055555555555,223.05,202.2058823529412,212.5530303030303,222.25
220.453488372093,209.3958333333333,194.5,210.797619047619,230.6666666666667,235.5277777777778,223.5833333333333,202.1470588235294,212.4924242424242,222.25
220.4767441860465,209.4791666666667,194.5188679245283,210.9880952380952,230.8571428571429,235.75,224.1166666666667,202.0882352941176,212.4318181818182,222.25
220.5,209.5625,194.5377358490566,211.1785714285714,231,235.9722222222222,224.4230769230769,202.0294117647059,212.3712121212121,222.25
220.5232558139535,209.6458333333333,194.5566037735849,211.3690476190476,231.1428571428572,236.1944444444445,224.6538461538462,201.9705882352941,212.3106060606061,222
220.546511627907,209.7291666666667,194.5754716981132,211.5595238095238,231.2857142857143,236.4166666666667,224.8846153846154,201.9117647058824,212.25,221
220.5697674418605,209.8125,194.5943396226415,211.75,231.4285714285714,236.6388888888889,225.1153846153846,201.8529411764706,212.1893939393939,220.25
220.593023255814,209.8958333333333,194.6132075471698,211.9404761904761,231.5714285714286,236.8611111111111,225.3461538461538,201.7941176470588,212.1287878787879,220.25
220.6162790697674,209.9791666666667,194.6320754716981,212.1309523809524,231.7142857142857,237.0833333333333,225.5769230769231,201.764598540146,212.0681818181818,220.25
220.6395348837209,210.0625,194.6509433962264,212.3214285714285,231.7,237.25,225.7166666666667,201.8229927007299,212.0075757575758,220.25
220.6627906976744,210.1458333333333,194.6698113207547,212.5119047619047,231.6333333333333,237.25,225.5833333333333,201.8813868613138,211.9469696969697,220.25
220.6860465116279,210.2291666666667,194.688679245283,212.7023809523809,231.5666666666667,237.25,225.45,201.9397810218978,211.8863636363636,220.25
220.7093023255814,210.3125,194.7075471698113,212.7916666666666,231.5,237.25,225.3166666666667,201.9981751824818,211.8257575757576,220.280303030303
220.7325581395349,210.3958333333333,194.7264150943396,212.8472222222222,231.4333333333333,237.25,225.1833333333333,202.0565693430657,211.7651515151515,220.4015151515152
220.760752688172,210.4791666666667,194.7452830188679,212.9027777777778,231.3666666666667,237.25,225.05,202.1149635036496,211.8214285714286,220.5227272727273
220.8037634408602,210.5625,194.801724137931,212.9583333333333,231.3,237.25,224.9166666666667,202.1733576642336,211.9166666666667,220.6439393939394
220.8467741935484,210.6458333333333,194.8706896551724,213.0138888888889,231.1730769230769,237.2083333333333,224.7833333333333,202.2317518248175,212.0119047619048,220.7651515151515
220.8897849462366,210.7291666666667,194.9396551724138,213.0694444444444,230.8653846153846,237.0416666666667,224.5454545454545,202.2901459854015,212.1071428571429,220.8863636363637
220.9327956989247,210.8076923076923,195.0086206896552,213.125,230.5576923076923,236.875,224.2727272727273,202.3485401459854,212.202380952381,221.0075757575758
220.9758064516129,210.8846153846154,195.0775862068966,213.1805555555555,230.25,236.7083333333333,224,202.4069343065693,212.297619047619,221.1287878787879
221.0188172043011,210.9615384615385,195.1465517241379,213.2361111111111,229.9423076923077,236.5416666666667,223.7272727272727,202.4653284671533,212.3928571428571,221.25
221.0618279569892,211.0384615384615,195.2155172413793,213.0921052631579,229.6346153846154,236.375,223.4545454545455,202.5237226277372,212.4880952380952,221.3712121212121
221.1048387096774,211.1153846153846,195.2844827586207,212.8815789473684,229.3269230769231,236.0441176470588,223.0357142857143,202.5821167883211,212.5833333333333,221.4924242424242
221.1478494623656,211.1923076923077,195.3534482758621,212.6710526315789,228.7727272727273,235.2205882352941,222.1785714285714,202.6405109489051,212.6785714285714,221.6136363636364
221.1908602150538,211.2692307692308,195.4224137931034,212.4605263157894,228.1363636363636,234.3970588235294,221.3214285714286,202.698905109489,212.7395833333333,221.7348484848485
221.233870967742,211.3461538461538,195.4913793103448,212.25,227.5,233.5735294117647,220.4642857142857,202.757299270073,212.6979166666667,221.8560606060606
221.2768817204301,211.4230769230769,195.5603448275862,212.0394736842105,226.8636363636364,232.75,219.875,202.8156934306569,212.65625,221.9772727272727
221.3198924731183,211.5,195.6293103448276,211.828947368421,226.2272727272727,231.9264705882353,219.375,202.8740875912408,212.6145833333333,222.0984848484848
221.3629032258065,211.5769230769231,195.698275862069,211.6184210526316,225.5625,231.1029411764706,218.875,202.9324817518248,212.5729166666667,222.219696969697
221.4059139784947,211.6538461538461,195.7672413793103,211.4078947368421,224.8125,230.2794117647059,218.375,202.9908759124087,212.53125,222.1315789473684
221.4489247311828,211.7307692307692,195.8362068965517,211.15,224.0625,229.4558823529412,217.875,203.0492700729927,212.4895833333333,221.9736842105263
221.491935483871,211.7848837209302,195.9051724137931,210.75,223.3125,228.65,217.375,203.1076642335766,212.4479166666667,221.8157894736842
221.5349462365592,211.8313953488372,195.9741379310345,210.35,222.5625,227.85,216.875,203.1660583941605,212.40625,221.6578947368421
221.5779569892473,211.8779069767442,196.0431034482759,209.95,221.8125,227.05,216.375,203.2244525547445,212.3645833333333,221.5
221.6209677419355,211.9244186046512,196.1120689655172,209.55,221.0625,226.25,215.875,203.2828467153284,212.3229166666667,221.3421052631579
221.6639784946236,211.9709302325581,196.1810344827586,209.15,220.3125,225.45,215.375,203.3412408759124,212.28125,221.1842105263158
221.7069892473118,212.0174418604651,196.25,208.75,219.5576923076923,224.65,214.7916666666667,203.3996350364963,212.2682926829268,221.0263157894737
221.75,212.0639534883721,196.3189655172414,208.35,218.7884615384615,223.85,214.1805555555556,203.4580291970802,212.3414634146341,220.8684210526316
221.7930107526882,212.1104651162791,196.3879310344828,207.95,218.0192307692308,223.0576923076923,213.5694444444445,203.5164233576642,212.4146341463415,220.7840909090909
221.8360215053764,212.156976744186,196.4568965517241,207.55,217.25,222.2884615384615,212.9583333333333,203.5748175182481,212.4878048780488,220.9204545454545
221.8790322580645,212.203488372093,196.5258620689655,207.15,216.4807692307692,221.5192307692308,212.3472222222222,203.6332116788321,212.5609756097561,221.0568181818182
221.9220430107527,212.25,196.5948275862069,206.75,215.7115384615385,220.75,211.7361111111111,203.691605839416,212.6341463414634,221.1931818181818
221.9650537634409,212.296511627907,196.6637931034483,206.35,214.9423076923077,219.9807692307692,211.125,203.7499999999999,212.7073170731707,221.3295454545454
222.008064516129,212.3430232558139,196.7327586206897,206,214.234375,219.2115384615385,210.5138888888889,203.813829787234,212.780487804878,221.4659090909091
222.0510752688172,212.389534883721,196.8035714285714,205.6666666666666,213.546875,218.4423076923077,209.9027777777778,203.877659574468,212.8536585365854,221.6022727272727
222.0940860215054,212.4360465116279,196.875,205.3333333333333,212.859375,217.5882352941177,209.4736842105263,203.9414893617021,212.9268292682927,221.7386363636364
222.1370967741935,212.4825581395349,196.9464285714286,205,212.171875,216.7058823529412,209.1052631578947,204.0053191489361,213,221.875
222.1801075268817,212.5290697674419,197.0178571428571,204.6666666666666,211.484375,215.8235294117647,208.7368421052632,204.0691489361702,213.0731707317073,222.0113636363636
222.2231182795699,212.5755813953488,197.0892857142857,204.3333333333333,210.796875,214.9411764705882,208.3684210526316,204.1329787234042,213.1463414634146,222.1477272727273
222.266129032258,212.6220930232558,197.1607142857143,204,210.109375,214.0588235294118,208,204.1968085106382,213.219512195122,222.203125
222.3091397849462,212.6686046511628,197.2321428571428,203.6847826086956,209.421875,213.1764705882353,207.6315789473684,204.2606382978723,213.2926829268293,222.015625
222.3521505376344,212.7151162790698,197.3035714285714,203.4239130434782,208.8928571428571,212.2941176470588,207.2631578947368,204.3244680851063,213.3658536585366,221.828125
222.3951612903226,212.764705882353,197.375,203.1630434782608,208.4166666666667,211.4117647058823,206.8947368421053,204.3882978723404,213.4390243902439,221.640625
222.4381720430108,212.8235294117647,197.4464285714286,202.9021739130435,207.9404761904762,210.6125,206.5263157894737,204.4521276595744,213.5121951219512,221.453125
222.4811827956989,212.8823529411765,197.5178571428572,202.6413043478261,207.4642857142857,210.0625,206.125,204.5159574468084,213.5853658536585,221.265625
222.5241935483871,212.9411764705882,197.5892857142857,202.3804347826087,206.9880952380952,209.5125,205.625,204.5797872340425,213.6585365853659,221.078125
222.5672043010753,213,197.6607142857143,202.1195652173913,206.5119047619048,208.9625,205.125,204.6436170212765,213.7317073170732,220.890625
222.6102150537634,213.0588235294118,197.7321428571429,201.8586956521739,206.0357142857143,208.4125,204.625,204.7074468085106,213.7788461538462,220.78125
222.6532258064516,213.1176470588235,197.8035714285714,201.5978260869565,205.5595238095239,207.8625,204.125,204.7712765957446,213.8173076923077,220.90625
222.6962365591398,213.1764705882353,197.875,201.3369565217391,205.0833333333333,207.3125,203.625,204.8351063829787,213.8557692307692,221.03125
222.739247311828,213.235294117647,197.9464285714286,201.0760869565217,204.6071428571429,206.7625,203.1538461538462,204.8989361702127,213.8942307692308,221.15625
222.7611940298508,213.1875,198.0178571428571,200.8152173913043,204.1666666666667,206.2125,202.7692307692308,204.9627659574468,213.9326923076923,221.28125
222.7761194029851,213.1041666666667,198.0892857142857,200.6176470588235,203.8333333333333,205.6625,202.3846153846154,205.0265957446808,213.9711538461539,221.40625
222.7910447761194,213.0208333333333,198.1607142857143,200.4411764705882,203.5,205.1323529411765,202,205.0904255319148,214.0096153846154,221.53125
222.8059701492537,212.9375,198.2321428571429,200.2647058823529,203.1666666666667,204.6617647058823,201.6153846153846,205.1542553191489,214.0480769230769,221.65625
222.8208955223881,212.8541666666667,198.3035714285714,200.0882352941176,202.8333333333333,204.1911764705883,201.2307692307693,205.2180851063829,214.0865384615385,221.78125
222.8358208955224,212.7708333333333,198.375,199.9117647058823,202.5,203.7205882352941,200.8461538461539,205.3520408163265,214.125,221.90625
222.8507462686567,212.46875,198.4464285714286,199.735294117647,202.1666666666667,203.25,200.5833333333333,205.5561224489795,214.1634615384615,222.03125
222.865671641791,212.09375,198.5178571428571,199.5588235294117,201.8333333333333,202.7794117647059,200.3611111111111,205.7602040816326,214.2019230769231,222.15625
222.8805970149254,211.71875,198.5892857142857,199.3823529411764,201.5,202.3088235294118,200.1388888888889,205.9642857142857,214.2403846153846,222.1964285714286
222.8955223880597,211.34375,198.6607142857143,199.2023809523809,201.1666666666667,201.8382352941177,199.9166666666667,206.1683673469387,214.171052631579,221.9821428571429
222.9104477611941,211.45,198.7321428571429,199.0119047619047,200.8333333333333,201.3676470588235,199.6944444444445,206.3724489795918,214.0657894736842,221.7678571428572
222.9253731343284,211.7166666666666,198.8035714285714,198.8214285714286,200.6315789473684,201.0526315789474,199.4722222222222,206.5765306122449,213.9605263157895,221.5535714285714
222.9402985074627,211.9833333333333,198.875,198.6309523809524,200.4736842105263,200.7894736842105,199.25,206.780612244898,213.8552631578947,221.3392857142857
222.955223880597,212.25,198.9464285714286,198.4404761904761,200.3157894736842,200.5263157894737,199.0277777777778,206.984693877551,213.75,221.125
222.9701492537313,212.5166666666667,199.0178571428571,198.25,200.1578947368421,200.2631578947368,198.8055555555556,207.1887755102041,213.6447368421053,220.9107142857143
222.9850746268657,212.7833333333333,199.0892857142857,198.0595238095238,200,200,198.69,207.3928571428571,213.5394736842105,220.7672413793103
223,213.05,199.1607142857143,197.8690476190476,199.8421052631579,199.7368421052632,198.61,207.5969387755102,213.4342105263158,220.8362068965517
223.0149253731343,213.3333333333333,199.2321428571428,197.6785714285714,199.6842105263158,199.4736842105263,198.53,207.7672413793103,213.328947368421,220.9051724137931
223.0298507462687,213.6666666666667,199.3556338028169,197.4880952380952,199.5263157894737,199.2105263157895,198.45,207.8362068965517,213.2894736842105,220.9741379310345
223.044776119403,214,199.4964788732394,197.297619047619,199.3684210526316,198.9473684210526,198.37,207.9051724137931,213.4473684210527,221.0431034482758
223.0597014925373,214.235294117647,199.637323943662,197.2826086956522,199.2,198.7142857142857,198.29,207.9741379310345,213.6052631578947,221.1120689655173
223.0746268656717,214.1764705882353,199.7781690140845,197.3260869565217,199,198.5714285714286,198.21,208.0431034482759,213.7631578947368,221.1810344827586
223.089552238806,214.1176470588235,199.919014084507,197.3695652173913,198.8,198.4285714285714,198.13,208.1120689655172,213.9210526315789,221.25
223.1044776119403,214.0588235294118,200.0598591549296,197.4130434782608,198.6,198.2857142857143,198.05,208.1810344827586,214.078947368421,221.3189655172414
223.1194029850746,214,200.2007042253521,197.4565217391304,198.4,198.1428571428572,197.97,208.25,214.2368421052632,221.3879310344828
223.134328358209,213.9411764705882,200.3415492957747,197.5,198.2,198,197.89,208.3189655172414,214.3947368421053,221.4568965517241
223.1492537313433,213.8823529411765,200.4823943661972,197.5434782608695,198,197.8571428571428,197.81,208.3879310344827,214.5526315789473,221.5258620689655
223.1641791044776,213.8235294117647,200.6232394366197,197.5869565217391,197.8,197.7142857142857,197.7348484848485,208.4568965517241,214.7105263157895,221.5948275862069
223.179104477612,213.764705882353,200.7640845070422,197.6304347826087,197.65,197.5714285714286,197.6742424242424,208.5258620689655,214.7857142857143,221.6637931034483
223.1940298507463,213.703125,200.9049295774648,197.6739130434783,197.5166666666667,197.4285714285714,197.6136363636364,208.5948275862069,214.8333333333333,221.7327586206897
223.2089552238806,213.640625,201.0457746478873,197.7173913043478,197.3833333333334,197.2857142857143,197.5530303030303,208.6637931034482,214.8809523809524,221.7016129032258
223.2238805970149,213.578125,201.1866197183099,197.7692307692307,197.25,197.225,197.4924242424242,208.7327586206896,214.9285714285714,221.6370967741935
223.2388059701493,213.515625,201.3274647887324,197.8461538461538,197.1166666666667,197.1916666666667,197.4318181818182,208.801724137931,214.9761904761905,221.5725806451613
223.2466216216216,213.453125,201.4683098591549,197.9230769230769,196.9833333333333,197.1583333333333,197.3712121212121,208.8706896551724,215.0238095238095,221.508064516129
223.2331081081081,213.390625,201.6091549295775,198,196.85,197.125,197.3106060606061,208.9396551724138,215.0714285714286,221.4435483870968
223.2195945945946,213.328125,201.75,198.076923076923,196.7638888888889,197.0916666666667,197.25,209.0086206896551,215.1190476190476,221.3790322580645
223.2060810810811,213.265625,201.8908450704225,198.1538461538461,196.8194444444445,197.0583333333333,197.1893939393939,209.0775862068965,215.1666666666667,221.3145161290323
223.1925675675676,213.390625,202.0316901408451,198.2307692307692,196.875,197.025,197.1287878787879,209.1465517241379,215.2142857142857,221.25
223.1790540540541,213.578125,202.1725352112676,198.3076923076923,196.9305555555555,196.9916666666667,197.0681818181818,209.2155172413793,215.25,221.1854838709677
223.1655405405405,213.765625,202.3133802816901,198.3846153846154,196.9861111111111,196.9583333333333,197.0075757575758,209.3035714285714,215.25,221.1209677419355
223.152027027027,213.953125,202.4542253521127,198.4615384615384,197.0416666666667,196.925,196.9469696969697,209.4107142857142,215.25,221.0564516129032
223.1385135135135,214.140625,202.5950704225352,198.5384615384615,197.0972222222222,196.8916666666667,196.8863636363637,209.5178571428571,215.25,220.991935483871
223.125,214.328125,202.7359154929578,198.6153846153846,197.1527777777778,196.8583333333333,196.8257575757576,209.6249999999999,215.25,220.9274193548387
223.1114864864865,214.515625,202.8767605633803,198.6923076923077,197.2083333333333,196.825,196.7651515151515,209.7321428571428,215.25,220.8629032258064
223.097972972973,214.703125,203.0176056338028,198.7692307692307,197.3148148148148,196.7916666666667,196.9375,209.8392857142857,215.25,220.7983870967742
223.0844594594595,214.875,203.1584507042253,198.8461538461538,197.574074074074,196.7583333333334,197.1875,209.9464285714285,215.25,220.725
223.0709459459459,215.0416666666667,203.2992957746479,198.9230769230769,197.8333333333333,196.8823529411765,197.4375,210.0535714285714,215.25,220.625
223.0574324324324,215.2083333333333,203.4401408450704,199,198.0925925925926,197.0588235294118,197.6875,210.1607142857142,215.25,220.525
223.0439189189189,215.375,203.580985915493,199.0769230769231,198.3518518518518,197.2352941176471,197.9375,210.2678571428571,215.25,220.425
223.0304054054054,215.5416666666667,203.7218309859155,199.1538461538461,198.6111111111111,197.4117647058823,198.1875,210.3749999999999,215.25,220.325
223.0168918918919,215.7083333333333,203.862676056338,199.2307692307692,198.8703703703704,197.5882352941177,198.4375,210.4821428571428,215.25,220.225
223.0033783783784,216.125,204.0035211267605,199.4121621621621,199.1296296296296,197.7647058823529,198.6875,210.5892857142856,215.25,220.125
222.9898648648649,216.625,204.1443661971831,199.6283783783784,199.3888888888889,197.9411764705882,198.9375,210.6964285714285,215.25,220.025
222.9763513513514,217.125,204.3040540540541,199.8445945945946,199.6481481481482,198.1176470588235,199.1875,210.7934782608695,215.25,219.925
222.9628378378378,217.625,204.5202702702703,200.0608108108108,199.9074074074074,198.2941176470588,199.4375,210.8804347826087,215.3275862068965,219.825
222.9493243243243,218.125,204.7364864864865,200.277027027027,200.1666666666667,198.4705882352941,199.6875,210.9673913043478,215.4310344827586,219.725
222.9358108108108,218.375,204.9527027027027,200.4932432432432,200.4259259259259,198.6470588235294,199.9375,211.0543478260869,215.5344827586207,219.625
222.9222972972973,218.5416666666667,205.1689189189189,200.7094594594594,200.6851851851852,198.8235294117647,200.1875,211.1413043478261,215.6379310344828,219.525
222.9087837837838,218.7083333333333,205.3851351351351,200.9256756756757,200.8611111111111,199,200.3888888888889,211.2282608695652,215.7413793103448,219.425
222.8952702702703,217.2500000000001,205.6013513513514,201.1418918918919,201.0092592592593,199.1764705882353,200.5740740740741,211.3152173913043,215.8448275862069,219.325
222.8817567567567,216.6,205.8175675675676,201.3581081081081,201.1574074074074,199.3529411764706,200.7592592592592,211.4021739130434,215.948275862069,219.2575757575758
222.8682432432432,216.4,206.0337837837838,201.5743243243243,201.3055555555555,199.5294117647059,200.9444444444445,211.4891304347826,216.051724137931,219.2878787878788
222.8547297297297,216.2,206.25,201.7905405405405,201.4537037037037,199.7058823529412,201.1296296296296,211.5760869565217,216.1551724137931,219.3181818181818
222.8412162162162,216,206.4662162162162,202.0067567567567,201.6018518518518,199.8478260869565,201.3148148148148,211.6630434782608,216.2586206896551,219.3484848484849
222.8277027027027,215.8,206.6824324324324,202.2229729729729,201.75,199.9782608695652,201.5,211.75,216.3620689655172,219.3787878787879
222.8141891891892,215.8571428571429,206.8986486486486,202.4391891891892,201.8981481481482,200.1086956521739,201.6851851851852,211.8369565217391,216.4655172413793,219.4090909090909
222.8006756756757,216,207.1148648648649,202.6554054054054,202.0462962962963,200.2391304347826,201.8703703703704,211.9239130434783,216.5689655172414,219.4393939393939
222.7871621621622,216.1428571428572,207.3310810810811,202.8716216216216,202.1944444444444,200.3695652173913,202.0555555555555,212.0108695652174,216.6724137931034,219.469696969697
222.7736486486486,216.2857142857143,207.5472972972973,203.0878378378378,202.3425925925926,200.5,202.2407407407407,212.0978260869565,216.725,219.5
222.7601351351351,216.4285714285714,207.7635135135135,203.3214285714285,202.4907407407407,200.6304347826087,202.4259259259259,212.1847826086956,216.625,219.530303030303
222.7325581395349,216.5714285714286,207.9797297297297,203.6071428571428,202.6388888888889,200.7608695652174,202.6111111111111,212.2788461538462,216.525,219.5606060606061
222.6627906976744,216.7142857142857,208.1959459459459,203.8928571428571,202.8055555555555,200.8913043478261,202.7983870967742,212.3942307692307,216.425,219.5909090909091
222.5930232558139,216.825,208.3534482758621,204.1785714285714,203.0277777777777,201.0217391304348,202.9919354838709,212.5096153846154,216.325,219.6212121212121
222.5232558139535,216.925,208.4913793103448,204.4642857142857,203.25,201.1521739130435,203.1854838709677,212.625,216.225,219.6515151515152
222.453488372093,217.025,208.6293103448276,204.75,203.4722222222222,201.3235294117647,203.3790322580645,212.7403846153846,216.125,219.6818181818182
222.3837209302326,217.125,208.7672413793103,205.0357142857143,203.6944444444444,201.6176470588235,203.5725806451613,212.8557692307692,216.025,219.7121212121212
222.3139534883721,217.225,208.9051724137931,205.3214285714286,203.9166666666667,201.9117647058824,203.766129032258,212.9711538461538,215.925,219.7424242424242
222.2441860465116,217.0625,209.0431034482759,205.6071428571428,204.1388888888889,202.2058823529412,203.9596774193548,213.0865384615385,215.825,219.6057692307693
222.1744186046512,216.8125,209.1810344827586,205.8928571428571,204.3611111111111,202.5,204.1532258064516,213.201923076923,215.7560975609756,219.4134615384615
222.1046511627907,216.5625,209.3189655172413,206.1785714285714,204.5833333333333,202.7941176470588,204.3467741935484,213.3173076923077,215.780487804878,219.2211538461539
222.0348837209302,216.3125,209.4568965517241,206.375,204.8194444444444,203.0882352941176,204.5403225806452,213.4326923076923,215.8048780487805,219.0288461538462
221.9651162790698,216.025,209.5948275862069,206.5416666666666,205.0972222222222,203.3823529411765,204.7338709677419,213.5480769230769,215.8292682926829,218.8365384615385
221.8953488372093,215.725,209.7327586206897,206.7083333333333,205.375,203.6764705882353,204.9274193548387,213.6634615384615,215.8536585365854,218.6442307692308
221.8255813953488,215.425,209.8706896551724,206.8749999999999,205.6527777777778,203.9375,205.1209677419355,213.7844827586207,215.8780487804878,218.4519230769231
221.7558139534884,215.125,210.0086206896551,207.0416666666666,205.9305555555555,204.1875,205.3145161290323,213.9224137931034,215.9024390243903,218.2596153846154
221.6860465116279,214.825,210.1465517241379,207.2083333333333,206.2083333333333,204.4375,205.508064516129,214.0603448275862,215.9268292682927,218.0673076923077
221.6162790697675,214.9642857142857,210.2844827586206,207.375,206.4861111111111,204.6875,205.7016129032258,214.198275862069,215.9512195121951,217.875
221.546511627907,215.25,210.4224137931034,207.5416666666666,206.7638888888889,204.9375,205.8881578947368,214.3362068965517,215.9756097560976,217.6826923076923
221.4767441860465,215.5357142857143,210.5603448275862,207.7083333333333,207.0416666666667,205.1875,206.0723684210526,214.4741379310345,216,217.4903846153846
221.406976744186,215.8214285714286,210.6982758620689,207.9444444444444,207.3189655172414,205.4375,206.2565789473684,214.6120689655172,216.0243902439024,217.298076923077
221.3372093023256,216.1071428571428,210.8362068965517,208.2037037037037,207.5948275862069,205.6875,206.4407894736842,214.75,216.0487804878049,217.198275862069
221.2674418604651,216.3928571428571,210.9741379310344,208.4629629629629,207.8706896551724,205.9519230769231,206.625,214.8879310344828,216.0731707317073,217.1293103448276
221.2211538461538,216.6785714285714,211.1120689655172,208.7222222222222,208.1465517241379,206.2211538461538,206.8092105263158,215.0258620689655,216.0975609756098,217.0603448275862
221.1826923076923,217,211.2499999999999,208.9814814814815,208.4224137931034,206.4903846153846,206.9934210526316,215.1637931034483,216.1219512195122,216.9913793103448
221.1442307692308,217.3333333333333,211.3712121212121,209.2407407407407,208.698275862069,206.7596153846154,207.1776315789473,215.301724137931,216.1463414634146,216.9224137931034
221.1057692307692,217.6666666666667,211.4924242424242,209.5,208.9741379310345,207.0288461538461,207.3618421052631,215.4396551724138,216.1707317073171,216.8534482758621
221.0673076923077,218,211.6136363636363,209.7592592592592,209.25,207.2980769230769,207.546052631579,215.5775862068965,216.1951219512195,216.7844827586207
221.0288461538462,218.1944444444445,211.7348484848484,210.0185185185185,209.5258620689655,207.5673076923077,207.7302631578947,215.7155172413793,216.219512195122,216.7155172413793
220.9903846153846,217.9722222222222,211.8560606060606,210.2777777777778,209.801724137931,207.8365384615385,207.9144736842105,215.75,216.2439024390244,216.6465517241379
220.9519230769231,217.75,211.9772727272727,210.537037037037,210.0775862068965,208.1057692307692,208.0986842105263,215.75,216.3522727272727,216.5775862068966
220.9134615384615,217.5277777777778,212.0984848484848,210.7962962962962,210.3534482758621,208.375,208.2828947368421,215.75,216.4886363636363,216.5086206896552
220.875,217.3055555555555,212.219696969697,211.0555555555555,210.6293103448276,208.6442307692308,208.4671052631579,215.75,216.625,216.4396551724138
220.8365384615385,217.3571428571429,212.3863636363636,211.2916666666667,210.9051724137931,208.9134615384615,208.6513157894737,215.75,216.7613636363636,216.3706896551724
220.7980769230769,217.5,212.5681818181818,211.4583333333333,211.1810344827586,209.1826923076923,208.8355263157895,215.75,216.8977272727273,216.301724137931
220.7596153846154,217.6428571428572,212.75,211.625,211.375,209.3076923076923,209.0197368421053,215.75,217.0340909090909,216.2179487179487
220.5921052631579,217.7857142857143,212.9318181818182,211.7916666666666,211.5416666666667,209.3846153846154,209.203947368421,215.75,217.1704545454546,216.0897435897436
220.3815789473684,217.9285714285714,213.1136363636363,211.9583333333333,211.7083333333333,209.4615384615385,209.3863636363637,215.75,217.3068181818182,215.9615384615385
220.1710526315789,218.0714285714286,213.2954545454546,212.1249999999999,211.875,209.5384615384615,209.5681818181818,215.75,217.4431818181818,215.8333333333333
219.9605263157895,218.2142857142857,213.4772727272727,212.2916666666666,212.0416666666667,209.6153846153846,209.75,215.7499999999999,217.5795454545455,215.7051282051282
219.75,218.3125,213.6590909090909,212.4583333333333,212.2083333333333,209.6923076923077,209.9318181818182,215.7499999999999,217.7159090909091,215.5769230769231
219.5394736842105,218.3958333333333,213.8409090909091,212.625,212.375,209.796875,210.1136363636363,215.7499999999999,217.7857142857143,215.448717948718
219.328947368421,218.4791666666667,214.0227272727273,212.7916666666666,212.5416666666667,209.984375,210.2954545454546,215.7287234042553,217.8333333333333,215.3205128205128
219.1184210526316,218.5625,214.2045454545454,212.9583333333333,212.7083333333333,210.171875,210.4772727272727,215.6861702127659,217.8809523809524,215.1923076923077
218.9078947368421,218.6458333333333,214.3125,213.1249999999999,212.9375,210.359375,210.6590909090909,215.6436170212766,217.9285714285714,215.0641025641025
218.7222222222222,218.7291666666667,214.3958333333333,213.2916666666666,213.1875,210.546875,210.8409090909091,215.6010638297872,217.9761904761905,214.9358974358975
218.6111111111111,218.15,214.4791666666667,213.4583333333333,213.4375,210.734375,211.0227272727273,215.5585106382978,218.0238095238095,214.8076923076923
218.5,217.35,214.5625,213.625,213.6875,210.9218749999999,211.2045454545455,215.5159574468085,218.0714285714286,214.6794871794872
218.3888888888889,216.7222222222222,214.6458333333333,213.7916666666666,213.9375,211.1093749999999,211.5625,215.4734042553191,218.1190476190476,214.551282051282
218.2777777777778,216.6111111111111,214.7291666666667,213.9583333333333,214.1875,211.3437499999999,211.9791666666667,215.4308510638298,218.1666666666667,214.4230769230769
218.1666666666667,216.5,214.8125,214.125,214.390625,211.7187499999999,212.3958333333333,215.3882978723404,218.2142857142857,214.2948717948718
218.0555555555555,216.3888888888889,214.8958333333333,214.2962962962963,214.578125,212.09375,212.8125,215.3457446808511,218.1666666666667,214.1666666666667
217.9444444444445,216.2777777777778,214.9791666666667,214.4814814814814,214.765625,212.46875,213.2291666666667,215.3031914893617,217.8333333333333,214.0384615384615
217.8333333333333,216.3181818181818,215.0625,214.6666666666667,214.953125,212.84375,213.6458333333333,215.2606382978723,217.5,213.9102564102564
217.7222222222222,216.4090909090909,215.1458333333333,214.8518518518518,215.140625,213.21875,213.7857142857143,215.2708333333333,217.1666666666667,213.7820512820513
217.6111111111111,216.5,215.2291666666667,215.037037037037,215.328125,213.59375,213.8333333333333,215.2986111111111,216.8333333333333,213.6111111111111
217.5,216.5909090909091,215.325,215.2222222222222,215.515625,213.96875,213.8809523809524,215.3263888888889,216.5,213.4259259259259
217.3888888888889,216.6818181818182,215.425,215.4074074074074,215.703125,214.3055555555556,213.9285714285714,215.3541666666667,216.3181818181818,213.2407407407408
217.2777777777778,216.5625,215.525,215.5925925925926,215.8684210526316,214.5277777777778,213.9761904761905,215.3819444444445,216.5909090909091,213.0555555555555
217.2125,215.8125,215.625,215.7777777777777,216.0263157894737,214.75,214.0238095238095,215.4097222222222,216.8636363636363,212.8703703703704
217.1625,215.1944444444444,215.725,215.9629629629629,216.1842105263158,214.9722222222222,214.0714285714286,215.4375,217.1363636363636,212.6851851851852
217.1125,214.9722222222222,215.825,216.1481481481481,216.3421052631579,215.1944444444445,214.1190476190476,215.4652777777777,217.4090909090909,212.5
217.0625,214.75,215.925,216.3333333333333,216.5,215.4166666666667,214.1666666666667,215.4930555555555,217.6818181818182,212.3148148148148
217.0125,214.5277777777778,216.025,216.5185185185185,216.6578947368421,215.6388888888889,214.2142857142857,215.5208333333333,217.5795454545455,212.1296296296296
216.9625,214.3055555555556,216.125,216.7037037037037,216.8157894736842,215.8611111111111,214.296875,215.5486111111111,217.3522727272727,211.9444444444444
216.9125,214.3571428571429,216.225,216.9062499999999,216.9736842105263,216.0833333333333,214.484375,215.5763888888889,217.125,211.7592592592592
216.8625,214.5,216.325,217.1145833333333,217.1315789473684,216.3055555555555,214.671875,215.6041666666666,216.8977272727273,211.5740740740741
216.8125,214.6428571428572,216.425,217.3229166666666,217.325,216.5277777777778,214.859375,215.6319444444444,216.6704545454545,211.3888888888889
216.7625,214.7857142857143,216.525,217.5312499999999,217.625,216.75,215.046875,215.6597222222222,216.4431818181818,211.2065217391304
216.5454545454545,214.9285714285714,216.625,217.7395833333333,217.925,216.9722222222222,215.234375,215.6874999999999,216.2159090909091,211.0326086956522
216.2727272727273,215.0714285714286,216.725,217.9479166666666,218.225,217.1944444444444,215.421875,215.7152777777777,215.9886363636364,210.8586956521739
216,215.2142857142857,216.8333333333333,218.1562499999999,218.525,217.2894736842105,215.609375,215.7430555555555,215.7613636363636,210.6847826086957
215.7272727272727,214.8214285714286,216.9444444444444,218.3645833333333,218.7666666666667,217.3421052631579,215.796875,215.6982758620689,215.5340909090909,210.5108695652174
215.4545454545455,214.25,217.0555555555555,218.5729166666666,218.8333333333333,217.3947368421053,215.984375,215.6293103448275,215.3068181818182,210.3369565217391
215.1590909090909,213.6785714285714,217.1666666666666,218.7812499999999,218.9,217.4473684210527,216.171875,215.5603448275861,215.296875,210.1630434782609
214.7954545454545,213.21875,217.2777777777778,218.9895833333333,218.9666666666667,217.5,216.359375,215.4913793103448,215.359375,209.9891304347826
214.4318181818182,213.09375,217.3888888888889,219.1979166666666,219.0333333333333,217.5526315789474,216.546875,215.4224137931034,215.421875,209.8152173913043
214.0681818181818,212.96875,217.5,219.3522727272727,219.1,217.6052631578947,216.734375,215.353448275862,215.484375,209.6413043478261
213.7045454545454,212.84375,217.6111111111111,219.4886363636363,219.1666666666667,217.6578947368421,216.921875,215.2844827586206,215.546875,209.4673913043478
213.3409090909091,212.71875,217.7222222222222,219.6249999999999,219.2333333333333,217.7105263157895,217.109375,215.2155172413792,215.609375,209.2934782608696
213.2232142857143,212.59375,217.8333333333333,219.7613636363636,219.4230769230769,217.765625,217.3125,215.1465517241379,215.671875,209.0294117647059
213.1875,212.46875,217.9444444444444,219.8977272727273,219.6538461538462,217.828125,217.5625,215.0775862068965,215.734375,208.7352941176471
213.1517857142857,212.34375,218.0555555555555,220.0340909090909,219.8846153846154,217.890625,217.8125,215.0086206896551,215.4090909090909,208.4411764705882
213.1160714285714,212.2045454545455,218.1666666666666,220.1704545454545,220.1153846153846,217.953125,218.0625,214.9396551724137,214.9545454545455,208.1470588235294
213.0803571428571,212.0227272727273,218.2499999999999,220.3068181818181,220.3461538461538,218.015625,218.3125,214.8706896551724,214.5,207.8529411764706
213.0446428571428,211.8409090909091,218.2499999999999,220.4431818181818,220.5769230769231,218.078125,218.5625,214.801724137931,214.0454545454545,207.5588235294118
213.0089285714286,211.6590909090909,218.25,220.5795454545454,220.7708333333333,218.140625,218.7115384615385,214.7399999999999,213.5909090909091,207.264705882353
212.9732142857143,211.4772727272727,218.25,220.715909090909,220.8541666666667,218.203125,218.5576923076923,214.7,213.2205882352941,206.9705882352941
212.9375,211.2954545454545,218.2499999999999,220.8181818181818,220.9375,218.2826086956522,218.4038461538462,214.66,213.1029411764706,206.6805555555555
212.9017857142857,210.75,218.25,220.9090909090909,221.0208333333333,218.4130434782609,218.25,214.62,212.9852941176471,206.4027777777778
212.8660714285714,210.0833333333333,218.25,220.9999999999999,221.1041666666667,218.5434782608696,218.0961538461538,214.58,212.8676470588235,206.125
212.8303571428571,209.4166666666667,218.25,221.0909090909091,221.1875,218.6739130434783,217.9423076923077,214.54,212.75,205.8472222222222
212.7946428571429,209.1964285714286,218.25,221.1818181818181,221.2045454545454,218.804347826087,217.7884615384615,214.5,212.6323529411765,205.5694444444445
212.7589285714286,209.125,218.25,221.2249999999999,221.0227272727273,218.9347826086956,217.8,214.46,212.514705882353,205.2916666666667
212.6666666666667,209.0535714285714,218.25,221.1249999999999,220.8409090909091,219.0652173913043,217.8666666666667,214.42,212.3970588235294,205.0138888888889
212.5555555555556,208.9821428571429,218.25,221.025,220.6590909090909,219.1956521739131,217.9333333333333,214.38,212.2794117647059,204.7361111111111
212.4444444444445,208.9107142857143,218.25,220.925,220.4772727272727,219.3260869565217,218,214.34,212.1964285714286,204.4583333333333
212.3333333333333,208.8392857142857,218.1617647058823,220.825,220.2954545454546,219.4565217391304,218.0666666666667,214.3,212.125,204.1785714285714
212.2222222222222,208.7678571428571,218.0441176470588,220.7380952380952,220.2875,219.5869565217391,218.1333333333333,214.26,212.0535714285714,203.8928571428571
212.1111111111111,208.6964285714286,217.9264705882353,220.6904761904762,220.3375,219.7173913043478,218.2,214.1428571428571,211.9821428571429,203.6071428571429
212,208.625,217.8088235294118,220.6428571428571,220.3875,219.796875,218.3035714285714,214,211.9107142857143,203.3214285714286
211.8888888888889,208.5535714285714,217.6911764705882,220.5952380952381,220.4375,219.859375,218.5178571428571,213.8571428571429,211.8392857142857,203.0357142857143
211.7777777777778,208.4821428571429,217.5735294117647,220.547619047619,220.4875,219.921875,218.7321428571429,213.7142857142857,211.7678571428571,202.75
211.6666666666667,208.4107142857143,217.4558823529412,220.5,220.5375,219.984375,218.9464285714286,213.5714285714286,211.5131578947368,202.4642857142857
211.5555555555555,208.3392857142857,217.3382352941177,220.4523809523809,220.5875,220.046875,219.1607142857143,213.4285714285714,211.1973684210526,202.1785714285714
211.4444444444445,208.2678571428571,217.2205882352941,220.4047619047619,220.6375,220.109375,219.375,213.2857142857143,210.8815789473684,201.8928571428571
211.3333333333333,208.1710526315789,217.1029411764706,220.3571428571428,220.6875,220.171875,219.5892857142857,213.0131578947368,210.5657894736842,201.6071428571429
211.234375,208.0657894736842,216.9852941176471,220.3095238095238,220.7375,220.234375,219.7142857142857,212.6973684210526,210.25,201.3214285714286
211.171875,207.9605263157895,216.8676470588235,220.2619047619047,220.75,220.296875,219.5714285714286,212.3815789473684,209.9342105263158,201.125
211.109375,207.8552631578947,216.75,220.2307692307692,220.75,220.359375,219.4285714285714,212.0657894736842,209.6184210526316,200.9583333333333
211.046875,207.75,216.6323529411765,220.2051282051282,220.75,220.421875,219.2857142857143,211.75,209.3026315789473,200.7916666666667
210.984375,207.6447368421053,216.5147058823529,220.1794871794872,220.75,220.484375,219.1428571428571,211.4342105263158,208.9868421052632,200.625
210.921875,207.5394736842105,216.3970588235294,220.1538461538461,220.75,220.546875,219,211.1184210526315,208.75,200.4583333333333
210.859375,207.4342105263158,216.2794117647059,220.1282051282051,220.75,220.609375,218.8571428571428,210.8026315789473,208.75,200.2916666666667
210.796875,207.3289473684211,216.09375,220.1025641025641,220.75,220.671875,218.7142857142857,210.4868421052631,208.75,200.125
210.6973684210527,207.25,215.8854166666667,220.076923076923,220.75,220.734375,218.5714285714286,210.1785714285714,208.75,199.9583333333333
210.4868421052632,207.25,215.6770833333333,220.051282051282,220.75,220.7291666666667,218.4285714285714,209.8928571428571,208.75,199.7916666666667
210.2763157894737,207.25,215.46875,220.025641025641,220.9230769230769,220.7013888888889,218.2857142857143,209.6071428571428,208.75,199.5735294117647
210.0657894736842,207.25,215.2604166666667,219.9999999999999,221.1538461538462,220.6736111111111,218.2241379310345,209.3214285714285,208.5795454545455,199.3382352941177
209.8552631578947,207.25,215.0520833333333,219.9743589743589,221.3846153846154,220.6458333333333,218.1896551724138,209.0357142857142,208.3522727272727,199.1029411764706
209.6447368421053,207.25,214.84375,219.9487179487179,221.6153846153846,220.6180555555556,218.1551724137931,208.7499999999999,208.125,198.8676470588235
209.4342105263158,207.25,214.6354166666667,219.9230769230768,221.8461538461538,220.5902777777778,218.1206896551724,208.4642857142857,207.8977272727273,198.6323529411765
209.2236842105263,207.25,214.4270833333333,219.8974358974359,222.0769230769231,220.5625,218.0862068965517,208.1785714285714,207.6704545454545,198.3970588235294
209.0131578947368,207.25,214.21875,219.8717948717948,222.15625,220.5347222222222,218.051724137931,207.8928571428571,207.4431818181818,198.1617647058823
208.8026315789474,207.25,214.0104166666667,219.8461538461538,221.78125,220.5069444444444,218.0172413793103,207.6071428571428,207.2159090909091,197.9264705882353
208.6964285714286,207.25,213.8020833333333,219.8205128205128,221.40625,220.4791666666667,217.9827586206897,207.3214285714285,206.9886363636363,197.7
208.625,207.25,213.4875,219.7948717948717,221.03125,220.4513888888889,217.948275862069,207.076923076923,206.7613636363637,197.5
208.5535714285714,207.25,213.1375,219.7692307692307,220.65,220.4236111111111,217.9137931034483,206.8461538461538,206.5340909090909,197.3
208.4821428571429,207.25,212.7875,219.7307692307692,220.25,220.3958333333333,217.8793103448276,206.6153846153845,206.3068181818182,197.1
208.4107142857143,207.25,212.4375,219.6538461538461,219.85,220.3680555555555,217.8448275862069,206.3846153846153,205.9038461538461,196.9
208.3392857142857,207.25,212.0875,219.576923076923,219.45,220.3402777777778,217.8103448275862,206.1538461538461,205.4423076923077,196.7
208.2678571428571,207,211.7375,219.5,219.05,220.3125,217.7758620689655,205.9230769230769,204.9807692307692,196.5
208.2083333333333,206.6666666666667,211.3875,219.4230769230769,218.7608695652173,220.2847222222222,217.75,205.6428571428571,204.5192307692308,196.3
208.1527777777778,206.3333333333333,211.0375,219.3461538461538,218.8043478260869,220.2569444444444,217.75,205.2142857142856,204.0576923076923,196.1875
208.0972222222222,206.2894736842105,210.6875,219.2692307692307,218.8478260869565,220.25,217.75,204.7857142857142,203.5961538461538,196.1041666666667
208.0416666666667,206.3421052631579,210.3375,219.1923076923077,218.8913043478261,220.25,217.75,204.3571428571428,203.1458333333333,196.0208333333333
207.9861111111111,206.3947368421052,209.985294117647,219.1153846153846,218.9347826086956,220.25,217.75,203.840909090909,202.7291666666667,195.9375
207.9305555555555,206.4473684210526,209.6323529411765,219.0384615384615,218.9782608695652,220.25,217.75,203.2954545454545,202.3125,195.8541666666667
207.875,206.5,209.2794117647059,218.9615384615385,219.0217391304348,220.25,217.75,202.7499999999999,201.8958333333333,195.7708333333333
207.8194444444445,206.5526315789473,208.9264705882353,218.8846153846154,219.0652173913043,220.3055555555555,217.75,202.2045454545454,201.4791666666667,195.6875
207.7638888888889,206.6052631578947,208.5735294117647,218.8076923076923,219.1086956521739,220.3796296296296,217.75,201.6590909090908,201.0625,195.6041666666667
207.8076923076923,206.6578947368421,208.2205882352941,218.6964285714286,219.1521739130435,220.4537037037037,217.75,201.1590909090909,200.7045454545455,195.5208333333333
207.8846153846154,206.7105263157894,207.8676470588235,218.4821428571428,219.195652173913,220.5277777777778,217.75,200.7954545454545,200.5227272727273,195.4375
207.9615384615385,206.7368421052631,207.514705882353,218.2678571428571,219.2391304347826,220.6018518518518,217.7840909090909,200.4318181818181,200.3409090909091,195.3541666666667
208.0384615384615,206.6842105263157,207.1176470588235,218.0535714285714,219.1666666666667,220.6759259259259,217.8295454545455,200.0681818181818,200.1590909090909,195.2708333333333
208.1153846153846,206.6315789473684,206.5882352941176,217.8392857142857,219.0555555555556,220.75,217.875,199.7045454545454,199.9772727272727,195.203125
208.1923076923077,206.578947368421,206.0588235294118,217.625,218.9444444444444,220.8240740740741,217.9204545454546,199.3409090909091,199.7954545454546,195.140625
208.1428571428571,206.5263157894736,205.5294117647059,217.4107142857143,218.8333333333333,220.8981481481482,217.9659090909091,198.75,199.4285714285714,195.078125
207.7142857142857,206.4736842105262,205,217.1388888888889,218.7222222222222,220.9722222222222,218.0113636363636,198.0833333333333,199,195.015625
207.2857142857143,206.4210526315789,204.4705882352941,216.6944444444445,218.6111111111111,221.0462962962963,218.0568181818182,197.4166666666667,198.5714285714286,194.953125
206.8571428571429,206.3684210526315,203.9411764705882,216.25,218.5,221.1203703703704,218.1022727272727,196.9038461538462,198.0416666666667,194.890625
206.125,206.3157894736842,203.4117647058824,215.8055555555556,218.3888888888889,221.1944444444444,218.1477272727273,196.4423076923077,197.2083333333333,194.828125
205.2916666666667,206.2631578947368,202.8823529411765,215.3611111111111,218.2777777777778,221.0833333333334,218.1931818181818,195.9807692307692,196.375,194.765625
