105.7361111111111,102.8522727272727,103.1547619047619,104.825,103.7083333333333,105.1833333333333,104.8166666666666,106.3125,105.1447368421052,111.375
105.7916666666666,103.2613636363636,103.5357142857143,105.125,103.875,105.4499999999999,105.0833333333333,106.5625,105.5657894736842,111.875
105.8472222222222,103.6704545454545,103.9166666666666,105.425,104.0416666666667,105.7166666666666,105.35,106.8125,105.9868421052631,112.375
105.9027777777778,104.0795454545454,104.297619047619,105.725,104.2083333333334,105.9833333333333,105.6166666666667,107.0625,106.4078947368421,112.875
105.9583333333333,104.4886363636363,104.6785714285714,106.025,104.5000000000001,106.25,105.8833333333333,107.3125,106.828947368421,113.3181818181818
106.0138888888889,104.8977272727273,105.0595238095238,106.325,104.8333333333334,106.5166666666667,106.15,107.5625,107.25,113.5909090909091
106.0694444444445,105.3068181818182,105.4404761904762,106.625,105.1666666666667,106.7833333333334,106.4166666666667,107.8125,107.671052631579,113.8636363636364
106.125,105.7159090909091,105.8214285714286,106.925,105.5,107.05,106.6833333333334,108.0625,108.0921052631579,114.1363636363637
106.1805555555556,106.125,106.2023809523809,107.225,106.0625,107.3281250000001,107,108.3611111111111,108.5131578947368,114.4090909090909
106.2361111111111,106.5340909090909,106.5833333333333,107.525,107.3125,107.640625,107.3333333333334,108.8055555555556,108.9342105263158,114.6818181818182
106.4285714285715,106.9431818181818,106.9642857142857,107.8472222222222,108.625,107.9531250000001,107.6666666666667,109.25,109.3421052631579,115.625
106.6666666666667,107.3676470588235,107.34,108.2361111111111,109.8750000000001,108.265625,108.0000000000001,109.6944444444445,109.7105263157895,116.7916666666667
106.9047619047619,107.8382352941177,107.7,108.625,110.375,108.578125,108.3333333333334,110.1388888888889,110.0789473684211,117.9583333333333
107.1428571428572,108.3088235294118,108.06,109.0138888888889,110.875,108.890625,108.6666666666667,110.5833333333333,110.4473684210527,118.4
107.3809523809524,108.7794117647059,108.42,109.4027777777778,111.3750000000001,109.2031250000001,109,111.0277777777778,110.8157894736842,118.6
107.6190476190476,109.25,108.78,109.7916666666667,111.875,109.515625,109.3333333333334,111.4722222222222,111.1842105263158,118.8
107.8571428571429,109.7205882352941,109.14,110.1805555555556,112.2708333333334,109.8472222222223,109.6666666666667,111.9166666666667,111.5526315789474,119
108.0952380952381,110.1911764705882,109.5,110.5694444444445,112.3541666666667,110.2361111111112,110,112.328125,111.921052631579,119.2
108.3333333333334,110.6617647058824,109.86,110.9583333333334,112.4375,110.625,110.3382352941177,112.640625,112.2894736842105,119.4
108.5714285714286,111.1323529411765,110.22,111.3461538461539,112.5208333333334,111.0138888888889,110.6911764705883,112.953125,112.6578947368421,119.6
108.9,111.5961538461539,110.58,111.7307692307693,112.6041666666667,111.4027777777778,111.0441176470589,113.265625,113.0714285714286,119.8125
109.5,112.0576923076923,110.94,112.1153846153846,112.6875000000001,111.7916666666667,111.3970588235295,113.578125,113.5,120.0625
110.1,112.5192307692308,111.3,112.5,112.875,112.1805555555556,111.7500000000001,113.890625,113.9285714285714,120.3125
110.7,112.9807692307693,111.66,112.8846153846154,113.3750000000001,112.5694444444445,112.1029411764706,114.203125,114.3571428571429,120.5625
111.3,113.4423076923077,112,113.2692307692308,113.8750000000001,112.9583333333334,112.4558823529412,114.515625,114.7857142857143,120.9375
111.9,113.9038461538462,112.3333333333334,113.6538461538462,114.375,113.3157894736843,112.8088235294118,114.875,115.2142857142857,121.6875
112.5,114.3461538461539,112.6666666666667,114.0384615384616,114.875,113.5789473684211,113.1617647058824,115.375,115.6428571428572,122.4375
113.1,114.7307692307692,113,114.4230769230769,115.3333333333334,113.8421052631579,113.4807692307693,115.875,116.0714285714286,123.1875
113.75,115.1153846153846,113.3333333333334,114.8076923076923,115.6666666666667,114.1052631578948,113.7884615384616,116.375,116.5,123.8333333333334
114.4166666666667,115.5,113.6666666666667,115.1923076923077,116.0000000000001,114.3684210526316,114.0961538461539,116.875,116.9285714285714,124.1666666666667
115.0833333333333,115.8846153846154,114,115.5769230769231,116.3333333333334,114.6315789473685,114.4038461538462,117.375,117.3478260869565,124.5
115.75,116.2692307692308,114.3333333333333,115.9615384615385,116.6666666666667,114.8947368421053,114.7115384615385,117.8194444444445,117.7391304347826,124.8333333333333
116.4166666666667,116.6538461538462,114.6666666666667,116.3214285714286,117,115.1578947368422,115.0192307692308,118.0972222222222,118.1304347826087,125.1666666666667
117.0833333333333,117.1785714285714,115,116.6071428571429,117.3333333333334,115.421052631579,115.3333333333334,118.375,118.5217391304348,125.5
117.75,117.75,115.3333333333333,116.8928571428572,117.6666666666667,115.6842105263159,115.6666666666667,118.6527777777778,118.9130434782609,125.8333333333334
118.4,118.3214285714286,115.6666666666667,117.1785714285714,118.0000000000001,116.159090909091,116,118.9305555555556,119.304347826087,126.1666666666667
119,118.8928571428572,116,117.4642857142858,118.3333333333334,116.7045454545455,116.3333333333334,119.2083333333334,119.6956521739131,126.55
119.6,119.4642857142857,116.3333333333334,117.75,118.6666666666667,117.25,116.6666666666667,119.4861111111111,120.0869565217392,126.95
120.2,120.0357142857143,116.6666666666667,118.0357142857143,119,117.7954545454546,117.0000000000001,119.7638888888889,120.4782608695652,127.35
120.8,120.6071428571429,117,118.3214285714286,119.3333333333334,118.3409090909091,117.3333333333334,120.0416666666667,120.8695652173913,127.75
121.4,120.8863636363637,117.3306451612903,118.6071428571429,119.6666666666667,118.8166666666667,117.6666666666667,120.3333333333333,121.2608695652174,128.15
122,121.0681818181818,117.6532258064516,118.8928571428572,119.923076923077,119.0833333333334,118.0000000000001,120.6666666666667,121.6521739130435,128.55
122.6,121.25,117.9758064516129,119.1785714285714,120.1538461538462,119.3500000000001,118.3382352941177,121,122.05,128.95
122.9583333333334,121.4318181818182,118.2983870967742,119.52,120.3846153846154,119.6166666666667,118.6911764705883,121.3333333333334,122.45,129.3088235294118
123.2361111111111,121.6136363636364,118.6209677419355,119.88,120.6153846153847,119.8833333333334,119.0441176470589,121.6666666666667,122.85,129.5441176470588
123.5138888888889,121.7954545454546,118.9435483870968,120.24,120.8461538461539,120.15,119.3970588235295,122,123.25,129.7794117647059
123.7916666666667,121.9772727272727,119.2661290322581,120.6,121.0769230769231,120.4166666666667,119.75,122.3666666666667,123.65,130.014705882353
124.0694444444445,122.1590909090909,119.5887096774194,120.96,121.3333333333334,120.6833333333334,120.1029411764706,122.8333333333333,124.05,130.25
124.3472222222222,122.3409090909091,119.9112903225807,121.32,121.6666666666667,121.014705882353,120.4558823529412,123.3,124.45,130.4852941176471
124.625,122.5227272727273,120.233870967742,121.68,122.0000000000001,121.3676470588236,120.8088235294118,123.7666666666667,124.85,130.7205882352941
124.9027777777778,122.7045454545455,120.5564516129033,122.04,122.3333333333334,121.7205882352942,121.1617647058824,124.2333333333333,125.25,130.9558823529412
125.1805555555556,123,120.8790322580645,122.4,122.6666666666667,122.0735294117648,121.5909090909091,124.7,125.65,131.1911764705883
125.4886363636364,123.3333333333334,121.2016129032258,122.76,123,122.4264705882353,122.0454545454546,125.1666666666667,126.0833333333333,131.5961538461539
125.8068181818182,123.6666666666667,121.5241935483871,123.12,123.3333333333334,122.7794117647059,122.5,125.6333333333333,126.5277777777778,132.0576923076923
126.125,124,121.8467741935484,123.48,123.6666666666667,123.1323529411765,122.9545454545455,126.125,126.9722222222222,132.5192307692308
126.4431818181818,124.3333333333333,122.1693548387097,123.8214285714286,124.0500000000001,123.4852941176471,123.409090909091,126.625,127.4166666666667,132.9807692307693
126.7613636363637,124.6666666666667,122.5178571428572,124.1071428571429,124.45,123.8269230769231,123.8636363636364,127.125,127.8611111111111,133.4423076923077
127.0795454545455,125,122.875,124.3928571428572,124.8500000000001,124.1346153846154,124.3181818181819,127.578125,128.3055555555556,133.9038461538462
127.3977272727273,125.3666666666667,123.2321428571429,124.6785714285714,125.2500000000001,124.4423076923077,124.7727272727273,128.015625,128.75,134.3676470588235
127.7159090909091,125.8333333333334,123.5892857142857,124.9642857142857,125.65,124.7500000000001,125.2272727272728,128.453125,129.1944444444445,134.8382352941177
128.0340909090909,126.3,123.9464285714286,125.25,126.0500000000001,125.0576923076924,125.6818181818182,128.890625,129.6388888888889,135.3088235294118
128.3522727272727,126.7666666666667,124.3035714285714,125.5357142857143,126.4500000000001,125.3653846153847,126.1363636363637,129.328125,130.2,135.7794117647059
128.6704545454546,127.2333333333333,124.6607142857143,125.8214285714286,126.7968750000001,125.673076923077,126.5875,129.765625,130.8,136.25
129.125,127.7,125.0178571428572,126.1071428571429,126.984375,125.9750000000001,127.0375000000001,130.203125,131.4,136.7205882352941
129.625,128.1666666666667,125.375,126.3928571428572,127.1718750000001,126.2750000000001,127.4875000000001,130.640625,132,137.1911764705883
130.125,128.6333333333334,125.7321428571429,126.6785714285715,127.359375,126.575,127.9375,130.9107142857143,132.6,137.6617647058824
130.625,128.9642857142858,126.0892857142857,126.9583333333334,127.546875,126.8750000000001,128.3875,131.125,132.9705882352941,138.1323529411765
131.125,129.25,126.4464285714286,127.2361111111111,127.734375,127.1750000000001,128.8375,131.3392857142858,133.264705882353,138.375
131.625,129.5357142857143,126.8035714285714,127.5138888888889,127.921875,127.6666666666667,129.2875000000001,131.5535714285714,133.5588235294118,138.5416666666667
132.125,129.8214285714286,127.1607142857143,127.7916666666667,128.109375,128.2222222222223,129.7375,131.7678571428572,133.8529411764706,138.7083333333333
132.625,130.1071428571429,127.4705882352941,128.0694444444445,128.3522727272727,128.7777777777778,130.1875000000001,131.9821428571429,134.1470588235294,138.875
133,130.3928571428572,127.764705882353,128.3472222222223,128.7613636363637,129.3333333333334,130.6375,132.1964285714286,134.4411764705883,139.0416666666667
133.3333333333334,130.6785714285714,128.0588235294118,128.625,129.1704545454546,129.8500000000001,131.0357142857143,132.625,134.7352941176471,139.2083333333334
133.6666666666667,131.2857142857143,128.3529411764706,128.9027777777778,129.5795454545455,130.2500000000001,131.4166666666667,133.125,135.0294117647059,139.375
134,132,128.6470588235294,129.1805555555556,129.9886363636364,130.65,131.7976190476191,133.625,135.3636363636364,139.5416666666667
134.3333333333333,132.7142857142857,128.9411764705883,129.4166666666667,130.3977272727273,131.0500000000001,132.1785714285715,134.125,135.8181818181818,139.7083333333334
134.6666666666667,133.3035714285714,129.2352941176471,129.6388888888889,130.8068181818182,131.45,132.5595238095239,134.4375,136.2727272727273,139.9807692307693
135.125,133.5178571428571,129.5294117647059,129.8611111111111,131.2159090909091,131.8333333333334,132.9404761904763,134.6875,136.7272727272727,140.2884615384615
135.625,133.7321428571429,129.8416666666667,130.0833333333334,131.625,132.1666666666667,133.3214285714286,134.9375,137.1818181818182,140.5961538461539
136.125,133.9464285714286,130.2083333333334,130.5,132.0340909090909,132.5000000000001,133.702380952381,135.1875,137.6363636363637,140.9038461538462
136.625,134.1607142857143,130.575,131.5,132.4431818181818,132.8333333333334,134.0833333333334,135.4375000000001,137.8571428571429,141.2115384615385
137.125,134.375,130.9416666666667,132.5,132.828125,133.1666666666667,134.4642857142858,135.6875,138,141.5192307692308
137.625,134.5892857142857,131.3083333333334,133.5,133.140625,133.5000000000001,134.8260869565218,135.9375,138.1428571428572,141.7763157894737
138.125,134.8269230769231,131.675,133.525,133.453125,133.8125000000001,135.1304347826087,136.1875,138.2857142857143,141.8815789473684
138.625,135.1346153846154,132.0416666666667,133.225,133.765625,134.0625000000001,135.4347826086957,136.4375,138.4285714285714,141.9868421052632
139,135.4423076923077,132.4083333333334,132.925,134.078125,134.3125000000001,135.7391304347827,136.6875,138.5714285714286,142.0921052631579
139.3333333333334,135.75,132.775,132.625,134.390625,134.5625000000001,136.0434782608696,136.984375,138.7142857142858,142.1973684210526
139.6666666666667,136.0576923076923,133.1416666666667,132.325,134.703125,134.8125000000001,136.3478260869566,137.296875,139.0625,142.3026315789474
140,136.3653846153846,133.5083333333334,132.5568181818182,135.015625,135.0625000000001,136.6521739130435,137.609375,139.4791666666667,142.4078947368421
140.3333333333334,136.6730769230769,133.875,132.9659090909091,135.3214285714286,135.3125000000001,136.9565217391305,137.921875,139.8958333333333,142.5131578947368
140.6666666666667,136.9807692307693,134.2416666666667,133.375,135.6071428571429,135.5625000000001,137.2608695652174,138.234375,140.3125,142.6184210526316
141,137.2884615384615,134.6083333333333,133.7840909090909,135.8928571428572,135.8125000000001,137.5652173913044,138.546875,140.7291666666667,142.7236842105263
141.2708333333333,137.5961538461539,134.975,134.1931818181818,136.1785714285714,136.0625000000001,137.8695652173914,138.859375,141.1458333333334,143.3125
141.3541666666667,137.9038461538462,135.3461538461539,134.6022727272727,136.4642857142858,136.3333333333334,138.1739130434783,139.171875,141.5,144.0625
141.4375000000001,138.2115384615385,135.7307692307693,135.0113636363637,136.75,136.6666666666667,138.5125,139.5,141.8333333333334,144.8125
141.5208333333334,138.5192307692308,136.1153846153846,135.4204545454546,137.0357142857143,137.0000000000001,138.8625000000001,139.8333333333334,142.1666666666667,145.5625
141.6041666666667,138.8269230769231,136.5,135.8295454545455,137.3666666666667,137.3333333333334,139.2125000000001,140.1666666666667,142.5,145.8653846153846
141.6875,139.1346153846154,136.8846153846154,136.2386363636364,137.8333333333334,137.6666666666667,139.5625000000001,140.5,142.8181818181818,146.0192307692308
141.8522727272727,139.4423076923077,137.2692307692308,136.6477272727273,138.3,138.0000000000001,139.9125000000001,140.8333333333334,143.0909090909091,146.173076923077
142.2613636363637,139.75,137.6538461538462,137.0588235294118,138.7666666666667,138.3461538461539,140.2625,141.1666666666667,143.3636363636364,146.3269230769231
142.6704545454546,140.0576923076923,138.0384615384615,137.4705882352941,139.2333333333333,138.7307692307693,140.6125,141.5,143.6363636363637,146.4807692307693
143.0795454545455,140.3653846153846,138.423076923077,137.8823529411765,139.7,139.1153846153846,140.9625000000001,141.8333333333333,143.9090909090909,146.6346153846154
143.4886363636364,140.6730769230769,138.8076923076923,138.2941176470588,140.1666666666667,139.5000000000001,141.3125000000001,142.1666666666667,144.1818181818182,146.7884615384615
143.8977272727273,140.9772727272727,139.1923076923077,138.7058823529412,140.6333333333334,139.8846153846154,141.6625000000001,142.5,144.4642857142857,146.9423076923077
144.3068181818182,141.2803030303031,139.5769230769231,139.1176470588235,140.9375,140.2692307692308,141.9130434782609,142.8333333333334,144.75,147.0961538461539
144.7159090909091,141.5833333333333,139.9615384615385,139.5294117647059,141.1875,140.6538461538462,142.1304347826087,143.1666666666667,145.0357142857143,147.25
145.125,141.8863636363637,140.3461538461539,139.9411764705883,141.4375,140.9130434782609,142.3478260869566,143.4078947368421,145.3214285714286,147.4038461538462
145.5340909090909,142.189393939394,140.7307692307693,140.3375,141.6875,141.1304347826087,142.5652173913044,143.6184210526316,145.6071428571429,147.5576923076923
145.9431818181818,142.4924242424243,141.1153846153846,140.6875,141.9375,141.3478260869566,142.7826086956522,143.8289473684211,145.8928571428572,147.7115384615385
146.3,142.7954545454546,141.5,141.0375,142.1875,141.5652173913044,143.0000000000001,144.0394736842105,146.1785714285714,147.8823529411765
146.5,143.0984848484849,141.8846153846154,141.3875,142.4473684210526,141.7826086956522,143.2173913043479,144.2500000000001,146.4642857142857,148.0588235294118
146.7,143.4015151515152,142.2692307692308,141.7375,142.7105263157895,142,143.4347826086957,144.4605263157895,146.75,148.2352941176471
146.9,143.7045454545455,142.6538461538462,142.0875,142.9736842105263,142.2173913043478,143.6521739130436,144.671052631579,147.0357142857143,148.4117647058824
147.1,144.0075757575758,142.9886363636364,142.4375,143.2368421052632,142.4347826086957,143.8695652173914,144.8815789473684,147.3125,148.5882352941177
147.3,144.3106060606061,143.3068181818182,142.7875,143.5,142.6521739130435,144.0869565217392,145.0921052631579,147.5625,148.764705882353
147.5,144.6136363636364,143.625,143.1375,143.7631578947369,142.8695652173913,144.3214285714286,145.3500000000001,147.8125,148.9411764705883
147.7,144.9166666666667,143.9431818181818,143.4875,144.0263157894737,143.0869565217392,144.6071428571429,145.75,148.0625,149.1176470588236
148.05,145.219696969697,144.2613636363637,143.8333333333333,144.2894736842105,143.3421052631579,144.8928571428572,146.15,148.3125,149.35
148.45,145.5227272727273,144.5795454545455,144.1666666666667,144.5526315789474,143.7105263157895,145.1785714285714,146.55,148.5625,149.75
148.85,145.8,144.8977272727273,144.5,144.8194444444445,144.0789473684211,145.4642857142858,146.95,148.8125,150.15
149.25,146,145.2159090909091,144.8333333333333,145.0972222222223,144.4473684210527,145.7500000000001,147.2833333333334,149.0625,150.55
149.65,146.2,145.5340909090909,145.1666666666667,145.375,144.8157894736842,146.0357142857143,147.4166666666667,149.3125,150.95
150.05,146.4,145.8522727272727,145.5,145.6527777777778,145.1842105263158,146.3214285714286,147.55,149.5625,151.35
150.45,146.6,146.1704545454546,145.8333333333334,145.9305555555556,145.5526315789474,146.6071428571429,147.6833333333333,149.8125,151.75
150.7833333333334,146.8,146.49,146.1666666666667,146.2083333333334,145.921052631579,146.8928571428572,147.8166666666667,150.0625,152.15
150.9166666666667,147,146.81,146.5,146.4861111111111,146.2894736842105,147.1785714285715,147.95,150.3125,152.5
151.05,147.2,147.13,146.8333333333333,146.7638888888889,146.6578947368421,147.4166666666667,148.0833333333334,150.5625,152.8333333333334
151.1833333333334,147.4,147.45,147.1666666666667,147.0416666666667,146.8333333333334,147.6388888888889,148.2166666666667,150.8295454545455,153.1666666666667
151.3166666666667,147.6,147.77,147.5,147.265625,146.9444444444445,147.8611111111111,148.5,151.1477272727273,153.5
151.45,147.8529411764706,148.09,147.825,147.328125,147.0555555555556,148.0833333333334,148.8333333333334,151.4659090909091,153.8333333333334
151.5833333333334,148.264705882353,148.41,148.125,147.390625,147.1666666666667,148.3055555555556,149.1666666666667,151.7840909090909,154.1666666666667
151.7166666666667,148.6764705882353,148.73,148.425,147.453125,147.2777777777778,148.5277777777778,149.5,152.1022727272727,154.5
152.014705882353,149.0882352941177,149.05,148.7250000000001,147.515625,147.3888888888889,148.75,149.8333333333334,152.4204545454546,155.0625
152.3676470588236,149.5,149.37,149.025,147.578125,147.5,148.9722222222223,150.1666666666667,152.7386363636364,156.3125
152.7205882352941,149.9117647058824,149.69,149.325,147.640625,147.6111111111111,149.1944444444445,150.5,153.0568181818182,157.5625
153.0735294117648,150.3235294117648,150.01,149.625,147.703125,147.7222222222223,149.4868421052632,150.8333333333334,153.375,158.8124999999999
153.4264705882353,150.7352941176471,150.3229166666667,149.925,147.7884615384616,147.9166666666667,149.8026315789474,151.1666666666667,153.6931818181819,159.6911764705882
153.7794117647059,151.1470588235294,150.6145833333334,150.225,147.9423076923077,148.1388888888889,150.1184210526316,151.5,154.0113636363637,159.4558823529411
154.1323529411765,151.3793103448276,150.90625,150.525,148.0961538461539,148.3611111111111,150.4342105263158,151.804347826087,154.2941176470589,159.2205882352941
154.4852941176471,151.5517241379311,151.1979166666667,150.7840909090909,148.25,148.5833333333333,150.75,152.0217391304348,154.4705882352941,158.985294117647
154.7875,151.7241379310345,151.4895833333334,150.9204545454546,148.4038461538462,148.8055555555556,151.0657894736842,152.2391304347827,154.6470588235294,158.75
154.9375,151.896551724138,151.78125,151.0568181818182,148.5576923076923,149.0277777777778,151.3815789473684,152.4565217391305,154.8235294117648,158.5147058823529
155.0875,152.0689655172414,152.0729166666667,151.1931818181818,148.7115384615385,149.25,151.6973684210527,152.6739130434783,155,158.2794117647059
155.2375,152.2413793103449,152.3645833333334,151.3295454545455,149.0384615384615,149.4722222222222,152.0131578947369,152.8913043478261,155.1764705882353,158.0441176470588
155.3875,152.4137931034483,152.65625,151.4659090909091,149.423076923077,149.6944444444445,152.3035714285714,153.1086956521739,155.3529411764706,157.8088235294118
155.5375,152.5862068965517,152.9479166666667,151.6022727272727,149.8076923076923,149.9375,152.5178571428572,153.3260869565218,155.5294117647059,157.9
155.6875,152.7586206896552,153.2395833333334,151.7386363636364,150.1923076923077,150.1875,152.7321428571429,153.5434782608696,155.7058823529412,158.1
155.8375,152.9310344827587,153.53125,151.875,150.5769230769231,150.4375,152.9464285714286,153.7608695652174,155.890625,158.3
155.9875,153.1034482758621,153.8,152.0113636363637,150.9615384615385,150.6875,153.1607142857143,153.9782608695652,156.078125,158.5
156.1375,153.2758620689656,154,152.1477272727273,151.2763157894737,150.9375,153.375,154.1956521739131,156.265625,158.7
156.2857142857143,153.448275862069,154.2,152.2794117647059,151.3815789473685,151.1875,153.5892857142858,154.4264705882353,156.453125,158.9
156.4285714285714,153.6206896551724,154.4,152.3970588235294,151.4868421052632,151.4375,153.8125,154.6617647058824,156.640625,159.1
156.5714285714286,153.83,154.6,152.514705882353,151.5921052631579,151.6875,154.0625,154.8970588235294,156.828125,159.3
156.7142857142858,154.15,154.8,152.6323529411765,151.6973684210527,151.9130434782609,154.3125,155.1323529411765,157.015625,159.5
157.5,154.47,155,152.75,151.8026315789474,152.1304347826087,154.5625000000001,155.3676470588235,157.203125,159.7
158.5,154.79,155.2,152.8676470588235,151.9078947368421,152.3478260869566,154.8125,155.6029411764706,157.5,159.95
159.5,155.11,155.4,152.9852941176471,152.0131578947369,152.5652173913044,155.0625,155.8382352941177,157.8333333333333,160.2166666666667
159.675,155.43,155.6,153.1029411764706,152.1184210526316,152.7826086956522,155.3125,156.0735294117648,158.1666666666667,160.4833333333333
159.575,155.75,155.8,153.2205882352941,152.2236842105264,153,155.5625,156.2976190476191,158.5,160.75
159.475,156.0700000000001,156,153.34375,152.4,153.2173913043478,155.8125,156.4880952380953,158.8333333333334,161.0166666666667
159.375,156.39,156.2,153.46875,152.6,153.4347826086957,156.0625,156.6785714285714,159.1666666666667,161.2833333333334
159.275,156.71,156.4,153.59375,152.8,153.6521739130435,156.2875,156.8690476190476,159.5,161.55
160.3,157.03,156.6,153.71875,153,153.8695652173913,156.4375,157.0595238095239,159.8382352941177,161.8611111111111
161.7,157.35,156.7847222222223,153.84375,153.2,154.0869565217392,156.5875,157.25,160.1911764705883,162.3055555555556
162.75,157.67,156.9236111111111,153.96875,153.3928571428572,154.3055555555556,156.7375,157.4404761904762,160.5441176470588,162.75
162.75,157.9827586206897,157.0625,154.09375,153.5833333333334,154.5277777777778,156.8875,157.6309523809524,160.8970588235294,163.1944444444445
162.75,158.2931034482759,157.2013888888889,154.21875,153.7738095238096,154.75,157.0375,157.8214285714286,161.25,163.6388888888889
162.75,158.6034482758621,157.3402777777778,154.34375,153.9642857142857,154.9722222222222,157.1875,158.0119047619048,161.6029411764706,164.125
162.75,158.9137931034483,157.4791666666667,154.46875,154.1547619047619,155.1944444444445,157.3375,158.202380952381,161.9558823529412,164.625
162.75,159.2241379310345,157.6180555555556,154.59375,154.3452380952381,155.4166666666667,157.4875,158.4583333333334,162.3088235294118,165.1250000000001
162.75,159.5344827586208,157.7569444444445,154.71875,154.5357142857143,155.6388888888889,157.6375,158.7361111111111,162.6617647058824,165.625
162.75,159.8448275862069,157.8958333333334,154.9166666666667,154.7261904761905,155.8611111111111,157.7763157894737,159.0138888888889,162.9375,166.125
162.75,160.1551724137931,158.0347222222222,155.1388888888889,154.9166666666667,156.0833333333333,157.8815789473685,159.2916666666667,163.1875,166.625
162.75,160.4655172413793,158.1736111111111,155.3611111111111,155.1071428571429,156.3088235294118,157.9868421052632,159.5694444444445,163.4375,166.796875
162.825,160.7758620689656,158.3125,155.5833333333334,155.3214285714286,156.5441176470588,158.0921052631579,159.8472222222223,163.6875,166.859375
163.125,161.0862068965517,158.4513888888889,155.8055555555556,155.6071428571429,156.7794117647059,158.1973684210527,160.125,163.9375,166.921875
163.425,161.396551724138,158.5902777777778,156.0277777777778,155.8928571428572,157.014705882353,158.3026315789474,160.4027777777778,164.1875,166.984375
163.725,161.7068965517242,158.7291666666667,156.25,156.1785714285714,157.25,158.4078947368421,160.6805555555556,164.4375,167.046875
164.025,162.0172413793104,158.8680555555556,156.4722222222223,156.4642857142857,157.4852941176471,158.5131578947369,160.8467741935484,164.6875,167.109375
164.3333333333334,162.3148148148149,159.0069444444445,156.6944444444445,156.75,157.7205882352941,158.6184210526316,160.9758064516129,164.6875,167.171875
164.6666666666667,162.5740740740741,159.1458333333334,156.87,157.0357142857143,157.9558823529412,158.7236842105263,161.1048387096774,164.6041666666667,167.234375
165,162.8333333333334,159.29375,157.03,157.2777777777778,158.1911764705882,158.6964285714286,161.233870967742,164.5208333333334,167.6785714285714
165.3333333333334,163.0925925925926,159.46875,157.19,157.3888888888889,158.2916666666667,158.625,161.3629032258065,164.4375,168.25
165.6666666666667,163.3518518518519,159.64375,157.35,157.5,158.3472222222223,158.5535714285715,161.491935483871,164.3541666666667,168.8214285714286
166,163.6111111111111,159.81875,157.51,157.6111111111111,158.4027777777778,158.4821428571429,161.6209677419355,164.2708333333334,169.29
166.2794117647059,163.8703703703704,159.99375,157.67,157.7222222222222,158.4583333333334,158.4107142857143,161.75,165.5,169.45
166.3970588235294,164.1296296296297,160.16875,157.83,157.8333333333334,158.5138888888889,158.3392857142858,161.8790322580646,166.7368421052632,169.61
166.514705882353,164.3888888888889,160.34375,157.99,157.9444444444445,158.5694444444445,158.2678571428572,162.0080645161291,166.6842105263158,169.77
166.6323529411765,164.6481481481482,160.51875,158.15,158.0555555555556,158.625,158.5625,162.1370967741936,166.6315789473685,169.93
166.75,164.9074074074074,160.69375,158.31,158.1666666666667,158.6805555555556,158.9791666666667,162.2661290322581,166.5789473684211,170.09
166.8676470588236,165.1666666666667,160.86875,158.47,158.2840909090909,158.7361111111111,159.3958333333334,162.3951612903226,166.5263157894737,170.25
166.9852941176471,165.425925925926,161.04375,158.63,158.4204545454546,158.796875,159.8125,162.5241935483871,166.4736842105264,170.41
167.1029411764706,165.6851851851852,161.21875,158.7857142857143,158.5568181818182,158.859375,160.2291666666667,162.6532258064516,166.421052631579,170.57
167.2205882352942,165.87,161.39375,158.9285714285715,158.6931818181818,158.921875,160.6458333333334,162.8083333333334,166.3684210526316,170.73
167.390625,166.03,161.56875,159.0714285714286,158.8295454545455,158.984375,160.8076923076923,163.0416666666667,166.3157894736842,170.89
167.578125,166.19,161.74375,159.2142857142858,158.9659090909091,159.046875,160.8846153846154,163.275,166.2631578947369,171.05
167.765625,166.35,161.91875,159.3571428571429,159.1022727272727,159.109375,160.9615384615385,163.5083333333334,166.4375,171.21
167.953125,166.51,162.09375,159.5,159.2386363636364,159.171875,161.0384615384615,163.7416666666667,166.6875,171.55
168.140625,166.67,162.26875,159.6428571428572,159.375,159.234375,161.1153846153846,163.975,166.9375,171.95
168.328125,166.83,162.4437500000001,159.7857142857143,159.5113636363637,159.4,161.1923076923077,164.2083333333333,167.1875,172.35
168.515625,166.99,162.61875,159.9285714285714,159.6477272727273,159.6,161.2833333333334,164.4416666666667,167.4375,172.75
168.703125,167.15,162.78125,160.0714285714286,159.7894736842106,159.8,161.4166666666667,164.675,167.6875,173.15
169,167.31,162.90625,160.2142857142857,159.9473684210527,160,161.55,164.9083333333334,167.9375,173.55
169.3333333333333,167.47,163.03125,160.3571428571429,160.1052631578948,160.2,161.6833333333334,165.1416666666667,168.1875,173.95
169.6666666666667,167.6300000000001,163.15625,160.5,160.2631578947369,160.4,161.8166666666667,165.375,168.4107142857143,174.3157894736842
170,167.8157894736842,163.28125,160.6428571428572,160.421052631579,160.6,161.95,165.6083333333333,168.625,174.5789473684211
170.3333333333334,168.0789473684211,163.40625,160.7741935483871,160.5789473684211,160.8,162.0833333333334,165.8416666666667,168.8392857142858,174.8421052631579
170.6666666666667,168.3421052631579,163.53125,160.8709677419355,160.7368421052632,161,162.2166666666667,166.075,169.0535714285714,175.1052631578948
171,168.6052631578948,163.65625,160.9677419354839,160.8947368421053,161.2,162.3928571428572,166.2592592592593,169.2678571428572,175.3684210526316
171.2638888888889,168.8684210526316,163.7727272727273,161.0645161290323,161.0526315789474,161.4,162.5833333333334,166.2962962962963,169.4821428571429,175.6315789473684
171.3194444444445,169.1315789473684,163.8636363636364,161.1612903225807,161.2105263157895,161.6000000000001,162.7738095238096,166.3333333333334,169.6964285714286,175.8947368421053
171.375,169.3947368421053,163.9545454545455,161.2580645161291,161.25,161.7741935483871,162.9642857142857,166.3703703703704,169.625,176.1578947368421
171.4305555555556,169.6578947368421,164.0454545454546,161.3548387096774,161.25,161.8709677419355,163.1547619047619,166.4074074074074,169.4583333333334,176.421052631579
171.4861111111111,169.921052631579,164.1363636363637,161.4516129032259,161.25,161.9677419354839,163.3452380952381,166.4444444444445,169.2916666666667,176.6842105263158
171.5416666666667,170.1842105263158,164.2272727272727,161.5483870967742,161.25,162.0645161290323,163.5357142857143,166.4814814814815,169.125,176.8780487804879
171.5972222222222,170.375,164.3,161.6451612903226,161.25,162.1612903225807,163.7261904761905,166.5185185185185,168.9583333333334,177.0487804878049
171.6527777777778,170.5416666666667,164.3666666666667,161.741935483871,161.25,162.2580645161291,163.9166666666667,166.5555555555556,168.7916666666667,177.219512195122
171.7083333333334,170.7083333333334,164.4333333333333,161.8387096774194,161.2894736842105,162.3548387096774,164.1071428571429,166.5925925925926,168.8125,177.3902439024391
171.8392857142857,170.875,164.5,161.9354838709678,161.3421052631579,162.4516129032259,164.25,166.6296296296296,168.8958333333334,177.5609756097561
172.1964285714286,171.0416666666667,164.5666666666666,162.0322580645162,161.3947368421053,162.5483870967742,164.25,166.6666666666667,168.9791666666667,177.7317073170732
172.5535714285714,171.2083333333334,164.6333333333333,162.1290322580645,161.4473684210527,162.6451612903226,164.25,166.7037037037037,169.0625,177.9024390243903
172.9107142857143,171.375,164.6999999999999,162.2258064516129,161.5,162.741935483871,164.25,166.7407407407408,169.1458333333334,178.0731707317074
173.2678571428572,171.5416666666667,164.8099999999999,162.3611111111111,161.5526315789474,162.8387096774194,164.25,166.890625,169.2291666666667,178.2439024390244
173.625,171.7083333333334,165.0499999999999,162.5092592592593,161.6052631578948,162.9354838709678,164.25,167.078125,169.6590909090909,178.4146341463415
173.9821428571429,171.875,165.2899999999999,162.6574074074074,161.6578947368421,163.0322580645162,164.25,167.265625,170.2045454545455,178.5853658536586
174.264705882353,172.0416666666667,165.5299999999999,162.8055555555556,161.7105263157895,163.1290322580645,164.25,167.453125,170.75,178.7560975609756
174.3235294117648,172.2083333333333,165.77,162.9537037037037,161.7962962962963,163.2258064516129,164.25,167.640625,171.2954545454546,178.9268292682927
174.3823529411765,172.4,166.0099999999999,163.1018518518519,161.9814814814815,163.3076923076923,164.25,167.828125,171.8409090909091,179.0975609756098
174.4411764705883,172.6,166.2499999999999,163.25,162.1666666666667,163.3846153846154,164.25,168.015625,172.3269230769231,179.2682926829269
174.5,172.8,166.49,163.3981481481482,162.3518518518519,163.4615384615385,164.25,168.203125,172.6346153846154,179.4390243902439
174.5588235294118,173,166.7299999999999,163.5462962962963,162.5370370370371,163.5384615384615,164.3076923076923,168.390625,172.9423076923077,179.609756097561
174.6176470588236,173.2,166.9699999999999,163.6944444444445,162.7222222222223,163.6153846153846,164.3846153846154,168.578125,173.25,179.7804878048781
174.6764705882353,173.4,167.21,163.8425925925926,162.9074074074074,163.6923076923077,164.4615384615385,168.765625,173.5576923076923,179.9512195121951
174.7352941176471,173.6,167.4499999999999,163.9907407407408,163.0925925925926,163.7692307692308,164.5384615384616,168.953125,173.8653846153846,180.1219512195122
174.890625,173.8,167.6899999999999,164.1388888888889,163.2777777777778,163.8461538461539,164.6153846153846,169.140625,174.173076923077,180.2697368421053
175.0781250000001,174,167.8023255813953,164.2976190476191,163.462962962963,163.923076923077,164.6923076923077,169.328125,174.4,180.3486842105263
175.265625,174.2,167.8720930232558,164.4880952380952,163.6481481481482,164,164.8125,169.515625,174.6,180.4276315789474
175.453125,174.3035714285715,167.9418604651162,164.6785714285714,163.8333333333334,164.0769230769231,165.0625,169.703125,174.8,180.5065789473685
175.640625,174.375,168.0116279069767,164.8690476190476,164.0185185185185,164.1538461538462,165.3125,169.78,175,180.5855263157895
175.828125,174.4464285714286,168.0813953488371,165.0595238095239,164.2037037037037,164.2307692307693,165.5625,169.82,175.2,180.6644736842105
176.015625,174.5178571428572,168.1511627906976,165.25,164.3785714285715,164.3888888888889,165.8125,169.86,175.4,180.7434210526316
176.203125,174.5892857142858,168.2209302325581,165.4404761904762,164.55,164.5740740740741,166.0625,169.9,175.6,180.8223684210527
176.4583333333334,174.6607142857143,168.2906976744186,165.6309523809524,164.7214285714286,164.7592592592593,166.3125,169.94,175.8,180.9013157894737
176.7361111111111,174.7321428571429,168.360465116279,165.8214285714286,164.8928571428572,164.9444444444445,166.5625,169.98,176,180.9802631578947
177.0138888888889,174.8035714285714,168.4302325581395,166.0119047619048,165.0642857142857,165.1296296296297,166.8125,170.02,176.2,181.0592105263158
177.2916666666667,174.875,168.4999999999999,166.202380952381,165.2357142857143,165.3148148148148,167.0625,170.06,176.4375,181.1381578947369
177.5694444444445,174.9464285714286,168.5697674418604,166.3,165.4071428571429,165.5,167.3409090909092,170.1,176.6875,181.2171052631579
177.8472222222223,175.0178571428572,168.6395348837209,166.3666666666667,165.5785714285715,165.6851851851852,167.7045454545455,170.14,176.9375,181.296052631579
178.125,175.0892857142858,168.7093023255813,166.4333333333334,165.75,165.8703703703704,168.0681818181819,170.18,177.1875,181.375
178.4027777777778,175.1607142857143,168.7790697674418,166.5,165.9214285714286,166.0555555555556,168.4318181818182,170.22,177.4375,181.4539473684211
178.6805555555556,175.2321428571429,168.8488372093023,166.5666666666667,166.0928571428572,166.2407407407408,168.7954545454546,170.2884615384616,177.6875,181.5328947368421
178.75,175.3035714285714,168.9186046511628,166.6333333333334,166.2642857142857,166.425925925926,169.1590909090909,170.4423076923077,177.9375,181.6118421052632
178.75,175.375,168.9883720930232,166.7,166.4357142857143,166.6111111111111,169.3365384615385,170.5961538461539,178.1875,181.6907894736842
178.75,175.4464285714286,169.0581395348837,166.79,166.6071428571429,166.7980769230769,169.4519230769231,170.75,178.4375,181.85
178.75,175.5178571428572,169.1279069767441,166.95,166.7785714285714,166.9903846153846,169.5673076923077,170.9038461538462,178.6875,182.25
178.75,175.5892857142858,169.1976744186046,167.11,166.95,167.1826923076923,169.6826923076923,171.0576923076923,178.8684210526316,182.65
178.75,175.6607142857143,169.2635135135135,167.27,167.1214285714286,167.375,169.798076923077,171.2115384615385,179.0263157894737,183.05
178.75,175.7321428571429,169.3175675675675,167.43,167.3064516129033,167.5673076923077,169.9134615384616,171.3653846153846,179.1842105263158,183.45
178.75,175.825,169.3716216216216,167.59,167.5322580645162,167.7596153846154,170.0288461538462,171.5192307692308,179.3421052631579,183.875
178.8333333333333,175.925,169.4256756756756,167.75,167.7580645161291,167.9519230769231,170.1442307692308,171.673076923077,179.5,184.375
178.9444444444445,176.025,169.4797297297297,167.91,167.983870967742,168.1442307692308,170.2596153846154,171.8269230769231,179.6578947368421,184.875
179.0555555555556,176.125,169.5337837837837,168.0700000000001,168.2096774193549,168.3365384615385,170.375,171.9807692307693,179.8157894736842,185.375
179.1666666666667,176.225,169.5878378378378,168.23,168.4354838709678,168.5288461538462,170.4903846153846,172.1346153846154,179.9736842105263,185.8749999999999
179.2777777777778,176.325,169.6418918918918,168.39,168.6612903225807,168.7211538461539,170.6057692307693,172.2884615384615,180.1315789473684,186.3749999999999
179.3888888888889,176.425,169.6959459459459,168.55,168.8870967741936,168.9134615384616,170.7211538461539,172.4423076923077,180.2916666666667,186.8749999999999
179.5,176.525,169.7499999999999,168.71,169.1129032258065,169.1057692307693,170.84375,172.5961538461539,180.4583333333334,187.2749999999999
179.6111111111111,176.625,169.804054054054,168.87,169.3387096774194,169.3189655172414,170.96875,172.75,180.625,187.3749999999999
179.7222222222223,176.725,169.8581081081081,169.03,169.5645161290323,169.5948275862069,171.09375,172.9038461538462,180.7916666666667,187.475
179.8333333333334,176.825,169.9121621621621,169.19,169.7903225806452,169.8706896551724,171.21875,173.0576923076923,180.9583333333334,187.575
179.9444444444445,176.925,169.9662162162162,169.35,170.0161290322581,170.146551724138,171.34375,173.2115384615385,181.125,187.675
180.0555555555556,177.025,170.0202702702702,169.51,170.241935483871,170.4224137931035,171.46875,173.3951612903226,181.2833333333334,187.775
180.1666666666667,177.125,170.0743243243243,169.67,170.4677419354839,170.698275862069,171.59375,173.5887096774194,181.4166666666667,187.875
180.2619047619048,177.225,170.1283783783783,169.83,170.6935483870968,170.9741379310345,171.71875,173.7822580645162,181.55,187.975
180.3095238095238,177.325,170.1824324324324,169.99,170.975,171.25,171.825,173.9758064516129,181.6833333333333,188.075
180.3571428571429,177.425,170.2364864864864,170.15,171.275,171.5258620689655,171.925,174.1693548387097,181.8166666666667,188.175
180.4047619047619,177.525,170.2767857142856,170.31,171.575,171.8017241379311,172.025,174.3629032258065,181.95,188.2833333333333
180.452380952381,177.625,170.3124999999999,170.47,171.875,172.0775862068966,172.125,174.5564516129032,182.0833333333334,188.4166666666667
180.5,177.7250000000001,170.3482142857142,170.63,172.175,172.3534482758621,172.225,174.75,182.2166666666667,188.55
180.5476190476191,177.8352272727273,170.3839285714285,170.78125,172.475,172.6293103448276,172.325,174.9435483870968,182.4583333333334,188.6833333333334
180.5952380952381,177.9488636363637,170.4196428571428,170.90625,172.775,172.9051724137931,172.425,175.1370967741936,182.7361111111111,188.8166666666667
180.6428571428572,178.0625,170.4553571428571,171.03125,173.075,173.1810344827587,172.525,175.3306451612904,183.0138888888889,188.95
180.6904761904762,178.1761363636364,170.4910714285714,171.15625,173.375,173.6590909090909,172.625,175.5241935483871,183.2916666666667,189.0833333333333
180.7380952380953,178.2897727272727,170.5267857142857,171.28125,173.675,174.2045454545455,172.7250000000001,175.7177419354839,183.5694444444445,189.2166666666667
180.8571428571429,178.4034090909091,170.5624999999999,171.40625,173.9642857142858,174.75,172.9642857142858,175.9112903225807,183.8472222222222,189.35
181,178.5170454545455,170.5982142857142,171.53125,174.25,175.2954545454546,173.25,176.1048387096774,184.125,189.4833333333333
181.1428571428572,178.6306818181819,170.6339285714285,171.65625,174.5357142857143,175.8409090909091,173.5357142857143,176.2569444444445,184.4027777777778,189.6166666666667
181.2857142857143,178.7443181818182,170.6696428571428,171.78125,174.858695652174,176.328125,173.8214285714286,176.2847222222223,184.6805555555556,189.75
181.4285714285714,178.8579545454546,170.7053571428571,171.90625,175.2934782608696,176.640625,174.1071428571429,176.3125,184.8823529411765,189.8833333333334
181.5714285714286,178.9715909090909,170.7410714285714,172.03125,175.7282608695652,176.953125,174.3928571428572,176.3402777777778,185.0588235294118,190.0166666666667
181.7142857142857,179.0852272727273,170.8461538461538,172.15625,176.1630434782609,177.265625,174.6785714285715,176.3680555555556,185.2352941176471,190.15
181.8571428571429,179.1988636363637,170.9743589743589,172.28125,176.5978260869566,177.578125,174.8653846153846,176.3958333333333,185.4117647058824,190.2720588235294
182,179.3125,171.1025641025641,172.40625,177.0326086956522,177.890625,175.0192307692308,176.4236111111111,185.5882352941177,190.3602941176471
182.1428571428571,179.4261363636364,171.2307692307692,172.53125,177.4673913043479,178.203125,175.1730769230769,176.4513888888889,185.764705882353,190.4485294117647
182.2822580645161,179.5397727272727,171.3589743589743,172.65625,177.9021739130435,178.515625,175.3269230769231,176.4791666666667,185.9411764705883,190.5367647058824
182.4112903225806,179.6534090909091,171.4871794871794,172.8068181818182,178.3369565217392,178.8421052631579,175.4807692307693,176.5069444444445,186.1176470588236,190.625
182.5403225806452,179.7670454545455,171.6153846153846,173.0340909090909,178.7717391304348,179.2105263157895,175.6346153846154,176.5347222222223,186.233870967742,190.7132352941177
182.6693548387097,179.8806818181818,171.7435897435897,173.2613636363637,179.2065217391305,179.5789473684211,175.8452380952381,176.5625,186.1693548387097,190.8014705882353
182.7983870967742,179.9943181818182,171.8717948717948,173.4886363636364,179.6413043478261,179.9473684210527,176.2261904761905,176.5902777777778,186.1048387096775,190.889705882353
182.9274193548387,180.1079545454546,171.9999999999999,173.7159090909091,180.1029411764706,180.3157894736842,176.6071428571429,176.6180555555556,186.0403225806452,190.9779411764706
183.0564516129032,180.221590909091,172.1282051282051,173.9431818181818,180.5735294117648,180.6842105263158,176.9880952380953,176.6458333333334,185.9758064516129,191.0661764705883
183.1854838709677,180.4078947368421,172.2564102564102,174.1704545454546,181.0441176470589,181.0526315789474,177.3690476190476,176.6736111111111,185.9112903225807,191.1544117647059
183.3145161290323,180.6184210526316,172.3846153846153,174.3977272727273,181.514705882353,181.421052631579,177.75,176.7013888888889,185.8467741935484,191.2426470588235
183.4435483870968,180.8289473684211,172.5128205128204,174.625,181.9852941176471,181.7894736842105,178.1309523809524,176.7291666666667,185.7822580645162,191.3308823529412
183.5725806451613,181.0394736842105,172.6410256410256,174.8522727272727,182.4558823529412,182.1578947368421,178.5119047619048,176.75,185.7177419354839,191.4191176470588
183.7016129032258,181.25,172.7692307692307,175.0795454545455,182.9264705882353,182.625,178.8928571428572,176.75,185.6532258064516,191.5073529411765
183.8306451612903,181.4605263157895,172.8974358974358,175.2864583333333,183.3970588235294,183.125,179.2738095238096,176.75,185.5887096774194,191.5955882352941
183.9596774193548,181.671052631579,173.025641025641,175.4322916666667,183.8235294117647,183.625,179.654761904762,176.75,185.5241935483871,191.6838235294118
184.0887096774194,181.8815789473685,173.1538461538461,175.578125,184.1176470588235,184.125,180.1,176.75,185.4596774193549,191.7840909090909
184.2177419354839,182.0921052631579,173.3055555555555,175.7239583333333,184.4117647058824,184.625,180.5666666666667,176.75,185.3951612903226,191.9204545454546
184.3125,182.2045454545455,173.5277777777777,175.8697916666667,184.7058823529412,185.0961538461538,181.0333333333334,176.75,185.3306451612904,192.0568181818182
184.3958333333333,182.0227272727273,173.75,176.015625,185,185.5576923076923,181.5,176.75,185.2661290322581,192.1931818181819
184.4791666666667,181.8409090909091,173.9722222222222,176.1614583333333,185.2941176470588,186.0192307692308,181.9666666666667,176.75,185.4166666666667,192.3295454545455
184.5625,181.6590909090909,174.1944444444444,176.3072916666667,185.5882352941177,186.4807692307692,182.4333333333333,176.8863636363636,185.6388888888889,192.4659090909091
184.6458333333333,181.4772727272727,174.4166666666667,176.453125,185.8823529411765,186.9423076923077,182.9,177.0681818181818,185.8611111111111,192.6022727272727
184.7291666666667,181.2954545454545,174.6388888888889,176.5989583333333,186.1764705882353,187.4038461538461,183.3214285714286,177.25,186.0833333333333,192.7386363636364
184.5,181.4285714285714,174.8611111111111,176.7447916666667,186.65,187.975,183.6071428571428,177.4318181818182,186.3055555555556,192.875
184.1666666666667,181.6666666666667,175.0833333333333,176.890625,187.1833333333333,188.875,183.8928571428571,177.6136363636363,186.5277777777778,193.0113636363637
183.8333333333333,181.9047619047619,175.3055555555555,177.0364583333333,187.7166666666666,189.775,184.1785714285714,177.8,186.75,193.1477272727273
184.0227272727273,182.1428571428572,175.5277777777778,177.1822916666667,188.25,190.675,184.4642857142857,178,186.9722222222223,193.28
184.3863636363637,182.3809523809524,175.75,177.328125,188.7833333333333,191.575,184.75,178.2,187.1944444444445,193.4
184.75,182.6190476190476,175.9722222222223,177.4739583333333,189.3166666666667,192.40625,185.0357142857143,178.4,187.37,193.52
185.1136363636364,182.8571428571429,176.1944444444445,177.6197916666667,189.85,193.03125,185.3214285714286,178.6,187.53,193.64
185.4772727272727,183.0952380952381,176.3522727272728,177.765625,190.4375,193.65625,185.6071428571428,178.8035714285715,187.6900000000001,193.76
185.8333333333334,183.3333333333334,176.4886363636364,177.9114583333333,191.1875,194.28125,185.8928571428571,179.0178571428572,187.85,193.88
186.1666666666667,183.5714285714286,176.625,178.0572916666667,191.9375,194.8409090909091,186.1785714285714,179.2321428571429,188.01,194
186.5,183.7771739130435,176.7613636363637,178.203125,192.6875,195.2045454545454,186.5657894736842,179.4464285714286,188.17,194.12
186.8333333333334,183.8858695652174,176.8977272727273,178.3489583333333,193.4375,195.5681818181818,186.9868421052632,179.6607142857143,188.33,194.24
187.1666666666667,183.9945652173913,177.0340909090909,178.4947916666666,194.1875,195.9318181818182,187.4078947368421,179.875,188.49,194.36
187.5,184.1032608695652,177.1704545454546,178.640625,194.9038461538462,196.2954545454546,187.828947368421,180.0892857142857,188.65,194.48
187.8333333333333,184.2119565217391,177.3068181818182,178.7941176470588,195.5192307692308,196.6590909090909,188.25,180.2644230769231,188.81,194.6
188.1666666666667,184.3206521739131,177.4431818181818,178.9705882352941,196.1346153846154,197.35,188.6710526315789,180.3221153846154,188.97,194.72
188.203125,184.4293478260869,177.5795454545455,179.1470588235294,196.75,198.15,189.0921052631579,180.3798076923077,189.13,194.7954545454545
188.140625,184.5380434782609,177.7159090909091,179.3235294117647,197.3653846153846,198.95,189.5131578947368,180.4375,189.2727272727273,194.8560606060606
188.078125,184.6467391304348,177.75,179.5,197.9807692307692,199.75,189.9342105263158,180.4951923076923,189.3636363636364,194.9166666666667
188.015625,184.7554347826087,177.75,179.6764705882353,198.5961538461538,200.55,190.3690476190476,180.5528846153846,189.4545454545455,194.9772727272727
187.953125,184.8641304347826,177.75,179.8529411764706,199.078125,201.35,190.8452380952381,180.6105769230769,189.5454545454546,195.0378787878788
187.890625,184.9728260869566,177.75,180.0294117647059,199.515625,202.15,191.3214285714286,180.6682692307692,189.6363636363637,195.0984848484849
187.828125,185.0815217391304,177.75,180.2058823529412,199.953125,202.9090909090909,191.797619047619,180.7259615384615,189.7272727272727,195.1590909090909
187.765625,185.1902173913044,177.75,180.3823529411765,200.390625,203.5454545454546,192.2738095238095,180.7836538461539,189.8181818181818,195.219696969697
187.8522727272727,185.2989130434783,177.75,180.5588235294117,200.828125,204.1818181818182,192.75,180.8413461538462,189.9090909090909,195.2803030303031
187.9886363636364,185.4076086956522,177.75,180.735294117647,201.265625,204.8181818181818,193.2261904761904,180.8990384615385,190,195.3409090909091
188.125,185.5163043478261,177.75,180.9117647058823,201.703125,205.4545454545455,193.7023809523809,180.9567307692308,190.0909090909091,195.4015151515152
188.2613636363636,185.625,177.75,181.0882352941176,202.140625,206.0909090909091,194.1785714285714,181.0144230769231,190.1818181818182,195.4621212121212
188.3977272727273,185.7336956521739,177.75,181.2647058823529,202.5909090909091,206.7115384615385,194.6547619047619,181.0721153846154,190.3214285714286,195.5227272727273
188.5340909090909,185.8423913043478,177.75,181.4411764705882,203.0454545454546,207.3269230769231,195.1309523809524,181.1298076923077,190.6071428571429,195.5833333333333
188.6704545454546,185.9510869565217,177.7767857142857,181.6176470588235,203.5,207.9423076923077,195.5588235294117,181.1875,190.8928571428572,195.6439393939394
188.8068181818182,186.0597826086957,177.8839285714286,181.8055555555555,203.9545454545454,208.5576923076923,195.9705882352941,181.2451923076923,191.1785714285715,195.7045454545454
188.9431818181818,186.1684782608696,177.9910714285715,182.0277777777778,204.4090909090909,209.1730769230769,196.3823529411765,181.3028846153846,191.264705882353,195.8
189.0795454545454,186.2560975609756,178.0982142857143,182.25,204.75,209.7884615384615,196.7941176470588,181.3605769230769,191.2843137254902,196
189.2159090909091,186.2804878048781,178.2053571428572,182.4722222222222,204.75,210.3035714285714,197.2058823529412,181.4182692307693,191.3039215686275,196.2
189.296875,186.3048780487805,178.3125000000001,182.6944444444445,204.75,210.5178571428571,197.6176470588235,181.4759615384615,191.3235294117648,196.4
189.359375,186.3292682926829,178.4196428571429,182.9166666666667,204.75,210.7321428571428,198.0294117647059,181.5336538461538,191.343137254902,196.6
189.421875,186.3536585365854,178.5267857142857,183.1388888888889,204.75,210.9464285714286,198.4411764705882,181.5913461538462,191.3627450980393,196.8
189.484375,186.3780487804878,178.6339285714286,183.3611111111111,204.7142857142857,211.1607142857142,198.8181818181818,181.6490384615385,191.3823529411765,197
189.546875,186.4024390243902,178.7410714285714,183.5833333333333,204.5714285714286,211.375,199.0909090909091,181.7067307692308,191.4019607843137,197.2
189.609375,186.4268292682927,178.8482142857143,183.7592592592593,204.4285714285714,211.5892857142857,199.3636363636363,181.7723214285714,191.421568627451,197.4
189.671875,186.4512195121951,178.9553571428572,183.7962962962963,204.2857142857143,211.8409090909091,199.6363636363636,181.8616071428572,191.4411764705883,197.6
189.734375,186.4756097560976,179.0625,183.8333333333333,204.53125,212.2045454545454,199.9090909090909,181.9508928571429,191.4607843137255,197.7870370370371
189.4615384615385,186.5,179.1696428571429,183.8703703703704,204.90625,212.5681818181818,200.1818181818182,182.0401785714286,191.4803921568628,197.9351851851852
189.076923076923,186.5243902439024,179.3020833333333,183.9074074074074,205.28125,212.9318181818182,200.4545454545454,182.1294642857143,191.5,198.0833333333333
188.6923076923077,186.5487804878049,179.5104166666667,183.9444444444445,205.65625,213.2954545454545,200.7272727272727,182.21875,191.5196078431373,198.2314814814815
188.3076923076923,186.5731707317073,179.71875,183.9814814814815,205.84375,213.6590909090909,201,182.3080357142857,191.5392156862745,198.3796296296296
187.9230769230769,186.5975609756098,179.9270833333334,184.0185185185185,205.96875,213.8,201.2727272727273,182.3973214285714,191.5588235294118,198.5277777777778
187.5384615384615,186.6219512195122,180.1354166666667,184.0555555555555,206.09375,213.8666666666666,201.5454545454545,182.4866071428572,191.5784313725491,198.6759259259259
187.0312499999999,186.6463414634146,180.34375,184.0925925925926,206.21875,213.9333333333333,201.765625,182.5758928571429,191.5980392156863,198.8240740740741
186.1562499999999,186.6707317073171,180.5520833333334,184.1296296296296,206.0625,214,201.828125,182.6651785714286,191.6176470588236,198.9722222222222
185.2812499999999,186.6951219512195,180.7604166666667,184.1666666666667,205.8125,214.0666666666666,201.890625,182.7544642857143,191.6372549019608,199.1203703703704
184.4062499999999,186.719512195122,180.96875,184.2037037037037,205.5625,214.1333333333333,201.953125,182.84375,191.6568627450981,199.2685185185185
183.6363636363636,186.7439024390244,181.1770833333333,184.2407407407408,205.3125,214.2,202.015625,182.9330357142857,191.6764705882353,199.4166666666667
183.1818181818182,186.8142857142857,181.3854166666667,184.23125,205.25,214.1562499999999,202.0781249999999,183.0223214285714,191.6960784313726,199.5648148148148
182.7272727272727,186.9,181.59375,184.20625,205.25,213.7812499999999,202.140625,183.1116071428572,191.7156862745098,199.712962962963
182.2727272727273,186.9857142857143,181.7569444444445,184.18125,205.25,213.4062499999999,202.203125,183.2008928571429,191.7352941176471,199.8225806451613
181.8181818181818,187.0714285714286,181.7847222222223,184.15625,205.25,213.0312499999999,202.1944444444444,183.2901785714286,191.78,199.9193548387097
181.3636363636363,187.1571428571429,181.8125,184.13125,205.25,212.6562499999999,201.9722222222222,183.3794642857143,191.9,200.0161290322581
181.3035714285714,187.2428571428572,181.8402777777778,184.10625,205.2083333333333,212.2812499999999,201.75,183.46875,192.02,200.1129032258065
181.375,187.3285714285714,181.8680555555556,184.08125,205.0416666666667,211.9062499999999,201.5277777777777,183.5580357142857,192.14,200.2096774193548
181.4464285714286,187.4142857142857,181.8958333333333,184.05625,204.875,211.5312499999999,201.3055555555555,183.6473214285714,192.26,200.3064516129032
181.5178571428571,187.5,181.9236111111111,184.03125,204.5,211.0961538461538,201.0833333333333,183.7366071428572,192.3800000000001,200.4032258064516
181.5892857142857,187.5857142857143,181.9513888888889,184.00625,204.25,210.4807692307691,200.8611111111111,183.8258928571429,192.5,200.5
181.6607142857143,187.6714285714286,181.9791666666667,183.98125,204.25,209.8653846153845,200.6388888888889,183.9151785714286,192.62,200.5967741935484
181.7321428571429,187.7571428571429,182.0069444444445,183.95625,204.25,209.2499999999999,200.4166666666666,184.0044642857143,192.74,200.6935483870968
182.1875,187.8428571428571,182.0347222222222,183.93125,204.25,208.6346153846153,200.1470588235294,184.09375,192.86,200.7903225806452
182.7708333333333,187.9285714285714,182.0625,183.90625,204.25,208.0192307692307,199.735294117647,184.1830357142857,192.98,200.8870967741936
183.3541666666667,188.0142857142857,182.0902777777778,183.88125,204.25,207.4038461538461,199.3235294117647,184.2692307692307,193.1,200.983870967742
183.9375,188.1,182.1180555555556,183.85625,204,206.7884615384615,198.9117647058823,184.3461538461538,193.22,201.0806451612904
184.5208333333333,188.1857142857143,182.1458333333334,183.83125,203,206.1730769230768,198.5,184.4230769230769,193.3333333333333,201.1774193548387
185.1041666666667,188.275,182.1736111111111,183.80625,202,205.5576923076923,198.0882352941176,184.5,193.4444444444445,201.2619047619048
185.8846153846154,188.375,182.2013888888889,183.78125,201.5,204.9423076923077,197.6764705882352,184.5769230769231,193.5555555555556,201.3095238095239
186.7307692307692,188.475,182.2291666666667,183.75625,201.1666666666667,204.326923076923,197.2647058823529,184.6538461538462,193.6666666666667,201.3571428571429
187.5769230769231,188.575,182.2848837209303,183.7291666666667,200.8333333333333,203.7115384615385,196.8529411764706,184.7307692307692,193.7777777777778,201.404761904762
188.4230769230769,188.675,182.4244186046512,183.7013888888889,200.1875,203.125,196.4772727272727,184.8076923076923,193.8888888888889,201.452380952381
189.2692307692308,188.775,182.5639534883721,183.6736111111111,199.4375,202.625,196.1136363636363,184.8846153846154,194,201.5
190.1153846153846,188.875,182.703488372093,183.6458333333333,198.6875,202.125,195.75,184.9615384615385,194.1111111111111,201.5476190476191
190.7857142857143,188.975,182.843023255814,183.6180555555555,197.9375,201.625,195.3863636363636,185.0384615384615,194.2222222222223,201.5952380952381
190.9285714285714,189.075,182.9825581395349,183.5902777777778,197.1875,201.125,195.0227272727273,185.1153846153846,194.325,201.6428571428572
191.0714285714286,189.175,183.1220930232558,183.5625,196.4375,200.6666666666667,194.6590909090909,185.1923076923077,194.425,201.6904761904762
191.2142857142857,189.275,183.2616279069768,183.5347222222222,195.8409090909091,200.3333333333333,194.2954545454545,185.2692307692308,194.525,201.7380952380953
191.3571428571429,189.375,183.4011627906977,183.5069444444445,195.2954545454546,200,193.9318181818181,185.3461538461538,194.625,201.923076923077
191.5,189.475,183.5406976744186,183.4791666666667,194.75,199.6666666666666,193.5681818181818,185.4230769230769,194.725,202.1538461538462
191.6428571428571,189.575,183.6802325581396,183.4513888888889,194.2045454545454,199.3333333333333,193.2045454545454,185.5,194.825,202.3846153846154
191.8392857142857,189.675,183.8197674418605,183.4236111111111,193.6590909090909,199,192.8409090909091,185.5769230769231,194.925,202.6153846153846
192.1964285714286,189.7556818181818,183.9593023255814,183.3958333333333,193.1,198.6333333333333,192.4411764705882,185.6538461538461,195.025,202.8461538461539
192.5535714285714,189.7784090909091,184.0988372093024,183.3680555555556,192.5,198.1666666666666,192.0294117647059,185.7307692307692,195.125,203.0769230769231
192.9107142857143,189.8011363636363,184.2383720930233,183.3402777777778,191.9,197.7,191.6176470588235,185.8571428571429,195.225,203.2672413793104
193.2678571428571,189.8238636363636,184.3779069767442,183.3125,191.3,197.2333333333333,191.2058823529412,186,195.325,203.3362068965517
193.625,189.8465909090909,184.5174418604651,183.2847222222222,190.7,196.7666666666667,190.7941176470588,186.1428571428571,195.425,203.4051724137931
193.9821428571428,189.8693181818182,184.6569767441861,183.2569444444444,190.1,196.3,190.3823529411764,186.2857142857143,195.525,203.4741379310345
194.2291666666667,189.8920454545455,184.796511627907,183.265,189.5,195.8333333333333,189.9705882352941,186.4285714285714,195.625,203.5431034482759
194.1458333333333,189.9147727272727,184.9360465116279,183.285,188.9,195.3666666666666,189.5588235294117,186.5714285714286,195.725,203.6120689655172
194.0625,189.9375,185.0755813953488,183.305,188.7,195.0625,189.2361111111111,186.7142857142857,195.75,203.6810344827586
193.9791666666667,189.9602272727273,185.2151162790698,183.325,188.6333333333333,194.8124999999999,189.1805555555555,186.8571428571429,195.75,203.75
193.8958333333333,189.9829545454546,185.2894736842105,183.345,188.5666666666667,194.5625,189.125,187,195.75,203.45
193.8125,190.0056818181818,185.3421052631579,183.365,188.5,194.3125,189.0694444444444,187.1428571428571,195.75,203.15
193.7763157894737,190.0284090909091,185.3947368421053,183.385,188.4333333333333,194.0625,189.0138888888889,187.2857142857143,195.7857142857143,202.85
193.8815789473684,190.0511363636364,185.4473684210527,183.405,188.3666666666666,193.8125,188.9583333333333,187.4285714285714,195.9285714285714,202.55
193.9868421052632,190.0738636363636,185.5,183.425,188.3,193.35,188.9027777777777,187.5714285714286,196.0714285714286,202.25
194.0921052631579,190.0965909090909,185.5526315789474,183.445,188.2307692307692,192.8166666666666,188.8472222222222,187.7142857142857,196.2142857142858,202.375
194.1973684210526,190.1193181818182,185.6052631578947,183.465,188.1538461538461,192.2833333333333,188.7916666666667,187.7875,196.3571428571429,202.5
194.3026315789474,190.1420454545454,185.6578947368421,183.485,188.076923076923,191.75,188.625,187.8375,196.5,202.625
194.4078947368421,190.1647727272727,185.7105263157895,183.505,188,191.2166666666666,188.125,187.8875,196.6428571428572,202.75
194.5131578947368,190.1875,185.7631578947369,183.525,187.9230769230769,190.6833333333333,187.625,187.9375,196.7731481481482,202.875
194.6184210526316,190.2102272727273,185.8157894736842,183.545,187.8461538461538,190.15,187.125,187.9875,196.8657407407408,203
194.7236842105263,190.2329545454545,185.8684210526316,183.565,187.7692307692307,189.6607142857142,186.625,188.0375,196.9583333333334,203.125
194.7125,190.28125,185.921052631579,183.585,187.6818181818182,189.3035714285714,186.21875,188.0875,197.050925925926,203.25
194.6625,190.40625,185.9736842105264,183.605,187.5909090909091,188.9464285714286,186.09375,188.1375,197.1435185185185,203.375
194.6125,190.53125,186.0263157894737,183.625,187.5,188.5892857142857,185.96875,188.1875,197.2361111111111,203.5
194.5625,190.65625,186.0789473684211,183.645,187.4090909090909,188.2321428571428,185.84375,188.2375,197.3287037037038,203.625
194.5125,190.78125,186.1315789473684,183.665,187.3181818181818,187.875,185.7187499999999,188.2875,197.4212962962963,203.75
194.4625,190.90625,186.1842105263158,183.685,187.2142857142857,187.5178571428571,185.59375,188.3375,197.5138888888889,203.875
194.4125,191.03125,186.2368421052632,183.705,187.0714285714286,187.2272727272727,185.46875,188.3875,197.6064814814815,204
194.3625,191.15625,186.4078947368421,183.725,186.9285714285714,187.1363636363636,185.34375,188.4375,197.6990740740741,204.125
194.3125,191.28125,186.6184210526316,183.745,186.7857142857143,187.0454545454545,185.21875,188.4875,197.7916666666667,204.25
194.2625,191.40625,186.8289473684211,183.7265625,186.6428571428571,186.9545454545454,185.09375,188.5375,197.8842592592593,204.2773972602739
194.31,191.53125,187.0394736842105,183.6953125,186.5,186.8636363636363,184.96875,188.5875,197.9768518518519,204.3047945205479
194.39,191.65625,187.25,183.6640625,186.3571428571428,186.7727272727273,184.84375,188.6375,198.0694444444445,204.3321917808219
194.47,191.7682926829268,187.4605263157895,183.6328125,186.1964285714285,186.5625,184.7327586206896,188.6875,198.1620370370371,204.3595890410959
194.55,191.8414634146341,187.671052631579,183.6015625,185.9821428571428,186.3124999999999,184.6637931034482,188.7375,198.2546296296296,204.3869863013698
194.63,191.9146341463415,187.8815789473684,183.5703125,185.7678571428571,186.0625,184.5948275862069,188.7659574468085,198.3472222222223,204.4143835616438
194.71,191.9878048780488,188.0921052631579,183.5390625,185.5535714285714,185.8124999999999,184.5258620689655,188.7872340425532,198.4398148148148,204.4417808219178
194.79,192.0609756097561,188.2368421052632,183.5078125,185.3392857142857,185.5624999999999,184.4568965517241,188.8085106382979,198.5324074074074,204.4691780821918
194.87,192.1341463414634,188.1842105263158,183.4765625,185.125,185.3124999999999,184.3879310344827,188.8297872340426,198.625,204.4965753424657
194.95,192.2073170731707,188.1315789473684,183.4453125,184.9107142857143,185.0921052631578,184.3189655172413,188.8510638297872,198.7175925925926,204.5239726027397
195.03,192.280487804878,188.0789473684211,183.4140625,184.725,184.8815789473684,184.25,188.8723404255319,198.8101851851852,204.5513698630137
195.11,192.3536585365854,188.0263157894737,183.3828125,184.625,184.6710526315789,184.1810344827586,188.8936170212766,198.9027777777778,204.5787671232877
195.19,192.4268292682927,187.9736842105264,183.3515625,184.525,184.4605263157894,184.1120689655172,188.9148936170213,198.9953703703704,204.6061643835616
195.2708333333333,192.5,187.921052631579,183.3203125,184.425,184.2499999999999,184.0431034482758,188.9361702127659,199.087962962963,204.6335616438357
195.3541666666667,192.5731707317073,187.8684210526316,183.2890625,184.325,184.0394736842105,183.9741379310345,188.9574468085106,199.1805555555556,204.6609589041096
195.4375,192.6463414634146,187.8157894736842,183.2578125,184.225,183.828947368421,183.9051724137931,188.9787234042553,199.2708333333334,204.6883561643836
195.5208333333333,192.719512195122,187.7631578947368,183.2983870967742,184.125,183.6184210526315,183.8362068965517,189,199.3541666666667,204.7157534246575
195.6041666666667,192.7926829268293,187.9285714285715,183.3629032258065,184.025,183.4078947368421,183.7672413793103,189.0212765957447,199.4375,204.7431506849315
195.6875,192.8658536585366,188.1666666666667,183.4274193548387,183.925,183.23,183.6982758620689,189.0425531914894,199.5208333333334,204.7216981132076
195.7708333333333,192.9390243902439,188.4047619047619,183.491935483871,183.825,183.1499999999999,183.6293103448276,189.0638297872341,199.6041666666667,204.683962264151
195.8541666666667,193.0121951219512,188.6428571428572,183.5564516129032,183.7166666666666,183.0699999999999,183.5603448275862,189.0851063829787,199.6875,204.6462264150944
195.9375,193.0853658536585,188.8809523809524,183.6209677419355,183.5833333333333,182.99,183.4913793103448,189.1063829787234,199.7708333333334,204.6084905660378
196.0208333333333,193.1585365853659,189.1190476190476,183.6854838709677,183.45,182.9099999999999,183.4224137931034,189.1276595744681,199.8541666666667,204.5707547169812
196.1041666666667,193.2317073170732,189.3571428571429,183.75,183.3166666666667,182.83,183.353448275862,189.1489361702128,199.9375000000001,204.5330188679245
196.1875,193.3066037735849,189.5952380952381,183.8145161290323,183.1833333333333,182.7499999999999,183.2844827586207,189.1702127659574,200.0208333333334,204.4952830188679
196.2857142857143,193.3820754716981,189.8333333333333,183.8790322580645,183.05,182.67,183.2155172413793,189.1914893617021,200.1041666666667,204.4575471698113
196.4285714285714,193.4575471698113,190.0714285714286,183.9435483870968,182.9166666666667,182.5899999999999,183.1465517241379,189.2127659574468,200.1875,204.4198113207547
196.5714285714286,193.5330188679245,190.2741935483871,184.0080645161291,182.7833333333333,182.5099999999999,183.0775862068965,189.2340425531915,200.2708333333334,204.3820754716981
196.7142857142857,193.6084905660377,190.3709677419355,184.0725806451613,182.7142857142857,182.4299999999999,183.0086206896551,189.2926829268293,200.3541666666667,204.3443396226415
196.8571428571429,193.6839622641509,190.4677419354839,184.1370967741935,182.6666666666667,182.3499999999999,182.9396551724138,189.4634146341463,200.4375,204.3066037735849
197,193.7594339622642,190.5645161290323,184.2016129032258,182.6190476190476,182.2699999999999,182.8706896551724,189.6341463414634,200.5208333333334,204.2688679245283
197.1428571428572,193.8349056603773,190.6612903225807,184.2738095238095,182.5714285714286,182.1982758620689,182.801724137931,189.8048780487805,200.6041666666667,204.3026315789473
197.2857142857143,193.9103773584906,190.7580645161291,184.3690476190476,182.5238095238095,182.1293103448275,182.7613636363636,189.9756097560976,200.6875,204.4078947368421
197.4285714285714,193.9858490566038,190.8548387096774,184.4642857142857,182.4761904761904,182.0603448275862,182.8068181818182,190.1463414634146,200.7708333333333,204.5131578947368
197.5714285714286,194.061320754717,190.9516129032258,184.5595238095238,182.4285714285714,181.9913793103448,182.8522727272727,190.3170731707317,200.8541666666667,204.6184210526316
197.7142857142858,194.1367924528302,191.0483870967742,184.6547619047619,182.3809523809524,181.9224137931034,182.8977272727273,190.4878048780488,200.9375,204.7236842105263
197.7788461538462,194.2122641509434,191.1451612903226,184.75,182.3333333333333,181.853448275862,182.9431818181818,190.6585365853659,201.0208333333333,204.828947368421
197.8173076923077,194.2877358490566,191.241935483871,184.8452380952381,182.2857142857142,181.7844827586206,182.9886363636363,190.8292682926829,201.1041666666667,204.9342105263158
197.8557692307693,194.3632075471698,191.3387096774194,184.9404761904762,182.2727272727273,181.7155172413792,183.0340909090909,191,201.1875,205.0394736842105
197.8942307692308,194.438679245283,191.4354838709678,185.0357142857143,182.3636363636363,181.6465517241379,183.0795454545454,191.1707317073171,201.2870370370371,205.1447368421053
197.9326923076923,194.5141509433962,191.5322580645162,185.1309523809524,182.4545454545454,181.5775862068965,183.125,191.3414634146341,201.4351851851852,205.25
197.9711538461539,194.5896226415094,191.6290322580645,185.2261904761905,182.5454545454545,181.5086206896551,183.1704545454545,191.5121951219512,201.5833333333333,205.3552631578947
198.0096153846154,194.6650943396226,191.7258064516129,185.3214285714286,182.6363636363636,181.4396551724137,183.2159090909091,191.6829268292683,201.7314814814815,205.4605263157895
198.048076923077,194.7405660377358,191.8076923076923,185.4166666666667,182.7272727272727,181.3706896551724,183.2844827586206,191.8536585365854,201.8796296296296,205.5657894736842
198.0865384615385,194.8160377358491,191.8846153846154,185.5119047619048,182.796875,181.301724137931,183.4224137931034,192.0243902439024,202.0277777777778,205.671052631579
198.125,194.8915094339623,191.9615384615385,185.6071428571429,182.859375,181.2844827586206,183.5603448275862,192.1951219512195,202.1759259259259,205.7916666666667
198.1634615384615,194.9669811320755,192.0384615384616,185.7023809523809,182.921875,181.4224137931034,183.698275862069,192.3658536585366,202.3240740740741,205.9583333333334
198.2019230769231,195.0424528301887,192.1153846153846,185.7976190476191,182.984375,181.5603448275861,183.8362068965517,192.5365853658537,202.4722222222222,206.125
198.2403846153846,195.1179245283019,192.1923076923077,185.8928571428571,183.046875,181.6982758620689,183.9741379310345,192.7073170731707,202.6203703703704,206.2916666666667
198.3365384615385,195.1933962264151,192.2692307692308,185.9880952380952,183.109375,181.8362068965516,184.1120689655172,192.8269230769231,202.7685185185185,206.4583333333334
198.4519230769231,195.265625,192.3461538461539,186.0833333333333,183.171875,181.9741379310344,184.25,192.9294871794872,202.9166666666667,206.625
198.5673076923077,195.328125,192.423076923077,186.1785714285714,183.234375,182.1120689655172,184.3879310344827,193.0320512820513,203.0648148148148,206.7916666666667
198.6826923076923,195.390625,192.5,186.28125,183.4166666666666,182.2499999999999,184.5258620689655,193.1346153846154,203.212962962963,206.9583333333334
198.798076923077,195.453125,192.5769230769231,186.40625,183.6388888888889,182.3879310344827,184.6637931034482,193.2371794871795,203.19375,207.125
198.9134615384615,195.515625,192.6538461538462,186.53125,183.8611111111111,182.5258620689655,184.801724137931,193.3397435897436,203.11875,207.2383720930233
199.0288461538462,195.578125,192.7307692307693,186.65625,184.0833333333333,182.6637931034482,184.9396551724138,193.4423076923077,203.04375,207.1918604651163
199.1442307692308,195.640625,192.8478260869566,186.78125,184.2857142857143,182.801724137931,185.0775862068965,193.5448717948718,202.96875,207.1453488372093
199.2596153846154,195.703125,192.9782608695652,186.90625,184.4285714285714,182.9396551724137,185.2155172413793,193.6474358974359,202.89375,207.0988372093024
199.375,195.7738095238095,193.108695652174,187.03125,184.5714285714286,183.0775862068965,185.3888888888889,193.75,202.81875,207.0523255813953
199.4903846153846,195.8690476190476,193.2391304347827,187.15625,184.7142857142857,183.2155172413792,185.574074074074,193.8525641025641,202.74375,207.0058139534884
199.6057692307693,195.9642857142857,193.3695652173913,187.28125,184.4285714285714,183.3684210526315,185.7592592592592,193.9551282051282,202.66875,206.9593023255814
199.7211538461539,196.0595238095238,193.5,187.40625,184,183.5263157894736,185.9444444444444,194.0576923076923,202.5937500000001,206.9127906976744
199.7788461538462,196.1547619047619,193.6304347826087,187.53125,183.5714285714286,183.6842105263157,186.1296296296296,194.1602564102564,202.51875,206.8662790697674
199.8173076923077,196.25,193.7608695652174,187.65625,183.3214285714286,183.8421052631578,186.3148148148148,194.2628205128205,202.44375,206.8197674418604
199.8557692307693,196.3452380952381,193.8913043478261,187.78125,183.6071428571428,183.9999999999999,186.4999999999999,194.3653846153846,202.36875,206.7732558139535
199.8942307692308,196.4404761904762,194.0217391304348,187.90625,183.8928571428571,184.1578947368421,186.6851851851852,194.4679487179487,202.29375,206.7177419354839
199.9326923076923,196.5357142857143,194.1521739130435,188.03125,184.1785714285714,184.3157894736842,186.8703703703703,194.5705128205128,202.21875,206.6532258064516
199.9711538461539,196.6309523809524,194.2826086956522,188.15625,184.75,184.4736842105262,187.0555555555555,194.6730769230769,202.14375,206.5887096774194
200.0096153846154,196.7261904761905,194.4130434782609,188.28125,185.4166666666666,184.6315789473684,187.2407407407407,194.7608695652174,202.0687500000001,206.5241935483871
200.048076923077,196.7159090909091,194.5434782608696,188.40625,186.0833333333333,184.7702702702702,187.4259259259259,194.804347826087,201.99375,206.4596774193548
200.0865384615385,196.6704545454546,194.6739130434783,188.53125,186.2894736842105,184.8513513513513,187.6111111111111,194.8478260869565,201.91875,206.3951612903226
200.125,196.625,194.804347826087,188.65625,186.3421052631579,184.9324324324324,187.7619047619047,194.8913043478261,201.84375,206.3306451612904
200.1634615384615,196.5795454545454,194.9347826086957,188.8068181818182,186.3947368421052,185.0135135135135,187.8095238095238,194.9347826086956,201.76875,206.2661290322581
200.2019230769231,196.5340909090909,195.0652173913044,189.0340909090909,186.4473684210526,185.0945945945946,187.8571428571428,194.9782608695652,201.6976744186047,206.0526315789474
200.2403846153846,196.4886363636364,195.1956521739131,189.2613636363636,186.5,185.1756756756756,187.9047619047619,195.0217391304348,201.6279069767442,205.7894736842105
200.25,196.4431818181818,195.3260869565217,189.4886363636364,186.5526315789473,185.2567567567567,187.9523809523809,195.0652173913043,201.5581395348838,205.5263157894737
200.25,196.3977272727273,195.4565217391305,189.7159090909091,186.6052631578947,185.3378378378378,187.9999999999999,195.1086956521739,201.4883720930233,205.2631578947368
200.25,196.3522727272727,195.5869565217392,189.9431818181818,186.6578947368421,185.4189189189188,188.047619047619,195.1521739130435,201.4186046511628,205
200.25,196.3068181818182,195.7173913043479,190.1704545454546,186.7105263157894,185.4999999999999,188.0952380952381,195.195652173913,201.3488372093024,204.7368421052631
200.25,196.2613636363636,195.8888888888889,190.3977272727273,186.75,185.581081081081,188.1428571428571,195.2391304347826,201.2790697674419,204.4736842105263
200.3,196.484375,196.0740740740741,190.625,186.75,185.6621621621621,188.1904761904761,195.2894736842105,201.2093023255814,204.2105263157894
200.5,196.796875,196.2592592592593,190.8522727272727,186.75,185.7432432432432,188.2380952380952,195.3421052631579,201.139534883721,203.9473684210525
200.7,197.109375,196.4444444444445,191.0795454545454,186.75,185.8243243243243,188.1923076923077,195.3947368421052,201.0697674418605,203.7386363636363
200.9,197.421875,196.6296296296297,191.28,186.8,185.9054054054054,188.1153846153846,195.4473684210526,201,203.6931818181817
201.1,197.734375,196.8148148148148,191.4,187,185.9864864864864,188.0384615384615,195.5,200.9302325581396,203.6477272727272
201.3,198.046875,197,191.52,187.2,186.0675675675675,187.9615384615385,195.5526315789473,200.8604651162791,203.6022727272727
201.5,198.359375,197.1851851851852,191.64,187.4,186.1486486486486,187.8846153846154,195.6052631578947,200.7906976744186,203.5568181818181
201.7,198.671875,197.3703703703704,191.76,187.6,186.2297297297297,187.8076923076923,195.6578947368421,200.7209302325581,203.5113636363636
201.9,198.7857142857143,197.5555555555556,191.88,187.7954545454545,186.3303571428571,187.8076923076923,195.7105263157895,200.6511627906977,203.4659090909091
202.1,198.8333333333333,197.7407407407408,192,187.9772727272727,186.4374999999999,188.0384615384615,195.7631578947368,200.5813953488372,203.4204545454545
202.2625,198.8809523809524,197.925925925926,192.12,188.1590909090909,186.5446428571428,188.2692307692307,195.8157894736842,200.5116279069768,203.375
202.3125,198.9285714285714,198.1111111111111,192.24,188.3409090909091,186.6517857142857,188.5,195.8684210526316,200.4418604651163,203.3295454545454
202.3625,198.9761904761905,198.2236842105264,192.36,188.5227272727273,186.7589285714285,188.7307692307692,195.9210526315789,200.3720930232558,203.2840909090909
202.4125000000001,199.0238095238095,198.1184210526316,192.48,188.7045454545454,186.8660714285714,188.9615384615384,195.9736842105263,200.3023255813954,203.202380952381
202.4625,199.0714285714286,198.0131578947369,192.6,188.8863636363636,186.9732142857142,189.1923076923077,196.0263157894737,200.241935483871,203.0119047619048
202.5125,199.1190476190476,197.9078947368421,192.72,189.0681818181818,187.0803571428571,189.4078947368421,196.078947368421,200.2096774193549,202.8214285714286
202.5625,199.1666666666667,197.8026315789474,192.8181818181818,189.25,187.1874999999999,189.6184210526316,196.1315789473684,200.1774193548387,202.6309523809524
202.6125,199.2142857142857,197.6973684210527,192.9090909090909,189.4318181818181,187.2946428571428,189.828947368421,196.1842105263158,200.1451612903226,202.4404761904762
202.6625,199.2727272727273,197.5921052631579,193,189.6136363636363,187.4017857142857,190.0394736842105,196.2368421052632,200.1129032258065,202.25
202.7125,199.3636363636363,197.4868421052632,193.0909090909091,189.7799999999999,187.5089285714285,190.25,196.2131147540983,200.0806451612904,202.0595238095239
202.7386363636364,199.4545454545455,197.3815789473685,193.1818181818182,189.9,187.6160714285714,190.4605263157894,196.1639344262295,200.0483870967742,201.8690476190476
202.6931818181819,199.5454545454546,197.2763157894737,193.2727272727273,190.02,187.7232142857142,190.6710526315789,196.1147540983607,200.0161290322581,201.6785714285715
202.6477272727273,199.6363636363636,197.34375,193.3636363636363,190.14,187.8571428571428,190.8815789473684,196.0655737704918,199.983870967742,201.4880952380953
202.6022727272727,199.7272727272727,197.46875,193.4545454545454,190.26,188,191.0921052631579,196.0163934426229,199.9516129032259,201.2976190476191
202.5568181818182,199.8181818181818,197.59375,193.5454545454546,190.38,188.1428571428571,191.2272727272727,195.9672131147541,199.9193548387097,201.28125
202.5113636363637,199.9090909090909,197.71875,193.6363636363636,190.5,188.2857142857143,191.1363636363636,195.9180327868852,199.8870967741936,201.3229166666667
202.4659090909091,200,197.8437500000001,193.7272727272727,190.62,188.4285714285714,191.0454545454545,195.8688524590164,199.8548387096775,201.3645833333334
202.4204545454546,200.0909090909091,197.96875,193.8181818181818,190.74,188.5714285714286,190.9545454545454,195.8196721311475,199.8225806451613,201.40625
202.375,200.1818181818182,198.09375,193.9090909090909,190.86,188.7142857142857,190.8636363636363,195.7704918032787,199.7903225806452,201.4479166666667
202.3295454545455,200.3035714285714,198.21875,194,190.98,188.8571428571428,190.7727272727273,195.7213114754098,199.7580645161291,201.4895833333333
202.2840909090909,200.5178571428571,198.34375,194.0909090909091,191.1,189,190.9107142857142,195.672131147541,199.8823529411765,201.53125
202.2282608695652,200.7321428571429,198.46875,194.1818181818182,191.22,189.1428571428571,191.125,195.6229508196721,200.0588235294118,201.5729166666667
202.1413043478261,200.9464285714286,198.59375,194.3194444444444,191.3303571428571,189.2857142857142,191.3392857142857,195.5737704918033,200.2352941176471,201.6145833333333
202.054347826087,201.1607142857143,198.71875,194.5972222222222,191.4375,189.4285714285714,191.5535714285714,195.5245901639344,200.4117647058824,201.65625
201.9673913043479,201.375,198.8225806451613,194.875,191.5446428571428,189.5714285714286,191.7678571428571,195.4754098360656,200.5882352941177,201.6979166666667
201.8804347826087,201.5892857142857,198.9193548387097,195.1527777777778,191.6517857142857,189.7142857142857,191.9821428571428,195.4262295081967,200.7647058823529,201.7395833333334
201.7934782608696,201.7535211267605,199.0161290322581,195.4305555555555,191.7589285714286,189.8125,192.1964285714286,195.3770491803279,200.9411764705882,201.675
201.7065217391305,201.7676056338028,199.1129032258065,195.7083333333333,191.8660714285714,189.8958333333333,192.3181818181818,195.327868852459,201.1176470588235,201.575
201.6195652173913,201.7816901408451,199.2096774193549,195.9861111111111,191.9732142857142,189.9791666666666,192.4090909090909,195.2786885245902,201.1718750000001,201.475
201.5326086956522,201.7957746478873,199.3064516129032,196.2638888888889,192.0803571428571,190.0625,192.5,195.2295081967213,200.8593750000001,201.375
201.4456521739131,201.8098591549296,199.4032258064516,196.5416666666667,192.1875,190.1458333333333,192.5909090909091,195.1803278688525,200.5468750000001,201.275
201.358695652174,201.8239436619718,199.5,196.7619047619048,192.2946428571428,190.2291666666666,192.6818181818181,195.1311475409836,200.2343750000001,201.175
201.2717391304348,201.8380281690141,199.5967741935484,196.8095238095238,192.4017857142857,190.3125,192.7727272727273,195.0819672131148,199.9218750000001,201.075
201.6666666666667,201.8521126760564,199.6935483870968,196.8571428571429,192.5089285714286,190.3958333333333,192.8636363636363,195.0327868852459,199.6093750000001,200.9750000000001
202.2222222222223,201.8661971830986,199.7903225806452,196.9047619047619,192.6160714285714,190.4791666666666,192.9545454545454,194.983606557377,199.2968750000001,200.875
202.7777777777778,201.8802816901409,199.8870967741936,196.952380952381,192.7232142857142,190.5625,193.0454545454545,194.9344262295082,198.9843750000001,200.775
203.3333333333333,201.8943661971831,199.983870967742,197,192.8181818181818,190.6458333333333,193.1363636363636,194.8852459016393,198.75,200.87
203.7777777777778,201.9084507042253,200.0806451612903,197.047619047619,192.9090909090909,190.7291666666666,193.2272727272727,194.8360655737705,198.75,201.03
203.8888888888889,201.9225352112676,200.1774193548387,197.0952380952381,193,190.8125,193.15625,194.7868852459017,198.75,201.1900000000001
204,201.9366197183099,200.25,197.1428571428572,193.0909090909091,190.8958333333333,193.03125,194.7443181818182,198.75,201.35
204.1111111111111,201.9507042253521,200.25,197.1904761904762,193.1818181818181,190.9791666666666,192.90625,194.7215909090909,198.75,201.51
204.2222222222223,201.9647887323944,200.25,197.2380952380952,193.2727272727273,191.0625,192.78125,194.6988636363636,198.734375,201.67
202.75,201.9788732394366,200.25,197.3,193.3636363636363,191.1458333333333,192.65625,194.6761363636364,198.671875,201.83
201.3125,201.9929577464789,200.25,197.3666666666666,193.4545454545454,191.2291666666666,192.53125,194.6534090909091,198.609375,201.99
201.5625,202.0070422535211,200.25,197.4333333333333,193.5454545454545,191.2727272727273,192.40625,194.6306818181818,198.546875,202.15
201.8125,202.0211267605634,200.25,197.5,193.6363636363636,191.3030303030303,192.28125,194.6079545454545,198.484375,202.31
202.0625,202.0352112676056,200.25,197.5666666666667,193.7272727272727,191.3333333333333,192.28,194.5852272727273,198.421875,202.47
202.3125,202.0492957746479,200.25,197.6333333333333,193.8076923076923,191.3636363636363,192.32,194.5625,198.359375,202.63
202.5625,202.0633802816901,200.25,197.7,193.8846153846154,191.3939393939394,192.36,194.5397727272727,198.296875,202.6875
202.8125,202.0774647887324,200.25,197.7666666666667,193.9615384615384,191.4242424242424,192.3999999999999,194.5170454545455,198.2321428571429,202.4375
203.0625,202.0915492957747,200.25,197.8333333333333,194.0384615384615,191.4545454545454,192.44,194.4943181818182,198.1607142857143,202.1875
203.3076923076923,202.1056338028169,200.25,197.9,194.1153846153846,191.4848484848484,192.48,194.4715909090909,198.0892857142857,201.9375
203.5384615384615,202.1197183098591,200.25,197.9666666666667,194.1923076923077,191.5151515151515,192.52,194.4488636363636,198.0178571428571,201.6875
203.7692307692308,202.1338028169014,200.25,198.0333333333333,194.2692307692307,191.5454545454545,192.56,194.4261363636364,197.9464285714286,201.4375000000001
204,202.1478873239436,200.296875,198.1,194.3461538461538,191.5757575757576,192.6,194.4034090909091,197.875,201.1875
204.2307692307692,202.1619718309859,200.359375,198.1666666666667,194.4230769230769,191.6060606060606,192.64,194.3806818181818,197.8035714285714,200.9375
204.4615384615385,202.1760563380282,200.421875,198.2333333333333,194.5,191.6363636363636,192.68,194.3579545454546,197.7307692307692,200.7619047619048
204.6923076923077,202.1901408450704,200.484375,198.225,194.576923076923,191.6666666666667,192.72,194.3352272727273,197.6538461538461,200.8095238095239
204.6666666666667,202.2042253521127,200.546875,198.1916666666667,194.6538461538461,191.6969696969697,192.765625,194.3125,197.5769230769231,200.8571428571429
204.5555555555556,202.2183098591549,200.6093750000001,198.1583333333333,194.7307692307692,191.7272727272727,192.828125,194.2897727272727,197.5,200.904761904762
204.4444444444445,202.2323943661972,200.671875,198.125,194.7741935483871,191.7666666666666,192.890625,194.2670454545454,197.4230769230769,200.952380952381
204.3333333333333,202.2464788732395,200.734375,198.0916666666667,194.8064516129032,191.8333333333333,192.953125,194.25,197.3461538461539,201
204.2105263157895,202.3,200.796875,198.0583333333333,194.8387096774193,191.9,193.015625,194.25,197.2692307692308,201.0476190476191
204.0526315789474,202.3666666666666,200.859375,198.025,194.8709677419354,191.9666666666666,193.078125,194.25,197.0192307692308,201.0952380952381
203.8947368421053,202.4333333333333,200.9218750000001,197.9916666666667,194.9032258064516,192.0333333333333,193.140625,194.25,196.7115384615385,201.1428571428572
203.7368421052632,202.5,200.984375,197.9583333333333,194.9354838709677,192.1,193.203125,194.25,196.4038461538461,201.1904761904762
203.578947368421,202.5666666666667,201.046875,197.925,194.9677419354838,192.1666666666666,193.266129032258,194.25,196.0961538461538,201.2380952380952
203.421052631579,202.6333333333334,201.109375,197.8916666666667,194.9999999999999,192.2333333333333,193.3306451612903,194.25,195.7884615384615,200.8461538461539
203.2631578947368,202.7,201.171875,197.8583333333333,195.0322580645161,192.3,193.3951612903226,194.25,195.4807692307692,200.3076923076923
203.1052631578947,202.775,201.234375,197.825,195.0645161290322,192.3666666666666,193.4596774193548,194.25,195.2142857142857,199.7692307692308
202.9473684210526,202.875,201.2840909090909,197.7916666666667,195.0967741935483,192.4333333333333,193.5241935483871,194.25,195.0714285714286,199.2307692307692
202.7894736842105,202.975,201.3295454545455,197.7583333333333,195.1290322580645,192.5,193.5887096774193,194.1388888888889,194.9285714285714,198.6923076923077
202.8181818181818,203.075,201.375,197.775,195.1612903225806,192.5666666666666,193.6532258064516,193.6944444444444,194.7857142857143,198.1538461538462
202.9090909090909,203.175,201.4204545454546,197.8083333333333,195.1935483870967,192.6333333333333,193.7177419354838,193.25,194.6428571428571,197.0833333333334
203,203.25,201.4659090909091,197.8416666666667,195.2258064516128,192.7,193.7822580645161,192.8055555555555,194.5,194.4166666666667
203.0909090909091,203.25,201.5113636363637,197.875,195.2416666666666,192.7604166666666,193.8467741935484,192.3611111111111,194.3571428571428,193.515625
203.1818181818182,203.25,201.5568181818182,197.9083333333333,195.2083333333333,192.8020833333333,193.9112903225806,192.175,194.2375,193.203125
203.225,203.25,201.6022727272728,197.9416666666667,195.175,192.84375,193.9758064516129,192.075,194.1875,192.890625
203.125,203.25,201.6477272727273,197.975,195.1416666666666,192.8854166666667,194.0403225806452,191.975,194.1375,192.578125
203.025,203.25,201.6931818181818,198.0083333333333,195.1083333333333,192.9270833333333,194.1048387096774,191.875,194.0875,192.265625
202.925,203.25,201.7386363636364,198.0416666666667,195.0749999999999,192.96875,194.1693548387097,191.775,194.0375,191.953125
202.825,203.1875,201.625,198.075,195.0416666666666,193.0104166666666,194.2338709677419,191.6875,193.9875,191.640625
202.725,202.9375,201.4583333333333,198.1083333333333,195.0083333333333,193.0520833333333,194.015625,191.6041666666666,193.9375,191.328125
202.625,202.6875,201.2916666666667,198.1416666666667,194.975,193.09375,193.703125,191.5208333333333,193.8875,191.4230769230769
202.525,202.4375,201.125,198.175,194.9416666666666,193.1354166666666,193.390625,191.4375,193.8375,191.6538461538462
202.425,202.1875,200.9583333333334,198.2083333333333,194.9083333333333,193.1770833333333,193.078125,191.3541666666666,193.7875,191.8846153846154
202.325,201.9375,200.7916666666667,198.2416666666667,194.8749999999999,193.21875,192.765625,191.2708333333333,193.7115384615385,192.1153846153846
202.2666666666667,201.7083333333333,200.7105263157895,198.2788461538462,194.8416666666666,193.2058823529411,192.453125,191.3076923076923,193.5576923076923,192.3461538461539
202.3333333333333,201.5416666666667,200.6578947368421,198.3173076923077,194.8083333333333,193.0294117647059,192.140625,191.3846153846154,193.4038461538461,192.5769230769231
202.4,201.375,200.6052631578947,198.3557692307692,194.775,192.8529411764706,191.828125,191.4615384615385,193.25,192.8214285714286
202.4666666666667,201.2083333333333,200.5526315789474,198.3942307692308,194.7584745762712,192.6764705882352,191.5,191.5384615384615,193.0961538461539,193.1071428571428
202.5333333333333,201.0416666666667,200.5,198.4326923076923,194.7923728813559,192.5,191.1666666666666,191.6153846153846,192.9423076923077,193.3928571428571
202.6,200.875,200.4473684210527,198.4711538461538,194.8262711864406,192.3235294117647,190.8333333333333,191.6923076923077,192.7884615384615,193.6785714285713
202.6666666666667,200.7083333333333,200.3947368421053,198.5096153846154,194.8601694915254,192.1470588235294,190.5,191.7282608695652,192.65625,193.3749999999999
202.7333333333333,200.5416666666667,200.3421052631579,198.5480769230769,194.8940677966101,191.9705882352941,190.1666666666666,191.6413043478261,192.53125,192.8749999999999
202.7865853658537,200.375,200.2894736842105,198.5865384615385,194.9279661016949,191.7941176470588,189.8333333333333,191.5543478260869,192.40625,192.375
202.8353658536585,200.2272727272727,200.203125,198.625,194.9618644067796,191.75,189.5,191.4673913043478,192.28125,191.875
202.8841463414634,200.1363636363636,200.015625,198.6634615384615,194.9957627118644,191.75,189.234375,191.3804347826087,192.15625,192.0714285714286
202.9329268292683,200.0454545454545,199.828125,198.7019230769231,195.0296610169491,191.75,189.171875,191.2934782608696,192.03125,192.5
202.9817073170732,199.9545454545454,199.640625,198.7403846153846,195.0635593220338,191.75,189.109375,191.2065217391304,191.90625,192.9285714285714
203.030487804878,199.8636363636364,199.453125,198.8863636363637,195.0974576271186,191.75,189.046875,191.1195652173913,191.78125,193.3888888888889
203.0792682926829,199.7727272727273,199.2656250000001,199.0681818181818,195.1313559322033,191.6315789473684,188.984375,191.0326086956522,191.65625,193.9444444444445
203.1280487804878,200,199.078125,199.25,195.1652542372881,191.4736842105262,188.921875,190.9456521739131,191.53125,194.5
203.1768292682927,200.3333333333333,198.890625,199.4318181818182,195.1991525423728,191.3157894736841,188.859375,190.8586956521739,191.40625,195.0555555555556
203.2256097560976,200.6666666666667,198.75,199.6136363636363,195.2330508474575,191.157894736842,188.796875,190.7717391304348,191.28125,195.6111111111111
