133.75,135,142.1,141.6111111111111,142.2894736842105,141.88,140.1899999999999,133,127.4499999999999,128.845238095238
134,135.2,142,141.8333333333333,142.3684210526316,142,140.07,133,127.8499999999999,129.0357142857142
134.25,135.4,141.9,142.0555555555555,142.4473684210526,142.12,139.95,133.25,128.2499999999999,129.2261904761904
134.5,135.6,141.8,142.2777777777778,142.5263157894737,142.24,139.83,133.5,128.6499999999999,129.4166666666666
134.75,135.8,141.7,142.5,142.6052631578947,142.36,139.71,133.75,129.0499999999999,129.6071428571428
135,136,141.6,142.7222222222222,142.6842105263158,142.48,139.59,134,129.4499999999999,129.7692307692307
135.25,136.2,141.5,142.9444444444445,142.7631578947368,142.6,139.55,134.3684210526316,129.7619047619047,129.8461538461538
135.5,136.4,141.4,143.1666666666667,142.8421052631579,142.7199999999999,139.75,134.7368421052631,129.8095238095238,129.9230769230769
135.75,136.6,141.3,143.3888888888889,142.921052631579,142.8214285714285,139.95,135.1052631578947,129.8571428571428,129.9999999999999
136,136.8,141.2,143.4137931034483,143,142.9166666666666,140.15,135.4736842105262,129.9047619047619,130.076923076923
136.25,137,141.1,143.2413793103448,143.25,143.0119047619047,140.35,135.7954545454545,129.9523809523809,130.1538461538461
136.5,137.2,141,143.0689655172414,143.5,143.1071428571428,140.8333333333334,135.9772727272727,130,130.2307692307692
136.75,137.4,141.1282051282051,142.8965517241379,143.75,143.2023809523809,142.1666666666667,136.1590909090908,130.1836734693877,130.3999999999999
137,137.6,141.2564102564102,142.7241379310344,144,143.297619047619,143.5,136.340909090909,130.3673469387755,130.5999999999999
137.25,137.8,141.3846153846154,142.551724137931,143.9166666666667,143.3928571428571,144.5833333333333,136.5227272727272,130.5510204081633,130.7999999999999
137.5,138,141.5128205128205,142.3793103448275,143.8333333333333,143.4880952380952,144.9166666666667,136.7045454545454,130.734693877551,130.9999999999999
137.75,138.2,141.6410256410256,142.4062499999999,143.75,143.5833333333333,145.25,136.7692307692307,130.9183673469388,131.1999999999999
138,138.4,141.7692307692307,143.0312499999999,143.6666666666667,143.6785714285714,145.25,136.7948717948717,131.1020408163265,130.9090909090909
138.2307692307692,138.6,141.8974358974359,143.6562499999999,143.5833333333333,143.7826086956521,144.25,136.8205128205128,131.2857142857142,130.4545454545454
138.4615384615385,138.8,142.025641025641,144.2812499999999,143.5,143.9130434782608,143.25,136.8461538461538,131.469387755102,129.9999999999999
138.6923076923077,139,142.1538461538461,144.7826086956521,143.4166666666667,144.0434782608695,142.25,136.8717948717948,131.6530612244898,129.5454545454545
138.9230769230769,139.2857142857143,142.2448979591836,144.9130434782608,143.3333333333333,144.1739130434782,141.575,136.8974358974359,131.8367346938775,129.090909090909
139.1538461538462,139.5714285714286,142.2244897959183,145.0434782608695,143.25,144.3043478260869,141.875,136.9230769230769,132.0204081632652,128.7249999999999
139.3846153846154,139.8571428571429,142.204081632653,145.1739130434783,143.1666666666667,144.4347826086956,142.175,136.9487179487179,132.204081632653,128.6249999999999
139.6153846153846,140.1428571428571,142.1836734693877,145.3043478260869,143.0833333333333,144.5652173913043,142.475,136.974358974359,132.3617021276595,128.5249999999999
139.8461538461538,140.4285714285714,142.1632653061224,145.4347826086956,143,144.695652173913,142.775,137,132.5106382978723,128.425
140.0769230769231,140.7142857142857,142.1428571428571,145.4418604651163,143.0769230769231,144.8260869565217,143.075,137.0980392156863,132.6595744680851,128.3249999999999
140.3076923076923,141,142.1224489795918,145.3255813953488,143.1538461538462,144.9565217391304,143.375,137.1960784313725,132.8085106382978,128.3461538461538
140.5384615384615,141.125,142.1020408163265,145.2093023255814,143.2307692307692,145.0869565217391,143.675,137.2941176470588,132.9574468085106,128.7307692307692
140.7692307692308,141.25,142.0816326530612,145.0930232558139,143.3076923076923,145.2173913043478,143.975,137.3921568627451,133.1063829787234,129.1153846153846
141,141.375,142.0612244897959,144.9767441860465,143.3846153846154,145.3478260869565,144.275,137.4901960784314,133.2553191489361,129.4999999999999
141.125,141.5,142.0408163265306,144.860465116279,143.4615384615385,145.4782608695652,144.5,137.5882352941176,133.4042553191489,129.8846153846153
141.25,141.625,142.0204081632653,144.7441860465116,143.5384615384615,145.6086956521739,144.5,137.6862745098039,133.5531914893617,130.2692307692307
141.375,141.75,142,144.6279069767442,143.6153846153846,145.7391304347826,144.5,137.7843137254902,133.7021276595745,130.6538461538461
141.5,141.875,142.2777777777778,144.5116279069767,143.6923076923077,145.8695652173913,144.5,137.8823529411764,133.8510638297872,130.9473684210526
141.625,142,142.5555555555555,144.3953488372092,143.875,146,144.5,137.9803921568627,134,131.2105263157894
141.75,142.2727272727273,142.8333333333333,144.2790697674418,144.375,146.0909090909091,144.5,138.078431372549,134.2380952380952,131.4736842105262
141.875,142.5454545454545,143.1111111111111,144.3823529411764,144.875,146.1818181818182,144.5,138.1764705882352,134.4761904761905,131.7368421052631
142,142.8181818181818,143.3888888888889,144.5588235294117,145.3749999999999,146.2727272727273,144.5227272727273,138.3018867924528,134.7142857142857,131.9999999999999
142.3076923076923,143.0909090909091,143.6666666666667,144.735294117647,145.7857142857142,146.3636363636364,144.6136363636364,138.5094339622641,134.9523809523809,132.2631578947368
142.6153846153846,143.3636363636364,143.9444444444445,144.9117647058823,145.9285714285714,146.4545454545454,144.7045454545455,138.7169811320754,135.1904761904761,132.5263157894736
142.9230769230769,143.6363636363636,144.2222222222222,145.0882352941176,146.0714285714285,146.5454545454546,144.7954545454545,138.9245283018867,134.9999999999999,132.7894736842105
143.2307692307692,143.9090909090909,144.5,145.2647058823529,146.2142857142857,146.6363636363636,144.8863636363637,139.1320754716981,134.6666666666666,133.0526315789473
143.5384615384615,144.1818181818182,144.7777777777778,145.4411764705882,146.3571428571428,146.7272727272727,144.9772727272727,139.3396226415094,134.3333333333333,133.2941176470588
143.8461538461539,144.4545454545454,145.0555555555555,145.6176470588235,146.4999999999999,146.8181818181818,145.0681818181818,139.5471698113207,133.9999999999999,133.4705882352941
144.1538461538462,144.7272727272727,145.3333333333333,145.7391304347826,146.6428571428571,146.9090909090909,145.1590909090909,139.754716981132,133.8571428571428,133.6470588235293
144.4615384615385,145,145.6111111111111,145.695652173913,146.7567567567567,147,145.25,139.9622641509434,134.2857142857142,133.8235294117646
144.7692307692308,145.2857142857143,145.8888888888889,145.6521739130434,146.7837837837837,147.0833333333333,145.3409090909091,140.1698113207547,134.7142857142857,133.9999999999999
145.0769230769231,145.5714285714286,146.1666666666667,145.6086956521739,146.8108108108108,147.1666666666667,145.4318181818182,140.377358490566,135.1428571428571,134.1764705882352
145.3846153846154,145.8571428571428,146.4444444444445,145.5652173913043,146.8378378378378,147.25,145.4941860465116,140.5849056603774,135.4418604651162,134.3529411764705
145.6923076923077,146.1428571428571,146.7222222222222,145.5217391304348,146.8648648648648,147.3333333333333,145.4709302325581,140.7924528301887,135.6976744186046,134.5294117647058
146,146.4285714285714,147,145.4285714285714,146.8918918918919,147.4166666666667,145.4476744186046,141,135.953488372093,134.7058823529411
145.3529411764706,146.7142857142857,147,145.2857142857143,146.9189189189189,147.5,145.4244186046511,141.25,136.2093023255813,134.9749999999999
144.7058823529412,147,147,145.1428571428571,146.9459459459459,147.5833333333333,145.4011627906976,141.5,136.4651162790697,135.2749999999999
144.0588235294117,147.25,147,145,146.972972972973,147.6666666666667,145.3779069767442,141.75,136.7209302325581,135.5749999999999
143.4117647058823,147.5,147,144.8571428571429,147,147.75,145.3546511627907,142,136.9767441860465,135.8749999999999
143.4107142857142,147.75,147,144.7142857142857,147.1111111111111,147.8333333333333,145.3313953488372,142.25,137.2325581395349,136.1749999999999
143.6249999999999,148,147,144.5714285714286,147.2222222222222,147.9166666666667,145.3081395348837,142.5,137.4883720930233,136.1964285714285
143.8392857142857,148.25,147,144.6470588235294,147.3333333333333,148,145.2848837209302,142.75,137.7441860465116,136.1249999999999
144.0535714285714,148.5,147,144.9411764705882,147.4444444444444,147.8484848484848,145.2616279069767,143,138,136.0535714285714
144.2678571428571,148.75,147,145.235294117647,147.5555555555555,147.6969696969697,145.2971698113207,143.25,138.2222222222222,135.9821428571428
144.4821428571428,149,146.4761904761905,145.5294117647058,147.6666666666666,147.5454545454545,145.3915094339622,143.5,138.4444444444444,135.9107142857142
144.6964285714285,148.9,145.9523809523809,145.8947368421052,147.8181818181818,147.3939393939394,145.4858490566037,143.75,138.6666666666667,135.8392857142857
145.0434782608695,148.8,145.4285714285714,146.4736842105263,148.090909090909,147.2424242424242,145.5801886792453,144,138.8888888888889,135.7678571428571
145.4347826086956,148.7,144.9047619047619,147.0526315789473,148.3636363636363,147.0909090909091,145.6745283018868,143.9,139.1111111111111,135.8035714285714
145.8260869565217,148.6,144.3809523809523,147.6315789473684,148.6363636363636,146.9393939393939,145.7688679245283,143.8,139.3333333333333,135.8749999999999
146.2173913043478,148.5,144.5714285714285,148.2105263157895,148.9090909090908,146.7878787878787,145.8632075471698,143.7,139.5555555555555,135.9464285714285
146.6086956521739,148.4,144.9999999999999,148.4814814814815,149.1818181818181,146.7083333333333,145.9575471698113,143.6,139.7777777777778,136.0178571428571
147,148.3,145.4285714285714,148.4444444444444,149.2173913043478,146.6527777777777,146.0518867924528,143.5,140,136.0892857142857
147.3333333333333,148.2,145.8571428571428,148.4074074074074,149.1739130434782,146.5972222222222,146.1462264150943,143.4,140.1,136.1607142857142
147.6666666666667,148.1,146.2857142857143,148.3703703703703,149.1304347826087,146.5416666666666,146.2405660377358,143.3,140.2,136.2321428571428
148,148,146.7142857142857,148.3333333333333,149.0869565217391,146.4861111111111,146.3349056603774,143.2,140.3,136.5312499999999
148.3333333333333,147.8,147.1428571428571,148.2962962962962,149.0434782608696,146.4305555555555,146.4292452830188,143.1,140.4,136.9062499999999
148.6666666666667,147.6,147.5714285714286,148.2592592592592,149,146.3749999999999,146.4772727272727,143,140.5,137.2812499999999
149,147.4,148,148.2799999999999,149.0909090909091,146.3194444444444,146.3863636363636,143.1,140.6,137.6562499999999
148.9,147.2,148.3103448275862,148.32,149.1818181818182,146.2638888888888,146.2954545454545,143.2,140.7,138.2499999999999
148.8,147,148.6206896551724,148.36,149.2727272727273,146.3076923076923,146.2045454545454,143.3,140.8,138.9166666666666
148.7,146.8,148.9310344827586,148.4,149.3636363636364,146.3846153846153,146.1136363636364,143.4,140.9,139.5833333333333
148.6,146.6,149.2413793103448,148.44,149.4545454545454,146.4615384615384,146.0227272727273,143.5,141,139.6562499999999
148.5,146.4,149.551724137931,148.48,149.5454545454546,146.5384615384615,145.9318181818182,143.6,141,139.5312499999999
148.4,146.2,149.8620689655172,148.6666666666667,149.6363636363636,146.6153846153846,145.8409090909091,143.7,141,139.4062499999999
148.3,146,150.1724137931034,149,149.7272727272727,146.6923076923077,145.75,143.8,141,139.2812499999999
148.2,146.3333333333333,150.2222222222221,149.3333333333333,149.8181818181818,146.7692307692308,145.6590909090909,143.9,141,139.1562499999999
148.1,146.6666666666667,150.1851851851851,149.6666666666666,149.9090909090909,146.8461538461538,145.5681818181818,144,141,139.0312499999999
148,147,150.1481481481481,149.5714285714285,150,146.9230769230769,145.4924242424242,144.0285714285714,141.1171875,138.9062499999999
148.1428571428572,147.3333333333333,150.1111111111111,149.3333333333333,149.3529411764706,147,145.4621212121212,144.0571428571428,141.2734375,138.7812499999999
148.2857142857143,147.6666666666667,150.074074074074,149.0952380952381,148.7058823529412,147.1666666666667,145.4318181818182,144.0857142857143,141.4296875,138.8630136986301
148.4285714285714,148,150.037037037037,148.8571428571428,148.0588235294117,147.3333333333333,145.4015151515151,144.1142857142857,141.5859375,139.0136986301369
148.5714285714286,148.3333333333333,150,148.6190476190476,147.4117647058823,147.5,145.3712121212121,144.1428571428571,141.7421875,139.1643835616438
148.7142857142857,148.6666666666667,149.8780487804878,148.4545454545454,147.1428571428571,147.6666666666667,145.3409090909091,144.1714285714285,141.8984374999999,139.3150684931506
148.8571428571428,149,149.7560975609756,148.3636363636363,146.9999999999999,147.8333333333333,145.310606060606,144.2,142.0546874999999,139.4657534246575
149,149.3333333333333,149.6341463414634,148.2727272727273,146.8571428571428,148,145.280303030303,144.2285714285714,142.2109374999999,139.6164383561643
149.1428571428571,149.6666666666667,149.5121951219512,148.1818181818182,146.9090909090908,148.1666666666667,145.2499999999999,144.2823529411764,142.2222222222222,139.7671232876712
149.2857142857143,150,149.390243902439,148.0909090909091,147.5454545454545,148.3333333333333,145.6071428571428,144.4117647058823,142.1851851851851,139.917808219178
149.4285714285714,150.2,149.2682926829268,147.9999999999999,148.1818181818181,148.5,145.9642857142857,144.5411764705882,142.1481481481481,140.0684931506849
149.5714285714286,150.4,149.1463414634146,147.9090909090908,148.8181818181818,148.6666666666667,146.3214285714286,144.6705882352941,142.1111111111111,140.2191780821917
149.7142857142857,150.6,149.0243902439024,147.8181818181818,149.4545454545454,148.8333333333333,146.6785714285714,144.8,142.074074074074,140.3698630136986
149.8571428571428,150.8,148.9024390243902,147.7272727272727,150.090909090909,149,147.0357142857142,144.9294117647059,142.037037037037,140.5205479452054
150,151,148.780487804878,147.6363636363636,150.3249999999999,149.1666666666667,147.3928571428571,145.0588235294117,142,140.6712328767123
150,151.2,148.9999999999999,147.5454545454545,150.425,149.3333333333333,147.7499999999999,145.1882352941176,142.8823529411765,140.8219178082192
150,151.4,149.3333333333333,147.4545454545454,150.525,149.5,147.8357142857142,145.3176470588235,143.7647058823529,140.972602739726
150,151.6,149.6666666666667,147.3636363636363,150.625,149.6666666666667,147.9214285714285,145.4470588235294,144.6470588235294,141.1232876712328
150,151.8,150,147.2727272727272,150.725,149.8333333333333,148.0071428571428,145.5764705882353,145.5294117647059,141.2739726027397
150,152,149.9166666666667,147.3181818181818,150.5416666666667,150,148.0928571428571,145.7058823529412,145.9999999999999,141.4246575342465
150,152.1627906976744,149.8333333333333,147.4090909090908,150.2638888888889,150.0769230769231,148.1785714285714,145.835294117647,146.3333333333333,141.5295149467309
150,152.3255813953488,149.75,147.4999999999999,149.9861111111111,150.1538461538461,148.2642857142857,145.9647058823529,146.6666666666667,141.4706696947875
150,152.4883720930232,149.6666666666667,147.590909090909,149.7083333333333,150.2307692307692,148.35,146.0941176470588,147,141.4118244428442
150,152.6511627906976,149.5833333333333,147.6818181818181,149.4305555555556,150.3076923076923,148.4357142857143,146.2235294117647,146.3333333333333,141.3529791909008
150,152.8139534883721,149.5,147.7942408297801,149.1527777777778,150.3846153846154,148.4772727272727,146.3529411764706,145.6666666666667,141.2941339389575
150,152.9767441860465,149.4166666666667,147.9712041489007,148.875,150.4615384615385,148.3863636363636,146.4823529411765,145,141.2777777777777
150,153.1395348837209,149.3333333333333,148.1481674680214,148.5972222222222,150.5384615384615,148.2954545454545,146.6117647058823,144.974358974359,141.3888888888888
150.125,153.3023255813953,149.25,148.325130787142,148.3194444444445,150.6153846153846,148.2045454545454,146.7411764705882,144.948717948718,141.4999999999999
150.25,153.4651162790697,149.1666666666667,148.5020941062626,149,150.6923076923077,148.1136363636363,146.8705882352941,144.9230769230769,141.6111111111111
150.375,153.6279069767441,149.0833333333333,150.2366510038445,150,150.7692307692308,148.0227272727273,147,144.8974358974359,141.7222222222222
150.5,153.6818181818181,149,154.3749999999999,149.9090909090909,150.8461538461538,147.9318181818181,146.8,144.8717948717949,141.8971962616822
150.625,153.4090909090908,149.1538461538462,154.8749999999999,149.8181818181818,150.9230769230769,147.840909090909,146.6,144.8461538461538,142.0934579439252
150.75,153.1363636363636,149.3076923076923,155.3749999999999,149.7272727272727,151,147.75,146.4,144.8205128205128,142.2897196261682
150.875,152.8636363636363,149.4615384615385,155.8749999999999,149.6363636363636,150.875,148.05,146.2,144.7948717948717,142.4859813084112
151,152.590909090909,149.6153846153846,156.0833333333333,149.5454545454546,150.75,148.35,146,144.7692307692307,142.6822429906542
151.2727272727273,152.3181818181818,149.7692307692308,155.4166666666666,149.4545454545454,150.625,148.6499999999999,145.8,144.7837837837837,142.8785046728972
151.5454545454545,152.2105263157894,149.9230769230769,154.7499999999999,149.3636363636364,150.5,148.9499999999999,145.6,144.9189189189189,143.0747663551402
151.8181818181818,152.1578947368421,150.0769230769231,153.5805297397769,149.2727272727273,150.375,149.2499999999999,145.4,145.054054054054,143.2710280373831
152.0909090909091,152.1052631578947,150.2307692307692,150.9026486988847,149.1818181818182,150.25,148.8214285714285,145.2,145.1891891891892,143.4672897196261
152.3636363636364,152.0526315789473,150.3846153846154,150.0246913580247,149.0909090909091,150.125,148.3928571428571,145,145.3243243243243,143.6635514018691
152.6363636363636,152,150.5384615384615,150.1604938271605,149,150,147.9642857142856,145.3333333333333,145.4594594594594,143.8598130841121
152.9090909090909,152.0909090909091,150.6923076923077,150.2962962962963,149.4782608695652,149.8275862068965,147.8214285714285,145.6666666666667,145.5945945945946,144.0560747663551
153.1818181818182,152.1818181818182,150.8461538461538,150.4320987654321,149.9565217391304,149.6551724137931,147.9642857142857,146,145.7297297297297,144.2523364485981
153.4545454545455,152.2727272727273,151,150.5714285714286,150.4347826086956,149.4827586206896,148.1071428571428,146.3333333333333,145.8648648648649,144.4485981308411
153.7272727272727,152.3636363636364,150.9696969696969,150.7142857142857,150.9130434782608,149.3103448275862,148.25,146.6666666666666,146,144.6448598130841
154,152.4545454545455,150.9393939393939,150.8571428571429,151.391304347826,149.1379310344827,148.3928571428571,146.9999999999999,145.8965517241379,144.8411214953271
154.2631578947368,152.5454545454546,150.9090909090909,151,151.7,148.9655172413792,148.5357142857143,147.2685185185185,145.7931034482758,145.0373831775701
154.5263157894736,152.6363636363636,150.8787878787878,151.1428571428571,151.5,148.7931034482758,148.6785714285714,147.3425925925926,145.6896551724138,145.2336448598131
154.7894736842105,152.7272727272727,150.8484848484848,151.2857142857143,151.3,148.8709677419354,148.8214285714286,147.4166666666666,145.5862068965517,145.4299065420561
155.0526315789473,152.8181818181818,150.8181818181818,151.4285714285714,150.65,149.0322580645161,148.9642857142857,147.4907407407407,145.4827586206896,145.5559220619822
155.1904761904761,152.9090909090909,150.7878787878788,151.5714285714286,149.85,149.1935483870967,149.1071428571428,147.5648148148148,145.3793103448275,145.6516569499846
154.9523809523809,153,150.7575757575757,151.7142857142857,149.2307692307692,149.3548387096774,149.25,147.6388888888889,145.2758620689655,145.7473918379871
154.7142857142857,152.8571428571429,150.8727272727272,151.8571428571429,149.1538461538462,149.516129032258,149.3928571428571,147.7129629629629,145.3437499999999,145.8431267259895
154.4761904761905,152.7142857142857,151.0363636363636,152,149.0769230769231,149.6774193548387,149.5357142857143,147.787037037037,145.4687499999999,145.938861613992
154.2380952380952,152.5714285714286,151.2,152.1428571428571,149,149.8387096774194,149.6785714285714,147.8611111111111,145.5937499999999,146.0345965019944
154,152.4285714285714,151.3636363636363,152.2857142857143,148.9230769230769,150,149.8214285714286,147.9351851851851,145.7187499999999,146.1303313899969
154,152.2857142857143,151.5272727272727,152.4285714285714,148.8461538461538,149.9473684210526,149.9642857142857,148.0092592592592,145.8437499999999,146.2260662779993
154,152.1428571428571,151.6909090909091,152.4468085106383,148.7692307692308,149.8947368421053,150.1071428571429,148.0833333333333,145.9687499999999,146.2881355932203
154,152,151.8545454545454,152.3404255319149,149.0833333333333,149.8421052631579,150.25,148.1574074074073,146.0937499999999,146.3389830508474
154,151.8571428571428,152.0181818181818,152.2340425531915,149.5277777777778,149.7894736842105,150.3928571428571,148.2314814814814,146.2187499999999,146.3898305084745
154,151.7142857142857,152.1818181818182,152.1276595744681,149.9722222222222,149.7368421052632,150.4545454545455,148.2031249999999,145.9999999999999,146.4406779661016
154,151.5714285714286,152.3454545454545,152.0212765957447,150.4166666666666,149.6842105263158,150.2727272727273,148.1406249999999,145.6666666666666,146.4915254237288
154,151.4285714285714,152.5090909090909,151.9148936170212,150.7249999999999,149.6315789473684,150.0909090909091,148.0781249999999,145.3333333333333,146.5423728813559
154,151.2857142857143,152.6727272727273,151.8085106382978,150.6249999999999,149.5789473684211,149.9090909090909,148.0156249999999,144.9999999999999,146.593220338983
154,151.1428571428571,152.8363636363636,151.7021276595744,150.5249999999999,149.5263157894737,149.7272727272727,147.9531249999999,144.6666666666666,146.6440677966102
154,151,153,151.595744680851,150.425,149.4736842105263,149.5454545454546,147.8906249999999,144.3333333333333,146.6949152542373
153.9230769230769,151.125,152.8,151.4893617021276,150.3249999999999,149.421052631579,149.3636363636363,147.8281249999999,146.3125,146.7457627118644
153.8461538461538,151.25,152.6,151.3829787234042,150.2,149.3684210526316,149.1818181818182,147.7656249999999,149.0625,146.7966101694915
153.7692307692308,151.375,152.4,151.2765957446808,149.9999999999999,149.3157894736842,149,147.6617647058823,149.576923076923,146.8474576271186
153.6923076923077,151.5,152.2,151.1874999999999,149.8,149.2631578947368,148.8181818181818,147.5441176470588,149.3461538461538,146.8983050847457
153.6153846153846,151.625,152,151.1041666666666,149.6,149.2105263157895,148.6363636363636,147.4264705882352,149.1153846153846,146.9491525423729
153.5384615384615,151.75,151.8,151.0208333333333,149.4,149.1578947368421,148.5,147.3088235294117,148.8846153846153,147
153.4615384615385,151.875,151.6,150.9374999999999,149.2,149.1052631578947,148.5,147.1911764705882,148.6538461538461,147.0769230769231
153.3846153846154,152,151.4,150.8541666666666,149,149.0526315789474,148.5,147.0735294117646,148.4230769230768,147.1538461538462
153.3076923076923,152.125,151.2,150.7708333333333,148.8717948717949,149,148.5,146.9558823529411,148.28125,147.2307692307692
153.2307692307692,152.25,151,150.6874999999999,148.7435897435898,148.9473684210526,148.5,146.8382352941176,148.4062499999999,147.3076923076923
153.1538461538461,152.375,151.0769230769231,150.6041666666666,148.6153846153846,148.8947368421053,148.5,146.7808219178082,148.5312499999999,147.3846153846154
153.0769230769231,152.5,151.1538461538462,150.5208333333333,148.4871794871795,148.8421052631579,148.5,146.904109589041,148.6562499999999,147.4615384615385
153,152.625,151.2307692307692,150.4374999999999,148.3589743589743,148.7894736842105,148.5,147.0273972602739,148.7812499999999,147.5384615384615
152.8965517241379,152.75,151.3076923076923,150.3541666666666,148.2307692307692,148.7368421052632,148.5,147.1506849315068,148.9062499999999,147.6153846153846
152.7931034482758,152.875,151.3846153846154,150.2708333333333,148.1025641025641,148.6842105263158,148.5,147.2739726027397,149.0312499999999,147.6923076923077
152.6896551724138,153,151.4615384615385,150.2105263157894,147.9743589743589,148.6315789473684,148.5,147.3972602739726,149.1562499999999,147.7692307692308
152.5862068965517,153.0909090909091,151.5384615384615,150.1578947368421,147.8461538461538,148.578947368421,148.5,147.5205479452054,149.2666666666666,147.8461538461538
152.4827586206896,153.1818181818182,151.6153846153846,150.1052631578947,147.7777777777777,148.5263157894737,148.5,147.6438356164383,149.3333333333333,147.9230769230769
152.3793103448275,153.2727272727273,151.6923076923077,150.0526315789473,147.8888888888888,148.4736842105263,148.5,147.7671232876712,149.3999999999999,148
152.2758620689655,153.3636363636364,151.7692307692308,150,147.9999999999999,148.421052631579,148.5,147.8904109589041,149.4666666666666,148.1627906976744
152.3333333333333,153.4545454545454,151.8461538461538,149.9473684210526,148.1111111111111,148.3684210526316,148.5,148.013698630137,149.5333333333333,148.3255813953488
152.4444444444444,153.5454545454546,151.9230769230769,149.8947368421052,148.2222222222222,148.3157894736842,148.5,148.1369863013698,149.6,148.4883720930233
152.5555555555555,153.6363636363636,152,149.8421052631579,148.3333333333333,148.2631578947368,148.5,148.2602739726027,149.6666666666666,148.6511627906977
152.6666666666666,153.7272727272727,151.6896551724138,149.7894736842105,148.4444444444444,148.2105263157895,148.5,148.3835616438356,149.7333333333333,148.8139534883721
152.7777777777778,153.8181818181818,151.3793103448276,149.7368421052632,148.5555555555555,148.1578947368421,148.5,148.5068493150685,149.8,148.9767441860465
152.8888888888889,153.9090909090909,151.0689655172413,149.6842105263158,148.6666666666667,148.1052631578947,148.5,148.6301369863014,149.8666666666666,149.1395348837209
153,154,150.7586206896551,149.6315789473684,148.7777777777778,148.0526315789474,148.4935897435897,148.7534246575342,149.9333333333333,149.3023255813953
153.1162790697674,153.8,150.4482758620689,149.578947368421,148.8888888888889,148,148.4679487179487,148.8767123287671,149.9999999999999,149.4651162790697
153.2325581395349,153.6,150.1379310344827,149.5263157894737,149,147.9444444444444,148.4423076923077,149,150.0666666666666,149.6279069767441
153.3488372093023,153.4,149.8275862068965,149.5,148.9411764705882,147.8888888888889,148.4166666666666,149.2,150.1333333333333,149.7599999999999
153.4651162790697,153.2,149.7164179104477,149.5,148.8823529411765,147.8333333333333,148.3910256410256,149.4,150.1999999999999,149.8
153.5813953488372,153,149.6716417910447,149.5,148.8235294117647,147.7777777777778,148.3653846153846,149.6,150.1999999999999,149.84
153.6976744186046,152.8,149.6268656716418,149.5,148.7647058823529,147.7222222222222,148.3397435897436,149.8,149.9999999999999,149.88
153.8139534883721,152.6,149.5820895522388,149.5,148.5217391304348,147.6666666666667,148.3141025641025,150,149.8,149.92
153.9302325581395,152.4,149.5373134328358,149.5,148.2173913043478,147.6111111111111,148.2884615384615,150.2,149.5999999999999,149.96
154.0465116279069,152.2,149.4925373134328,149.5,147.9130434782609,147.5555555555555,148.2628205128205,150.4,149.4,150
154.1627906976744,152,149.4477611940298,149.5,147.6086956521739,147.5,148.2166666666666,150.6,149.2,150.2307692307693
154.2452830188679,152,149.4029850746268,149.5,147.304347826087,147.4444444444445,148.1499999999999,150.8,149,150.4615384615385
154.2264150943396,152,149.3582089552239,149.5,147,147.3888888888889,148.0833333333333,151,148.8,150.6923076923077
154.2075471698113,152,149.3134328358209,149.5,147,147.3333333333333,148.0166666666667,150.8888888888889,148.6,150.9230769230769
154.188679245283,152,149.2686567164179,149.46875,147,147.2777777777778,147.95,150.7777777777778,148.4,151.1538461538462
154.1698113207547,152,149.2238805970149,149.40625,147,147.2222222222222,147.8833333333333,150.6666666666666,148.2,151.3846153846154
154.1509433962264,152,149.1791044776119,149.34375,147,147.1666666666667,147.8166666666666,150.5555555555555,148,151.6153846153846
154.1320754716981,152,149.1343283582089,149.28125,147.1428571428571,147.1111111111111,147.75,150.4444444444444,148.1538461538462,151.8461538461538
154.1132075471698,152,149.089552238806,149.21875,147.2857142857143,147.0555555555556,147.6833333333333,150.3333333333333,148.3076923076923,152.0769230769231
154.0943396226415,152,149.044776119403,149.15625,147.4285714285714,147,147.6166666666666,150.1249999999999,148.4615384615385,152.3076923076923
154.0754716981132,152,149,149.09375,147.5714285714286,147,147.55,149.6249999999999,148.6153846153846,152.5384615384615
154.0566037735849,152,148.7878787878788,149.03125,147.7142857142857,147,147.5192307692308,149.1249999999999,148.7692307692308,152.7692307692307
154.0377358490566,152.25,148.5757575757576,148.96875,147.5806451612903,147,147.5961538461538,148.6249999999999,148.9230769230769,153
154.0188679245283,152.5,148.3636363636363,148.90625,147.3548387096774,147,147.6730769230769,148.1249999999999,149.0769230769231,153
154,152.75,148.1515151515151,148.84375,147.1290322580645,147,147.75,147.6249999999999,149.2307692307692,153
153.9090909090909,153,147.9393939393939,148.78125,146.9032258064516,147,147.8269230769231,147.2777777777777,149.3846153846154,153
153.8181818181818,153.25,147.7272727272727,148.71875,146.6774193548387,147,147.9038461538462,147.3888888888888,149.5384615384615,153
153.7272727272727,153.5,147.5151515151515,148.65625,146.4516129032258,147,147.9807692307692,147.4999999999999,149.6923076923077,153
153.6363636363636,153.75,147.3030303030303,148.59375,146.2258064516129,147,148.0576923076923,147.6111111111111,149.8461538461538,153
153.5454545454545,154,147.2133580705009,148.53125,146,147,148.1346153846154,147.7222222222222,150,153
153.4545454545454,154.25,147.1645021645021,148.5,145.9787234042553,147,148.2115384615385,148.1249999999999,150.1794871794872,153
153.3636363636363,154.5,147.1156462585034,148.5,145.9574468085106,147,148.2884615384615,148.625,150.3589743589743,153
153.2727272727272,154.75,147.0667903525046,148.5,145.9361702127659,146.9230769230769,148.3653846153846,149.1249999999999,150.5384615384615,153
153.3571428571428,155,147.0179344465058,148.5,145.9148936170213,146.8461538461538,148.4423076923077,149.6249999999999,150.7179487179487,153
153.4999999999999,154.8,146.9690785405071,148.5,145.8936170212766,146.7692307692308,148.4166666666667,150.1249999999999,150.8974358974359,153
153.6428571428571,154.6,147.0909090909091,148.5,145.8723404255319,146.6923076923077,148.0833333333333,150.3225806451613,151.076923076923,153
153.7857142857142,154.4,147.3636363636363,148.5,145.8510638297872,146.6153846153846,147.75,150.4193548387096,151.2564102564102,153
153.9285714285714,154.2,147.6363636363636,148.55,145.8297872340426,146.5384615384615,147.4166666666667,150.516129032258,151.4358974358974,153
154.0714285714285,153.9999999999999,147.9090909090909,148.65,145.8085106382979,146.4615384615385,147.0833333333333,150.6129032258064,151.6153846153846,153.1063829787234
154.2142857142857,153.7999999999999,148.1818181818182,148.75,145.7872340425532,146.3846153846154,146.75,150.7096774193548,151.6249999999999,153.2127659574468
154.2941176470588,153.9999999999999,148.4545454545454,148.85,145.7659574468085,146.3076923076923,146.5258620689655,150.8064516129032,151.1249999999999,153.3191489361702
154.3529411764706,154.3333333333333,148.7272727272727,148.95,145.7260273972603,146.2307692307692,146.6293103448276,150.9032258064516,150.6249999999999,153.4255319148936
154.4117647058823,154.6666666666667,149,149.05,145.6301369863014,146.1538461538462,146.7327586206897,151,150.1249999999999,153.531914893617
154.4705882352941,155,148.9230769230769,149.15,145.5342465753425,146.0769230769231,146.8362068965517,151,149.6249999999999,153.6382978723404
154.5294117647059,155,148.8461538461538,149.25,145.4383561643835,146,146.9396551724138,151,149.2249999999999,153.7446808510638
154.5882352941176,155,148.7692307692307,149.35,145.3424657534247,145.8888888888889,147.0431034482758,151,149.1249999999999,153.8510638297872
154.6470588235294,155,148.6923076923077,149.45,145.2465753424657,145.7777777777778,147.1465517241379,151,149.0249999999999,153.9574468085106
154.7058823529412,155,148.6153846153846,149.3333333333333,145.1506849315069,145.6666666666667,147.2499999999999,151,148.925,154.063829787234
154.7647058823529,155,148.5384615384615,149,145.0547945205479,145.5555555555555,146.9907407407407,151,148.8249999999999,154.1702127659574
154.8235294117647,155,148.4615384615384,148.6666666666667,144.958904109589,145.4444444444445,146.7314814814814,150.7272727272727,148.9642857142857,154.2314814814814
154.8823529411765,155,148.3846153846153,148.3333333333333,144.8630136986301,145.3333333333333,146.4722222222222,150.4545454545454,149.8214285714286,154.1574074074073
154.9411764705882,155,148.3076923076923,147.9999999999999,144.7671232876712,145.2222222222222,146.2129629629629,150.1818181818182,150.6785714285714,154.0833333333333
155,155,148.2432432432432,147.6666666666666,144.6712328767123,145.1111111111111,145.9537037037037,149.9090909090909,151.5357142857142,154.0092592592592
155.2307692307692,155,148.2162162162162,147.3333333333333,144.5753424657534,145,145.6944444444444,149.6363636363636,151.8059701492537,153.9351851851851
155.4615384615385,155,148.1891891891892,146.9999999999999,144.4794520547945,144.8888888888889,145.4758064516129,149.3636363636364,151.8805970149253,153.861111111111
155.6923076923077,155,148.1621621621621,146.6666666666666,144.3835616438356,144.7777777777778,145.3790322580645,149.0909090909091,151.955223880597,153.787037037037
155.9230769230769,155,148.1351351351351,146.3333333333333,144.2876712328767,144.6666666666667,145.2822580645161,148.8181818181818,152.0298507462686,153.7129629629629
156.1538461538461,154.8181818181818,148.1081081081081,146.1964285714285,144.1917808219178,144.5555555555555,145.1854838709677,148.5454545454545,152.1044776119402,153.6388888888888
156.3846153846154,154.6363636363636,148.0810810810811,146.1249999999999,144.0958904109589,144.4444444444445,145.0887096774193,148.2727272727273,152.1791044776119,153.5648148148148
156.6153846153846,154.4545454545455,148.054054054054,146.0535714285714,144,144.3333333333333,144.9919354838709,148,152.2537313432836,153.4907407407407
156.8461538461538,154.2727272727273,148.027027027027,145.9821428571428,144.0909090909091,144.2222222222222,144.8951612903225,148.25,152.3283582089552,153.4166666666666
157.076923076923,154.0909090909091,148,145.9107142857142,144.1818181818182,144.1111111111111,144.7983870967741,148.5,152.4029850746268,153.3425925925926
157.3055555555555,153.9090909090909,147.9166666666667,145.8392857142857,144.2727272727273,144,144.6323529411764,148.75,152.4776119402985,153.2685185185185
157.5277777777777,153.7272727272727,147.8333333333333,145.7678571428571,144.3636363636363,144.2,144.3970588235293,149,152.5522388059701,153.2222222222222
157.7499999999999,153.5454545454546,147.75,145.7826086956521,144.4545454545454,144.4,144.1617647058823,149.25,152.6268656716418,153.1851851851851
157.9722222222222,153.3636363636364,147.6666666666667,145.8260869565217,144.5454545454545,144.6,143.9264705882352,149.5,152.7014925373134,153.1481481481481
158.1944444444444,153.1818181818182,147.5833333333333,145.8695652173913,144.6363636363636,144.8,143.6911764705882,149.75,152.7761194029851,153.1111111111111
158.0869565217391,153,147.5,145.9130434782608,144.7272727272727,145,143.4558823529411,150,152.8507462686567,153.074074074074
157.8695652173913,152.8148148148148,147.4166666666667,145.9565217391304,144.7941176470588,145.2,143.2205882352941,150.25,152.9253731343283,153.037037037037
157.6521739130434,152.6296296296296,147.3333333333333,145.9999999999999,144.8529411764705,145.4,142.985294117647,150.5,153,153
157.4347826086956,152.4444444444444,147.25,146.0434782608695,144.9117647058823,145.6,142.7499999999999,150.75,153.2432432432432,153.1176470588235
157.2173913043478,152.2592592592592,147.1666666666667,146.0869565217391,144.9705882352941,145.8,142.8772727272727,151,153.4864864864865,153.2352941176471
157,152.074074074074,147.0833333333333,146.1304347826086,145.0294117647058,146,143.0045454545454,151.1724137931035,153.7297297297297,153.3529411764706
157,151.8888888888888,147,146.1739130434782,145.0882352941176,145.7272727272727,143.1318181818181,151.3448275862069,153.9729729729729,153.4705882352941
157,151.7924528301886,146.8965517241379,146.2173913043478,145.1470588235294,145.4545454545454,143.2590909090909,151.5172413793103,154.2162162162162,153.5882352941176
157,151.9622641509433,146.7931034482758,146.1904761904761,145.2058823529411,145.1818181818182,143.3863636363636,151.6896551724138,154.4594594594594,153.7058823529412
157,152.1320754716981,146.6896551724138,145.9523809523809,145.2291666666666,144.9090909090909,143.5136363636364,151.8620689655172,154.7027027027027,153.8235294117647
157,152.3018867924528,146.5862068965517,145.7142857142857,145.1458333333333,144.6363636363636,143.6409090909091,152.0344827586206,154.9459459459459,153.9411764705882
157,152.4716981132075,146.4827586206896,145.4761904761904,145.0624999999999,144.3636363636363,143.7681818181818,152.2068965517241,155.1891891891891,154.0588235294118
157,152.6415094339622,146.3793103448275,145.2380952380952,144.9791666666666,144.090909090909,143.8954545454545,152.0322580645161,154.9499999999999,154.1764705882353
157,152.811320754717,146.2758620689655,144.9999999999999,144.8958333333333,143.8181818181818,144.0227272727273,151.7419354838709,154.5499999999999,154.2941176470588
157,152.9811320754717,146.3478260869565,144.7619047619047,144.8124999999999,143.9130434782608,144.15,151.4516129032258,154.1499999999999,154.4117647058823
157.1186440677966,153.1509433962264,146.4782608695652,144.5238095238095,144.7317073170731,144.1304347826087,144.2772727272727,151.1612903225806,153.7499999999999,154.5294117647059
157.2372881355932,153.3207547169811,146.6086956521739,144.2857142857142,144.6585365853658,144.3478260869565,144.4045454545455,150.9809218559218,153.3499999999999,154.6470588235294
157.3559322033898,153.4905660377358,146.7391304347826,144.047619047619,144.5853658536585,144.5652173913043,144.4239130434783,150.9265873015873,152.9499999999999,154.7647058823529
157.4745762711864,153.6603773584906,146.8695652173913,143.8095238095237,144.5121951219512,144.7826086956522,144.1195652173913,150.8722527472527,152.55,154.8823529411765
157.593220338983,153.8301886792453,147,143.8273195876288,144.4390243902439,145,143.8152173913043,150.8179181929181,152.2083333333333,155
157.7118644067796,154,146.8571428571429,143.930412371134,144.3658536585365,145.1538461538462,143.5108695652173,150.7635836385836,152.0416666666666,155.1764705882353
157.8305084745762,154.125,146.7142857142857,144.0335051546391,144.2926829268292,145.3076923076923,143.2065217391304,150.6774193548387,151.8749999999999,155.3529411764706
157.9491525423728,154.25,146.5714285714286,144.1365979381443,144.2195121951219,145.4615384615385,142.9021739130434,150.5806451612903,151.7083333333333,155.5294117647059
158.0677966101695,154.375,146.4285714285714,144.2396907216495,144.1463414634146,145.6153846153846,142.7806122448979,150.4838709677419,151.5416666666666,155.7058823529412
158.1864406779661,154.5,146.2857142857143,144.3427835051546,144.0731707317073,145.7692307692308,142.8418367346938,150.3870967741935,151.3749999999999,155.8823529411765
158.3050847457627,154.625,146.1428571428571,144.4458762886598,144,145.9230769230769,142.9030612244898,150.2903225806451,151.2083333333333,156.0588235294118
158.4237288135593,154.75,146,144.5489690721649,144.0769230769231,146.0769230769231,142.9642857142857,150.1935483870968,151.0416666666666,156.2352941176471
158.5423728813559,154.875,146.1,144.6520618556701,144.1538461538461,146.2307692307692,143.0255102040816,150.0967741935484,150.8749999999999,156.4117647058824
158.6610169491525,155,146.2,144.7551546391753,144.2307692307692,146.3846153846154,143.0867346938775,150,150.8181818181818,156.5882352941176
158.7777777777777,154.9090909090909,146.3,144.9166666666667,144.3076923076923,146.5384615384615,143.1479591836734,150.0909090909091,151.090909090909,156.7647058823529
158.8888888888889,154.8181818181818,146.4,145.0833333333333,144.3846153846154,146.6923076923077,143.2091836734694,150.1818181818182,151.3636363636363,156.9411764705882
158.9999999999999,154.7272727272727,146.5,145.25,144.4615384615384,146.8461538461539,143.2704081632653,150.2727272727273,151.6363636363636,157.1176470588235
159.1111111111111,154.6363636363636,146.6,145.4166666666667,144.5384615384615,147,143.3316326530612,150.3636363636364,151.9090909090909,157.2941176470588
159.2222222222222,154.5454545454545,146.7,145.5833333333333,144.6153846153846,147.0344827586207,143.3928571428571,150.4545454545454,152.1818181818182,157.4705882352941
159.3333333333333,154.4545454545455,146.8,145.75,144.6923076923076,147.0689655172414,143.4540816326531,150.5454545454546,152.4545454545454,157.6470588235294
159.4444444444444,154.3636363636364,146.9,145.9166666666667,144.7878787878788,147.1034482758621,143.5357142857143,150.6363636363636,152.7272727272727,157.8235294117647
159.5555555555555,154.2727272727273,147,146.0833333333333,144.9393939393939,147.1379310344827,143.6785714285714,150.7272727272727,153,158
159.6666666666666,154.1818181818182,146.7857142857143,146.25,145.0909090909091,147.1724137931034,143.8214285714286,150.8181818181818,153.2121212121212,158.1594202898551
159.7777777777778,154.0909090909091,146.5714285714286,146.4166666666667,145.2424242424242,147.2068965517241,143.9642857142857,150.9090909090909,153.4242424242424,158.3188405797102
159.8888888888889,154,146.3571428571429,146.3928571428571,145.3939393939394,147.2413793103448,144.1071428571429,151,153.6363636363636,158.4782608695652
160,154,146.1428571428571,146.1785714285714,145.5454545454545,147.0930232558139,144.25,150.8,153.8484848484848,158.6376811594203
159.8780487804878,154,145.9285714285714,145.9642857142857,145.6969696969697,146.8837209302325,144.3928571428572,150.6,154.060606060606,158.7971014492753
159.7560975609756,154,145.7142857142857,145.75,145.8484848484848,146.6744186046511,144.5357142857143,150.4,154.2727272727272,158.9565217391304
159.6341463414634,154,145.5,145.5357142857143,146,146.4651162790697,144.6785714285714,150.2,154.4848484848484,159.1159420289855
159.5121951219512,154,145.2857142857143,145.3214285714286,146.0714285714286,146.2558139534883,144.8214285714286,150,154.6969696969696,159.2753623188405
159.390243902439,154,145.0714285714286,145.1071428571429,146.1428571428572,146.0465116279069,144.9642857142857,150.1111111111111,154.3749999999999,159.4347826086956
159.2682926829268,154,144.8571428571428,144.8928571428571,146.2142857142857,145.8372093023256,145.1071428571429,150.2222222222222,153.8749999999999,159.5942028985507
159.1463414634146,154,144.6428571428571,144.6785714285714,146.2857142857143,145.6279069767442,145.25,150.3333333333333,153.3749999999999,159.7536231884058
159.0243902439024,153.5,144.4285714285714,144.4642857142857,146.3571428571428,145.4186046511628,145.3928571428571,150.4444444444444,152.8749999999999,159.9130434782608
158.9024390243902,153,144.2142857142857,144.25,146.4285714285714,145.2093023255814,145.4791666666667,150.5555555555555,152.3749999999999,160.0724637681159
158.780487804878,152.5,144,144.0357142857143,146.5,145,145.3958333333333,150.6666666666666,152.3437499999999,160.231884057971
158.6899999999999,152,144.1538461538462,143.8214285714286,146.5714285714286,145,145.3125,150.6499999999999,152.4687499999999,160.391304347826
158.61,151.5,144.3076923076923,143.6071428571429,146.6428571428571,145,145.2291666666667,150.2499999999999,152.5937499999999,160.5507246376811
158.5299999999999,151,144.4615384615385,143.4893617021277,146.7142857142857,145,145.1458333333333,149.85,152.7187499999999,160.7101449275362
158.4499999999999,150.5,144.6153846153846,143.468085106383,146.7857142857143,145,145.0625,149.4499999999999,153,160.7714285714285
158.3699999999999,150,144.7692307692308,143.4468085106383,146.8571428571429,145,144.9791666666667,149.0499999999999,153.3333333333333,160.8
158.29,150.2142857142857,144.9230769230769,143.4255319148936,146.9285714285714,145,144.8958333333333,148.675,153.6666666666667,160.8285714285714
158.2099999999999,150.4285714285714,145.0769230769231,143.4042553191489,147,145,144.8125,148.3749999999999,154,160.8571428571428
158.1299999999999,150.6428571428571,145.2307692307692,143.3829787234042,146.8,145,144.7291666666667,148.0749999999999,153.7619047619048,160.8857142857142
158.05,150.8571428571429,145.3846153846154,143.3617021276596,146.6,145.1058823529412,144.6458333333333,147.7749999999999,153.5238095238095,160.9142857142857
157.9699999999999,151.0714285714286,145.5384615384615,143.3404255319149,146.4,145.2117647058823,144.5625,147.4749999999999,153.2857142857142,160.9428571428571
157.8899999999999,151.2857142857143,145.6923076923077,143.3191489361702,146.2,145.3176470588235,144.4791666666667,147.2777777777777,153.047619047619,160.9714285714286
157.8099999999999,151.5,145.8461538461538,143.2978723404255,146,145.4235294117647,144.3958333333333,147.3888888888889,152.8095238095238,161
157.7735849056603,151.7142857142857,146,143.2765957446808,145.8,145.5294117647059,144.3125,147.4999999999999,152.8571428571428,160.7777777777778
157.8679245283018,151.9285714285714,145.9,143.2553191489361,145.6,145.635294117647,144.2291666666667,147.611111111111,152.9999999999999,160.5555555555555
157.9622641509434,152.1428571428571,145.8,143.3265306122449,145.3999999999999,145.7411764705882,144.1458333333333,147.7222222222222,153.1428571428571,160.3333333333333
158.0566037735849,152.3571428571429,145.7,143.4285714285714,145.2615334705566,145.8470588235294,144.0625,147.8333333333333,153.2857142857142,160.1111111111111
158.1509433962264,152.5714285714286,145.6,143.5306122448979,145.3076673527832,145.9529411764705,143.9791666666667,147.9444444444444,153.4285714285714,159.8888888888889
158.2452830188679,152.7857142857143,145.5,143.6326530612245,145.3538012350098,146.0588235294117,143.8958333333333,148.0555555555555,153.5714285714285,159.6666666666667
158.3396226415094,153,145.4,143.734693877551,145.3999351172364,146.1647058823529,143.8125,148.1666666666666,153.7142857142857,159.4444444444445
158.4339622641509,153.0666666666667,145.3,143.8367346938775,145.446068999463,146.2705882352941,143.7291666666667,148.2857142857142,153.8,159.2222222222222
158.5283018867924,153.1333333333333,145.2,143.938775510204,145.4922028816896,146.3764705882353,143.6458333333333,148.4285714285714,153.8666666666666,159
158.6226415094339,153.2,145.1,144.0408163265306,145.5383367639162,146.4823529411764,143.5625,148.5714285714285,153.9333333333333,159.2857142857143
158.7169811320755,153.2666666666667,145,144.1428571428571,145.5844706461428,146.5882352941176,143.546875,148.7142857142857,154,159.5714285714286
158.811320754717,153.3333333333333,145,144.2448979591837,145.6418918918918,146.6941176470588,143.734375,148.8571428571428,154.2,159.8571428571429
158.9056603773585,153.4,145,144.3469387755102,145.7499999999999,146.8,143.921875,148.9999999999999,154.4,160.1428571428571
159,153.4666666666667,145,144.4489795918367,145.8581081081081,146.9058823529411,144.109375,149.1428571428571,154.6,160.4285714285714
159.047619047619,153.5333333333333,145,144.575,145.9662162162162,147.0117647058823,144.296875,149.2857142857142,154.8,160.7142857142857
159.0952380952381,153.6,145,144.725,146.0743243243243,147.1176470588235,144.484375,149.4285714285714,155,161
159.1428571428572,153.6666666666667,145,144.875,146.1824324324324,147.2235294117646,144.671875,149.5714285714286,155.2,161.2857142857143
159.1904761904762,153.7333333333333,145,145.025,146.2905405405405,147.2734374999999,144.859375,149.7142857142857,155.4,161.5714285714286
159.2380952380952,153.8,144.8571428571429,145.175,146.3986486486486,147.3046874999999,145.046875,149.8571428571429,155.6,161.8571428571429
159.2857142857143,153.8666666666667,144.7142857142857,145.325,146.5067567567567,147.3359374999999,145.234375,150,155.8,162.1428571428571
159.3333333333333,153.9333333333333,144.5714285714286,145.475,146.6148648648648,147.3671874999999,145.421875,149.8888888888889,155.9999999999999,162.4285714285714
159.3809523809524,154,144.4285714285714,145.625,146.722972972973,147.3984374999999,145.609375,149.7777777777778,156.1999999999999,162.7142857142857
159.4285714285714,154.047619047619,144.2857142857143,145.775,146.6521739130435,147.4296874999999,145.796875,149.6666666666667,156.1818181818182,163
159.4761904761905,154.0952380952381,144.1428571428571,145.925,146.5217391304348,147.4609374999999,145.984375,149.5555555555555,156.090909090909,163
159.5238095238095,154.1428571428571,144,146.075,146.3913043478261,147.4921874999999,146.171875,149.4444444444445,155.9999999999999,163
159.5714285714286,154.1904761904762,144.2105263157895,146.225,146.2608695652174,147.5234374999999,146.359375,149.3333333333333,155.9090909090908,163
159.6190476190476,154.2380952380952,144.421052631579,146.375,146.1304347826087,147.5546874999999,146.4880952380952,149.2222222222222,155.8181818181818,163
159.6666666666667,154.2857142857143,144.6315789473684,146.525,146,147.5859374999999,146.4404761904762,149.1111111111111,155.7272727272727,163
159.7142857142857,154.3333333333333,144.8421052631579,146.675,145.8695652173913,147.6171874999999,146.3928571428572,149,155.6363636363636,163
159.7619047619048,154.3809523809524,145.0526315789474,146.825,145.7391304347826,147.6484374999999,146.3452380952381,149.1914893617021,155.5454545454545,163
159.8095238095238,154.4285714285714,145.2631578947368,146.975,145.6086956521739,147.6796874999999,146.2976190476191,149.3829787234042,155.4545454545454,163
159.8571428571428,154.4761904761905,145.4736842105263,147.125,145.4782608695652,147.7109374999999,146.25,149.5744680851064,155.3636363636363,163
159.9047619047619,154.5238095238095,145.6842105263158,147.275,145.3478260869565,147.7421874999999,146.202380952381,149.7659574468085,155.2727272727272,163
159.9523809523809,154.5714285714286,145.8947368421053,147.425,145.297619047619,147.7850467289719,146.1547619047619,149.9574468085106,155.1,163
160,154.6190476190476,146.1052631578947,147.4333333333333,145.4880952380952,147.8317757009345,146.1071428571429,150.1489361702127,154.8999999999999,162.9285714285714
160.0666666666667,154.6666666666667,146.3157894736842,147.3,145.6785714285714,147.8785046728972,146.0595238095238,150.3404255319149,154.6999999999999,162.8571428571429
160.1333333333333,154.7142857142857,146.5263157894737,147.1666666666667,145.8690476190476,147.9252336448598,146.0119047619048,150.531914893617,154.4999999999999,162.7857142857143
160.2,154.7619047619048,146.7368421052632,147.0333333333333,146.0595238095238,147.9719626168224,145.9642857142857,150.7234042553191,154.3,162.7142857142857
160.2666666666667,154.8095238095238,146.9473684210526,146.9,146.25,148.018691588785,145.9166666666667,150.9148936170212,154.1,162.6428571428571
160.3333333333333,154.8571428571429,147.1578947368421,146.7666666666667,146.4404761904761,148.0654205607476,145.8690476190476,151.1063829787234,153.8999999999999,162.5714285714286
160.4,154.9047619047619,147.3684210526316,146.6333333333333,146.6309523809524,148.1121495327102,145.8214285714286,151.2653061224489,153.6999999999999,162.5
160.4666666666667,154.952380952381,147.578947368421,146.5,146.8214285714286,148.1588785046729,145.7738095238095,151.3265306122449,153.4999999999999,162.4285714285714
160.5333333333333,155,147.7894736842105,146.3666666666667,147.0119047619048,148.2056074766355,145.7261904761905,151.3877551020408,153.2999999999999,162.3571428571429
160.6,154.9333333333333,148,146.2333333333333,147.202380952381,148.2523364485981,145.6785714285714,151.4489795918367,153.3793103448276,162.2857142857143
160.6666666666667,154.8666666666667,147.8333333333333,146.1,147.1397058823529,148.2990654205607,145.6309523809524,151.5102040816326,153.551724137931,162.2142857142857
160.7333333333333,154.8,147.6666666666667,145.9666666666666,146.9926470588235,148.3457943925233,145.5833333333333,151.5714285714285,153.7241379310344,162.1428571428572
160.8,154.7333333333333,147.5,145.8333333333333,146.8455882352941,148.392523364486,145.5357142857143,151.6326530612245,153.8965517241379,162.0714285714286
160.8666666666667,154.6666666666667,147.3333333333333,145.7,146.6985294117647,148.4392523364486,145.53125,151.6938775510204,154.0689655172413,162
160.9333333333333,154.6,147.1666666666667,145.5666666666667,146.5514705882353,148.4859813084112,145.65625,151.7551020408163,154.2413793103448,162.1052631578947
161,154.5333333333334,147,146.0769230769231,146.4044117647059,148.5327102803738,145.78125,151.8163265306122,154.4137931034483,162.2105263157895
160.9166666666667,154.4666666666666,147.0666666666667,147.2307692307692,146.2573529411765,148.5794392523364,145.90625,151.8775510204081,154.5862068965517,162.3157894736842
160.8333333333333,154.4,147.1333333333333,148.3846153846154,146.110294117647,148.6261682242991,146.03125,151.9387755102041,154.7586206896551,162.421052631579
160.75,154.3333333333333,147.2,147.3871204701273,145.9632352941176,148.6728971962617,146.15625,152,154.9310344827586,162.5263157894737
160.6666666666667,154.2666666666667,147.2666666666667,147.745278069255,145.8161764705882,148.7196261682243,146.28125,151.9375,155.1034482758621,162.6315789473684
160.5833333333333,154.2,147.3333333333333,150.3571428571428,145.6691176470588,148.7663551401869,146.40625,151.875,155.2758620689655,162.7368421052632
160.5,154.1333333333333,147.4,150.7857142857142,145.5220588235294,148.8130841121495,146.53125,151.8125,155.448275862069,162.8421052631579
160.4166666666667,154.0666666666667,147.4666666666667,151.2142857142857,145.3749999999999,148.8598130841121,146.65625,151.75,155.6206896551724,162.9473684210526
160.3333333333333,154,147.5333333333333,151.6428571428571,145.2279411764706,148.9065420560748,146.78125,151.6875,155.7931034482758,163.0526315789474
160.25,153.9375,147.6,150.9999999999999,145.0808823529411,148.9532710280374,146.90625,151.625,155.9655172413793,163.1578947368421
160.1666666666667,153.875,147.6666666666667,149.9999999999999,144.9338235294117,149,147.03125,151.5625,156.1379310344827,163.2631578947368
160.0833333333333,153.8125,147.7333333333333,148.7077446699203,144.7867647058823,148.8539325842697,147.15625,151.5,156.3103448275862,163.3684210526316
160,153.75,147.8,146.5387233496018,144.8059701492537,148.7078651685393,147.28125,151.4375,156.4827586206897,163.4736842105263
159.9620253164557,153.6875,147.8666666666667,144.8863636363637,144.8805970149253,148.561797752809,147.40625,151.375,156.6551724137931,163.5789473684211
159.9240506329114,153.625,147.9333333333333,144.8409090909091,144.955223880597,148.4157303370786,147.4662162162162,151.3125,156.8275862068966,163.6842105263158
159.8860759493671,153.5625,148,144.7954545454545,145.0298507462686,148.2696629213483,147.3310810810811,151.25,157,163.7894736842105
159.8481012658228,153.5,148.1,144.75,145.1044776119403,148.123595505618,147.1959459459459,151.1875,157.1818181818182,163.8947368421053
159.8101265822785,153.4375,148.2,144.7045454545454,145.1791044776119,147.9775280898876,147.0608108108108,151.125,157.3636363636363,164
159.7721518987341,153.375,148.3,144.6590909090909,145.2537313432836,147.8314606741573,146.9256756756757,151.0625,157.5454545454546,164.0714285714286
159.7341772151898,153.3125,148.4,144.6136363636364,145.3283582089552,147.6853932584269,146.7905405405405,151,157.7272727272727,164.1428571428572
159.6962025316456,153.25,148.5,144.5681818181818,145.4029850746268,147.5393258426966,146.6554054054054,151.1666666666667,157.9090909090909,164.2142857142857
159.6582278481012,153.1875,148.6,144.5227272727273,145.4776119402985,147.3932584269663,146.5202702702702,151.3333333333333,158.0909090909091,164.2857142857143
159.6202531645569,153.125,148.7,144.48,145.5522388059701,147.2471910112359,146.3851351351351,151.5,158.2727272727273,164.3571428571428
159.5822784810126,153.0625,148.8,144.44,145.6268656716418,147.1011235955056,146.2499999999999,151.6666666666667,158.4545454545454,164.4285714285714
159.5443037974683,153,148.9,144.4,145.7014925373134,146.9550561797752,146.2712765957446,151.8333333333333,158.6363636363636,164.5
159.506329113924,153.1428571428572,149,144.36,145.7761194029851,146.8089887640449,146.2925531914893,152,158.8181818181818,164.5714285714286
159.4683544303797,153.2857142857143,148.7,144.32,145.8507462686567,146.6629213483146,146.313829787234,152.1666666666667,159,164.6428571428571
159.4303797468354,153.4285714285714,148.4,144.28,145.9253731343284,146.5168539325842,146.3351063829787,152.3333333333333,158.6666666666667,164.7142857142857
159.3924050632911,153.5714285714286,148.1,144.24,146,146.3707865168539,146.3563829787234,152.5,158.3333333333333,164.7857142857143
159.3544303797468,153.7142857142857,147.8,144.2,146.1,146.2247191011236,146.3776595744681,152.6666666666667,158,164.8571428571429
159.3164556962025,153.8571428571429,147.5,144.16,146.2,146.0786516853932,146.3989361702127,152.8333333333333,157.6666666666667,164.9285714285714
159.2784810126582,154,147.2,144.12,146.3,145.9325842696629,146.4202127659574,153,157.3333333333333,165
159.2444444444444,154.1428571428571,146.9,144.08,146.4,145.7865168539325,146.4414893617021,153.0967741935484,157,165.0769230769231
159.2222222222221,154.2857142857143,146.6,144.04,146.5,145.6,146.4627659574468,153.1935483870968,157.1111111111111,165.1538461538462
159.2,154.4285714285714,146.3,144,146.6,145.4,146.4840425531915,153.2903225806452,157.2222222222222,165.2307692307692
159.1777777777777,154.5714285714286,146,143.96,146.7,145.2,146.4888059701493,153.3870967741935,157.3333333333333,165.3076923076923
159.1555555555555,154.7142857142857,146,143.92,146.8,144.9999999999999,146.4440298507463,153.4838709677419,157.4444444444444,165.3846153846154
159.1333333333333,154.8571428571429,146,143.88,146.9,144.8,146.3992537313433,153.5806451612903,157.5555555555555,165.4615384615385
159.1111111111111,155,146,143.84,147,144.6,146.3544776119403,153.6774193548387,157.6666666666666,165.5384615384615
159.0888888888889,155.0909090909091,146,143.8,146.5652173913043,144.4,146.3097014925373,153.7543859649122,157.7777777777777,165.6153846153846
159.0666666666667,155.1818181818182,146,143.76,146.1304347826087,144.2,146.2649253731343,153.7719298245613,157.8888888888889,165.6923076923077
159.0444444444444,155.2727272727273,146,143.72,145.695652173913,144,146.2201492537313,153.7894736842105,157.9999999999999,165.7692307692308
159.0222222222222,155.3636363636364,146,143.68,145.2608695652173,144.0625,146.1753731343283,153.8070175438596,158.1111111111111,165.8461538461538
159,155.4545454545454,146,143.64,144.8260869565217,144.125,146.1305970149253,153.8245614035087,158.2222222222221,165.9230769230769
158.7741935483871,155.5454545454546,146,143.6,144.4761904761904,144.1875,146.0858208955224,153.8421052631579,158.4166666666666,166
158.5483870967742,155.6363636363636,146.1111111111111,143.56,144.3809523809523,144.25,146.0410447761194,153.859649122807,158.6388888888888,165.75
158.3225806451613,155.7272727272727,146.2222222222222,143.52,144.2857142857142,144.3125,145.9962686567164,153.8771929824561,158.8611111111111,165.5
158.0967741935484,155.8181818181818,146.3333333333333,143.525,144.1904761904761,144.375,145.9514925373134,153.8947368421053,159.0833333333333,165.25
157.8709677419354,155.9090909090909,146.4444444444445,143.575,144.0952380952381,144.4375,145.9067164179104,153.9122807017544,159.3055555555555,165
157.6451612903225,156,146.5555555555555,143.625,144,144.5,145.8619402985074,153.9298245614035,159.5277777777777,164.75
157.4193548387096,156,146.6666666666667,143.675,144.1818181818182,144.5625,145.8171641791044,153.9473684210526,159.7499999999999,164.5
157.2738095238095,156,146.7777777777778,143.725,144.3636363636364,144.625,145.7723880597014,153.9649122807018,159.9722222222222,164.25
157.3690476190475,156,146.8888888888889,143.775,144.5454545454546,144.6875,145.8445945945945,153.9824561403509,160.1944444444444,164
157.4642857142857,156,147,143.825,144.7272727272727,144.75,146.0337837837837,154,160.2,164
157.5595238095237,156,147.1111111111111,143.875,144.9090909090909,144.8125,146.2229729729729,153.875,160.1333333333333,164
157.6547619047618,156,147.2222222222222,143.925,145.0909090909091,144.875,146.4121621621621,153.75,160.0666666666666,164
157.7499999999999,156,147.3333333333333,143.975,145.2727272727273,144.9375,146.6013513513513,153.625,160,164
157.845238095238,156,147.4444444444445,144.025,145.4545454545454,145,146.7905405405405,153.5,159.9333333333333,164
157.9404761904761,156,147.5555555555555,144.075,145.6363636363636,144.9523809523809,146.9797297297297,153.375,159.8666666666666,164
158.0357142857142,156,147.6666666666667,144.125,145.8181818181818,144.9047619047619,147.1689189189189,153.25,159.8,164
158.1309523809523,155.9166666666667,147.7777777777778,144.175,146,144.8571428571429,147.3581081081081,153.125,159.7333333333333,164
158.2261904761904,155.8333333333333,147.8888888888889,144.225,146,144.8095238095238,147.475,153,159.6666666666666,164
158.2173913043478,155.75,148,144.275,146,144.7619047619048,147.375,153.1578947368421,159.6,164
158.1739130434782,155.6666666666667,148.0769230769231,144.325,146,144.7142857142857,147.275,153.3157894736842,159.5333333333333,164
158.1304347826087,155.5833333333333,148.1538461538462,144.375,145.9999999999999,144.6666666666667,147.175,153.4736842105263,159.4666666666666,164
158.0869565217391,155.5,148.2307692307692,144.425,145.9999999999999,144.6190476190476,147.075,153.6315789473684,159.4,164
158.0434782608695,155.4166666666667,148.3076923076923,144.475,145.9999999999999,144.5714285714286,146.975,153.7894736842105,159.3333333333333,164
158,155.3333333333333,148.3846153846154,144.5555555555556,145.9999999999999,144.5238095238095,146.875,153.9473684210526,159.2666666666667,163.9333333333333
157.8965517241379,155.25,148.4615384615385,144.6666666666667,146,144.4761904761905,146.775,154.1052631578947,159.2,163.8666666666667
157.7931034482758,155.1666666666667,148.5384615384615,144.7777777777778,146,144.4285714285714,146.675,154.2631578947368,159.1333333333333,163.8
157.6896551724138,155.0833333333333,148.6153846153846,144.8888888888889,146,144.3809523809524,146.575,154.421052631579,159.0666666666667,163.7333333333333
157.5862068965517,155,148.6923076923077,145,145.5862068965517,144.3333333333333,146.4285714285714,154.578947368421,159,163.6666666666667
157.4827586206896,155.1111111111111,148.7692307692308,145.1111111111111,145.1724137931034,144.2857142857143,146.1428571428571,154.7368421052632,159.1836734693877,163.6
157.3793103448276,155.2222222222222,148.8461538461538,145.2222222222222,144.7586206896551,144.2380952380952,145.8571428571428,154.8947368421053,159.3673469387755,163.5333333333333
157.2758620689655,155.3333333333333,148.9230769230769,145.3333333333333,144.3448275862069,144.1904761904762,145.5714285714286,155.0526315789474,159.5510204081633,163.4666666666667
157.3906249999999,155.4444444444445,149,145.4444444444445,143.9310344827586,144.1428571428571,145.2857142857143,155.2105263157895,159.734693877551,163.4
157.5781249999999,155.5555555555555,149.2222222222222,145.5555555555555,143.5172413793103,144.0952380952381,145,155.3684210526316,159.9183673469388,163.3333333333333
157.7656249999999,155.6666666666667,149.4444444444444,145.6666666666667,143.103448275862,144.047619047619,144.7142857142857,155.5263157894737,160.1020408163265,163.2666666666667
157.9531249999999,155.7777777777778,149.6666666666667,145.7777777777778,142.9302325581395,144,144.4568965517241,155.6842105263158,160.2857142857143,163.2
158.1406249999999,155.8888888888889,149.8888888888889,145.8888888888889,142.8372093023255,144.1,144.2844827586207,155.8421052631579,160.469387755102,163.1333333333333
158.3281249999999,156,150.1111111111111,146,142.7441860465116,144.2,144.1120689655172,156,160.6530612244898,163.0666666666667
158.5156249999999,156.0909090909091,150.3333333333333,146.1111111111111,142.6511627906976,144.3,143.9396551724138,156.0909090909091,160.8367346938775,163
158.7031249999999,156.1818181818182,150.5555555555555,146.2222222222222,142.5581395348837,144.4,143.7672413793103,156.1818181818182,161.0204081632653,163.0833333333333
158.5806451612902,156.2727272727273,150.7777777777778,146.3333333333333,142.4651162790697,144.5,143.5948275862069,156.2727272727273,161.204081632653,163.1666666666667
158.3548387096774,156.3636363636364,151,146.4444444444444,142.3720930232558,144.6,143.4224137931034,156.3636363636364,161.2499999999999,163.25
158.1290322580645,156.4545454545454,151.2222222222222,146.65,142.2790697674419,144.7,143.2499999999999,156.4545454545454,161.2499999999999,163.3333333333333
157.9032258064516,156.5454545454546,151.4444444444445,146.95,142.1860465116279,144.8,143.4112903225806,156.5454545454546,161.2499999999999,163.4166666666667
157.6774193548387,156.6363636363636,151.6666666666667,147.25,142.0930232558139,144.9,143.5725806451613,156.6363636363636,161.2499999999999,163.5
157.4516129032258,156.7272727272727,151.8888888888889,147.55,142,145,143.7338709677419,156.7272727272727,161.2499999999999,163.5833333333333
157.2258064516129,156.8181818181818,152.1111111111111,147.85,142.1428571428571,145.0222222222222,143.8951612903226,156.8181818181818,161.2499999999999,163.6666666666667
157,156.9090909090909,152.3333333333333,148.15,142.2857142857143,145.0444444444444,144.0564516129032,156.9090909090909,161.2499999999999,163.75
157.1020408163265,157,152.5555555555556,148.45,142.4285714285714,145.0666666666667,144.2177419354839,157,161.2499999999999,163.8333333333333
157.204081632653,157.0833333333333,152.7777777777778,148.75,142.5714285714286,145.0888888888889,144.3790322580645,157.0833333333333,161.2499999999999,163.9166666666667
157.3061224489796,157.1666666666667,153,149.05,142.7142857142857,145.1111111111111,144.59375,157.1666666666667,161.2249999999999,164
157.4081632653061,157.25,153.1851851851852,149.35,142.8571428571429,145.1333333333333,144.96875,157.25,161.1249999999999,164
157.5102040816327,157.3333333333333,153.3703703703704,149.4705882352941,143,145.1555555555555,145.34375,157.3333333333333,161.0249999999999,164
157.6122448979592,157.4166666666667,153.5555555555555,149.4117647058823,143.1428571428571,145.1777777777777,145.71875,157.4166666666667,160.925,164
157.7142857142857,157.5,153.7407407407407,149.3529411764706,143.2857142857143,145.2,146.09375,157.5,160.8249999999999,164
157.8163265306122,157.5833333333333,153.9259259259259,149.2941176470588,143.4285714285714,145.2222222222222,146.46875,157.5833333333333,160.725,164
157.9183673469387,157.6666666666667,154.1111111111111,149.2352941176471,143.5714285714286,145.2444444444444,146.84375,157.6666666666667,160.6249999999999,164.0769230769231
158.0204081632653,157.75,154.2121212121212,149.1764705882353,143.7142857142857,145.3839285714285,147.21875,157.75,160.5249999999999,164.1538461538462
158.1224489795918,157.8333333333333,154.060606060606,149.1176470588235,143.8571428571429,145.5624999999999,147.47,157.8333333333333,160.425,164.2307692307692
158.2244897959183,157.9166666666667,153.9090909090909,149.0588235294118,144,145.7410714285714,147.35,157.9166666666667,160.325,164.3076923076923
158.4782608695652,158,153.7575757575757,149,144.2,145.9196428571428,147.23,158,160.2121212121212,164.3846153846154
158.7826086956521,157.7692307692308,153.6060606060606,148.9411764705882,144.4,146.0982142857142,147.11,158.0833333333333,160.060606060606,164.4615384615385
159.0869565217391,157.5384615384615,153.4545454545454,148.8823529411765,144.6,146.2767857142857,146.99,158.1666666666667,159.9090909090909,164.5384615384615
159.3913043478261,157.3076923076923,153.3030303030303,148.8235294117647,144.8,146.4553571428571,146.8699999999999,158.25,159.7575757575757,164.6153846153846
159.695652173913,157.0769230769231,153.1515151515152,148.7647058823529,145,146.6339285714285,146.7499999999999,158.3333333333333,159.6060606060606,164.6923076923077
160,156.8461538461538,153,148.7058823529412,145.2,146.8124999999999,146.6854838709677,158.4166666666667,159.4545454545454,164.7692307692308
159.8571428571429,156.6153846153846,152.9230769230769,148.6470588235294,145.4,146.9910714285714,146.6209677419354,158.5,159.3030303030303,164.8461538461538
159.7142857142857,156.3846153846154,152.8461538461538,148.5882352941177,145.6,147.1696428571428,146.5564516129032,158.5833333333333,159.1515151515151,164.9230769230769
159.5714285714286,156.1538461538462,152.7692307692307,148.5294117647059,145.8,147.3482142857142,146.4919354838709,158.6666666666667,159,165
159.4285714285714,155.9230769230769,152.6923076923077,148.5625,146,147.5267857142857,146.4274193548387,158.75,158.9090909090909,165.5555555555555
159.2857142857143,155.6923076923077,152.6153846153846,148.6875,146.1428571428572,147.7053571428571,146.3629032258064,158.8333333333333,158.8181818181818,166.1111111111111
159.1428571428571,155.4615384615385,152.5384615384615,148.8125,146.2857142857143,147.7627118644067,146.2983870967741,158.9166666666667,158.7272727272727,166.6666666666667
159,155.2307692307692,152.4615384615384,148.9375,146.4285714285714,147.7796610169491,146.2291666666666,159,158.6363636363636,167.2222222222222
158.5,155,152.3846153846154,149.0625,146.5714285714286,147.7966101694915,146.1458333333333,158.9152542372881,158.5454545454545,167.7777777777778
158,155,152.3076923076923,149.1875,146.7142857142857,147.8135593220339,146.0624999999999,158.8305084745763,158.4545454545454,168.3333333333333
157.5,155,152.2244897959183,149.3125,146.8571428571429,147.8305084745762,145.9791666666666,158.7457627118644,158.3636363636363,168.8888888888889
157,155,152.1224489795918,149.4375,147,147.8474576271186,145.8958333333333,158.6610169491526,158.2727272727272,169.4444444444445
156.5,155,152.0204081632653,149.5,146.7647058823529,147.864406779661,145.8125,158.5762711864407,158.4230769230768,170
156,155,151.9183673469387,149.5,146.5294117647059,147.8813559322033,145.7291666666666,158.4915254237288,158.6538461538461,170
155.8571428571428,155,151.8163265306122,149.5,146.2941176470588,147.8983050847457,145.6458333333333,158.4067796610169,158.8846153846153,170
155.7142857142857,155,151.7142857142857,149.5,146.0588235294117,147.9152542372881,145.5625,158.3220338983051,159.1153846153846,170
155.5714285714286,155,151.6122448979592,149.5,145.9999999999999,147.9322033898305,145.5471014492754,158.2372881355932,159.3461538461538,170
155.4285714285714,155,151.5102040816327,149.5,145.9999999999999,147.9491525423729,145.7355072463768,158.1525423728813,159.576923076923,170
155.2857142857143,155,151.4081632653061,149.5,145.9999999999999,147.9661016949153,145.9239130434783,158.0677966101695,159.76,170
155.1428571428572,155,151.3061224489796,149.5,146,147.9830508474576,146.1123188405797,157.9830508474576,159.8,170
155,155,151.204081632653,149.5,146,148,146.3007246376812,157.8983050847457,159.8399999999999,170
154.8571428571429,155,151.1020408163265,149.5,146,148.0909090909091,146.4891304347826,157.8135593220339,159.88,170
154.7142857142857,155,151,149.5,146.1052631578947,148.1818181818182,146.677536231884,157.8214285714285,159.92,170
154.5714285714286,155.1,151.1666666666667,149.5,146.2105263157895,148.2727272727273,146.8659420289855,158.1071428571428,159.96,170
154.4285714285714,155.2,151.3333333333333,149.5,146.3157894736842,148.3636363636364,147.0543478260869,158.3928571428571,160,170
154.2857142857143,155.3,151.5,149.6,146.421052631579,148.4545454545454,147.2427536231884,158.6785714285714,159.9230769230769,170
154.1428571428571,155.4,151.6666666666667,149.8,146.5263157894737,148.5454545454546,147.4311594202898,158.9642857142857,159.8461538461539,170
154,155.5,151.8333333333333,150,146.6315789473684,148.6363636363636,147.6195652173913,159.2499999999999,159.7692307692308,170
154.1803278688525,155.6,152,150.2,146.7368421052632,148.7272727272727,147.8079710144927,159.5357142857142,159.6923076923077,170
154.3606557377049,155.7,152.1666666666667,150.4,146.8421052631579,148.8181818181818,147.9963768115942,159.7536231884057,159.6153846153846,170
154.5409836065574,155.8,152.3333333333333,150.6,146.9473684210526,148.9090909090909,148.1847826086956,159.7681159420289,159.5384615384615,170
154.7213114754098,155.9,152.5,150.8,147.0526315789474,149,148.3731884057971,159.7826086956521,159.4615384615385,170
154.9016393442623,156,152.6666666666667,151,147.1578947368421,149.0714285714286,148.5615942028985,159.7971014492753,159.3846153846154,170
155.0819672131147,156,152.8333333333333,151.2,147.2631578947368,149.1428571428571,148.7499999999999,159.8115942028985,159.3076923076923,170
155.2622950819672,156,153,151.4,147.3684210526316,149.2142857142857,148.5448717948717,159.8260869565217,159.2307692307692,169.8421052631579
155.4426229508196,156,153.1666666666667,151.6,147.4736842105263,149.2857142857143,148.3397435897435,159.8405797101449,159.1538461538462,169.6842105263158
155.6229508196721,156,153.3333333333333,151.8,147.5789473684211,149.3571428571428,148.1346153846153,159.8550724637681,159.0769230769231,169.5263157894737
155.8032786885246,156,153.5,152,147.6842105263158,149.4285714285714,147.9294871794871,159.8695652173913,159,169.3684210526316
155.983606557377,156,153.6666666666667,152.2,147.7894736842105,149.5,147.7243589743589,159.8840579710145,159.1428571428571,169.2105263157895
156.1639344262294,156,153.8333333333333,152.4,147.8947368421053,149.5714285714286,147.5192307692307,159.8985507246377,159.2857142857143,169.0526315789474
156.3442622950819,156,154,152.5882352941177,148,149.6428571428571,147.3141025641025,159.9130434782608,159.4285714285714,168.8947368421053
156.5245901639344,156,154.2142857142858,152.7647058823529,148.093023255814,149.7142857142857,147.1089743589743,159.9275362318841,159.5714285714286,168.7368421052632
156.7049180327868,155.9,154.4285714285714,152.9411764705882,148.1860465116279,149.7857142857143,146.9038461538461,159.9420289855072,159.7142857142857,168.578947368421
156.8297872340425,155.8,154.6428571428571,153.1176470588235,148.2790697674419,149.8571428571428,146.7857142857142,159.9565217391304,159.8571428571428,168.421052631579
156.9361702127659,155.7,154.8571428571429,153.2941176470588,148.3720930232558,149.9285714285714,146.9285714285714,159.9710144927536,160,168.2631578947368
157.0425531914893,155.6,155.0714285714286,153.4705882352941,148.4651162790697,150,147.0714285714285,159.9855072463768,160.1428571428572,168.1052631578947
157.1489361702127,155.5,155.2857142857143,153.6470588235294,148.5581395348837,150.1282051282051,147.2142857142857,160,160.2857142857143,167.9473684210526
157.2553191489361,155.4,155.5,153.8235294117647,148.6511627906976,150.2564102564102,147.6249999999999,159.9090909090909,160.4285714285714,167.7894736842105
157.3617021276596,155.3,155.7142857142857,154,148.7441860465116,150.3846153846154,148.1249999999999,159.8181818181818,160.5714285714286,167.6315789473684
157.4680851063829,155.2,155.9285714285714,154.1764705882352,148.8372093023255,150.5128205128205,148.6249999999999,159.7272727272727,160.7142857142857,167.4736842105263
157.5744680851064,155.1,156.1428571428572,154.3529411764706,148.9302325581395,150.6410256410256,149.1249999999999,159.6363636363636,160.8571428571429,167.3157894736842
157.6808510638298,155,156.3571428571429,154.5294117647058,149.0615384615384,150.7692307692307,149.6249999999999,159.5454545454546,161,167.1578947368421
157.7872340425532,155.1692307692308,156.5714285714286,154.7058823529411,149.3076923076922,150.8974358974359,150.1249999999999,159.4545454545454,160.9285714285714,167
157.8936170212766,155.3384615384616,156.7857142857143,154.7777777777777,149.5538461538461,151.025641025641,150.3099999999999,159.3636363636364,160.8571428571429,166.375
158,155.5076923076923,157,154.8148148148148,149.8,151.1538461538461,150.3899999999999,159.2727272727273,160.7857142857143,165.75
156.7142857142857,155.6769230769231,157.0909090909091,154.8518518518518,150.0461538461538,151.2972972972972,150.4699999999999,159.1818181818182,160.7142857142857,165.125
155.7499999999999,155.8461538461538,157.1818181818182,154.8888888888888,150.2923076923076,151.4864864864865,150.55,159.0909090909091,160.6428571428571,164.5
155.7499999999999,156.0153846153846,157.2727272727273,154.9259259259259,150.5384615384615,151.6756756756756,150.6299999999999,159,160.5714285714286,163.875
155.7499999999999,156.1846153846154,157.3636363636363,154.9629629629629,150.8845268741711,151.8648648648648,150.7099999999999,158.8461538461538,160.5,163.25
155.7499999999999,156.3538461538461,157.4545454545454,154.9999999999999,151.3153197077255,152.054054054054,150.8899999999999,158.6923076923077,160.4285714285714,162.625
155.95,156.5230769230769,157.5454545454546,155.037037037037,151.7461125412798,152.2432432432432,151.17,158.5384615384615,160.3571428571429,162
156.7499999999999,156.6923076923077,157.6363636363637,155.074074074074,152.1769053748342,152.4324324324324,151.45,158.3846153846154,160.2857142857143,161.8666666666666
157.55,156.8615384615384,157.7272727272727,155.1111111111111,152.5238095238095,152.6216216216216,151.73,158.2307692307692,160.2142857142857,161.7333333333333
157.9473684210526,157.0307692307692,157.8181818181818,155.1481481481481,152.6190476190476,152.8108108108108,152.01,158.0769230769231,160.1428571428571,161.6
158.2105263157894,157.2,157.9090909090909,155.1851851851851,152.7142857142857,153,152.29,157.9230769230769,160.0714285714286,161.4666666666667
158.4736842105263,157.3692307692307,158,155.2222222222222,152.8095238095238,152.8,152.45,157.7692307692308,160,161.3333333333333
158.7368421052632,157.5384615384615,158.0909090909091,155.2767857142856,152.9047619047619,152.6,152.25,157.6153846153846,159.9166666666667,161.2
159,157.7076923076923,158.1818181818182,155.3839285714285,153,152.4,152.05,157.4615384615385,159.8333333333333,161.0666666666667
158.962962962963,157.5806451612903,158.2727272727273,155.4910714285714,153.0769230769231,152.2,151.85,157.3076923076923,159.75,160.9333333333333
158.9259259259259,157.3548387096774,158.3636363636364,155.5982142857142,153.1538461538461,151.9999999999999,151.6499999999999,157.1538461538462,159.6666666666667,160.8
158.8888888888889,157.1290322580645,158.4545454545454,155.7053571428571,153.2307692307692,151.8,151.45,157,159.5833333333333,160.6666666666667
158.8518518518518,156.9032258064516,158.5454545454546,155.8124999999999,153.3076923076923,151.8297872340425,151.2499999999999,156.9565217391305,159.5,160.5333333333333
158.8148148148148,156.6774193548387,158.6363636363636,155.9196428571428,153.3846153846154,151.9361702127659,151.2499999999999,156.9130434782609,159.4166666666667,160.4
158.7777777777778,156.4516129032258,158.7272727272727,156.0267857142857,153.4615384615385,152.0425531914893,151.2499999999999,156.8695652173913,159.3333333333333,160.2666666666667
158.7407407407407,156.2258064516129,158.8181818181818,156.1339285714285,153.5384615384615,152.1489361702127,151.2499999999999,156.8260869565217,159.25,160.1333333333333
158.7037037037037,156,158.9090909090909,156.2410714285714,153.6153846153846,152.2553191489361,151.2499999999999,156.7826086956522,159.1666666666667,160
158.6666666666666,156,159,156.3482142857142,153.6923076923077,152.3617021276596,151.2499999999999,156.7391304347826,159.0833333333333,159.9333333333333
158.6296296296296,156,158.8947368421053,156.4553571428571,153.7692307692308,152.4680851063829,151.2499999999999,156.6956521739131,159,159.8666666666667
158.5925925925926,156,158.7894736842105,156.5624999999999,153.8461538461538,152.5744680851064,151.2499999999999,156.6521739130435,159.1538461538462,159.8
158.5555555555555,156,158.6842105263158,156.6696428571428,153.9230769230769,152.6808510638298,151.3214285714285,156.6086956521739,159.3076923076923,159.7333333333333
158.5185185185185,156,158.578947368421,156.7090909090909,154,152.7872340425532,151.3928571428571,156.5652173913044,159.4615384615385,159.6666666666667
158.4814814814814,156,158.4736842105263,156.5454545454545,154.0666666666667,152.8936170212766,151.4642857142857,156.5217391304348,159.6153846153846,159.6
158.4444444444444,156,158.3684210526316,156.3818181818181,154.1333333333333,153,151.5357142857142,156.4782608695652,159.7692307692308,159.5333333333333
158.4074074074074,156,158.2631578947368,156.2181818181818,154.2,153.0666666666667,151.6071428571428,156.4347826086957,159.9230769230769,159.4666666666667
158.3703703703703,155.9491525423729,158.1578947368421,156.0545454545454,154.2666666666667,153.1333333333333,151.6785714285714,156.3913043478261,160.0769230769231,159.4
158.3333333333333,155.8983050847457,158.0526315789474,155.890909090909,154.3333333333333,153.2,151.7499999999999,156.3478260869565,160.2307692307692,159.3333333333333
158.2962962962962,155.8474576271186,157.9473684210526,155.7272727272727,154.4,153.2666666666667,151.8804347826086,156.304347826087,160.3846153846154,159.2666666666667
158.2592592592592,155.7966101694915,157.8421052631579,155.5636363636363,154.4666666666666,153.3333333333333,152.0108695652173,156.2608695652174,160.5384615384615,159.2
157.9687499999999,155.7457627118644,157.7368421052632,155.4,154.5333333333334,153.4,152.1413043478261,156.2173913043478,160.6923076923077,159.1333333333333
157.5937499999999,155.6949152542373,157.6315789473684,155.2363636363636,154.6,153.4666666666666,152.2717391304348,156.1739130434783,160.8461538461538,159.0666666666667
157.2187499999999,155.6440677966101,157.5263157894737,155.0727272727273,154.6666666666667,153.5333333333333,152.4021739130435,156.1304347826087,161,159
156.8437499999999,155.593220338983,157.421052631579,154.9090909090909,154.7333333333333,153.6,152.5333333333333,156.0869565217392,161.0877192982456,158.8181818181818
156.4687499999999,155.5423728813559,157.3157894736842,154.7454545454545,154.8,153.6666666666666,152.6666666666667,156.0434782608696,161.1754385964912,158.6363636363636
156.0937499999999,155.4915254237288,157.2105263157895,154.5818181818182,154.8666666666667,153.7333333333333,152.8,156,161.2631578947368,158.4545454545454
155.7187499999999,155.4406779661016,157.1052631578947,154.5333333333333,154.9333333333333,153.9687499999999,152.9333333333333,155.8,161.3508771929824,158.2727272727273
155.3437499999999,155.3898305084745,157,154.6,155,154.2604166666666,153.0666666666667,155.6,161.4385964912281,158.0909090909091
154.9687499999999,155.3389830508474,156.9473684210526,154.6666666666667,155.0454545454545,154.5520833333333,153.2,155.4,161.5263157894736,157.9090909090909
154.5937499999999,155.2881355932203,156.8947368421053,154.7333333333333,155.0909090909091,154.8437499999999,153.3333333333333,155.2,161.6140350877193,157.7272727272727
154.2187499999999,155.2399999999999,156.8421052631579,154.8,155.1363636363636,155.1354166666666,153.4666666666666,155,161.7017543859649,157.5454545454546
153.8437499999999,155.2,156.7894736842105,154.8666666666667,155.1818181818182,155.4270833333333,153.6,154.8,161.7894736842105,157.3636363636364
153.5384615384615,155.16,156.7368421052631,154.9333333333333,155.2272727272727,155.7187499999999,153.7333333333333,154.6,161.8771929824561,157.1818181818182
153.2564102564102,155.12,156.6842105263158,155,155.2727272727273,156.0104166666666,153.8666666666667,154.4,161.9649122807017,157
152.9743589743589,155.08,156.6315789473684,155.0666666666667,155.3181818181818,156.3020833333333,154,154.2,162.0526315789473,157
152.6923076923077,155.04,156.578947368421,155.1333333333333,155.3636363636363,156.5937499999999,154.1333333333333,154,162.1403508771929,157
152.4102564102564,155,156.5263157894736,155.2,155.4090909090909,156.8854166666666,154.2666666666667,154.1666666666667,162.2280701754385,157
152.1282051282051,155.0833333333333,156.4736842105263,155.2666666666667,155.4545454545454,157.1770833333333,154.4,154.3333333333333,162.0930232558139,157
151.8461538461538,155.1666666666667,156.4210526315789,155.3333333333333,155.5,156.8947368421052,154.55,154.5,161.8837209302325,157
151.5641025641025,155.25,156.3684210526315,155.4,155.5115509226652,156.4210526315789,154.75,154.6666666666667,161.6744186046511,157
151.2820512820513,155.3333333333333,156.3157894736842,155.4666666666667,155.5104240033808,155.9473684210526,154.95,154.8333333333333,161.4651162790697,157
151,155.4166666666667,156.2631578947368,155,155.5092970840963,155.4736842105263,155.15,155,161.2558139534883,157
150.8333333333333,155.5,156.1599999999999,154,155.5081701648119,155,155.35,155.1666666666667,161.046511627907,157
150.6666666666667,155.5833333333333,156.0399999999999,153.6666666666667,155.5070432455275,155,155.55,155.3333333333333,160.8372093023256,157
150.5,155.6666666666667,155.92,154,155.5059163262431,155,155.75,155.5,160.6279069767442,157
150.3333333333333,155.75,155.8,154.3333333333333,155.5047894069587,155,155.95,155.6666666666667,160.4186046511628,157
150.1666666666667,155.8333333333333,155.6799999999999,154.6666666666666,155.5036624876743,155,156.15,155.8333333333333,160.2093023255814,157
150,155.9166666666667,155.5599999999999,154.9999999999999,155.5025355683899,155,156.35,156,160,157
149.7272727272727,156,155.44,155.3333333333333,155.5014086491055,155,156.5208333333333,156.1666666666667,160.0714285714286,156.6666666666667
149.4545454545454,156,155.32,155.6666666666666,155.500281729821,155,156.6041666666667,156.3333333333333,160.1428571428572,156.3333333333333
149.1818181818182,156,155.2,155.8181818181818,155.4673913043478,155,156.6875,156.5,160.2142857142857,156
148.9090909090909,156,155.08,155.9090909090908,155.4239130434782,155.1428571428572,156.7708333333333,156.6666666666667,160.2857142857143,155.6666666666667
148.6363636363636,156,154.96,156,155.3804347826087,155.2857142857143,156.8541666666667,156.8333333333333,160.3571428571428,155.3333333333333
148.3636363636364,155.9779411764706,154.84,156.0909090909091,155.3369565217391,155.4285714285714,156.9375,157,160.4285714285714,155
148.0909090909091,155.8897058823529,154.72,156.1818181818182,155.2934782608695,155.5714285714286,157.0208333333333,156.8205128205128,160.5,154.6666666666667
147.8181818181818,155.8014705882353,154.6,156.2727272727273,155.2499999999999,155.7142857142857,157.1041666666667,156.6410256410256,160.5714285714286,154.3333333333333
147.5454545454546,155.7132352941176,154.48,156.3636363636364,155.2065217391304,155.8571428571428,157.1875,156.4615384615385,160.6428571428572,154
147.2727272727273,155.625,154.36,156.4545454545455,155.1630434782608,156,157.2708333333333,156.2820512820513,160.7142857142857,153.6666666666667
147,155.5367647058823,154.24,156.625,155.1195652173913,156.1428571428571,157.3541666666667,156.1025641025641,160.7857142857143,153.3333333333333
147.0967741935484,155.4485294117647,154.12,156.875,155.0760869565217,156.2857142857143,157.4375,155.9230769230769,160.8571428571429,153
147.1935483870968,155.360294117647,154,157.125,155.0326086956521,156.4285714285714,157.4709302325581,155.7435897435897,160.9285714285714,152.6666666666667
147.2903225806451,155.2720588235294,153.9803921568628,157.375,155.0833333333333,156.5714285714286,157.3546511627907,155.5641025641025,161,152.3333333333333
147.3870967741935,155.3333333333333,153.9607843137255,157.625,155.4166666666666,156.7142857142857,157.2383720930232,155.3846153846153,162.1818181818182,152
147.4838709677419,155.4444444444444,153.9411764705882,157.875,155.7499999999999,156.8571428571428,157.1220930232558,155.2291666666666,163.3636363636363,151.6666666666667
147.5806451612903,155.5555555555555,153.921568627451,158.125,156.0833333333333,157,157.0058139534883,155.1458333333333,164.3333333333333,151.3333333333333
147.6774193548387,155.6666666666666,153.9019607843137,158.375,156.4166666666666,156.7741935483871,156.8895348837209,155.0624999999999,164.6666666666666,151
147.8055555555555,155.7777777777777,153.8823529411765,158.4705882352941,156.7499999999999,156.5483870967742,156.7732558139535,154.9791666666666,164.9999999999999,150.9230769230769
148.0277777777777,155.8888888888888,153.8627450980392,158.4117647058823,156.9999999999999,156.3225806451613,156.656976744186,154.8958333333333,165.2941176470588,150.8461538461538
148.2499999999999,155.9999999999999,153.8431372549019,158.3529411764706,156.9999999999999,156.0967741935484,156.5406976744186,154.8124999999999,165.4705882352941,150.7692307692308
148.4722222222222,156.111111111111,153.8235294117647,158.2941176470588,156.9999999999999,155.8709677419355,156.4244186046511,154.7647058823529,165.6470588235294,150.6923076923077
148.6944444444444,156.2222222222222,153.8039215686274,158.235294117647,156.9999999999999,155.6451612903225,156.3081395348837,154.8235294117647,165.8235294117647,150.6153846153846
148.6562499999999,156.1290322580645,153.7843137254901,158.1764705882353,156.9999999999999,155.4193548387096,156.1854838709677,154.8823529411765,166,150.5384615384615
148.5312499999999,155.9677419354838,153.7647058823529,158.1176470588235,156.9999999999999,155.2777777777777,156.0564516129032,154.9411764705882,165.9,150.4615384615385
148.4062499999999,155.8064516129032,153.6666666666666,158.0588235294117,156.9999999999999,155.3888888888889,155.9274193548387,155,165.8,150.3846153846154
148.2812499999999,155.6451612903226,153.3333333333333,158,156.8684210526315,155.5,155.7983870967741,155.2,165.7,150.3076923076923
147.985294117647,155.4838709677419,152.9999999999999,157.9411764705882,156.3421052631578,155.6111111111111,155.6693548387096,155.4,165.6,150.2307692307692
147.6323529411764,155.3225806451613,152.6666666666667,157.8823529411764,155.8157894736842,155.7222222222222,155.5403225806451,155.6,165.5,150.1538461538462
147.2794117647058,155.1612903225806,152.3333333333333,157.8235294117646,155.2894736842105,155.8333333333333,155.4112903225806,155.8,165.3999999999999,150.0769230769231
146.9264705882352,155,152,157.7647058823529,154.7631578947368,155.9444444444445,155.2822580645161,156,165.3,150
