119.5625,114.1999999999999,114.75,118.25,115.1249999999999,115.8333333333333,115.9,116.8,115.05,118.4999999999999
120.3125,114.4,114.75,118.25,115.625,116.1666666666666,116.5,117,115.45,119.5
121.0625,114.6,114.9999999999999,118.25,116.125,116.5,117.1,117.2,115.8571428571429,120.5
121.8125,115,115.9999999999999,118.25,117.5625,117.0625,117.4,117.75,116.2857142857143,121.5
122.5625,116,116.9999999999999,118.25,119.3125,118.3125,117.6,118.4166666666667,116.7142857142857,122.423076923077
123.95,117,117.9999999999999,118.3333333333334,119.7500000000001,119.325,117.8,119.0833333333334,117.1428571428572,123.1153846153846
125.55,117.2500000000001,118.8863636363636,118.4444444444445,119.7500000000001,119.625,118,119.5,117.5,123.8076923076923
126.9583333333333,117.2500000000001,119.4318181818182,118.5555555555556,119.7500000000001,119.925,118.2,119.8333333333334,117.8333333333334,124.5
127.7916666666667,117.2500000000001,119.9772727272727,118.6666666666667,119.7500000000001,120.225,118.5961538461539,120.1666666666667,118.1666666666667,125.1923076923077
128.625,117.2500000000001,120.5227272727272,118.875,119.9,120.525,119.0576923076923,120.5000000000001,118.625,125.8846153846154
129.25,117.3500000000001,121.0681818181818,119.375,120.5,120.875,119.5192307692308,120.8333333333334,119.125,126.5769230769231
129.25,117.75,121.6136363636363,119.875,121.1,121.375,119.9807692307693,121.1666666666667,119.625,127.0178571428572
129.25,118.15,121.675,120.375,122,121.875,120.4423076923077,121.3571428571429,120.125,127.375
129.25,118.6666666666667,121.575,120.875,123,122.375,120.9038461538462,121.5,120.625,127.7321428571429
129.25,119.2222222222223,121.475,121.5,123.5714285714286,122.7857142857143,121.3571428571429,121.6428571428572,120.8333333333334,128.0892857142858
129.25,119.7777777777778,121.375,122.5,124.0000000000001,122.9285714285714,121.7857142857143,121.7857142857143,120.9444444444445,128.4464285714286
129.4807692307693,120.3333333333334,121.275,123.5,124.4285714285715,123.0714285714285,122.2142857142857,121.9285714285715,121.0555555555556,128.8035714285715
129.7884615384615,121,121.71875,124.2678571428572,124.7272727272728,123.2142857142856,122.6428571428572,122.0714285714286,121.1666666666667,129.1607142857143
130.0961538461539,122,122.34375,124.3392857142857,124.6363636363637,123.5833333333333,123.0714285714286,122.2142857142858,121.3571428571429,129.4375000000001
130.4038461538462,123,122.96875,124.4107142857143,124.5454545454546,124.0277777777777,123.5,122.8333333333334,121.7857142857143,129.6875000000001
130.7115384615385,123.3863636363637,123.59375,124.4821428571429,124.4545454545455,124.4722222222222,123.9285714285714,123.6111111111111,122.2142857142857,129.9375000000001
131.0192307692308,123.5681818181819,124.03125,124.5535714285714,124.3636363636364,124.9166666666667,124.375,124.3888888888889,122.6428571428572,130.1875000000001
131.275,123.7500000000001,124.40625,124.625,124.2727272727273,125.3863636363637,124.875,125.1666666666667,123.2,130.4375000000001
131.375,123.9318181818182,124.78125,124.6964285714286,124.55,125.9318181818182,125.375,125.8863636363637,123.8,130.6875000000001
131.475,124.1136363636364,125.15625,124.825,124.95,126.4772727272727,125.875,126.4318181818182,124.4,130.9375000000001
131.5749999999999,124.4166666666667,125.375,125.125,125.5,127.0227272727273,126.375,126.9772727272728,125,131.1875000000001
131.6749999999999,125.0833333333334,125.5416666666667,125.425,126.5,127.5681818181818,126.875,127.5227272727273,125.6,131.90625
131.8035714285713,125.75,125.7083333333333,125.725,127.5,128.1136363636364,127.2857142857143,128.0681818181819,126.2,132.78125
132.0178571428571,126.4166666666667,125.875,126.025,128.3571428571429,128.4545454545455,127.4285714285715,128.6136363636364,126.8,133.65625
132.2321428571428,127.0833333333334,126.0416666666666,126.3333333333333,128.7857142857143,128.7272727272727,127.5714285714286,128.95,127.28125,134.53125
132.4464285714285,127.75,126.2083333333333,126.6666666666667,129.2142857142858,129,127.7142857142857,129.2166666666667,127.40625,134.8437500000001
132.6607142857142,128.4285714285715,126.9374999999999,127,129.6428571428572,129.2727272727273,127.8571428571429,129.4833333333334,127.53125,134.9687500000001
132.8749999999999,129.1428571428572,127.8541666666666,127.3333333333334,129.8437500000001,129.5454545454546,128,129.7500000000001,127.65625,135.0937500000001
133.0892857142856,129.8571428571429,128.7708333333333,127.6666666666667,129.9687500000001,129.85,128.1428571428572,130.0166666666667,127.9285714285714,135.2187500000001
133.2833333333332,130.5714285714286,129.6875,128,130.0937500000001,130.25,128.3846153846154,130.2833333333334,128.6428571428571,135.7857142857143
133.4166666666666,130.8500000000001,130.6041666666667,128.65,130.2187500000001,130.65,128.9230769230769,130.55,129.3571428571429,136.5
133.5499999999999,130.9833333333334,131.5208333333333,130.25,130.8928571428572,131.05,129.4615384615385,130.8026315789474,130.0714285714286,137.2142857142858
133.6833333333332,131.1166666666667,131.7,131.85,131.75,131.45,130,131.0131578947369,130.4375,137.9285714285714
133.8166666666666,131.2500000000001,131.6333333333333,132.5,132.6071428571429,131.6190476190476,130.5384615384615,131.2236842105264,130.6875,138.6428571428572
133.9499999999999,131.3833333333334,131.5666666666667,132.8333333333334,133.2777777777778,131.0952380952381,131.0769230769231,131.4342105263158,130.9375,139.3571428571429
134.0833333333333,131.5166666666667,131.5,133.1666666666667,133.3888888888889,130.5714285714286,131.6153846153846,131.6447368421053,131.1875,140.0714285714286
134.2166666666666,131.6500000000001,131.4333333333333,133.25,133.5000000000001,131.110294117647,132.125,131.8552631578948,131.625,140.1428571428572
134.3823529411764,131.9,131.3666666666666,133.25,133.6111111111112,132.2867647058823,132.625,132.0657894736843,132.125,140.0000000000001
134.5588235294117,132.5,131.3,133.25,133.7222222222223,133.1249999999999,133.125,132.2763157894737,132.625,139.8571428571429
134.735294117647,133.1,131.2916666666666,133.5714285714286,133.8906250000001,133.625,133.625,132.4868421052632,133.125,139.7142857142858
134.9117647058823,133.7,131.4583333333333,134,134.0781250000001,133.9264705882353,134.125,132.6973684210527,133.7272727272727,139.5714285714286
135.0882352941176,134.3,131.625,134.4285714285714,134.2656250000001,134.1617647058824,134.625,133.014705882353,134.3636363636364,139.4285714285714
135.2647058823529,134.8125000000001,131.7916666666667,134.7272727272727,134.4531250000001,134.3970588235294,135.125,133.3676470588236,135,139.2857142857143
135.4411764705882,135.0625000000001,131.9583333333333,134.6363636363637,134.6406250000001,134.6323529411765,135.5714285714286,133.7205882352942,135.6363636363636,139.5909090909091
135.6176470588235,135.3125000000001,132.125,134.5454545454546,134.8281250000001,134.8676470588235,136,134.0735294117648,136.2727272727273,140.0454545454546
135.8055555555556,135.5625000000001,132.5833333333333,134.4545454545455,135.0156250000001,135.1029411764706,136.4285714285714,134.4264705882354,136.75,140.5
136.0277777777778,135.8125000000001,133.9166666666667,134.3636363636364,135.2031250000001,135.3382352941177,136.8571428571429,134.7794117647059,136.75,140.9545454545455
136.25,136.0625000000001,135.25,134.2727272727273,135.5227272727273,135.5735294117647,137.2857142857143,135.1323529411765,136.75,141.4090909090909
136.4722222222222,136.409090909091,136.3214285714286,134.3125,135.8863636363637,135.8888888888889,137.7142857142858,135.4852941176471,136.7083333333334,141.8666666666667
136.6944444444445,137.0454545454546,136.6071428571429,134.3958333333334,136.2500000000001,136.4444444444445,138.1428571428572,135.9166666666667,136.5416666666667,142.3333333333334
137.125,137.6818181818182,136.8928571428571,134.4791666666667,136.6136363636364,137,138.625,136.5833333333334,136.375,142.8
137.625,138.3181818181819,137.1785714285714,134.5625,136.9772727272728,137.5555555555556,139.125,137.2500000000001,136.35,143.2666666666667
138.125,138.9545454545455,137.4375,134.6458333333334,137.2708333333334,138.1111111111111,139.625,137.9166666666667,136.75,143.7333333333333
138.625,139.5909090909091,137.6875,134.7291666666667,137.3541666666667,138.79375,140.125,138.5833333333334,137.15,144.2
139.125,139.8571428571429,137.9375,135.05,137.4375000000001,139.51875,140.625,139.0000000000001,137.55,144.6666666666667
139.4375,140.0000000000001,138.1875,135.45,137.5208333333334,140.24375,141.125,139.3333333333334,137.95,145.1333333333334
139.6875,140.1428571428572,138.4375,135.85,137.6041666666667,140.9687499999999,141.625,139.6666666666667,138.3846153846154,145.34375
139.9375,140.3250000000001,138.6875,136.25,137.6875000000001,141.6937499999999,141.8076923076923,140.0000000000001,138.9230769230769,145.46875
140.1875,140.6250000000001,138,136.65,137.9166666666667,143.28125,141.8846153846154,140.3863636363637,139.4615384615385,145.59375
140.4,140.9250000000001,137.3928571428571,137.21875,138.5833333333334,144.03125,141.9615384615385,140.9318181818182,140,145.71875
140.6,141.2250000000001,137.9642857142857,137.84375,139.2500000000001,144.40625,142.0384615384615,141.4772727272728,140.5384615384615,145.9642857142858
140.875,141.5250000000001,138.5357142857143,138.46875,139.9583333333334,144.78125,142.1153846153846,142.0227272727273,141.0769230769231,146.25
141.375,141.7857142857143,139.1071428571429,139.09375,140.7916666666667,145.15625,142.1923076923077,142.5681818181818,141.6153846153846,146.5357142857143
141.875,141.9285714285715,140,140.0833333333333,141.6250000000001,145.0357142857143,142.325,143.1136363636364,142,146.8214285714286
142.375,142.0714285714286,141,141.1944444444445,142.4375000000001,144.75,142.625,143.53125,142.3333333333334,147.1071428571429
142.8749999999999,142.2142857142858,141.7857142857143,142.3055555555556,143.1875000000001,144.4642857142857,142.925,143.90625,142.6666666666667,147.3928571428572
143.3749999999999,143.0000000000001,142.5,143.4166666666667,143.9375000000001,144.2916666666666,143.225,144.28125,143,147.6785714285714
143.8749999999999,144,143.2142857142857,144.2250000000001,144.6875000000001,144.4583333333333,143.525,144.65625,143.3333333333333,147.8076923076923
144.4999999999999,144.7500000000001,143.7941176470588,144.1250000000001,145.2727272727273,144.625,143.8055555555556,144.975,143.6666666666667,147.8846153846154
145.4999999999999,144.7500000000001,143.9705882352941,144.025,145.3636363636364,144.7916666666666,144.0277777777778,145.275,143.9375,147.9615384615385
146.5,144.7500000000001,144.1470588235294,143.925,145.4545454545455,144.9583333333333,144.25,145.575,144.1875,148.0384615384615
147.5,144.7500000000001,144.3235294117647,143.825,145.5454545454546,145.125,144.4722222222222,145.875,144.4375,148.1153846153846
148.3571428571429,144.6250000000001,144.5,143.75,145.6363636363637,145.2843137254902,144.6944444444445,146.175,144.6875,148.1923076923077
148.7857142857143,144.4583333333334,144.6764705882353,143.75,145.7272727272728,145.421568627451,145.0227272727273,146.4375,144.9375,148.4318181818182
149.2142857142857,144.2916666666667,144.8529411764706,143.75,146.5,145.5588235294118,145.3863636363637,146.6875,145.1875,149.1590909090909
149.6428571428572,144.8750000000001,145.0294117647059,143.75,147.5000000000001,145.6960784313725,145.75,146.9375,145.9166666666667,149.8863636363637
149.9166666666667,145.7083333333334,145.2058823529411,143.75,147.6562500000001,145.8333333333333,146.1136363636364,147.1875,146.8055555555555,150.6136363636364
150.1388888888889,146.5416666666667,145.71875,143.75,147.5312500000001,145.9705882352941,146.4772727272727,147.4375,147.6944444444445,151.3409090909091
150.3611111111111,146.9375000000001,146.34375,144.1785714285714,147.4062500000001,146.1078431372549,146.9375,147.6875,148.5833333333333,152.0681818181818
150.5833333333334,147.1875000000001,146.96875,144.75,147.2812500000001,146.3984375,147.6875,148.1538461538462,149.2916666666667,152.3863636363637
150.725,147.4375000000001,147.59375,145.3214285714286,147.4375000000001,146.7109375,148.4375,148.6923076923077,149.4583333333334,152.5681818181818
150.625,147.6875000000001,148.2,146.05,147.6875000000001,147.0234375,149.1875,149.2307692307693,149.625,152.7500000000001
150.525,147.9375000000001,148.8,147.25,147.9375000000001,147.3359375,149.8,149.7692307692308,149.7916666666667,152.9318181818182
150.425,148.1875000000001,149.4,148.45,148.1875000000001,147.8333333333333,150,150.3076923076923,149.9583333333334,153.1136363636364
150.325,148.5227272727273,150,149.21875,148.7857142857143,148.3571428571429,150.2,150.8461538461539,150.125,153.3392857142858
150.3076923076923,148.8863636363637,150.6,149.84375,149.5000000000001,148.9090909090909,150.4,151.2884615384615,150.3333333333334,153.6964285714286
150.5384615384616,149.2500000000001,150.9166666666666,150.46875,150.2142857142858,149.5454545454546,150.6,151.4423076923077,150.6666666666667,154.0535714285714
150.7692307692308,149.6136363636364,151.1388888888889,151.09375,150.7500000000001,150.1818181818182,150.825,151.5961538461539,151,154.4107142857143
151,149.9772727272728,151.3611111111111,151.53125,150.7500000000001,150.8181818181818,151.125,151.7500000000001,151.3333333333333,154.7678571428572
151.2307692307693,150.4,151.5833333333333,151.90625,150.7500000000001,151.4545454545455,151.425,151.9038461538462,151.6666666666666,155.125
151.4615384615385,151.0000000000001,151.8055555555555,152.28125,150.7500000000001,152.0909090909091,151.725,152.0576923076923,151.9999999999999,155.4821428571429
151.6923076923077,151.6,152.0277777777778,152.65625,150.95,152.8125,152.025,152.2115384615385,152.3437499999999,155.85
152.0714285714286,152.2,152.25,152.6923076923077,151.7500000000001,153.5625,152.4444444444445,152.4545454545455,152.7187499999999,156.25
152.5,152.8,152.4722222222222,152.6153846153846,152.55,153.375,153.2222222222222,152.7272727272727,153.0937499999999,156.65
152.9285714285714,153.3571428571429,152.6944444444444,152.5384615384615,153.5,152.875,154,153.0000000000001,153.46875,157.05
153.3571428571429,153.7857142857143,152.825,152.4615384615385,154.5000000000001,152.3749999999999,154.7777777777778,153.2727272727273,153.8333333333333,157.45
153.7857142857143,154.2142857142858,152.925,152.3846153846154,155.2692307692308,152.3295454545454,155.5555555555556,153.5454545454546,154.1666666666667,157.7894736842105
154.2142857142857,154.6428571428572,153.025,152.3076923076923,155.3461538461539,152.2840909090909,155.9545454545455,153.9166666666667,154.5,157.9473684210527
154.6428571428571,154.7500000000001,153.125,152.28125,155.423076923077,152.6538461538462,156.2272727272727,154.5833333333334,154.8333333333333,158.1052631578947
155,154.7500000000001,153.225,152.40625,155.5000000000001,154.2692307692307,156.5,155.25,155.1666666666666,158.2631578947369
155.3333333333334,154.7500000000001,153.6249999999999,152.53125,155.5769230769231,156.125,156.7727272727273,155.9166666666667,155.4999999999999,158.421052631579
155.6666666666667,154.7500000000001,154.125,152.65625,155.6538461538462,156.8092105263158,157.0454545454546,156.5833333333333,155.8333333333333,158.5789473684211
156,154.7954545454546,154.6249999999999,152.8333333333333,155.7307692307693,156.703947368421,157.1590909090909,156.8942307692308,156.1666666666666,158.7368421052632
156.3333333333334,154.9772727272728,155.125,153.1666666666667,156,156.6374999999999,156.7954545454546,157.0865384615385,156.4230769230768,158.8947368421053
156.6666666666667,155.1590909090909,155.6249999999999,153.5,156.3333333333334,156.6875,156.4318181818182,157.2788461538462,156.6538461538461,159.0526315789474
157,155.3409090909091,155.8333333333333,153.8333333333334,156.6666666666667,156.7375,156.3214285714285,157.4711538461539,156.8846153846153,159.2105263157895
157.3333333333334,155.5227272727273,155.9444444444444,154.1666666666667,157,157.1517857142857,156.4642857142857,157.6634615384615,157.1153846153846,159.5909090909091
157.6666666666667,155.7045454545455,156.0555555555555,154.8125,157.4,157.6874999999999,156.6071428571428,157.8557692307693,157.3461538461538,160.0454545454546
158,156.05,156.1666666666666,155.5625,158,158.2232142857142,156.75,158.048076923077,157.5769230769231,160.5
158.25,156.45,156.375,156.3125,158.6,158.6249999999999,157.6590909090909,158.2403846153846,157.75,160.9545454545455
158.25,156.85,156.875,157.0625,159.2,158.6249999999999,158.5681818181818,158.4326923076923,157.75,161.4090909090909
158.3653846153846,157.25,157.375,157.875,159.8,158.6249999999999,159.275,158.625,157.75,161.8636363636364
158.8269230769231,157.65,157.875,158.7083333333334,160.2727272727273,158.8124999999999,159.375,158.8173076923077,157.7499999999999,162.3181818181818
159.2884615384615,157.9750000000001,158.375,159.5416666666667,160.3636363636364,159.0625,159.475,159.0096153846154,158.1249999999999,162.7727272727273
159.75,158.275,158.875,160.65,160.4545454545455,159.3269230769231,159.575,159.2019230769231,159.6249999999999,163.2272727272727
160.2115384615385,158.575,159.15625,161.85,160.5454545454546,159.6346153846154,159.675,159.3653846153847,160.9642857142858,163.6818181818182
160.6730769230769,158.875,158.78125,162.625,160.6363636363637,159.9423076923077,159.8928571428571,159.5192307692308,161.8214285714286,164.1363636363637
161.1346153846154,159.175,158.40625,162.1250000000001,160.7272727272727,160.25,160.4642857142857,159.673076923077,162.6785714285714,164.4
161.3333333333334,159.5,158.03125,161.625,160.8863636363637,160.5576923076923,161.0357142857143,159.8269230769231,163.5357142857143,164.6
161.4444444444445,159.8333333333334,157.8999999999999,161.3181818181818,161.0681818181819,160.8653846153846,161.6071428571428,159.9807692307693,163.7,164.8
161.5555555555556,160.1666666666667,158.5,161.5909090909091,161.25,161.173076923077,162.125,160.1346153846154,163.6333333333334,165
161.6666666666667,160.5,159.1,161.8636363636364,161.4318181818182,161.625,162.625,160.3125,163.5666666666667,165.2
161.5,160.8333333333333,159.7,162.1363636363637,161.6136363636364,162.125,163.125,160.5625000000001,163.5,165.4
160.5000000000001,161.1666666666667,160.3,162.4090909090909,161.7777777777778,162.625,163.625,160.8125,163.4333333333333,165.6
159.5,161.5,161,162.6818181818182,161.8888888888889,162.9,164.0227272727273,161.0625000000001,163.3666666666667,165.875
159.25,161.8333333333334,162,162.975,162,163.1,164.3863636363636,161.3125,163.3,166.375
159.25,162.1666666666667,163,163.275,162.1111111111111,163.3,164.7499999999999,161.5625,163.3181818181819,166.875
159.25,162.5,163.0454545454545,163.575,162.2222222222222,163.5,164.4423076923077,161.8125,163.5909090909091,167.375
161.25,162.775,162.7727272727273,163.875,162.3333333333334,163.7,164.1346153846154,162.0625,163.8636363636364,167.875
163.4166666666667,162.875,162.5,164.175,162.4444444444445,164.21875,163.8269230769231,162.3666666666667,164.1363636363637,168.375
164.0833333333333,162.975,162.2272727272727,164.5384615384615,162.5555555555556,164.84375,163.923076923077,162.8333333333334,164.4090909090909,168.875
164.75,163.075,161.9545454545454,164.923076923077,162.6666666666667,165.46875,164.1538461538462,163.3,164.6818181818182,169.5714285714286
165.296875,163.175,161.9642857142857,165.3076923076923,162.8214285714286,166.09375,164.3846153846154,163.7666666666667,164.8653846153846,170.8571428571429
165.484375,163.375,162.8214285714286,165.6923076923077,163.1071428571429,166.4276315789474,164.6153846153846,164.2333333333333,165.0192307692308,172.1428571428572
165.671875,163.875,163.6785714285714,166.0769230769231,163.3928571428572,166.6644736842105,164.8461538461539,164.7,165.173076923077,173.4285714285715
165.859375,164.3750000000001,164.5357142857142,166.4615384615385,163.6785714285715,166.9013157894737,165.0769230769231,165.1666666666667,165.3269230769231,174.1590909090909
166.046875,164.875,165.5,166.7272727272728,164.2500000000001,167.1381578947368,165.3958333333334,165.6333333333334,165.4807692307693,174.7045454545455
166.234375,165.375,166.5,166.6363636363637,164.9166666666667,167.3749999999999,165.9791666666667,166.125,165.6346153846154,175.25
166.421875,165.725,167.2934782608695,166.5454545454546,165.5833333333334,165.9305555555555,166.5625,166.625,165.85,175.7954545454546
166.609375,165.625,167.4673913043478,166.4545454545455,166.25,164.4861111111111,167.1458333333334,167.1250000000001,166.25,176.3409090909091
166.7833333333334,165.525,167.6413043478261,166.3636363636364,166.75,163.9749999999999,167.7291666666667,167.625,166.65,176.8888888888889
166.9166666666667,165.425,167.8152173913043,166.2727272727273,166.75,167.0416666666666,168.3125,168.1250000000001,167.05,177.4444444444445
167.05,165.325,167.9891304347826,166.3863636363637,166.75,168.9374999999999,168.7727272727273,168.625,167.45,178
167.1833333333333,165.45,168.1630434782608,166.5681818181819,166.75,169.3541666666666,168.8636363636364,168.8863636363637,167.75,178.5555555555556
167.3166666666667,166.25,168.3214285714286,166.75,166.8125,169.7708333333333,168.9545454545455,169.0681818181819,167.75,179.1111111111111
167.45,167.05,168.4642857142857,166.9318181818182,167.0625,167.8124999999999,169.0454545454546,169.25,167.75,179.3
167.5833333333333,167.4230769230769,168.6071428571428,167.1136363636364,167.3125,166.9374999999999,169.1363636363637,169.4318181818182,167.75,179.3666666666667
167.7166666666667,167.6538461538462,168.75,167.2916666666667,167.5625,168.3125,169.2272727272727,169.6136363636364,167.875,179.4333333333333
167.9107142857143,167.8846153846154,168.8928571428571,167.4583333333333,167.8125,169.8,169.4107142857143,169.8653846153846,168.375,179.5
168.125,168.1153846153846,169.0357142857143,167.625,168.0625,170,169.625,170.3269230769231,168.875,179.5666666666667
168.3392857142857,168.3461538461539,169.1785714285714,167.8409090909091,168.3125,170.2,169.8392857142858,170.7884615384616,169.375,179.6333333333333
168.5535714285714,168.5769230769231,169.5166666666667,168.2045454545455,168.5625,170.4,170.0535714285714,171.25,169.8750000000001,179.7
168.7678571428572,168.85,170.05,168.5681818181818,168.8611111111111,170.6,170.2678571428572,171.7115384615385,170.3125,179.7
168.9821428571429,169.25,170.5833333333333,168.9318181818182,169.3055555555556,170.7272727272728,170.4821428571429,172.173076923077,170.5625,179.5
169.1964285714286,169.65,171.1166666666666,169.2954545454546,169.75,170.6363636363637,170.6964285714286,172.6346153846154,170.75,179.3
169.5625,170.05,171.65,169.6590909090909,170.1944444444445,170.5454545454546,170.8382352941177,172.9473684210527,170.75,179.1
169.9791666666667,170.45,172.1833333333333,170.275,170.6388888888889,170.4545454545455,170.9558823529412,173.2105263157895,170.75,178.9
170.3958333333333,170.8,172.7166666666666,170.975,171,170.3636363636364,171.0735294117648,173.4736842105264,170.75,178.65625
170.8125,171,173.2499999999999,171.675,171.3333333333333,170.2727272727273,171.1911764705883,173.7368421052632,171.0416666666667,178.28125
171.2291666666667,171.2,173.3166666666666,172.375,171.6666666666667,170.3823529411765,171.3088235294118,174,172.2083333333334,177.90625
171.6458333333334,171.4,173.3833333333333,173.075,172,170.5588235294118,171.4264705882353,174.2631578947369,173.375,177.53125
172.0961538461539,171.6,173.45,173.7857142857143,172.3333333333334,170.7352941176471,171.5441176470588,174.5263157894737,174.2321428571429,177.2333333333334
172.5576923076923,171.8888888888889,173.5166666666667,174.5,172.6666666666667,170.9117647058824,171.6617647058824,174.7894736842105,174.1607142857143,177.1666666666667
173.0192307692308,172.4444444444445,173.5833333333333,175.2142857142857,172.75,171.0882352941177,172,175.0526315789474,174.0892857142858,177.1
173.4807692307693,173,173.65,175.65,172.75,171.264705882353,173,175.2794117647059,174.0178571428572,177.0333333333334
173.9423076923077,173.5555555555556,173.7166666666666,175.25,172.75,171.4411764705883,174,175.3970588235294,173.9464285714286,176.9666666666667
174.4038461538462,174.1111111111111,173.840909090909,174.85,172.75,171.6176470588236,174.325,175.514705882353,173.875,176.9
174.8166666666667,174.25,174.0227272727273,175.0833333333334,172.75,171.9642857142857,174.425,175.6323529411765,173.8035714285715,176.8333333333333
175.0833333333334,174.25,174.2045454545454,175.5277777777778,172.8888888888889,172.8214285714286,174.525,175.75,173.8333333333333,176.7666666666667
175.35,174.25,174.3863636363636,175.9722222222223,173.4444444444445,173.6785714285715,174.625,175.8676470588235,174.1666666666667,176.9107142857143
175.6166666666667,174.25,174.5681818181818,176.4166666666667,174,174.5357142857143,174.725,175.9852941176471,174.5,177.125
175.8833333333334,174.25,174.75,176.78125,174.5555555555556,174.6875,175.03125,176.1029411764706,174.8333333333334,177.3392857142858
176.15,174.25,174.6018518518518,176.90625,175.1111111111111,174.6041666666667,175.40625,176.2205882352941,175.1666666666667,177.5535714285714
176.4166666666667,174.25,174.4537037037037,177.03125,175.75,174.5208333333334,175.78125,176.25,175.5,177.7678571428572
176.6833333333333,174.25,174.3055555555555,177.15625,176.4166666666667,174.4375,176.15625,176.25,175.8333333333334,177.9821428571429
176.8125,174.4807692307693,174.1574074074074,176.4583333333334,177.0833333333334,174.3541666666667,176.34375,176.25,176.1666666666667,178.1964285714286
176.8958333333333,174.7884615384616,174.0092592592592,174.75,177.4166666666667,174.2708333333333,176.46875,176.25,176.5,178.7
176.9791666666667,175.0961538461539,173.8611111111111,174.5,177.6388888888889,174.8125,176.59375,176.25,176.8333333333334,179.3
177.0625,175.4038461538462,173.8235294117647,174.875,177.8611111111111,175.5625,176.71875,176.25,177.1666666666667,179.9
177.1458333333334,175.7115384615385,174.1176470588235,175.875,178.0833333333333,176.3125,176.9642857142857,176.2833333333334,177.5,180.5
177.2291666666667,176.0192307692308,174.4117647058823,176.4191176470588,178.28125,177.0625,177.25,176.4166666666667,177.8333333333333,181.1
177.4807692307693,176.3333333333334,174.7058823529412,176.5073529411765,178.40625,177.203125,177.5357142857143,176.55,178.1666666666667,181.0833333333334
177.7884615384616,176.6666666666667,175,176.5955882352941,178.53125,177.140625,177.8214285714286,176.6833333333334,178.34375,180.8611111111111
178.0961538461539,177,175.2941176470588,176.6838235294118,178.65625,177.078125,178.1071428571429,176.8166666666667,178.46875,180.6388888888889
178.4038461538462,177.3333333333334,175.5882352941176,176.8214285714286,178.78125,177.015625,178.3928571428572,176.95,178.59375,180.4166666666667
178.7115384615385,177.6666666666667,175.8823529411764,177.1071428571429,178.90625,176.953125,178.6785714285715,177.0833333333334,178.71875,180.2222222222223
179.0192307692308,178,176.1764705882353,177.3928571428572,179.03125,176.890625,178.9375,177.2166666666667,179.0625,180.1111111111111
179.3181818181818,178.3333333333334,176.5657894736842,177.6785714285714,179.15625,176.828125,179.1875,177.6,179.4791666666667,180
179.5909090909091,178.6666666666667,176.9868421052632,177.9642857142857,179.2857142857143,176.765625,179.4375,178.0666666666667,179.8958333333334,179.8888888888889
179.8636363636364,178.8571428571429,177.4078947368421,178.25,179.4285714285715,176.9166666666667,179.6875,178.5333333333334,180.3125,179.7777777777778
180.1363636363637,179,177.828947368421,178.5357142857143,179.5714285714286,177.1388888888889,179.875,179,180.7291666666667,180.125
180.4090909090909,179.1428571428572,178.25,178.8333333333333,179.7142857142857,177.3611111111111,180.0416666666667,179.4666666666667,181.1458333333334,180.625
180.6818181818182,179.3409090909091,178.6710526315789,179.1666666666667,179.8571428571429,177.5833333333334,180.2083333333333,179.9333333333333,181.625,181.125
180.8076923076923,179.7045454545455,179.0921052631579,179.5,180,177.9642857142858,180.375,180.4,182.125,181.625
180.8846153846154,180.0681818181818,179.5131578947368,179.8333333333333,180.1428571428572,178.8214285714286,180.5416666666667,180.890625,182.625,182.125
180.9615384615385,180.4318181818182,179.9342105263158,180.1666666666667,180.25,179.6785714285714,180.7083333333334,181.453125,182.6428571428572,182.625
181.0384615384616,180.7954545454546,180.4166666666666,180.5,180.25,180.5357142857143,180.8571428571429,182.015625,182.5,183.125
181.1153846153846,181.1590909090909,181.0833333333333,180.7708333333333,180.25,180.9,181,182.578125,182.3571428571429,183.625
181.1923076923077,181.325,181.75,180.8541666666667,180.25,181.1,181.1428571428572,183.140625,182.2142857142858,184.125
181.3636363636364,181.425,182.4166666666666,180.9375,180.25,181.3,181.3333333333333,183.703125,182.0714285714286,184.625
181.8181818181818,181.525,183.0833333333333,181.0208333333333,180.25,181.5,181.6666666666667,184.265625,181.9285714285714,185.125
182.2727272727273,181.625,183.75,181.1041666666667,181.1875,181.7,182,184.828125,181.7857142857142,185.3333333333334
182.7272727272727,181.725,184.4166666666666,181.1875,182.4375,181.9,182.275,185.3166666666667,182,185.4444444444445
183.1818181818182,181.825,184.7045454545454,181.3,183.5,182.1,182.375,185.5833333333334,182.3636363636364,185.5555555555556
183.6363636363637,181.925,184.6136363636363,181.5,184.275,182.2708333333334,182.475,185.85,182.8181818181818,185.6666666666667
183.6964285714286,182.025,184.5227272727273,181.7,184.375,182.3541666666667,182.575,186.1166666666667,183.2727272727273,185.7857142857143
183.625,182.125,184.4318181818182,181.9,184.475,182.4375,182.675,186.3833333333334,183.7272727272727,185.9285714285714
183.5535714285715,182.225,184.3409090909091,182.1,184.575,182.5208333333334,182.8306451612904,186.65,184.1818181818182,186.0714285714286
183.4821428571429,182.2105263157895,184.25,182.3636363636364,184.675,182.6041666666667,183.1532258064516,186.9166666666667,184.6363636363637,186.2142857142857
183.4107142857143,182.1578947368421,184.6944444444444,182.8181818181818,184.8333333333333,182.6875,183.4758064516129,187.1833333333334,184.975,186.3571428571429
183.3392857142857,182.1052631578948,185.1388888888889,183.2727272727273,185.1666666666667,182.7321428571429,183.7983870967742,186.875,185.275,186.5
183.2678571428572,182.0526315789474,185.5833333333333,183.7272727272727,185.5,182.6607142857143,184.1209677419355,186.375,185.575,186.6428571428572
183.7857142857143,182,186.0277777777777,184.1818181818182,185.59375,182.5892857142858,184.4435483870968,185.875,185.875,186.8152173913044
184.5,181.9473684210527,186.2884615384615,184.6363636363637,184.96875,182.5178571428572,184.766129032258,185.375,186.175,187.0760869565217
185.2142857142857,181.8947368421053,186.3653846153846,184.76875,184.34375,182.4464285714286,185.0887096774193,184.875,186.15625,187.3369565217392
185.7884615384616,181.8421052631579,186.4423076923077,184.79375,183.71875,182.3750000000001,185.3833333333333,184.9642857142857,186.03125,187.5978260869566
185.9423076923077,181.7894736842105,186.5192307692307,184.81875,183.2666666666667,182.3035714285714,185.65,185.25,185.90625,187.8586956521739
186.0961538461539,181.9,186.5961538461538,184.84375,183.3333333333334,182.3166666666667,185.9166666666667,185.5357142857143,185.78125,188.1195652173913
186.25,182.5,186.6730769230769,184.86875,183.4,182.5833333333334,186.1833333333334,185.8392857142857,185.875,188.3804347826087
186.4038461538462,183.1,186.75,185.1625,183.4666666666667,182.85,186.375,186.1964285714286,186.0416666666667,188.6413043478261
186.5576923076923,183.7,186.826923076923,185.5458333333333,183.5333333333334,183.1166666666667,186.5416666666667,186.5535714285714,186.2083333333334,188.9021739130435
186.7115384615385,184.3,186.9038461538461,185.9291666666666,183.6,183.3833333333334,186.7083333333334,186.9107142857143,186.375,189.1630434782609
186.923076923077,184.7884615384616,186.9807692307692,186.3125,183.6666666666667,183.65,186.875,187.2678571428572,186.5416666666667,189.4239130434783
187.1538461538462,184.9423076923077,187.0576923076923,186.6958333333333,183.7333333333333,183.9166666666667,187.0416666666667,187.625,186.7083333333333,189.6847826086957
187.3846153846154,185.0961538461539,187.1346153846154,187.0791666666667,183.875,184.1833333333334,187.2083333333334,187.9821428571429,186.6,189.984375
187.6153846153846,185.2500000000001,187.2115384615385,187.4625,184.0416666666667,184.6590909090909,187.5,188.25,186.4,190.296875
187.8461538461539,185.4038461538462,187.3409090909091,187.7857142857143,184.2083333333334,185.2045454545455,187.7083333333334,188.25,186.2999999999999,190.609375
188.0769230769231,185.5576923076923,187.5227272727273,187.9285714285714,184.375,185.75,187.5416666666667,188.25,186.5,190.921875
188.234375,185.7115384615385,187.7045454545454,188.0714285714286,184.5416666666667,186.2954545454546,187.375,188.25,186.7,191.234375
188.171875,185.9130434782609,187.8863636363636,188.2142857142857,184.7083333333334,186.8409090909091,187.2083333333334,188.25,187.0384615384615,191.546875
188.1093750000001,186.1304347826087,188.0681818181818,188.3571428571429,184.875,187.40625,187.0416666666667,188.296875,187.4230769230769,191.859375
188.046875,186.3478260869566,188.25,188.5,185.0416666666667,188.03125,186.875,188.484375,187.8076923076923,192.171875
187.984375,186.5652173913044,188.4166666666666,188.6428571428572,185.2083333333333,188.65625,186.7777777777778,188.671875,188.1923076923077,192.203125
187.921875,186.7826086956522,188.5833333333333,188.75,185.55,189.28125,186.8888888888889,188.859375,188.5769230769231,192.140625
187.859375,187,188.75,188.75,185.95,189.7916666666667,187,189.046875,188.9615384615385,192.078125
187.796875,187.2173913043479,188.9166666666666,188.75,186.35,189.9583333333334,187.1111111111111,189.2343750000001,189.3333333333333,192.015625
187.8125,187.4347826086957,189.0833333333333,188.75,186.75,190.125,187.2222222222223,189.421875,189.6666666666667,191.953125
188.0625,187.6521739130435,189.25,188.75,187.15,190.2916666666667,187.875,189.609375,190,191.890625
188.3125,187.8695652173913,189.4166666666666,188.7916666666667,187.4807692307693,190.4583333333334,188.7083333333334,189.8125,190.3333333333333,191.828125
188.5625,188.0869565217392,189.5833333333333,188.9583333333333,187.7884615384615,190.625,189.5416666666667,190.0625,190.6666666666667,191.765625
188.8125000000001,188.3333333333334,189.75,189.125,188.0961538461539,190.765625,189.75,190.3125,191,191.8181818181818
189.0625,188.6666666666667,189.8833333333333,189.2916666666667,188.4038461538462,190.828125,189.75,190.5625,191.3333333333333,191.909090909091
189.3035714285714,189,190.0166666666667,189.4583333333333,188.7115384615385,190.890625,189.75,190.8125,191.6666666666667,192
189.5178571428572,189.3333333333334,190.15,189.625,189.0192307692308,190.953125,189.75,191.0625,191.675,192.0909090909091
189.7321428571429,189.6666666666667,190.2833333333333,189.8055555555555,189.28125,191.015625,189.75,191.25,191.575,192.1818181818182
189.9464285714286,190,190.4166666666666,190.0277777777778,189.40625,191.078125,189.75,191.25,191.475,192.296875
190.1607142857143,190.3333333333334,190.55,190.25,189.53125,191.140625,190.0714285714286,191.25,191.375,192.484375
190.375,190.6666666666667,190.6833333333333,190.4722222222222,189.65625,191.203125,190.5,191.25,191.275,192.671875
190.5892857142857,190.703125,190.90625,190.6944444444444,189.78125,191.2166666666667,190.9285714285714,191.3571428571429,191.34375,192.859375
190.825,190.640625,191.21875,190.6923076923077,189.90625,191.0833333333334,191.3571428571429,191.5,191.46875,193.046875
191.125,190.578125,191.53125,190.6153846153846,190.03125,190.95,191.7857142857143,191.6428571428572,191.59375,193.234375
191.425,190.515625,191.84375,190.5384615384615,190.15625,190.8166666666667,192.2142857142858,191.7857142857143,191.71875,193.421875
191.725,190.453125,192.15625,190.4615384615385,190.3,190.6833333333334,192.6428571428572,191.9285714285714,191.9545454545454,193.609375
192.025,190.390625,192.46875,190.3846153846154,190.5,190.55,192.65,192.0714285714286,192.2272727272727,194.0277777777778
192.2678571428572,190.328125,192.78125,190.3076923076923,190.7,190.4166666666667,192.5166666666667,192.2142857142858,192.5,195.1388888888889
192.3392857142857,190.265625,193.09375,190.25,190.9,190.2833333333334,192.3833333333333,192.6666666666667,192.7727272727273,196.25
192.4107142857143,190.625,193.2115384615384,190.25,191.1,190.4166666666667,192.25,193.2222222222223,193.0454545454546,197.3611111111111
192.4821428571429,191.125,193.1346153846154,190.25,191.3,190.6388888888889,192.3790322580645,193.7777777777778,193.4583333333333,198.4722222222222
192.5535714285714,191.625,193.0576923076923,190.25,191.5,190.8611111111111,192.508064516129,194.3333333333333,194.2916666666667,199.125
192.625,192.1590909090909,192.9807692307692,190.625,191.7,191.0833333333334,192.6370967741935,194.825,195.125,199.625
192.6964285714286,192.7045454545455,192.9038461538461,191.125,191.9,191.3333333333334,192.766129032258,195.125,195.9166666666667,200.125
192.7333333333333,193.25,192.826923076923,191.625,192.1,191.6666666666667,192.8951612903226,195.425,196.5833333333333,200.625
192.6666666666667,193.7954545454546,192.75,192.125,192.3076923076923,192,193.0241935483871,195.725,197.25,201.125
192.6,194.3409090909091,192.75,192.625,192.5384615384615,192.3333333333333,193.1532258064516,196.025,197.65625,201.25
192.5333333333334,194.78125,192.75,192.6,192.7692307692308,192.6666666666667,193.25,196.25,197.28125,201.25
192.4666666666667,194.90625,192.75,192.4,193,192.875,193.25,196.25,196.90625,201.25
192.4,195.03125,192.75,192.2,193.2307692307693,193.0416666666667,193.25,196.25,196.53125,201.25
192.3333333333334,195.15625,192.75,192,193.4615384615385,193.2083333333334,193.25,196.25,196.25,201.25
192.2666666666667,195.28125,192.75,191.8,193.6923076923077,193.375,193.25,196.25,196.25,200.9166666666667
192.5,195.4062500000001,192.75,191.6,193.923076923077,193.5416666666667,193.3382352941177,196.25,196.25,200.4722222222223
192.8333333333334,195.53125,192.75,191.4,194.1538461538462,193.7083333333334,193.4558823529412,196.25,196.25,200.0277777777778
193.1666666666667,195.65625,192.75,191.4090909090909,194.3846153846154,193.9545454545455,193.5735294117647,196.25,196.4,199.5833333333333
193.5,195.7291666666667,192.75,192.0454545454545,194.6153846153846,194.2272727272727,193.6911764705882,196.25,196.6,199.2142857142858
193.8333333333334,195.6458333333334,192.75,192.6818181818182,194.8461538461539,194.5,193.9722222222222,196.25,196.8,199.0714285714286
194.1666666666667,195.5625,192.8382352941176,193.3181818181818,195.0769230769231,194.7727272727273,194.4166666666666,196.25,197,198.9285714285714
194.5,195.4791666666667,193.0147058823529,193.9545454545454,195.2777777777778,195.0454545454546,194.8611111111111,196.2884615384615,197.2,198.7857142857143
194.9166666666667,195.3958333333334,193.1911764705882,194.5909090909091,195.3888888888889,195.2678571428572,195.3055555555555,196.4423076923077,197.4,198.8
195.5833333333334,195.3125,193.3676470588235,194.8333333333333,195.5,195.3392857142857,195.75,196.5961538461539,197.6,198.8666666666667
196.25,195.28125,193.5441176470588,194.9444444444445,195.6111111111111,195.4107142857143,196.1944444444445,196.75,197.8055555555555,198.9333333333333
196.9166666666667,195.40625,193.7205882352941,195.0555555555555,195.7222222222223,195.4821428571429,196.6388888888889,196.9038461538462,198.0277777777778,199
197.5833333333334,195.53125,193.8970588235294,195.1666666666667,195.8333333333334,195.5535714285714,196.7,197.0576923076923,198.25,199.0666666666667
197.8125,195.65625,194.0735294117647,195.2777777777778,195.9444444444445,195.625,196.6333333333333,197.2115384615385,198.4722222222222,199.1333333333334
197.8958333333334,195.909090909091,194.25,195.3888888888889,196.0555555555556,195.6964285714286,196.5666666666667,197.3653846153846,198.6944444444444,199.2
197.9791666666667,196.5454545454546,194.7954545454545,195.5,196.1666666666667,195.75,196.5,197.5192307692308,199,199.25
198.0625,197.1818181818182,195.3409090909091,195.6111111111111,196.3269230769231,195.75,196.4333333333334,197.673076923077,199.3333333333333,199.25
198.1458333333334,197.8181818181818,195.8863636363636,195.7222222222222,196.6346153846154,195.75,196.3666666666667,197.8269230769231,199.6666666666667,199.25
198.2291666666667,198.4545454545455,196.4318181818182,195.95,196.9423076923077,195.75,196.3,197.9807692307693,200,199.35
197.96875,199.0909090909091,196.9772727272727,196.2166666666666,197.25,195.875,196.3194444444445,198.1346153846154,200.3333333333333,199.75
197.59375,199.1875,197.2291666666666,196.4833333333333,197.5576923076923,196.0416666666667,196.5972222222223,198.2631578947369,200.6666666666667,200.15
197.21875,199.1041666666667,197.1875,196.75,197.8653846153846,196.2083333333334,196.875,198.3157894736842,200.9642857142857,200.55
196.84375,199.0208333333334,197.1458333333333,197.0166666666667,198.1730769230769,196.375,197.1527777777778,198.3684210526316,201.25,200.95
196.75,198.9375,197.1041666666666,197.2833333333333,198.5227272727273,196.5416666666667,197.4305555555556,198.421052631579,201.5357142857143,201.35
196.75,198.8541666666667,197.0625,197.55,198.8863636363637,196.7083333333333,197.7083333333334,198.4736842105263,201.8214285714286,201.75
196.75,198.7708333333333,197.0208333333333,197.8,199.25,196.9166666666667,197.9861111111111,198.5263157894737,202.1071428571428,202.15
196.75,198.7105263157895,196.9791666666666,198,199.6136363636364,197.1388888888889,198.2638888888889,198.5789473684211,202.3928571428572,202.1666666666667
196.75,198.6578947368421,196.9375,198.2,199.9772727272727,197.3611111111111,198.5416666666667,198.6315789473684,202.6785714285714,202.0555555555555
196.75,198.6052631578948,196.8958333333333,198.4,200.2692307692308,197.5833333333333,198.8181818181818,198.6842105263158,202.8125,201.9444444444445
196.9,198.5526315789474,196.8541666666666,198.6,200.3461538461538,197.8055555555555,199.0909090909091,198.7368421052632,202.8958333333333,201.8333333333333
197.1,198.5,196.8125,198.8,200.4230769230769,198.0277777777778,199.3636363636364,198.875,202.9791666666667,201.825
197.3,198.4473684210527,196.7708333333333,199,200.5,198.25,199.6363636363637,199.0416666666667,203.0625,202.125
197.5,198.3947368421053,196.9214285714285,199.2,200.5769230769231,198.4722222222222,199.9090909090909,199.2083333333334,203.1458333333333,202.425
197.7,198.3421052631579,197.2642857142857,199.25,200.6538461538462,198.6944444444444,200.1818181818182,199.375,203.2291666666667,202.725
198.0961538461539,198.2894736842105,197.6071428571428,199.25,200.7307692307692,199.0056818181818,200.25,199.5416666666667,203.3035714285714,203.025
198.5576923076923,198.25,197.95,199.25,200.8076923076923,199.3465909090909,200.25,199.7083333333334,203.375,203.75
199.0192307692308,198.25,198.2928571428571,199.25,200.8846153846154,199.6875,200.25,199.85,203.4464285714286,205.75
199.4807692307693,198.25,198.6357142857143,199.25,200.9615384615385,200.0284090909091,200.25,199.9833333333333,203.5178571428571,207.2142857142857
199.9423076923077,198.25,198.9785714285714,199.4,201.0384615384615,200.3693181818182,200.25,200.1166666666667,203.5892857142857,207.0714285714286
200.4038461538462,198.25,199.3214285714286,199.6,201.1153846153846,200.6691176470588,200.25,200.25,203.6607142857143,206.9285714285714
200.7857142857143,198.25,199.6642857142857,199.8,201.1923076923077,200.8455882352941,200.25,200.3833333333333,203.7321428571428,206.7857142857142
200.9285714285714,198.625,199.8197674418604,200,201.25,201.0220588235294,200.25,200.5166666666667,203.6136363636364,206
201.0714285714286,199.125,199.9127906976744,200.2,201.25,201.1985294117647,200.484375,200.65,203.4318181818182,205
201.2142857142857,199.625,200.0058139534883,200.4,201.25,201.375,200.796875,200.9285714285714,203.25,204.2777777777778
201.3571428571429,200.125,200.0988372093023,200.6,201.25,201.2083333333333,201.109375,201.6428571428572,203.0681818181818,204.3888888888889
201.5,200.625,200.1918604651162,200.775,201.25,201.0416666666667,201.421875,202.3571428571429,202.8863636363637,204.5
201.6428571428571,200.3749999999999,200.2848837209302,200.8750000000001,201.3076923076923,200.875,201.734375,203.0714285714286,202.7916666666667,204.6111111111111
201.5416666666666,199.8749999999999,200.3779069767442,200.975,201.3846153846154,200.7083333333333,202.046875,203.25,202.9583333333334,204.7222222222222
200.7083333333333,199.3749999999999,200.4709302325581,201.075,201.4615384615385,200.7302631578947,202.359375,203.25,203.1250000000001,204.8333333333333
199.8749999999999,199.1749999999999,200.5639534883721,201.175,201.5384615384615,200.9407894736842,202.671875,203.25,203.2916666666667,204.9444444444445
199.3611111111111,199.0749999999999,200.656976744186,201.2222222222222,201.6153846153846,201.1513157894737,202.9642857142858,203.25,203.4583333333334,205.0555555555555
199.8055555555556,198.9749999999999,200.75,201.1111111111111,201.6923076923077,201.3618421052632,203.25,203.25,203.625,205.1666666666667
200.25,198.8749999999999,200.9202127659574,201,201.8235294117647,201.5723684210526,203.5357142857143,203.25,203.8571428571429,205.2777777777778
200.6944444444445,198.7749999999999,201.0904255319149,200.8888888888889,202.1176470588235,201.725,204.5000000000002,203.1666666666666,204.2857142857143,205.3888888888889
201.1388888888889,199.0625,201.2606382978723,200.7777777777778,202.4117647058823,201.8583333333333,206.75,202.8333333333333,204.7142857142858,205.5
201.25,199.4791666666667,201.4308510638298,200.6136363636364,202.7058823529412,201.9916666666667,206.75,202.4999999999999,205.1428571428572,205.6111111111111
201.25,199.8958333333333,201.6010638297872,200.4318181818182,203,202.125,206.75,202.1666666666666,205.1666666666667,205.7222222222222
201.25,200.3125,201.7712765957447,200.25,203.2941176470588,202.4407894736842,205.7499999999998,201.8333333333333,205.0555555555556,205.9
201.25,200.7291666666666,201.9414893617021,200.0681818181818,203.5882352941176,202.7565789473684,202.7222222222222,201.6562499999999,204.9444444444445,206.1
201.25,201.1458333333333,202.1117021276596,199.8863636363637,203.8823529411765,203.0723684210527,202.6111111111111,201.5312499999999,204.8333333333333,206.3
201.25,201.5833333333333,202.281914893617,199.8750000000001,204.1764705882353,203.3881578947368,202.5,201.40625,204.7678571428572,206.5
201.25,202.0277777777777,202.4521276595745,200.3750000000001,204.3181818181818,203.7678571428571,202.3888888888889,201.28125,204.8392857142857,206.7
201.1428571428571,202.1666666666667,202.6223404255319,200.8750000000001,204.4090909090909,204.3392857142857,202.2777777777778,201.6666666666667,204.9107142857143,206.9
201,202,202.6,201.3750000000001,204.5,204.9107142857143,202.4807692307693,202.2222222222222,204.9821428571429,207.1
200.8571428571428,201.8333333333333,201.9999999999999,201.8750000000001,204.5909090909091,205.4821428571429,202.7884615384615,202.7777777777778,205.0535714285714,207.3
200.7142857142857,201.8214285714286,201.3999999999999,202.3750000000001,204.6818181818182,206.0535714285714,203.0961538461538,203.3333333333334,205.125,207.5
200.5714285714286,201.9642857142857,201.5384615384616,202.7678571428572,204.8552631578947,206.625,203.2,203.75,205.1964285714286,207.7
200.4285714285714,202.1071428571428,201.9230769230769,202.8392857142858,205.2763157894737,206.9964285714286,203.1,203.75,205.3269230769231,207.9
200.2857142857143,202.25,202.3076923076923,202.9107142857143,205.6973684210527,207.3678571428571,203,203.75,205.6346153846154,208.1
200.28515625,201.7884615384615,202.6923076923077,202.9821428571429,206.1184210526316,207.7392857142857,202.9,203.75,205.9423076923077,208.2333333333333
200.33203125,201.326923076923,203.0769230769231,203.0535714285714,206.5394736842105,208.1107142857143,202.8,203.625,206.2500000000001,208.1666666666667
200.37890625,200.8653846153846,203.4615384615385,203.1250000000001,206.9605263157895,208.4821428571428,202.8999999999999,203.1249999999999,206.5576923076924,208.1
200.42578125,201.0227272727272,203.8125,203.1964285714286,207.3815789473684,208.8535714285714,203.2,202.6249999999999,206.8653846153847,208.0333333333333
200.47265625,201.3863636363636,204.0625,203.2058823529412,207.8026315789474,209.225,203.4999999999999,202.2666666666667,207.173076923077,207.9666666666667
200.51953125,201.75,204.3125,203.0294117647059,208.2236842105263,209.5964285714286,203.8,202.3333333333333,207.3653846153846,207.9
200.56640625,202.1136363636363,204.5625,202.8529411764706,208.6447368421053,209.9189814814815,204.1,202.4,207.5192307692308,207.8333333333333
200.61328125,202.4772727272727,204.5357142857142,202.6764705882353,209,210.0949074074074,204.297619047619,202.4666666666666,207.673076923077,207.7666666666667
200.6644736842105,202.7934782608696,203.6785714285714,202.5,209.3333333333333,210.2708333333333,204.3928571428571,202.5333333333333,207.8269230769231,207.9375
200.7171052631579,202.9673913043478,202.8214285714285,202.3235294117647,209.6666666666667,210.4467592592593,204.4880952380952,202.6,207.9807692307693,208.1875
200.7697368421053,203.1413043478261,201.9642857142857,202.1470588235294,210,210.6226851851852,204.5833333333333,202.6666666666666,208.1346153846154,208.4375
200.8223684210526,203.3152173913043,201.3,201.9705882352941,210.3333333333333,210.7986111111111,204.6785714285714,202.7333333333333,208.2884615384616,208.6875
200.875,203.4891304347826,200.7,201.7941176470588,210.6666666666667,210.974537037037,204.7738095238095,202.9642857142857,208.4423076923077,208.9375
201.275,203.6630434782608,200.296875,201.6617647058824,210.8035714285714,211.150462962963,204.8690476190476,203.25,208.5961538461539,209.1875
201.675,204.1309523809524,200.484375,201.5441176470588,210.875,211.3263888888889,204.9642857142857,203.5357142857143,208.7500000000001,209.3076923076923
202.1975806451613,204.8928571428571,200.671875,201.4264705882353,210.9464285714286,211.5023148148148,205.0595238095238,203.8214285714286,208.9038461538462,209.3846153846154
202.8427419354838,205.6547619047619,200.859375,201.3088235294118,211.0178571428571,211.6782407407408,205.1547619047619,204.1071428571429,209.0576923076923,209.4615384615385
203.4879032258065,206.4166666666667,201.046875,201.1911764705883,211.0892857142857,211.8541666666667,205.25,204.3928571428572,209.2115384615385,209.5384615384615
204.133064516129,207.1785714285714,201.234375,201.0735294117648,211.1607142857143,212.0300925925926,204.8055555555556,204.6785714285714,209.1521739130435,209.6153846153846
204.7782258064516,207.7708333333333,201.421875,200.9558823529412,211.2321428571429,212.2060185185186,204.3611111111111,204.825,209.0217391304348,209.6923076923077
205.4233870967742,207.8541666666666,201.609375,200.8382352941177,211.3035714285714,212.225,203.9166666666666,204.925,208.8913043478261,209.84375
206.0685483870968,207.9375,201.7916666666667,200.8125,211.375,212.1916666666667,203.4722222222222,205.025,208.7608695652174,210.21875
206.7137096774194,208.0208333333333,201.9583333333333,201.0625000000001,211.4464285714286,212.1583333333333,203.3863636363636,205.125,208.6304347826087,210.59375
207.3541666666667,208.1041666666666,202.125,201.3125,211.5178571428571,212.125,203.6590909090909,205.225,208.5,210.96875
207.9930555555556,208.1875,202.2916666666667,201.5625000000001,211.5892857142857,212.0916666666667,203.9318181818181,205.325,208.3695652173913,211.2870370370371
208.6319444444445,208.0833333333333,202.4583333333333,201.8125,211.6607142857143,212.0583333333334,204.2045454545454,205.425,208.2391304347826,211.4351851851852
209.2708333333334,207.4166666666666,202.625,202.0625000000001,211.7321428571429,212.025,204.4772727272727,205.525,208.1086956521739,211.5833333333333
209.90625,206.7499999999999,202.5833333333333,202.3611111111112,211.6964285714286,211.9916666666667,204.75,205.625,207.9782608695652,211.7314814814815
210.53125,206.0833333333333,201.9166666666666,202.8055555555556,211.625,211.9583333333334,205.0833333333333,205.725,207.8478260869565,211.8796296296296
211.15625,205.4166666666666,201.2499999999999,203.2500000000001,211.5535714285714,211.925,205.4166666666666,205.9375,207.7857142857142,212.0277777777778
211.78125,204.96875,200.8125,203.6944444444445,211.4821428571429,211.8916666666667,205.7499999999999,206.1875,207.9285714285713,212.1759259259259
212.2857142857143,204.5937499999999,201.0625,204.1388888888889,211.4107142857143,211.8583333333333,206.0833333333333,206.4375,208.0714285714285,212.2838983050847
212.4285714285714,204.2187499999999,201.3125,204.4750000000001,211.3392857142857,211.825,206.25,206.6875,208.2142857142857,212.3516949152542
212.5714285714286,203.8437499999999,201.5625,204.775,211.2678571428571,211.7916666666667,206.25,206.8333333333333,208.3571428571428,212.4194915254237
212.7142857142857,203.8214285714286,201.8125,205.075,211.0625,211.7583333333334,206.25,206.9444444444445,208.5,212.4872881355932
212.8571428571429,203.9166666666667,202.0625,205.3750000000001,210.8125,211.6406250000001,206.25,207.0555555555555,208.6428571428572,212.5550847457627
213,204.0119047619048,202.3125,205.675,210.5625,211.4947916666667,206.25,207.1666666666667,208.8194444444445,212.6228813559322
213.1428571428571,204.1071428571428,202.5625,205.8750000000001,210.3125,211.3489583333334,206.25,207.3214285714286,209.0972222222223,212.6906779661017
213.1538461538462,204.2023809523809,202.8958333333334,206.0416666666667,210.34375,211.203125,206.33,207.6071428571429,209.375,212.7584745762712
212.7692307692308,204.297619047619,203.4791666666667,206.2083333333334,210.46875,211.0572916666667,206.49,207.8928571428571,209.6527777777778,212.8262711864407
212.3846153846154,204.3928571428571,204.0625,206.375,210.59375,210.9114583333333,206.65,208.1785714285714,209.9305555555556,212.8940677966102
212,204.4880952380952,204.6458333333334,206.5416666666667,210.71875,210.7727272727273,206.81,208.4642857142857,210.2083333333334,212.9618644067797
211.6153846153846,204.5833333333333,205.2291666666667,206.7083333333334,210.1250000000001,210.6363636363636,206.97,208.75,210.4861111111112,213.0296610169491
211.2307692307692,204.6785714285714,205.8125,206.65,209.2916666666667,210.5,207.13,209.0357142857143,210.7638888888889,213.0974576271186
210.8461538461538,204.875,206.25,206.5166666666667,208.4583333333334,210.3636363636364,207.2378048780488,209.2692307692308,211.0416666666667,213.1652542372881
210.6176470588235,205.375,206.25,206.3833333333334,207.9166666666667,210.2272727272727,207.1890243902439,209.3461538461539,211.225,213.2330508474576
210.4411764705882,205.875,206.25,206.25,207.4722222222223,210.0625,207.140243902439,209.4230769230769,211.125,213.2083333333333
210.2647058823529,206.375,206.0833333333333,206.1166666666667,207.0277777777778,209.8125,207.0914634146341,209.5,211.025,213.1527777777778
210.0882352941177,206.7,205.4166666666666,205.9833333333334,206.5833333333333,209.5625,207.0426829268293,209.5769230769231,210.925,213.0972222222222
209.9117647058823,206.5,204.7499999999999,205.85,206.25,209.3125,206.9939024390244,209.6538461538462,210.8249999999999,213.0416666666667
209.7352941176471,206.3,204.2647058823529,205.7375,206.25,209.0625,206.9451219512195,209.7307692307692,210.7727272727272,212.9861111111111
209.5588235294118,206.1,204.3235294117647,205.6875,206.25,208.9107142857143,206.8963414634146,209.7,210.8636363636363,212.9305555555556
209.3823529411765,205.8999999999999,204.3823529411765,205.6375,206.25,209.0535714285714,206.8475609756097,209.6333333333333,210.9545454545454,212.875
209.2065217391304,205.734375,204.4411764705882,205.5875,206.15,209.1964285714286,206.7987804878049,209.5666666666667,211.0454545454545,212.8194444444444
209.0326086956522,205.671875,204.5,205.5375,206.0166666666667,209.3392857142857,206.75,209.5,211.1363636363636,212.7638888888889
208.8586956521739,205.609375,204.5588235294118,205.4875,205.8833333333333,209.3491379310345,206.8189655172413,209.4333333333333,211.2272727272727,212.84375
208.6847826086957,205.546875,204.6176470588235,205.4375,205.75,209.3146551724138,206.8879310344827,209.3666666666667,211.2857142857143,212.96875
208.5108695652174,205.484375,204.6764705882353,205.3875,205.6166666666667,209.2801724137931,206.9568965517241,209.3,211.3333333333334,213.09375
208.3369565217391,205.421875,204.7352941176471,205.3375,205.4833333333333,209.2456896551724,207.0258620689655,209.2272727272727,211.3809523809524,213.21875
208.1630434782609,205.359375,204.81,205.2875,205.35,209.2112068965517,207.0948275862069,209.1363636363636,211.4285714285714,213.34375
207.9891304347826,205.2968749999999,204.89,205.3166666666667,205.3125,209.176724137931,207.1637931034483,209.0454545454545,211.4761904761905,213.46875
207.8152173913043,205.2685185185185,204.97,205.5833333333334,205.5625,209.1422413793103,207.2327586206897,208.9545454545454,211.5238095238096,213.59375
207.6413043478261,205.3425925925926,205.05,205.85,205.8125,209.0685483870968,207.1964285714286,208.8636363636364,211.5714285714286,213.71875
207.4673913043478,205.4166666666667,205.13,206.1166666666667,206.0625,208.9556451612903,207.125,208.7727272727273,211.6190476190476,213.84375
207.2934782608696,205.4907407407407,205.21,206.3833333333334,206.3125,208.8427419354839,207.0535714285714,209.25,211.6666666666667,213.96875
207.1375,205.5648148148148,205.29,206.65,206.5625,208.7298387096774,206.9821428571429,209.9166666666667,211.7142857142858,214.09375
206.9875,205.6388888888889,205.37,206.9166666666667,206.84375,208.616935483871,206.9107142857143,210.5833333333333,211.75,214.21875
206.8375,205.7129629629629,205.45,207.1833333333334,207.21875,208.5040322580645,206.8392857142857,210.5192307692307,211.75,214.34375
206.6875,205.8981481481481,205.53,206.95,207.59375,208.391129032258,206.7678571428572,210.2115384615385,211.75,214.46875
206.5375,206.1944444444444,205.61,206.55,207.96875,208.2782258064516,206.7,209.9038461538461,211.75,214.59375
206.3875,206.4907407407407,205.69,206.2386363636364,208.2166666666667,208.15625,206.6333333333333,209.5961538461538,211.75,214.71875
206.2375,206.787037037037,205.775,206.1931818181818,208.0833333333333,208.03125,206.5666666666667,209.2884615384615,211.75,214.5735294117647
206.0875,207.0833333333333,205.875,206.1477272727273,207.95,207.90625,206.5,208.9807692307692,211.9107142857143,214.3382352941177
205.9375,207.3796296296296,205.975,206.1022727272728,207.8166666666667,207.78125,206.4333333333333,208.8333333333333,212.125,214.1029411764706
205.7875,207.6759259259259,206.075,206.0568181818182,207.6833333333333,207.65625,206.3666666666666,209.1666666666667,212.3392857142858,213.8676470588235
205.84375,207.9264705882353,206.175,206.0113636363637,207.55,207.53125,206.3,209.5,212.5535714285714,213.75
205.96875,208.1617647058823,206.275,205.9659090909091,207.4166666666667,207.40625,206.296875,209.8333333333333,212.7678571428572,213.75
206.09375,208.3970588235294,206.375,205.9204545454546,207.2833333333333,207.28125,206.484375,210.1666666666667,212.9821428571429,213.75
206.21875,208.6323529411765,206.475,205.875,207.25,207.15625,206.671875,210.3125,213.1964285714286,213.75
206.34375,208.8676470588235,206.575,205.8295454545455,207.25,207.0625,206.859375,210.3958333333333,213.5714285714286,213.75
206.46875,209.1029411764706,206.675,205.7840909090909,207.25,206.9791666666667,207.046875,210.4791666666667,214.0000000000001,213.75
206.59375,209.3382352941176,206.796875,205.7763157894737,207.25,206.8958333333333,207.234375,210.5625,214.4285714285715,213.75
206.71875,209.5735294117647,206.984375,205.8815789473684,207.25,206.8125,207.421875,210.6458333333333,214.675,213.75
207.03125,209.7307692307692,207.171875,205.9868421052632,207.475,206.7291666666667,207.609375,210.7291666666667,214.375,213.9166666666666
207.40625,209.6538461538461,207.359375,206.0921052631579,207.775,206.6458333333333,207.7916666666666,210.8382352941177,214.075,214.1388888888889
207.78125,209.576923076923,207.546875,206.1973684210527,208.075,206.49375,207.9583333333333,210.9558823529412,213.775,214.3611111111111
208.15625,209.5,207.734375,206.3026315789474,208.375,206.31875,208.1249999999999,211.0735294117647,213.475,214.5833333333333
208.0357142857143,209.4230769230769,207.921875,206.4078947368421,208.675,206.14375,208.2916666666666,211.1911764705882,213.3392857142858,214.8055555555555
207.75,209.3461538461538,208.109375,206.5131578947369,208.8571428571429,205.96875,208.4583333333333,211.3088235294118,213.6964285714286,215.0277777777778
207.4642857142857,209.2692307692307,208.2777777777778,206.6184210526316,209,205.79375,208.6249999999999,211.4264705882353,214.0535714285715,215.25
207.234375,209.375,208.3888888888889,206.7236842105264,209.1428571428571,205.703125,208.5249999999999,211.5441176470588,214.4107142857143,215.4722222222222
207.171875,209.5416666666666,208.5,206.85,209.2045454545455,205.640625,208.4249999999999,211.6617647058823,214.7678571428572,215.6944444444445
207.109375,209.7083333333333,208.6111111111111,206.9833333333333,209.0227272727273,205.578125,208.3249999999999,211.7794117647059,215.125,215.8
207.046875,209.8749999999999,208.7222222222222,207.1166666666667,208.8409090909091,205.515625,208.2249999999999,211.8970588235294,215.4821428571429,215.8666666666667
206.984375,210.0416666666666,208.6923076923077,207.25,208.6590909090909,205.453125,208.1249999999999,212.014705882353,215.78125,215.9333333333333
206.921875,210.2083333333333,208.6153846153846,207.3833333333334,208.4772727272727,205.390625,207.8663793103447,212.1323529411765,215.9062500000001,216
206.859375,210.375,208.5384615384615,207.5166666666667,208.2954545454545,205.328125,207.6077586206896,212.25,216.03125,216.0666666666667
206.796875,210.5416666666666,208.4615384615385,207.65,208.15,205.265625,207.3491379310344,212.3676470588235,216.15625,216.1333333333333
206.8020833333333,210.7083333333333,208.3846153846154,207.7916666666667,208.0166666666667,205.025,207.0905172413793,212.485294117647,216.2083333333333,216.2
207.0104166666667,210.6617647058823,208.3076923076923,207.9583333333334,207.8833333333333,204.725,206.8318965517241,212.6029411764706,216.0416666666667,216.2638888888889
207.21875,210.5441176470588,208.3333333333333,208.125,207.75,204.425,206.573275862069,212.7205882352941,215.875,216.3194444444444
207.4270833333333,210.4264705882352,208.6666666666667,208.2916666666667,207.6166666666667,204.1249999999999,206.3146551724138,212.9375,215.6818181818182,216.375
207.6354166666667,210.3088235294117,209,208.4583333333334,207.4833333333333,203.8249999999999,206.1875,213.1875,215.4090909090909,216.4305555555555
207.84375,209.9166666666667,209.3333333333333,208.625,207.35,203.8249999999999,206.1041666666666,213.4375,215.1363636363636,216.4861111111111
208.0520833333333,209.2499999999999,209.6666666666667,208.7916666666667,207.2361111111111,203.9249999999999,206.0208333333333,213.6875,214.8636363636363,216.5416666666667
208.2604166666667,208.7272727272727,210,208.9583333333334,207.1805555555555,204.0249999999999,205.9375,213.75,214.5909090909091,216.5972222222222
208.46875,208.6363636363636,210.3333333333333,209.125,207.125,204.1249999999999,205.8541666666667,213.75,214.3181818181818,216.6527777777778
208.6770833333333,208.5454545454545,210.6666666666667,209.2,207.0694444444445,204.2249999999999,205.7708333333333,213.75,214.3382352941176,216.7083333333333
208.8854166666667,208.4545454545454,210.6818181818182,209,207.0138888888889,204.4583333333332,205.7932692307692,213.25,214.4558823529411,216.7638888888889
209.09375,208.3636363636363,210.5909090909091,208.8,206.9583333333333,204.7361111111111,205.8509615384615,211.25,214.5735294117646,216.8194444444445
209.2045454545455,208.2727272727272,210.5,208.6,206.9027777777778,205.0138888888888,205.9086538461538,209.8333333333333,214.6911764705882,216.875
209.0227272727273,208.2105263157894,210.4090909090909,208.4,206.8472222222222,205.2916666666666,205.9663461538461,210.1666666666667,214.8088235294117,216.9305555555556
208.840909090909,208.1578947368421,210.3181818181818,208.264705882353,206.7916666666667,205.5694444444444,206.0240384615384,210.5,214.9264705882353,216.9861111111111
208.6590909090908,208.1052631578947,209.625,208.3235294117648,206.77,205.8472222222222,206.0817307692307,210.8333333333333,215.0441176470588,217.0416666666667
208.4772727272726,208.0526315789473,207.6,208.3823529411765,206.85,206.125,206.111111111111,211.1666666666667,215.1617647058824,217.0972222222222
208.2954545454544,208,207,208.4411764705883,206.93,206.4027777777778,206.0555555555555,211.375,215.35,217.1527777777778
208.4374999999999,207.9473684210526,206.4,208.5,207.01,206.6805555555555,205.9999999999999,211.5416666666667,215.75,217.2083333333334
208.6874999999999,207.8947368421052,206.6447368421053,208.5588235294118,207.09,206.609375,205.9444444444444,211.7083333333333,216.15,217.2045454545455
208.9375,207.8421052631579,207.1710526315789,208.6176470588236,207.17,206.421875,205.8888888888888,211.6,216.55,217.0227272727273
209.1875,207.7894736842105,207.6973684210526,208.6764705882353,207.25,206.234375,205.6312499999999,211.4,216.95,216.8409090909092
209.125,207.7903225806451,208.2236842105263,208.7352941176471,207.33,206.046875,205.3062499999999,211.2,217.2142857142858,216.6590909090909
208.9583333333333,207.9516129032258,208.75,208.8333333333333,207.41,205.859375,204.9812499999999,211,217.0714285714286,216.4772727272727
208.7916666666666,208.1129032258064,212.688775510204,208.9444444444445,207.49,205.671875,204.6562499999999,210.8,216.9285714285714,216.2954545454546
208.6249999999999,208.2741935483871,212.5663265306122,209.0555555555556,207.57,205.484375,204.33125,210.625,216.7857142857143,216.1136363636364
208.4583333333332,208.4354838709677,212.4438775510204,209.1666666666667,207.65,205.296875,204.25,210.4583333333333,216.375,215.9318181818182
208.2916666666665,208.5967741935484,212.3214285714286,209.2777777777778,207.73,205.45,204.25,210.2916666666667,215.875,215.75
209.1249999999999,208.758064516129,212.1989795918367,209.3888888888889,207.6875,205.7166666666666,206,210.53125,215.375,215.5681818181818
210.2916666666666,208.9193548387096,212.0765306122449,209.5,207.6041666666667,205.9833333333333,207.4642857142857,210.90625,215.15,215.3863636363636
211.4583333333333,209.0806451612903,211.954081632653,209.6111111111111,207.5208333333333,206.25,206.3214285714286,211.28125,215.0166666666667,215.2321428571429
211.9375,209.2419354838709,211.8316326530612,209.7222222222223,207.4375,206.5166666666667,205.9318181818182,211.65625,214.8833333333334,215.1607142857143
212.1875,209.4032258064516,211.7091836734694,209.6818181818182,207.3541666666667,206.7833333333333,206.2954545454545,212.2,214.75,215.0892857142857
212.4375,209.5645161290323,211.5867346938775,209.5909090909091,207.2708333333333,207.05,206.6590909090909,212.8,214.6166666666667,215.0178571428572
212.6875,209.7258064516129,211.4642857142857,209.5,207.1785714285714,207.2368421052632,206.95,213.1666666666667,214.4833333333333,214.9464285714286
212.8035714285714,209.8870967741935,211.3418367346939,209.4090909090909,207.0833333333334,207.1842105263158,207.2166666666667,212.8333333333333,214.35,214.875
212.875,210.0483870967741,211.2666666666667,209.3181818181818,206.9880952380952,207.1315789473684,207.4833333333333,212.5,214.2291666666667,214.8035714285714
212.9464285714286,210.2096774193548,211.3333333333333,209.1875,206.8928571428572,207.0789473684211,207.75,212.1666666666667,214.1458333333333,214.78125
213.0178571428572,210.25,211.4,208.9375000000001,206.797619047619,207.0263157894737,208.0166666666667,211.8333333333333,214.0625000000001,214.90625
213.0892857142857,210.25,211.4666666666667,208.6875,206.702380952381,206.9736842105263,208.2833333333333,211.8333333333333,213.9791666666667,215.03125
213.1607142857143,210.25,211.5333333333333,208.4375,206.6071428571429,206.9210526315789,208.55,211.9444444444445,213.8958333333334,215.15625
213.2321428571429,210.25,211.6,208.2875,206.5119047619048,206.8684210526316,208.7175925925926,212.0555555555555,213.8125,215.28125
213.05,210.304054054054,211.6666666666667,208.4375,206.4166666666667,206.8157894736842,208.587962962963,212.1666666666667,213.8333333333334,215.40625
212.7833333333333,210.5202702702702,211.7333333333333,208.5875,206.3214285714286,206.7631578947368,208.4583333333333,212.2954545454546,214.1666666666667,215.53125
212.5166666666667,210.7364864864865,211.7,208.7375,206.2857142857143,206.84375,208.3287037037037,212.4772727272727,214.5,215.65625
212.25,210.9527027027027,211.6333333333333,208.8875,206.4285714285714,206.96875,208.199074074074,212.6590909090909,214.8333333333333,215.78125
211.9833333333333,211.1689189189189,211.5666666666667,209.0375,206.5714285714286,207.09375,208.0694444444444,212.8409090909091,215.1666666666667,215.90625
211.7166666666667,211.3851351351351,211.5,209.1875000000001,206.7142857142857,207.21875,207.9398148148147,213.0227272727273,215.5833333333334,216.03125
211.45,211.6013513513513,211.4333333333333,209.3375,206.8571428571429,207.34375,207.8749999999999,213.2045454545454,216.0277777777778,216.15625
211.2,211.8175675675675,211.3666666666667,209.4875,207,207.46875,207.8749999999999,213.0192307692308,216.4722222222222,216.125
211,212.0337837837837,211.3,209.6375,207.1428571428571,207.59375,207.8749999999999,212.7115384615385,216.9166666666667,215.625
210.8,212.25,211.3,209.7857142857143,207.264705882353,207.71875,207.8749999999999,212.4038461538461,217.15,215.125
210.6,212.0394736842105,211.5,209.9285714285714,207.3235294117647,207.8214285714286,207.8749999999999,212.0961538461538,216.75,214.625
210.4,211.828947368421,211.7,210.0714285714286,207.3823529411765,207.9166666666667,207.8749999999999,211.7884615384615,216.35,214.15
210.2840909090909,211.6184210526316,211.9,210.2142857142858,207.4411764705882,208.0119047619048,207.8749999999999,211.4807692307692,215.95,213.75
210.4204545454545,211.4078947368421,212.1,210.3571428571429,207.5,208.1071428571428,207.8749999999999,211.125,215.55,213.35
210.5568181818182,211.2272727272727,212.3,210.5,207.5588235294118,208.202380952381,207.8318965517241,210.625,215.125,214.75
210.6931818181818,211.1363636363636,212.5,210.6428571428572,207.6176470588235,208.297619047619,207.7456896551724,210.125,214.625,216.3
210.8295454545455,211.0454545454545,212.7,210.7666666666667,207.6764705882353,208.3928571428571,207.6594827586206,209.625,214.125,216.5
210.9659090909091,210.9545454545454,212.8125,210.8333333333334,207.735294117647,208.4880952380952,207.5732758620689,209.3863636363637,213.8333333333334,216.7
211.1022727272727,210.8636363636363,212.8958333333333,210.9,208.0961538461539,208.5833333333333,207.4870689655172,209.9318181818182,214.1666666666667,216.375
211.2386363636364,210.7727272727273,212.9791666666667,210.9666666666667,208.5576923076923,208.6785714285714,207.4008620689655,210.4772727272727,214.5,215.875
211.375,210.7941176470588,213.0625,211.0333333333334,209.0192307692308,208.7395833333333,207.3146551724138,211.0227272727273,214.8333333333334,214.8125
211.5113636363636,210.8529411764706,213.1458333333333,211.1,209.4807692307692,208.6979166666667,207.25,211.5681818181818,215.1666666666667,213.5625
211.6477272727273,210.9117647058823,213.2291666666667,211.1666666666667,209.9423076923077,208.65625,207.25,212.1136363636364,215.5,213.3333333333333
211.7368421052632,210.9705882352941,213.1346153846154,211.2333333333334,210.4038461538461,208.6145833333333,207.25,212.3181818181818,215.8333333333334,213.4444444444445
211.6842105263158,211.0294117647059,212.9807692307693,211.3181818181818,210.6944444444444,208.5729166666667,207.25,212.4090909090909,216.1666666666667,213.5555555555555
211.6315789473684,211.0882352941176,212.8269230769231,211.409090909091,210.4722222222222,208.53125,207.28125,212.5,216.1818181818182,213.6666666666667
211.5789473684211,211.1470588235294,212.6730769230769,211.5,210.25,208.4895833333333,207.40625,212.5909090909091,216.0909090909091,213.7777777777778
211.5263157894737,211.2058823529411,212.5192307692308,211.5909090909091,210.0277777777778,208.4479166666667,207.53125,212.6818181818182,216,213.8888888888889
211.4736842105263,211.3636363636363,212.3653846153846,211.6818181818182,209.8055555555556,208.40625,207.65625,212.7840909090909,215.9090909090909,214
211.421052631579,211.8181818181818,212.2763157894737,211.7727272727273,209.125,208.3645833333333,207.95,212.9204545454545,215.8181818181818,214.1111111111111
211.3684210526316,212.2727272727273,212.3815789473684,211.8636363636364,208.2916666666667,208.3229166666667,208.75,213.0568181818182,215.6111111111111,214.2222222222222
211.3157894736842,212.7272727272727,212.4868421052632,211.9545454545455,207.4583333333333,208.28125,209.55,213.1931818181818,215.0555555555556,214.0454545454545
211.2631578947368,213.1818181818182,212.5921052631579,212.0454545454546,207.25,208.2272727272727,209.6521739130435,213.3295454545455,214.5,213.7727272727273
211.4642857142857,213.6363636363636,212.6973684210526,212.1363636363637,207.25,208.1363636363636,209.5217391304348,213.4659090909091,213.9444444444445,213.5
211.75,213.81,212.8026315789474,212.2272727272727,207.3,208.0454545454545,209.3913043478261,213.6022727272727,213.3888888888889,213.2272727272727
212.0357142857143,213.89,212.9078947368421,212.0625,207.3666666666666,207.9545454545454,209.2608695652174,213.7386363636363,213.25,212.9545454545455
212.3214285714286,213.97,213.0131578947368,211.8125,207.4333333333333,207.8636363636364,209.1304347826087,213.875,213.25,212.7291666666667
212.6071428571428,214.05,213.1184210526316,211.5625,207.5,207.7727272727273,209,214.0113636363637,213.25,212.6458333333333
212.8928571428572,214.13,213.2236842105263,211.3125,207.5666666666667,207.875,208.8695652173913,214.1477272727273,213.25,212.5625
213.1785714285714,214.21,213.3125,211.25,207.6333333333333,208.0416666666667,208.7391304347826,214.225,213.25,212.4791666666667
213.3863636363637,214.3333333333333,213.3958333333333,211.25,207.7,208.2083333333333,208.6086956521739,214.125,213.25,212.3958333333333
213.5681818181818,214.5,213.4791666666667,211.25,207.75,208.375,208.4782608695652,214.025,213.2083333333333,212.3125
213.75,214.6666666666666,213.5625,211.25,207.75,208.5416666666667,208.3478260869565,213.925,213.1527777777778,212.328125
213.9318181818182,214.75,213.6458333333333,211.25,207.75,208.7083333333333,208.2166666666667,213.825,213.0972222222223,212.640625
214.1136363636364,214.75,213.7291666666667,211.25,207.75,208.875,208.0833333333333,213.725,213.0416666666667,212.953125
214.1666666666667,214.7954545454545,213.8125,211.25,207.75,209.0416666666667,207.95,213.625,212.9861111111111,213.265625
213.8333333333333,214.9772727272727,213.8958333333333,211.25,207.75,209.2083333333333,207.8166666666667,213.525,212.9305555555556,213.578125
213.5,215.1590909090909,213.9791666666667,211.0625,207.75,209.2875,207.6833333333333,213.425,212.875,213.890625
213.1666666666667,215.3409090909091,214.0625,210.8125,208.0833333333333,209.3375,207.55,213.325,212.8194444444445,214.203125
212.8333333333333,215.5227272727273,214.1458333333333,210.5625,208.5277777777778,209.3875,207.4166666666667,213.1470588235294,212.7638888888889,214.515625
212.5,215.7045454545454,214.2291666666667,210.3125,208.9722222222222,209.4375,207.2833333333333,212.735294117647,212.84375,214.675
212.2307692307692,215.84375,214.296875,210.53125,209.4166666666667,209.4875,207.3625,212.3235294117647,212.96875,214.375
212.1538461538462,215.96875,214.359375,210.90625,209.7794117647059,209.5375,207.5125,211.9117647058823,213.0937500000001,214.075
212.0769230769231,216.0937499999999,214.421875,211.28125,209.8970588235294,209.5875,207.6625,211.5,213.21875,213.775
212,216.21875,214.484375,211.65625,210.014705882353,209.6375,207.8125,211.0882352941177,213.34375,213.475
211.9230769230769,216.25,214.546875,211.8571428571429,210.1323529411765,209.6875,207.9625,210.6764705882353,213.46875,213.2161016949152
211.8461538461538,216.25,214.609375,212,210.25,209.7375,208.1125,210.264705882353,213.59375,213.0805084745763
211.7692307692308,216.25,214.671875,212.1428571428572,210.3676470588235,209.7058823529412,208.2625,209.8529411764706,213.71875,212.9449152542373
211.8571428571429,216.25,214.734375,212.2857142857143,210.485294117647,209.6470588235294,208.4125,209.65625,213.375,212.8093220338983
212,216.25,214.8214285714286,212.4285714285715,210.6029411764706,209.5882352941177,208.5625,209.53125,212.875,212.6737288135593
212.1428571428572,216.25,214.9166666666667,212.5714285714286,210.7205882352941,209.5294117647059,208.7125,209.40625,212.3750000000001,212.3671612222792
212.2857142857143,216.25,215.0119047619048,212.7142857142857,210.675,209.4705882352941,208.7105263157895,209.28125,211.875,211.98665269939
212.4285714285714,216.5462962962962,215.1071428571428,212.8571428571429,210.575,209.4117647058823,208.6578947368421,209.4166666666667,211.5833333333334,211.6061441765008
212.5714285714286,216.8425925925926,215.202380952381,213.0000000000001,210.475,209.3529411764706,208.6052631578947,209.6388888888889,211.3611111111111,211.2256356536115
212.7142857142857,217.1388888888889,215.297619047619,213.1428571428572,210.375,209.2941176470588,208.5526315789474,209.8611111111111,211.1388888888889,210.8451271307223
212.8571428571429,217.4351851851852,215.3928571428571,213.2857142857143,210.275,209.2395833333333,208.5,210.0833333333333,210.9166666666666,210.8333333333333
213,217.7314814814814,215.4880952380952,213.4285714285714,210.25,209.1979166666667,208.4473684210526,210.3055555555555,210.8124999999999,210.9444444444445
213.1428571428571,218.0277777777778,215.5833333333333,213.5714285714286,210.25,209.15625,208.3947368421053,210.5277777777778,211.0624999999999,211.0555555555555
213.2727272727273,218.25,215.6785714285714,213.7142857142857,210.25,209.1145833333334,208.3421052631579,210.75,211.3125,211.1666666666667
213.3636363636364,218.25,215.71875,213.7125,210.375,209.0729166666666,208.2894736842105,210.9722222222222,211.5625,211.2218377088305
213.4545454545454,218.25,215.59375,213.6625,210.875,209.03125,208.2631578947368,211.1944444444444,211.8333333333333,211.1091885441527
213.5454545454546,218.25,215.46875,213.6125,211.375,208.9895833333333,208.3157894736842,211.3035714285714,212.1666666666667,210.9965393794749
213.6363636363636,218.25,215.34375,213.5625000000001,211.7368421052632,208.9479166666667,208.3684210526316,211.375,212.5,210.8838902147972
213.7272727272727,218.3125,215.21875,213.5125,211.6842105263158,208.90625,208.421052631579,211.4464285714286,212.6,210.7712410501194
213.75,218.3958333333333,215.09375,213.4625,211.6315789473684,208.8645833333333,208.4736842105263,211.5178571428572,212,210.6398305084746
213.75,218.4791666666667,214.96875,213.4125,211.5789473684211,208.8229166666667,208.5263157894737,211.5892857142857,211.4,210.5042372881356
213.75,218.5624999999999,214.84375,213.3625,211.5263157894737,208.78125,208.578947368421,211.6607142857143,210.8,210.3686440677966
213.75,218.6458333333333,214.7222222222222,213.3125,211.4736842105263,208.7631578947368,208.6315789473684,211.7321428571429,210.2,210.2330508474576
213.75,218.7291666666666,214.6111111111111,213.2625,211.421052631579,208.8157894736842,208.6842105263158,211.525,209.6428571428572,210.0974576271186
213.9,218.8125,214.5,213.28125,211.3684210526316,208.8684210526316,208.7368421052632,211.225,209.2142857142857,209.9618644067797
214.1,218.8958333333333,214.3888888888889,213.3229166666667,211.3157894736842,208.921052631579,208.625,210.925,208.7857142857142,209.8262711864407
214.2999999999999,218.9791666666666,214.2777777777778,213.3645833333334,211.2631578947368,208.9736842105263,208.4583333333333,210.625,208.3571428571428,209.6906779661017
214.4999999999999,219.0625,214.4,213.4062500000001,211.25,209.0263157894737,208.2916666666667,210.325,208.4999999999999,209.5550847457627
214.6999999999998,219.1458333333333,214.6,213.4479166666667,211.25,209.0789473684211,208.125,210.1617647058823,208.8333333333333,209.4194915254237
214.1249999999999,219.2291666666666,214.8,213.4895833333333,211.25,209.1315789473684,207.9583333333333,210.0441176470588,209.1666666666666,209.2838983050847
213.2916666666665,219.2083333333333,215,213.53125,211.25,209.1842105263158,207.7916666666667,209.9264705882353,209.5,209.3125
212.4583333333332,219.1527777777778,215.2,213.5729166666667,211.25,209.2368421052632,207.5833333333333,209.8088235294118,209.7857142857143,209.3958333333333
212.3749999999999,219.0972222222222,215.4,213.6145833333333,211.25,209.2222222222222,207.3611111111111,209.6911764705882,209.9285714285714,209.4791666666667
212.5416666666665,219.0416666666666,215.6,213.65625,211.25,209.1851851851852,207.1388888888889,209.5735294117647,210.0714285714286,209.5625
212.7083333333332,218.9861111111111,215.7045454545454,213.6979166666667,211.25,209.1481481481482,206.9166666666667,209.4558823529412,210.2142857142858,209.6458333333333
212.8749999999999,218.9305555555555,215.5227272727273,213.7395833333334,211.25,209.1111111111111,206.7954545454546,209.3382352941177,210.3571428571429,209.7291666666667
213.0416666666665,218.875,215.3409090909091,213.7105263157895,211,209.0740740740741,206.9772727272727,209.21875,210.5,209.6108054685363
213.2083333333332,218.8194444444444,215.1590909090909,213.6578947368421,210.6666666666667,209.037037037037,207.1590909090909,209.09375,210.6428571428572,209.425212759918
212.9687499999999,218.7638888888889,214.9772727272727,213.6052631578948,210.3333333333333,209,207.3409090909091,208.96875,210.65625,209.2396200512998
212.5937499999999,218.35,214.7954545454546,213.5526315789474,210,208.962962962963,207.5227272727273,208.84375,210.2812500000001,209.0540273426815
212.2187499999999,217.8166666666666,214.515625,213.5,209.6666666666667,208.9259259259259,207.7045454545454,208.71875,209.90625,208.8684346340632
211.8437499999999,217.2833333333333,214.203125,213.4473684210526,209.3333333333333,208.8888888888889,207.8076923076923,208.59375,209.53125,208.682841925445
211.9999999999999,216.75,213.890625,213.3947368421053,209.3181818181818,208.8518518518518,207.8846153846154,208.46875,209.1944444444445,208.4972492168267
212.3333333333332,216.6323529411764,213.578125,213.3421052631579,209.4090909090909,208.8148148148148,207.9615384615385,208.34375,208.9722222222223,208.2672752639127
212.6666666666665,216.5147058823529,213.265625,213.2894736842105,209.5,208.7777777777778,208.0384615384615,208.2,208.75,207.8973569861262
212.9999999999999,216.3970588235294,212.953125,213.3125,209.5909090909091,208.7375,208.1153846153846,208,208.5277777777778,207.5274387083398
213.1944444444443,216.2794117647059,212.640625,213.5625,209.6818181818182,208.6875,208.1923076923077,207.8,208.3055555555556,207.28125
212.9722222222221,216.15625,212.328125,213.8125,209.7738095238095,208.6375,208.2727272727273,207.6,208.0833333333334,207.40625
212.7499999999999,216.03125,212.625,214.0625,209.8690476190476,208.5875,208.3636363636363,207.4,207.8611111111111,207.53125
212.5277777777777,215.9062499999999,213.125,214.3125,209.9642857142857,208.5375,208.4545454545454,207.3333333333333,207.6388888888889,207.65625
212.3055555555554,215.78125,213.625,214.5625,210.0595238095238,208.4875,208.5454545454546,207.6666666666667,207.4166666666667,207.625
212.1710526315788,215.65,213.9230769230769,214.7321428571429,210.1547619047619,208.4375,208.6363636363637,208,207.225,207.125
212.065789473684,215.5166666666666,214.1538461538462,214.6607142857143,210.25,208.3875,208.7272727272727,208.1607142857143,207.125,206.625
211.9605263157893,215.3833333333333,214.3846153846154,214.5892857142858,210.3452380952381,208.3375,208.5625,207.8035714285714,207.025,206.125
211.8552631578946,215.25,214.6153846153846,214.5178571428572,210.4404761904762,208.2875,208.3125,207.4464285714286,206.925,205.625
211.7499999999999,215.1166666666666,214.8461538461538,214.4464285714286,210.5357142857143,208.234375,208.0625,207.0892857142857,206.825,205.125
211.6447368421051,214.9833333333333,215.0769230769231,214.375,210.6309523809524,208.171875,207.8125,206.7321428571429,206.725,204.625
211.5394736842104,214.85,215.25,214.3035714285714,210.7261904761905,208.109375,207.5625,206.375,206.625,204.125
211.4342105263157,214.6388888888889,215.25,214.1818181818182,210.75,208.046875,207.3125,206.0178571428571,206.525,203.6388888888889
211.3289473684209,214.1944444444444,215.25,213.9090909090909,210.75,207.984375,206.8,205.7307692307692,206.425,203.1944444444445
211.2166666666665,213.75,215.25,213.6363636363637,210.75,207.921875,206.2,205.6538461538462,206.325,202.75
211.0833333333332,213.3055555555555,215.25,213.3636363636364,210.75,207.859375,205.8,205.5769230769231,206.225,202.3055555555556
210.9499999999998,212.8611111111111,215.025,213.0909090909091,210.75,207.796875,206,205.5,206.125,201.8611111111111
210.8166666666665,212.5625,214.725,212.8181818181818,210.75,207.85,206.2,205.4230769230769,206.025,201.6477272727273
210.6833333333332,212.3125,214.425,212.7058823529412,210.75,208.25,206.4,205.3461538461538,205.925,201.5113636363636
210.5499999999999,212.0624999999999,214.125,212.6470588235294,210.75,208.65,206.6,205.2692307692308,205.825,201.375
210.4166666666665,211.8125,213.825,212.5882352941177,210.6,209.05,206.7857142857143,205.5227272727273,205.75,201.2386363636364
210.2833333333332,211.6923076923077,213.6818181818182,212.5294117647059,210.4,209.45,206.9285714285714,205.8863636363637,205.75,201.1022727272727
210.0999999999999,211.6153846153846,213.5909090909091,212.4705882352941,210.2,209.75,207.0714285714286,206.25,205.75,200.9659090909091
209.8999999999999,211.5384615384615,213.5,212.4117647058824,210,209.75,207.2142857142857,206.6136363636363,205.75,200.8295454545455
209.6999999999999,211.4615384615385,213.4090909090909,212.3529411764706,209.8,209.75,207.325,206.9772727272727,205.75,200.6931818181818
209.4999999999999,211.3846153846154,213.3181818181818,212.2941176470588,209.6,209.75,207.425,207.3333333333333,205.75,200.5568181818182
209.2999999999998,211.3076923076923,213.2692307692308,212.2236842105263,209.4,209.75,207.525,207.6666666666667,205.46875,200.4204545454546
209.4230769230768,211.25,213.3461538461538,212.1184210526316,209.2375,209.75,207.625,208,205.09375,200.2840909090909
209.653846153846,211.25,213.4230769230769,212.0131578947369,209.1875,209.825,207.725,208,204.7187500000001,200.2105263157895
209.8846153846152,211.25,213.5,211.9078947368421,209.1375,209.925,207.675,207,204.34375,200.1578947368421
210.1153846153845,211.25,213.5769230769231,211.8026315789474,209.0875,210.025,207.575,206,204.05,200.1052631578947
210.3461538461537,211.1923076923077,213.6538461538462,211.6973684210527,209.0375,210.125,207.475,205,203.7833333333334,200.0526315789474
210.5769230769229,210.9615384615384,213.7307692307692,211.5921052631579,208.9875,210.225,207.375,204,203.5166666666667,200
210.736842105263,210.7307692307692,213.6923076923077,211.4868421052632,208.9375,210.0357142857143,207.275,203.625,203.25,199.9473684210526
210.6842105263157,210.5,213.6153846153846,211.3815789473685,208.8875,209.75,207.5,203.4583333333333,202.9833333333333,199.8947368421053
210.6315789473683,210.2692307692307,213.5384615384615,211.2763157894737,208.8375,209.4642857142857,207.8333333333333,203.2916666666667,202.7166666666667,199.8421052631579
210.5789473684209,210.0384615384615,213.4615384615385,211.25,208.7875,209.25,208.1666666666667,203.125,202.45,199.7894736842105
210.5263157894735,209.8076923076923,213.3846153846154,211.25,208.76,209.25,208.3571428571429,202.9583333333333,202.3,199.6730769230769
210.4736842105262,209.45,213.3076923076923,211.25,208.8,209.25,208.5,202.7916666666667,202.5,199.3653846153846
210.4210526315788,209.05,213.1944444444444,211.25,208.8399999999999,209.25,208.6428571428571,202.9642857142857,202.7,199.0576923076923
210.3684210526314,208.65,212.9722222222222,211.25,208.8799999999999,209.1833333333333,208.6346153846154,203.25,202.9,198.75
210.3157894736841,208.2499999999999,212.75,211.25,208.9199999999999,208.9166666666667,208.173076923077,203.5357142857143,203.1,198.4423076923077
210.2631578947367,207.85,212.5277777777778,211.25,208.9599999999999,208.6499999999999,207.7115384615385,203.8214285714286,203.3214285714286,198.1346153846154
210.2105263157893,207.45,212.3055555555555,211.25,208.9999999999999,208.3833333333333,207.25,204.1071428571428,203.6071428571429,197.8269230769231
