211.8333333333333,217.2142857142856,225.3194444444444,228.8333333333333,229.8333333333333,229.4840909090908,227.2222222222222,216.3235294117647,212.1666666666667,206.3461538461538
212.1666666666666,217.3571428571428,225.5972222222222,229.1666666666667,230.1666666666666,229.7022727272726,227.3333333333333,216.6176470588235,212.5,206.7307692307692
212.5,217.5,225.8749999999999,229.5,230.4999999999999,229.9204545454544,227.4444444444444,216.9117647058823,212.8333333333333,207.1153846153846
212.8333333333333,217.6428571428571,226.1527777777777,229.8333333333333,230.8333333333333,230.1386363636362,227.5555555555555,217.2058823529412,213.1666666666666,207.5
213.1666666666667,217.7857142857143,226.4305555555555,230.1666666666667,231.1666666666667,230.3568181818181,227.6666666666667,217.5,213.5,207.8846153846154
213.5,217.9285714285714,226.7083333333333,230.5,231.5,230.5749999999999,227.9166666666667,217.7941176470588,213.8333333333333,208.2692307692308
213.8333333333333,218.0714285714286,226.9861111111111,230.8333333333333,231.8333333333333,230.7931818181817,228.5833333333333,218.0882352941176,214.1666666666667,208.6538461538462
214.1666666666667,218.2142857142857,227.2638888888889,231.1666666666667,232.1666666666667,231.1189024390243,229.25,218.3823529411765,214.5,208.984375
214.5,218.6590909090909,227.5416666666667,231.5,232.5,231.5091463414633,229.8125,218.6764705882353,214.8333333333333,209.296875
214.82,219.2045454545454,227.84,231.8152173913043,232.8189655172414,231.8993902439023,230.0625,219.014705882353,215.1666666666667,209.609375
215.1,219.75,228.2,232.0760869565217,233.0948275862069,232.2896341463414,230.3125,219.3676470588235,215.5,209.921875
215.38,220.2954545454546,228.56,232.3369565217392,233.3706896551724,232.6798780487804,230.5625,219.7205882352941,215.8333333333333,210.234375
215.66,220.8409090909091,228.92,232.5978260869565,233.646551724138,233.0701219512194,230.8125,220.0735294117647,216.1666666666667,210.546875
215.94,221.3125,229.28,232.8586956521739,233.9224137931034,233.4603658536584,231.0625,220.4264705882353,216.5,210.859375
216.22,221.5625,229.64,233.1195652173913,234.198275862069,233.8506097560974,231.4166666666667,220.7794117647059,216.8586956521739,211.171875
216.5,221.8125,230,233.3804347826087,234.4741379310345,234.2408536585365,232.0833333333334,221.1323529411765,217.2934782608696,211.4583333333333
216.78,222.0625,230.36,233.6413043478261,234.75,234.6310975609755,232.75,221.4852941176471,217.7282608695652,211.7361111111111
217.06,222.3125,230.72,233.9021739130435,235.0258620689655,234.955357142857,233.4166666666667,221.8392857142857,218.1630434782609,212.0138888888889
217.34,222.5625,231.08,234.1630434782609,235.301724137931,235.1696428571427,234.0833333333334,222.1964285714286,218.5978260869565,212.2916666666667
217.62,222.8125,231.44,234.4239130434783,235.5775862068966,235.3839285714284,234.25,222.5535714285714,219.0326086956522,212.5694444444445
217.9,223.0625,231.8,234.6847826086957,235.8534482758621,235.5982142857142,234.25,222.9107142857143,219.4673913043478,212.8472222222222
218.18,223.3125,232.16,234.9583333333333,236.1293103448276,235.8124999999999,234.25,223.2678571428572,219.9021739130435,213.125
218.5263157894737,223.5625,232.4264705882353,235.2361111111111,236.4051724137931,236.0267857142856,234.25,223.625,220.3369565217392,213.4027777777778
218.8947368421053,223.8409090909091,232.6617647058823,235.5138888888889,236.6810344827586,236.2410714285713,234.25,223.9821428571429,220.7717391304348,213.6805555555556
219.2631578947368,224.2045454545455,232.8970588235294,235.7916666666667,236.93,236.455357142857,234.25,224.3392857142857,221.2065217391305,214.125
219.6315789473684,224.5681818181818,233.1323529411765,236.0694444444445,237.17,236.6696428571427,234.25,224.6964285714286,221.6413043478261,214.625
220,224.9318181818182,233.3676470588235,236.3472222222222,237.41,236.8839285714285,234.4807692307692,225.0535714285714,221.9519230769231,215.125
220.3684210526316,225.2954545454545,233.6029411764706,236.625,237.65,237.0982142857142,234.7884615384615,225.4107142857143,222.2211538461538,215.625
220.7368421052632,225.6590909090909,233.8382352941177,236.9027777777778,237.89,237.3437499999999,235.0961538461539,225.7678571428572,222.4903846153846,216.125
221.1052631578947,225.95,234.0735294117647,237.1805555555556,238.13,237.5937499999999,235.4038461538462,226.125,222.7596153846154,216.625
221.4736842105263,226.2166666666667,234.3194444444445,237.4078947368421,238.37,237.8437499999999,235.7115384615385,226.4821428571429,223.0288461538461,217.125
221.8532608695652,226.4833333333333,234.5972222222222,237.6184210526316,238.61,238.0937499999999,236.0192307692308,226.8145161290323,223.2980769230769,217.625
222.2663043478261,226.75,234.875,237.828947368421,238.85,238.3437499999999,236.34375,227.0725806451613,223.5673076923077,217.9473684210526
222.6793478260869,227.0166666666667,235.1527777777778,238.0394736842105,239.09,238.5937499999999,236.71875,227.3306451612903,223.8365384615385,218.2105263157895
223.0923913043478,227.2833333333333,235.4305555555555,238.25,239.33,238.8437499999999,237.09375,227.5887096774194,224.1057692307692,218.4736842105263
223.5054347826087,227.55,235.7083333333334,238.4605263157895,239.57,239.0441176470587,237.46875,227.8467741935484,224.375,218.7368421052632
223.9184782608695,227.8552631578948,235.9861111111111,238.671052631579,239.875,239.2373949579831,237.8055555555556,228.1048387096774,224.6442307692308,219
224.3315217391304,228.2763157894737,236.2638888888889,238.8815789473684,240.375,239.4306722689075,238.0277777777778,228.3629032258064,224.9134615384615,219.2631578947369
224.7445652173913,228.6973684210527,236.5416666666667,239.0921052631579,240.875,239.6239495798318,238.25,228.6209677419355,225.1826923076923,219.5263157894737
225.1576086956522,229.1184210526316,236.8152173913044,239.3421052631579,241.375,239.8172268907562,238.4722222222222,228.8790322580645,225.5588235294118,219.7894736842105
225.570652173913,229.5394736842105,237.0760869565217,239.7105263157895,241.875,240.0105042016806,238.6944444444445,229.1370967741935,225.9705882352941,220.0526315789474
225.9836956521739,229.9605263157895,237.3369565217391,240.0789473684211,242.2678571428571,240.203781512605,238.9166666666667,229.3951612903226,226.3823529411765,220.328125
226.3967391304348,230.3815789473684,237.5978260869565,240.4473684210526,242.3392857142857,240.3970588235294,239.1388888888889,229.6532258064516,226.7941176470588,220.640625
226.6985294117647,230.8026315789474,237.8586956521739,240.8157894736842,242.4107142857143,240.5903361344538,239.3611111111111,229.9112903225807,227.2058823529412,220.953125
226.9632352941176,231.2236842105263,238.1195652173913,241.1842105263158,242.4821428571429,240.7836134453781,239.5833333333333,230.1693548387097,227.6176470588235,221.265625
227.2279411764706,231.6447368421053,238.3804347826087,241.5526315789474,242.5535714285714,240.9768907563025,239.787037037037,230.4274193548387,228.0294117647059,221.578125
227.4926470588235,231.8888888888889,238.6413043478261,241.921052631579,242.625,241.1701680672269,239.9351851851852,230.6854838709677,228.4411764705883,221.890625
227.7573529411765,232.0740740740741,238.9021739130435,242.2894736842105,242.6964285714286,241.3634453781513,240.0833333333333,231.0125,228.7916666666667,222.203125
228.0220588235294,232.2592592592593,239.1630434782609,242.6578947368421,242.8194444444445,241.5567226890756,240.2314814814815,231.3625,228.9583333333333,222.515625
228.2867647058823,232.4444444444445,239.4239130434783,242.9,243.0972222222222,241.75,240.3796296296296,231.7125,229.125,222.8846153846154
228.5514705882353,232.6296296296296,239.6847826086957,243.1,243.375,242.1617647058823,240.5277777777778,232.0625,229.2916666666667,223.4230769230769
228.8076923076923,232.8148148148148,239.9214285714286,243.3,243.6527777777778,242.5735294117647,240.6759259259259,232.4125,229.4583333333333,223.9615384615385
229.0384615384615,233,240.15,243.5,243.9305555555556,242.985294117647,240.8240740740741,232.7625,229.625,224.5
229.2692307692308,233.1851851851852,240.3785714285714,243.7,244.2083333333333,243.3970588235293,240.9722222222222,233.1125,229.7916666666667,225.0384615384615
229.5,233.3703703703704,240.6071428571429,243.9,244.4861111111111,243.8088235294117,241.1203703703704,233.4625,229.9583333333333,225.5769230769231
229.7307692307692,233.5555555555555,240.8357142857143,244.1,244.7638888888889,244.220588235294,241.2685185185185,233.8125,230.125,226.1153846153846
229.9615384615385,233.7407407407407,241.0642857142857,244.3,245.0416666666667,244.4675925925925,241.4166666666667,234.1625,230.3333333333333,226.4166666666667
230.1923076923077,233.9259259259259,241.2928571428571,244.5,245.2916666666667,244.6157407407406,241.5648148148148,234.4722222222222,230.6666666666667,226.6388888888889
230.6666666666667,234.1111111111111,241.5214285714285,244.7,245.4583333333333,244.7638888888888,241.712962962963,234.7685185185185,231,226.8611111111111
231.2222222222222,234.3382352941177,241.75,244.9,245.625,244.9120370370369,242.0384615384615,235.0648148148148,231.3333333333333,227.0833333333333
231.7777777777778,234.6911764705882,241.9785714285714,245.1,245.7916666666667,245.0601851851851,242.4230769230769,235.3611111111111,231.6666666666667,227.3636363636363
232.3333333333333,235.0441176470588,242.2071428571429,245.2962962962963,245.9583333333333,245.2083333333332,242.8076923076923,235.6574074074074,232,227.8181818181818
232.8055555555556,235.3970588235294,242.4357142857143,245.4814814814815,246.125,245.3564814814814,243.1923076923077,235.9537037037037,232.3333333333333,228.2727272727273
233.0277777777778,235.75,242.6642857142857,245.6666666666667,246.2916666666667,245.5499999999999,243.5769230769231,236.25,232.6666666666667,228.7272727272727
233.25,236.1029411764706,242.8928571428572,245.8518518518518,246.4583333333334,245.7499999999999,243.9615384615385,236.5462962962963,232.9285714285714,229.1818181818182
233.4722222222222,236.4558823529412,243.1214285714286,246.037037037037,246.625,245.9499999999999,244.3020833333333,236.8425925925926,233.1666666666667,229.6363636363637
233.6944444444444,236.8088235294118,243.35,246.2222222222222,246.7916666666667,246.1499999999999,244.5104166666667,237.1388888888889,233.4047619047619,229.9
233.9166666666667,237.1617647058824,243.5785714285714,246.4074074074074,246.9583333333333,246.35,244.71875,237.4351851851852,233.6428571428571,230.1
234.1388888888889,237.4375,243.7954545454545,246.5925925925926,247.125,246.55,244.9270833333333,237.7314814814815,233.8809523809524,230.3
234.3611111111111,237.6875,243.9772727272727,246.7777777777778,247.2916666666667,246.75,245.1354166666667,238.0277777777778,234.1190476190476,230.5
234.5833333333333,237.9375,244.1590909090909,246.9629629629629,247.4583333333333,246.95,245.34375,238.297619047619,234.3571428571429,230.7
234.828125,238.1875,244.3409090909091,247.1481481481482,247.625,247.15,245.5520833333333,238.4880952380952,234.5952380952381,231.0227272727273
235.140625,238.4375,244.5227272727273,247.3333333333333,247.7916666666667,247.3815789473684,245.7604166666667,238.6785714285714,234.8333333333333,231.3863636363636
235.453125,238.6875,244.7045454545455,247.5185185185185,247.9583333333333,247.6447368421053,245.96875,238.8690476190476,235.0714285714286,231.75
235.765625,238.8823529411765,244.8863636363636,247.7037037037037,248.125,247.9078947368421,246.1770833333333,239.0595238095238,235.3522727272727,232.1136363636364
236.078125,239.0588235294118,245.0681818181818,247.875,248.2916666666667,248.171052631579,246.3854166666667,239.25,235.7613636363637,232.4772727272727
236.390625,239.2352941176471,245.25,248.0416666666667,248.4583333333333,248.4342105263158,246.59375,239.4404761904762,236.1704545454546,232.796875
236.703125,239.4117647058824,245.4318181818182,248.2083333333333,248.625,248.6973684210527,246.7931034482758,239.6309523809524,236.5795454545454,232.984375
237.015625,239.5882352941176,245.6136363636364,248.375,248.7954545454546,248.9605263157895,246.9655172413793,239.8214285714286,236.9886363636364,233.171875
237.296875,239.7647058823529,245.7954545454546,248.5416666666667,248.9772727272727,249.2236842105263,247.1379310344828,240.0119047619048,237.3977272727273,233.359375
237.484375,239.9411764705882,245.9772727272727,248.7083333333333,249.1590909090909,249.4868421052632,247.3103448275862,240.2023809523809,237.8068181818182,233.546875
237.671875,240.1176470588235,246.1590909090909,248.875,249.3409090909091,249.75,247.4827586206897,240.4285714285714,238.2159090909091,233.734375
237.859375,240.328125,246.3409090909091,249.0416666666667,249.5227272727273,249.8879310344828,247.6551724137931,240.6666666666667,238.625,233.921875
238.046875,240.640625,246.5227272727273,249.2083333333333,249.7045454545454,250.0258620689655,247.8275862068965,240.9047619047619,239.0340909090909,234.109375
238.234375,240.953125,246.7045454545454,249.375,249.8863636363636,250.1637931034483,248,241.1428571428571,239.4431818181818,234.3653846153846
238.421875,241.265625,246.9310344827586,249.5416666666667,250.0681818181818,250.301724137931,248.1724137931034,241.3809523809524,239.75,234.8269230769231
238.609375,241.578125,247.1724137931034,249.7083333333333,250.25,250.4396551724138,248.3448275862069,241.6190476190476,239.75,235.2884615384615
238.8194444444445,241.890625,247.4137931034483,249.8467741935484,250.4318181818182,250.5775862068966,248.5172413793103,241.8571428571429,239.75,235.75
239.0972222222222,242.203125,247.6551724137931,249.9758064516129,250.6136363636364,250.7155172413793,248.6896551724138,242.0952380952381,239.75,236.2115384615385
239.375,242.515625,247.8965517241379,250.1048387096774,250.7844827586207,250.8534482758621,248.8620689655172,242.3333333333333,239.75,236.6730769230769
239.6527777777777,242.7777777777778,248.1379310344828,250.2338709677419,250.9224137931035,250.9913793103448,249.0344827586207,242.5714285714286,239.8461538461538,237.1346153846154
239.9305555555555,242.8888888888889,248.3793103448276,250.3629032258065,251.0603448275862,251.1293103448276,249.2068965517242,242.8095238095238,240.2307692307692,237.4375
240.2083333333333,243,248.6206896551724,250.491935483871,251.198275862069,251.2672413793103,249.3625,243.047619047619,240.6153846153846,237.6875
240.4861111111111,243.1111111111111,248.8620689655173,250.6209677419355,251.3362068965517,251.4051724137931,249.5125,243.2857142857143,241,237.9375
240.7638888888889,243.2222222222222,249.1034482758621,250.75,251.4741379310345,251.5431034482758,249.6625,243.5238095238095,241.3846153846154,238.1875
241.0416666666666,243.3333333333333,249.3448275862069,250.8790322580645,251.6120689655172,251.6810344827586,249.8125,243.7619047619048,241.7692307692308,238.4375
241.3194444444444,243.4444444444445,249.5862068965517,251.008064516129,251.75,251.797619047619,249.9625,244,242.1538461538462,238.6875
241.5972222222222,243.5555555555555,249.8275862068965,251.1370967741936,251.8879310344828,251.8928571428572,250.1125,244.2380952380952,242.46875,238.890625
241.8749999999999,243.6666666666667,250.0689655172414,251.2661290322581,252.0258620689655,251.9880952380952,250.2625,244.4761904761905,242.7604166666667,239.078125
242.1527777777777,243.8214285714286,250.2844827586207,251.3951612903226,252.1637931034483,252.0833333333333,250.4125,244.7142857142857,243.0520833333333,239.265625
242.4305555555555,244.1071428571429,250.4224137931035,251.5241935483871,252.301724137931,252.1785714285714,250.5625,244.9523809523809,243.34375,239.453125
242.6041666666666,244.3928571428571,250.5603448275862,251.6532258064516,252.4396551724138,252.2738095238095,250.7125,245.1904761904762,243.6354166666666,239.640625
242.7430555555555,244.6785714285714,250.698275862069,251.7946428571429,252.5775862068966,252.3690476190476,250.9456521739131,245.4,243.9270833333333,239.828125
242.8819444444444,244.9642857142857,250.8362068965517,251.9732142857143,252.7155172413793,252.4642857142857,251.2065217391304,245.6,244.21875,240.015625
243.0208333333333,245.25,250.9741379310345,252.1517857142857,252.8125,252.5595238095238,251.4673913043478,245.8,244.5104166666667,240.203125
243.1597222222222,245.5357142857143,251.1120689655172,252.3303571428572,252.8958333333333,252.6547619047619,251.7282608695652,246,244.8020833333333,240.5
243.2986111111111,245.8214285714286,251.25,252.5089285714286,252.9791666666667,252.75,251.9891304347826,246.2,245.09375,240.8333333333333
243.4375,246.1071428571429,251.3879310344828,252.6875,253.0625,252.8452380952381,252.25,246.4,245.3854166666667,241.1666666666667
243.5763888888889,246.3928571428571,251.5258620689655,252.8660714285714,253.1458333333333,252.9404761904762,252.5108695652174,246.6,245.6770833333333,241.5
243.7152777777778,246.6785714285714,251.6637931034483,253.0446428571429,253.2291666666667,253.0357142857143,252.7717391304348,246.8,245.9204545454546,241.8333333333334
243.9310344827586,246.8839285714286,251.801724137931,253.2232142857143,253.3125,253.1309523809524,253.0326086956522,247,246.1477272727273,242.1666666666667
244.1724137931035,247.0625,251.9396551724138,253.4017857142857,253.3958333333333,253.2261904761905,253.2934782608696,247.2,246.375,242.3653846153846
244.4137931034483,247.2410714285714,252.0775862068965,253.5803571428572,253.4791666666667,253.3214285714286,253.554347826087,247.4,246.6022727272727,242.5192307692308
244.6551724137931,247.4196428571429,252.2155172413793,253.7589285714286,253.5625,253.4166666666667,253.7727272727273,247.6,246.8295454545454,242.6730769230769
244.8965517241379,247.5982142857143,252.3671875,253.9375,253.6458333333333,253.5119047619048,253.8636363636364,247.8,247.0568181818182,242.8269230769231
245.1379310344827,247.7767857142857,252.5234375,254.1160714285714,253.7291666666667,253.6071428571429,253.9545454545454,248,247.2840909090909,242.9807692307692
245.3793103448276,247.9553571428572,252.6796875,254.2833333333333,253.8709677419355,253.7023809523809,254.0454545454545,248.2,247.5113636363636,243.1346153846154
245.6206896551724,248.1339285714286,252.8359375,254.4166666666667,254.0322580645161,253.8181818181818,254.1363636363637,248.4,247.7386363636364,243.375
245.8620689655172,248.3125,252.9921875,254.55,254.1935483870968,253.9545454545455,254.2272727272727,248.6,247.9659090909091,243.875
246.1034482758621,248.4910714285714,253.1484375,254.6833333333333,254.3548387096774,254.0909090909091,254.3181818181818,248.8382352941176,248.1931818181818,244.375
246.3448275862069,248.6696428571429,253.3046875,254.8166666666667,254.516129032258,254.2272727272727,254.4090909090909,249.1911764705882,248.3382352941177,244.875
246.5862068965517,248.8482142857143,253.4609375,254.95,254.6774193548387,254.3636363636364,254.5,249.5441176470588,248.4558823529412,245.375
246.8275862068966,249.0267857142857,253.6171875,255.0833333333333,254.8387096774193,254.5,254.5909090909091,249.8970588235294,248.5735294117648,245.8333333333333
247.0689655172414,249.2053571428571,253.7734375,255.2166666666667,255,254.6363636363636,254.6818181818182,250.25,248.6911764705883,246.1666666666667
247.3035714285714,249.3653846153846,253.9296875,255.35,255.1612903225807,254.7727272727273,254.7727272727273,250.6029411764706,248.8088235294118,246.5
247.5178571428571,249.5192307692308,254.0859375,255.4833333333333,255.3225806451613,254.9090909090909,254.8636363636364,250.9558823529412,248.9264705882353,246.8333333333333
247.7321428571429,249.6730769230769,254.2421875,255.6166666666667,255.483870967742,255.0454545454546,254.9545454545455,251.3088235294118,249.0441176470588,247.1666666666667
247.9464285714286,249.8269230769231,254.3984375,255.75,255.6451612903226,255.1818181818182,255.0454545454545,251.6617647058823,249.1617647058823,247.5
248.1607142857143,249.9807692307692,254.5546875,255.8833333333334,255.8064516129032,255.3181818181818,255.1363636363636,251.8709677419355,249.3333333333333,247.7954545454546
248.375,250.1346153846154,254.7109375,256.0166666666667,255.9677419354839,255.4545454545455,255.2272727272727,252.0322580645161,249.6666666666667,247.9772727272727
248.5892857142857,250.2884615384615,254.8289473684211,256.15,256.1290322580645,255.5909090909091,255.3671875,252.1935483870968,250,248.1590909090909
248.8035714285714,250.4423076923077,254.9342105263158,256.2734375,256.3,255.7272727272727,255.5234375,252.3548387096774,250.3333333333333,248.3409090909091
249.0178571428571,250.5961538461539,255.0394736842105,256.3671875,256.5,255.8636363636364,255.6796875,252.5161290322581,250.6666666666667,248.5227272727273
249.2321428571429,250.75,255.1447368421053,256.4609375,256.7,256,255.8359375,252.6774193548387,251,248.7045454545455
249.4464285714286,250.9038461538462,255.25,256.5546875,256.9,256.1363636363636,255.9921875,252.8387096774193,251.2884615384615,248.95
249.6607142857143,251.0576923076923,255.3552631578947,256.6484375,257.1,256.2727272727273,256.1484375,253,251.4423076923077,249.2166666666666
249.875,251.2115384615385,255.4605263157895,256.7421875,257.3,256.4090909090909,256.3046875,253.1612903225806,251.5961538461539,249.4833333333333
250.0892857142857,251.4264705882353,255.5657894736842,256.8359375,257.5,256.5454545454546,256.4609375,253.3225806451613,251.75,249.75
250.3031914893617,251.6617647058824,255.671052631579,256.9296875,257.7,256.6818181818182,256.6171875,253.483870967742,251.9038461538462,250.0166666666667
250.5159574468085,251.8970588235294,255.7857142857143,257.0234375,257.9,256.8031914893617,256.7734375,253.6451612903226,252.0576923076923,250.2833333333333
250.7287234042553,252.1323529411765,255.9285714285714,257.1171875,258.1,256.9095744680851,256.9296875,253.8064516129032,252.2115384615385,250.55
250.9414893617021,252.3676470588235,256.0714285714286,257.2109375,258.3,257.0159574468085,257.0859375,253.9677419354839,252.4,250.7894736842105
251.1542553191489,252.6029411764706,256.2142857142857,257.3046875,258.5,257.1223404255319,257.2421875,254.1290322580645,252.6,250.9473684210527
251.3670212765958,252.8382352941177,256.3571428571428,257.3984375,258.7,257.2287234042553,257.3984375,254.3,252.8,251.1052631578947
251.5797872340426,253.0735294117647,256.5,257.4921875,258.8310810810811,257.3351063829787,257.5546875,254.5,253,251.2631578947369
251.7925531914894,253.2857142857143,256.6428571428572,257.5859375,258.9391891891892,257.4414893617021,257.7109375,254.7,253.2,251.421052631579
252.0053191489362,253.4285714285714,256.8125,257.6796875,259.0472972972973,257.5478723404256,257.8478260869566,254.9,253.4,251.578947368421
252.218085106383,253.5714285714286,257.0625,257.787037037037,259.1554054054054,257.6542553191489,257.9782608695652,255.1,253.6,251.7368421052632
252.4308510638298,253.7142857142857,257.3125,257.9351851851852,259.2635135135135,257.7606382978723,258.1086956521739,255.3,253.79,251.8947368421053
252.6436170212766,253.8571428571429,257.5625,258.0833333333334,259.3716216216216,257.8670212765958,258.2391304347826,255.5,253.95,252.0526315789474
252.8563829787234,254,257.8125,258.2314814814815,259.4797297297297,257.9734042553192,258.3695652173913,255.7,254.11,252.2105263157895
253.0691489361702,254.1428571428571,258.0625,258.3796296296296,259.5878378378379,258.0797872340426,258.5,255.9,254.27,252.4642857142857
253.281914893617,254.2857142857143,258.3125,258.5277777777778,259.6959459459459,258.1861702127659,258.6304347826087,256.1,254.43,252.75
253.4946808510638,254.4285714285714,258.5625,258.6759259259259,259.8040540540541,258.2925531914893,258.7608695652174,256.3,254.59,253.0357142857143
253.7074468085107,254.5714285714286,258.8125,258.8240740740741,259.9121621621622,258.3989361702128,258.8913043478261,256.5,254.75,253.3214285714286
253.9202127659574,254.7142857142857,259.0625,258.9722222222222,260.0202702702703,258.5053191489362,259.0217391304348,256.7,254.91,253.6071428571429
254.1329787234042,254.8951612903226,259.234375,259.1203703703704,260.1283783783784,258.6117021276596,259.1521739130435,256.9,255.07,253.8928571428572
254.3457446808511,255.0887096774194,259.171875,259.2685185185185,260.2364864864865,258.7180851063829,259.2734375,257.1,255.23,254.1785714285714
254.5585106382979,255.2822580645162,259.109375,259.4166666666667,260.3445945945946,258.8244680851064,259.3671875,257.3,255.39,254.4642857142857
254.7712765957447,255.4758064516129,259.046875,259.5648148148148,260.4527027027027,258.9308510638298,259.4609375,257.5,255.55,254.75
254.9840425531915,255.6693548387096,258.984375,259.7129629629629,260.5608108108108,259.0372340425532,259.5546875,257.7,255.71,255.0357142857143
255.1968085106383,255.8629032258065,258.921875,259.84375,260.6689189189189,259.1436170212766,259.6484375,257.9,255.9230769230769,255.2941176470588
255.375,256.0564516129032,258.859375,259.96875,260.7708333333333,259.25,259.7421875,258.1,256.1538461538462,255.4705882352941
255.5416666666667,256.25,258.796875,260.09375,260.8541666666667,259.3333333333333,259.8359375,258.3,256.3846153846154,255.6470588235294
255.7083333333333,256.4435483870968,258.8055555555555,260.21875,260.9375,259.4166666666667,259.9296875,258.5,256.6153846153846,255.8235294117647
255.875,256.6370967741935,259.0277777777778,260.34375,261.0208333333333,259.5,260.0234375,258.7,256.8461538461539,256
256.0416666666667,256.8306451612903,259.25,260.46875,261.1041666666666,259.5833333333334,260.1171875,258.8653846153846,257.0769230769231,256.1764705882352
256.2083333333333,257.0241935483871,259.4722222222222,260.59375,261.1875,259.6666666666666,260.2109375,259.0192307692308,257.3076923076923,256.3529411764706
256.375,257.2177419354838,259.6944444444444,260.71875,261.2708333333334,259.75,260.3046875,259.1730769230769,257.5384615384615,256.5294117647059
256.5416666666667,257.4112903225807,259.9166666666666,260.84375,261.3541666666666,259.8333333333333,260.3984375,259.3269230769231,257.7692307692308,256.7058823529412
256.7083333333334,257.6048387096774,260.1388888888889,260.96875,261.4375,259.9166666666667,260.4921875,259.4807692307692,258,256.8823529411765
256.875,257.7865853658536,260.3611111111111,261.09375,261.5208333333333,260,260.5859375,259.6346153846154,258.2307692307692,257.0588235294118
257.0416666666667,257.9329268292683,260.5833333333333,261.21875,261.6041666666666,260.0833333333333,260.6796875,259.7884615384615,258.4615384615385,257.2352941176471
257.2083333333334,258.0792682926829,260.78125,261.3461538461539,261.6875,260.1666666666667,260.7872340425532,259.9423076923077,258.6923076923077,257.4117647058824
257.375,258.2256097560976,260.90625,261.474358974359,261.7708333333334,260.25,260.9361702127659,260.0961538461539,258.8636363636364,257.5882352941176
257.5416666666667,258.3719512195122,261.03125,261.6025641025641,261.8541666666667,260.4404761904762,261.0851063829787,260.25,259.0151515151515,257.7647058823529
257.7083333333333,258.5182926829269,261.15625,261.7307692307692,261.9375,260.6309523809524,261.2340425531915,260.4038461538462,259.1666666666667,257.9411764705882
257.875,258.6646341463414,261.28125,261.8589743589744,262.0208333333333,260.8214285714286,261.3829787234043,260.5576923076923,259.3181818181818,258.1176470588235
258.0416666666667,258.8109756097561,261.40625,261.9871794871794,262.1041666666667,261.0119047619048,261.5319148936171,260.7115384615385,259.469696969697,258.3026315789474
258.2083333333333,258.9573170731707,261.53125,262.1153846153846,262.1875,261.202380952381,261.6808510638298,260.8653846153846,259.6212121212121,258.5131578947368
258.375,259.1036585365854,261.65625,262.2435897435898,262.2833333333334,261.3928571428572,261.8297872340426,261.0192307692308,259.7727272727273,258.7236842105263
258.5416666666667,259.25,261.78125,262.3717948717949,262.4166666666667,261.5833333333333,261.9787234042553,261.1730769230769,259.9242424242424,258.9342105263158
258.7083333333333,259.3963414634146,261.90625,262.5,262.55,261.7738095238095,262.1276595744681,261.3269230769231,260.0757575757576,259.1447368421053
258.9090909090909,259.5426829268293,262.03125,262.6282051282051,262.6833333333333,261.9642857142857,262.2765957446808,261.4807692307692,260.2272727272727,259.3552631578947
259.1212121212121,259.6890243902439,262.15625,262.7564102564103,262.8166666666667,262.1547619047619,262.4255319148936,261.6346153846154,260.3787878787879,259.5657894736842
259.3333333333334,259.8353658536586,262.2592592592593,262.8846153846154,262.95,262.3071428571429,262.5744680851064,261.777027027027,260.5303030303031,259.7763157894737
259.5454545454546,259.9817073170732,262.2962962962963,263.0128205128205,263.0833333333334,262.4214285714286,262.7234042553191,261.8851351351352,260.6818181818182,259.9868421052632
259.7575757575758,260.1280487804878,262.3333333333334,263.1410256410256,263.2166666666666,262.5357142857143,262.8723404255319,261.9932432432432,260.8333333333333,260.1973684210527
259.969696969697,260.2743902439024,262.3703703703704,263.2692307692308,263.35,262.65,263.0212765957447,262.1013513513514,260.9848484848485,260.4
260.1818181818182,260.4207317073171,262.4074074074074,263.3974358974359,263.4833333333333,262.7642857142857,263.1702127659574,262.2094594594595,261.1363636363636,260.6
260.3939393939394,260.5670731707317,262.4444444444445,263.5256410256411,263.6166666666667,262.8785714285714,263.3191489361702,262.3175675675676,261.2954545454546,260.8
260.6060606060606,260.7134146341463,262.4814814814815,263.6538461538461,263.75,262.9928571428571,263.468085106383,262.4256756756757,261.4772727272727,261
260.8181818181818,260.828947368421,262.5185185185185,263.7844827586207,263.8833333333333,263.1071428571429,263.6170212765957,262.5337837837837,261.6590909090909,261.2
261.030303030303,260.9342105263158,262.5555555555555,263.9224137931034,264.0166666666667,263.2214285714285,263.7659574468085,262.6418918918919,261.8409090909091,261.4
261.2424242424242,261.0394736842105,262.5925925925926,264.0603448275862,264.15,263.3357142857143,263.9148936170213,262.75,262.0227272727273,261.6
261.4545454545455,261.1447368421053,262.6296296296296,264.198275862069,264.2785714285714,263.45,264.0638297872341,262.8581081081081,262.2045454545454,261.8
261.6666666666667,261.25,262.6666666666667,264.3362068965517,264.3928571428572,263.5642857142857,264.2127659574468,262.9662162162162,262.3863636363636,262
261.8787878787879,261.3552631578947,262.7037037037037,264.4741379310345,264.5071428571429,263.6785714285714,264.3169642857143,263.0743243243243,262.5681818181818,262.2
262.0909090909091,261.4605263157895,262.7407407407408,264.6120689655172,264.6214285714286,263.7928571428571,264.40625,263.1824324324324,262.75,262.3522727272727
262.2777777777778,261.5657894736842,262.8958333333334,264.75,264.7357142857143,263.9071428571428,264.4955357142857,263.2905405405405,262.9318181818182,262.4886363636364
262.3888888888889,261.671052631579,263.0902777777778,264.8879310344828,264.85,264.0214285714285,264.5848214285714,263.3986486486486,263.1136363636364,262.625
262.5,261.7763157894736,263.2847222222222,265.0258620689655,264.9642857142857,264.1357142857143,264.6741071428571,263.5067567567568,263.2931034482758,262.7613636363637
262.6111111111111,261.8815789473684,263.4791666666666,265.1637931034483,265.0785714285714,264.25,264.7633928571429,263.6148648648648,263.4655172413793,262.8977272727273
262.7222222222222,261.9868421052631,263.6736111111111,265.301724137931,265.1928571428571,264.3719512195122,264.8526785714286,263.722972972973,263.6379310344828,263.0340909090909
262.8333333333333,262.0921052631579,263.8680555555555,265.4396551724138,265.3071428571428,264.4939024390244,264.9419642857143,263.8617021276596,263.8103448275862,263.1704545454546
262.9444444444445,262.1973684210526,264.0625,265.5775862068966,265.4214285714286,264.6158536585366,265.03125,264.0106382978723,263.9827586206897,263.3068181818182
263.0555555555555,262.3026315789474,264.2569444444445,265.7155172413793,265.5357142857143,264.7378048780488,265.1205357142857,264.1595744680851,264.1551724137931,263.4431818181818
263.1666666666667,262.4078947368421,264.4513888888889,265.8152173913044,265.65,264.859756097561,265.2098214285714,264.3085106382979,264.3275862068966,263.5795454545454
263.2777777777778,262.5131578947368,264.6458333333334,265.9021739130435,265.7642857142857,264.9817073170732,265.2991071428571,264.4574468085106,264.5,263.7159090909091
263.3888888888889,262.6184210526316,264.8402777777778,265.9891304347826,265.8785714285714,265.1036585365854,265.3883928571429,264.6063829787234,264.6724137931035,263.9
263.5,262.7236842105263,265.0347222222222,266.0760869565217,265.9928571428571,265.2256097560976,265.4776785714286,264.7553191489362,264.8448275862069,264.1
263.6111111111111,262.9166666666667,265.2291666666666,266.1630434782609,266.1071428571428,265.3475609756098,265.5669642857143,264.9042553191489,265.0172413793103,264.3
263.7222222222222,263.1388888888889,265.4236111111111,266.25,266.2214285714286,265.469512195122,265.65625,265.0531914893617,265.1896551724138,264.5
263.8333333333333,263.3611111111111,265.6180555555555,266.3369565217391,266.3066037735849,265.5914634146342,265.7455357142857,265.2021276595744,265.3620689655172,264.7
263.9444444444445,263.5833333333333,265.8125,266.4239130434783,266.3820754716981,265.7134146341463,265.8348214285714,265.3510638297872,265.5344827586207,264.9
264.0555555555555,263.8055555555555,266.0069444444445,266.5108695652174,266.4575471698113,265.8353658536585,265.9241071428572,265.5,265.7068965517242,265.1
264.1666666666667,264.0277777777778,266.2013888888889,266.5978260869565,266.5330188679245,265.9573170731707,266.0133928571428,265.6489361702128,265.9375,265.28125
264.2931034482759,264.25,266.3146551724138,266.6847826086956,266.6084905660377,266.079268292683,266.1026785714286,265.7978723404256,266.1875,265.40625
264.4655172413793,264.4722222222222,266.4008620689655,266.777027027027,266.6839622641509,266.2012195121951,266.1919642857143,265.9468085106383,266.4375,265.53125
264.6379310344828,264.6944444444445,266.4870689655172,266.8851351351352,266.7594339622642,266.3231707317073,266.28125,266.0957446808511,266.6875,265.65625
264.8103448275862,264.8303571428571,266.573275862069,266.9932432432433,266.8349056603773,266.4451219512195,266.3705357142857,266.2446808510638,266.9375,265.78125
264.9827586206897,264.9375,266.6594827586207,267.1013513513514,266.9103773584906,266.5670731707317,266.4598214285714,266.3936170212766,267.1875,265.90625
265.1551724137931,265.0446428571429,266.7456896551724,267.2094594594595,266.9858490566038,266.6890243902439,266.5491071428572,266.5425531914893,267.4375,266.03125
265.3275862068965,265.1517857142857,266.8318965517242,267.3175675675676,267.061320754717,266.7960526315789,266.6383928571428,266.6914893617021,267.6875,266.15625
265.5,265.2589285714286,266.9181034482759,267.4256756756757,267.1367924528302,266.8881578947368,266.7276785714286,266.8404255319149,267.9375,266.296875
265.6724137931034,265.3660714285714,267.0043103448276,267.5337837837838,267.2122641509434,266.9802631578947,266.859756097561,266.9893617021277,268.1875,266.484375
265.8448275862069,265.4732142857143,267.0905172413793,267.6418918918919,267.2877358490566,267.0723684210527,267.0060975609756,267.1382978723404,268.4375,266.671875
266.0172413793103,265.5803571428572,267.176724137931,267.75,267.3632075471698,267.1644736842105,267.1524390243903,267.287037037037,268.6875,266.859375
266.1896551724138,265.6875,267.2629310344828,267.8581081081081,267.438679245283,267.2565789473684,267.2987804878049,267.4351851851852,268.8055555555555,267.046875
266.3620689655172,265.7946428571428,267.3491379310345,267.9662162162163,267.5141509433963,267.3486842105264,267.4451219512195,267.5833333333334,268.8796296296296,267.234375
266.5344827586207,265.9017857142857,267.4353448275862,268.0743243243243,267.5896226415094,267.4407894736842,267.5914634146341,267.7314814814815,268.9537037037037,267.421875
266.7068965517241,266.0089285714286,267.5215517241379,268.1824324324324,267.6650943396226,267.5328947368421,267.7378048780488,267.8796296296296,269.0277777777778,267.609375
266.81,266.1160714285714,267.6077586206897,268.2905405405405,267.7405660377358,267.625,267.8841463414634,268.0277777777778,269.1018518518518,267.8088235294118
266.89,266.2232142857143,267.6939655172414,268.3986486486486,267.816037735849,267.7171052631579,268.030487804878,268.1759259259259,269.1759259259259,268.0441176470588
266.97,266.3571428571428,267.7801724137931,268.5067567567568,267.8915094339623,267.8092105263158,268.1768292682927,268.3240740740741,269.25,268.2794117647059
267.05,266.5,267.8663793103448,268.6148648648648,267.9669811320755,267.9013157894736,268.3231707317073,268.4722222222222,269.3240740740741,268.5147058823529
267.13,266.6428571428572,267.9525862068966,268.722972972973,268.0424528301887,267.9934210526316,268.469512195122,268.6203703703704,269.3981481481482,268.75
267.21,266.7857142857143,268.0387931034483,268.8269230769231,268.1179245283019,268.0855263157895,268.6158536585366,268.7685185185185,269.4722222222222,268.9852941176471
267.29,266.9285714285714,268.125,268.9294871794872,268.1933962264151,268.1776315789473,268.7621951219512,268.9166666666666,269.5462962962963,269.2205882352941
267.37,267.0714285714286,268.2112068965517,269.0320512820513,268.275,268.2697368421053,268.9085365853658,269.0648148148148,269.6203703703704,269.4558823529412
267.45,267.2142857142857,268.2974137931034,269.1346153846154,268.375,268.3618421052631,269.0548780487805,269.212962962963,269.6944444444445,269.6911764705882
267.53,267.3571428571428,268.3836206896552,269.2371794871795,268.475,268.453947368421,269.2012195121951,269.296875,269.7333333333333,269.78125
267.61,267.5,268.4698275862069,269.3397435897436,268.575,268.546052631579,269.3475609756098,269.359375,269.6666666666667,269.8229166666666
267.69,267.6428571428571,268.5560344827586,269.4423076923077,268.675,268.6381578947368,269.4939024390244,269.421875,269.6,269.8645833333334
267.77,267.7857142857143,268.6422413793103,269.5448717948718,268.775,268.7302631578947,269.640243902439,269.484375,269.5333333333333,269.90625
267.85,267.9285714285714,268.7284482758621,269.6474358974359,268.875,268.8223684210526,269.7666666666667,269.546875,269.4666666666666,269.9479166666667
267.93,268.0714285714286,268.8310810810811,269.75,268.975,268.9144736842105,269.8333333333333,269.609375,269.4,269.9895833333334
268.01,268.2142857142857,268.9391891891892,269.8525641025641,269.075,269.0065789473684,269.9,269.671875,269.3333333333333,270.03125
268.09,268.2826086956522,269.0472972972973,269.9551282051282,269.175,269.0986842105263,269.9666666666667,269.734375,269.2666666666667,270.0729166666667
268.17,268.3260869565217,269.1554054054054,270.0576923076923,269.275,269.1907894736842,270.0333333333334,269.796875,269.4107142857143,270.1145833333333
268.25,268.3695652173913,269.2635135135135,270.1602564102564,269.375,269.2828947368421,270.1,269.859375,269.625,270.15625
268.33,268.4130434782609,269.3716216216216,270.2628205128205,269.475,269.375,270.1666666666667,269.921875,269.8392857142857,270.1979166666667
268.41,268.4565217391304,269.4797297297297,270.3653846153846,269.575,269.4671052631579,270.2333333333333,269.984375,270.0535714285714,270.2395833333333
268.49,268.5,269.5878378378378,270.4679487179487,269.675,269.5592105263158,270.3,270.046875,270.2678571428571,270.3942307692308
268.57,268.5434782608696,269.6959459459459,270.5705128205128,269.775,269.6513157894737,270.3666666666667,270.109375,270.4821428571429,270.5865384615385
268.65,268.5869565217391,269.8040540540541,270.6730769230769,269.875,269.7434210526316,270.4333333333333,270.171875,270.6964285714286,270.7788461538462
268.73,268.6304347826087,269.9121621621621,270.7704918032787,269.975,269.8355263157895,270.5,270.234375,270.9107142857143,270.9711538461538
268.8571428571429,268.6739130434783,270.0202702702703,270.8524590163934,270.075,269.9276315789473,270.5666666666667,270.3265306122449,271.125,271.1634615384615
269,268.7173913043478,270.1283783783784,270.9344262295082,270.175,270.0197368421053,270.6333333333333,270.4285714285714,271.3392857142857,271.3557692307692
269.1428571428571,268.775,270.2364864864865,271.0163934426229,270.275,270.1118421052632,270.7,270.530612244898,271.5535714285714,271.5480769230769
269.2857142857143,268.875,270.3445945945946,271.0983606557377,270.375,270.203947368421,270.7666666666667,270.6326530612245,271.7678571428572,271.7403846153846
269.4285714285714,268.975,270.4527027027027,271.1803278688525,270.475,270.2938596491228,270.8333333333333,270.734693877551,271.9821428571428,271.9326923076923
269.5714285714286,269.075,270.5608108108108,271.2622950819672,270.575,270.3815789473684,270.9,270.8367346938775,272.1964285714286,272.125
269.7142857142857,269.175,270.6689189189189,271.344262295082,270.675,270.469298245614,270.9666666666666,270.9387755102041,272.2983870967742,272.3173076923077
269.8571428571429,269.275,270.7692307692308,271.4262295081967,270.775,270.5570175438597,271.0333333333333,271.0408163265306,272.3629032258065,272.5096153846154
270,269.375,270.8461538461539,271.5081967213115,270.875,270.6447368421053,271.1,271.1428571428571,272.4274193548387,272.7019230769231
270.1428571428571,269.475,270.9230769230769,271.5901639344262,270.975,270.7324561403509,271.1666666666667,271.2448979591837,272.491935483871,272.8035714285714
270.2857142857143,269.575,271,271.672131147541,271.075,270.8201754385965,271.2333333333333,271.3469387755102,272.5564516129032,272.875
270.4285714285714,269.675,271.0769230769231,271.7540983606557,271.175,270.9078947368421,271.2991803278688,271.4489795918367,272.6209677419355,272.9464285714286
270.5714285714286,269.775,271.1538461538462,271.8360655737705,271.2692307692307,270.9956140350877,271.3647540983607,271.5510204081633,272.6854838709677,273.0178571428572
270.7142857142857,269.875,271.2307692307693,271.9180327868852,271.3461538461539,271.0833333333334,271.4303278688525,271.6530612244898,272.75,273.0892857142857
270.8571428571428,269.975,271.3076923076923,272,271.4230769230769,271.171052631579,271.4959016393443,271.7551020408163,272.8145161290323,273.1607142857143
271,270.075,271.3846153846154,272.0819672131148,271.5,271.2587719298245,271.561475409836,271.8571428571428,272.8790322580645,273.2321428571428
271.1428571428571,270.175,271.4615384615385,272.1639344262295,271.5769230769231,271.3464912280701,271.6270491803278,271.9591836734694,272.9435483870968,273.3035714285714
271.280487804878,270.275,271.5384615384615,272.2459016393443,271.6538461538462,271.4342105263158,271.6926229508197,272.0612244897959,273.008064516129,273.375
271.4024390243902,270.375,271.6153846153846,272.327868852459,271.7307692307692,271.5219298245614,271.7581967213115,272.1632653061225,273.0725806451613,273.4464285714286
271.5243902439024,270.475,271.6923076923077,272.4098360655738,271.8076923076923,271.609649122807,271.8237704918033,272.265306122449,273.1370967741935,273.5178571428571
271.6463414634146,270.575,271.7692307692308,272.4918032786885,271.8846153846154,271.6973684210526,271.8893442622951,272.3673469387755,273.2016129032259,273.5892857142857
271.7682926829268,270.675,271.8461538461539,272.5737704918033,271.9615384615385,271.7850877192982,271.9549180327868,272.469387755102,273.2678571428572,273.6607142857143
271.890243902439,270.7642857142857,271.9230769230769,272.655737704918,272.0384615384615,271.8728070175439,272.0204918032787,272.5714285714286,273.3392857142857,273.7321428571428
272.0121951219512,270.8214285714286,272,272.7377049180328,272.1153846153846,271.9605263157895,272.0860655737705,272.6734693877551,273.4107142857143,273.8793103448276
272.1341463414634,270.8785714285714,272.0769230769231,272.8196721311476,272.1923076923077,272.0482456140351,272.1516393442623,272.7803030303031,273.4821428571428,274.051724137931
272.2560975609756,270.9357142857143,272.1538461538462,272.9016393442623,272.2566964285714,272.1359649122807,272.2172131147541,272.9015151515151,273.5535714285714,274.2241379310345
272.3780487804878,270.9928571428571,272.2307692307692,272.983606557377,272.2834821428571,272.2236842105264,272.2827868852459,273.0227272727273,273.625,274.396551724138
272.5,271.05,272.2714285714285,273.0655737704918,272.3102678571429,272.3114035087719,272.3483606557377,273.1439393939394,273.6964285714286,274.5689655172414
272.6219512195122,271.1071428571428,272.3,273.1475409836065,272.3370535714286,272.3991228070175,272.4139344262295,273.2651515151515,273.7678571428571,274.7413793103448
272.7439024390244,271.1642857142857,272.3285714285714,273.2295081967213,272.3638392857143,272.4868421052631,272.4795081967213,273.3863636363636,273.8392857142857,274.9137931034483
272.8658536585366,271.2214285714286,272.3571428571428,273.2697368421053,272.390625,272.5745614035088,272.5450819672132,273.5075757575758,273.9107142857143,275.0862068965517
272.9878048780488,271.2785714285714,272.3857142857143,273.296052631579,272.4174107142857,272.6622807017544,272.6106557377049,273.6287878787879,273.9821428571428,275.2586206896552
273.109756097561,271.3357142857143,272.4142857142857,273.3223684210527,272.4441964285714,272.75,272.6762295081967,273.75,274.0535714285714,275.4310344827586
273.2317073170732,271.3928571428571,272.4428571428572,273.3486842105263,272.4709821428571,272.75,272.7418032786885,273.8712121212121,274.125,275.6034482758621
273.3536585365854,271.45,272.4714285714285,273.375,272.4977678571429,272.75,272.8073770491803,273.9924242424242,274.1964285714286,275.7758620689655
273.4756097560976,271.5071428571429,272.5,273.4013157894737,272.5245535714286,272.75,272.8729508196722,274.1136363636364,274.28125,275.948275862069
273.5975609756098,271.5642857142857,272.5285714285714,273.4276315789473,272.5513392857143,272.75,272.9385245901639,274.2348484848485,274.40625,276.1206896551724
273.719512195122,271.6214285714286,272.5571428571428,273.453947368421,272.578125,272.75,273.0040983606557,274.3560606060606,274.53125,276.25
273.8571428571429,271.6785714285714,272.5857142857143,273.4802631578947,272.6049107142857,272.75,273.0696721311475,274.4772727272727,274.65625,276.25
274,271.7357142857143,272.6142857142857,273.5065789473684,272.6316964285714,272.75,273.1352459016393,274.5984848484849,274.78125,276.25
274.1428571428572,271.7941176470588,272.6428571428571,273.5328947368421,272.6584821428571,272.75,273.2008196721312,274.7196969696969,274.90625,276.25
274.2857142857143,271.8529411764706,272.6714285714286,273.5592105263158,272.6852678571429,272.75,273.2697368421052,274.7941176470588,275.03125,276.25
274.4285714285714,271.9117647058823,272.7,273.5855263157895,272.7120535714286,272.75,273.3486842105263,274.8529411764706,275.15625,276.25
274.5714285714286,271.9705882352941,272.7285714285715,273.6118421052632,272.7388392857143,272.75,273.4276315789473,274.9117647058824,275.28125,276.25
274.7142857142857,272.0294117647059,272.7669491525423,273.6381578947368,272.765625,272.75,273.5065789473684,274.9705882352941,275.40625,276.25
274.8571428571429,272.0882352941177,272.8347457627119,273.6644736842105,272.7924107142857,272.75,273.5855263157895,275.0294117647059,275.53125,276.25
275,272.1470588235294,272.9025423728813,273.6907894736842,272.8191964285714,272.75,273.6644736842105,275.0882352941177,275.65625,276.25
275.1428571428572,272.2058823529412,272.9703389830509,273.7171052631579,272.8459821428571,272.75,273.7434210526316,275.1470588235294,275.78125,276.2894736842105
275.2720588235294,272.2647058823529,273.0381355932203,273.7434210526316,272.8727678571429,272.75,273.8223684210527,275.2058823529412,275.90625,276.3421052631579
275.360294117647,272.3235294117647,273.1059322033898,273.75,272.8995535714286,272.75,273.9013157894737,275.2916666666667,276.03125,276.3947368421053
275.4485294117647,272.3823529411765,273.1737288135593,273.75,272.9263392857143,272.75,273.9802631578947,275.4583333333333,276.15625,276.4473684210526
275.5367647058823,272.4411764705882,273.2415254237288,273.75,272.953125,272.7277777777778,274.0592105263158,275.625,276.28125,276.5
275.625,272.5,273.3093220338983,273.75,272.9799107142857,272.7055555555556,274.1381578947368,275.7916666666667,276.40625,276.5526315789473
275.7132352941176,272.5588235294118,273.3771186440678,273.75,273.0066964285714,272.6833333333333,274.2171052631579,275.9583333333333,276.53125,276.6052631578947
275.8014705882352,272.6176470588235,273.4449152542373,273.75,273.0334821428571,272.6611111111111,274.296052631579,276.125,276.65625,276.6578947368421
275.8897058823529,272.6764705882353,273.5127118644068,273.75,273.0602678571428,272.6388888888889,274.375,276.2727272727273,276.775,276.7105263157895
275.9779411764706,272.7352941176471,273.5805084745763,273.75,273.0870535714286,272.6166666666667,274.453947368421,276.3636363636364,276.8749999999999,276.7613636363636
276.0688775510204,272.8023255813954,273.6483050847457,273.75,273.1138392857143,272.5944444444444,274.5328947368421,276.4545454545454,276.975,276.8068181818182
276.1607142857142,272.8720930232558,273.7161016949152,273.75,273.140625,272.5722222222222,274.6118421052632,276.5454545454545,277.075,276.8522727272727
276.2525510204081,272.9418604651163,273.7838983050848,273.75,273.1674107142857,272.55,274.6907894736842,276.6363636363636,277.175,276.8977272727273
276.344387755102,273.0116279069767,273.8516949152543,273.75,273.1941964285714,272.5277777777778,274.7426470588236,276.7272727272727,277.275,276.9431818181818
276.4362244897958,273.0813953488372,273.9194915254237,273.75,273.2209821428572,272.5055555555555,274.7132352941177,276.8,277.375,276.9886363636364
276.5280612244898,273.1511627906976,273.9872881355932,273.75,273.2477678571428,272.4833333333333,274.6838235294118,276.8666666666667,277.475,277.0340909090909
276.6198979591836,273.2209302325581,274.0550847457627,273.75,273.2745535714286,272.4611111111111,274.6544117647059,276.9333333333333,277.575,277.0795454545454
276.7117346938775,273.2906976744186,274.1228813559322,273.75,273.3013392857143,272.4388888888889,274.625,277,277.675,277.125
276.8035714285714,273.360465116279,274.1906779661017,273.75,273.328125,272.4166666666667,274.5955882352941,277.0666666666667,277.775,277.1704545454546
276.8954081632653,273.4302325581396,274.2584745762712,273.75,273.3549107142857,272.3944444444444,274.5661764705882,277.1333333333333,277.875,277.2159090909091
276.9872448979592,273.5,274.3262711864407,273.75,273.3816964285714,272.3722222222222,274.5367647058823,277.2,277.975,277.2678571428571
277.079081632653,273.5697674418604,274.3940677966102,273.75,273.4084821428572,272.35,274.5073529411765,277.2666666666667,278.075,277.3392857142857
277.1709183673469,273.639534883721,274.4618644067797,273.75,273.4352678571428,272.3277777777778,274.4779411764706,277.3333333333333,278.175,277.4107142857143
277.2627551020408,273.7093023255814,274.5296610169491,273.75,273.4620535714286,272.3055555555555,274.4485294117647,277.4,278.275,277.4821428571429
277.3545918367347,273.7790697674419,274.5974576271186,273.75,273.4888392857143,272.2833333333333,274.4191176470588,277.4666666666667,278.375,277.5535714285714
277.4464285714286,273.8488372093024,274.6652542372881,273.75,273.515625,272.2611111111111,274.3897058823529,277.5333333333333,278.475,277.625
277.5382653061224,273.9186046511628,274.7330508474577,273.75,273.5424107142857,272.2954545454546,274.3602941176471,277.6,278.575,277.6964285714286
277.6301020408163,273.9883720930233,274.7941176470588,273.75,273.5691964285714,272.3863636363636,274.3308823529412,277.6666666666667,278.675,277.75
277.7219387755102,274.0581395348837,274.8529411764706,273.75,273.5959821428572,272.4772727272727,274.3014705882353,277.7333333333333,278.775,277.75
277.813775510204,274.1279069767442,274.9117647058824,273.75,273.6227678571428,272.5681818181819,274.2720588235294,277.8522727272727,278.875,277.75
277.905612244898,274.1976744186046,274.9705882352941,273.75,273.6495535714286,272.6590909090909,274.2592592592592,277.9886363636364,278.975,277.75
277.9974489795918,274.25,275.0294117647059,273.75,273.6763392857143,272.75,274.2962962962963,278.125,279.075,277.75
278.0892857142857,274.25,275.0882352941177,273.75,273.703125,272.8409090909091,274.3333333333333,278.2613636363636,279.175,277.75
278.1811224489796,274.25,275.1470588235294,273.75,273.7299107142857,272.9318181818182,274.3703703703704,278.3977272727273,279.26,277.7894736842105
278.2602739726028,274.25,275.2058823529412,273.75,273.75,273.0227272727273,274.4074074074074,278.5340909090909,279.3,277.8421052631579
278.3013698630137,274.25,275.2647058823529,273.75,273.75,273.1136363636364,274.4444444444445,278.6704545454546,279.34,277.8947368421053
278.3424657534247,274.25,275.3235294117647,273.75,273.75,273.2045454545454,274.4814814814815,278.8068181818182,279.38,277.9473684210526
278.3835616438356,274.25,275.3823529411765,273.75,273.75,273.203488372093,274.5185185185185,278.9431818181818,279.42,278
278.4246575342466,274.25,275.4411764705882,273.7661290322581,273.75,273.1104651162791,274.5555555555555,279.0795454545454,279.46,278.0526315789474
278.4657534246575,274.2631578947368,275.5,273.8306451612904,273.75,273.0174418604651,274.5925925925926,279.2159090909091,279.5,278.1052631578947
278.5068493150685,274.3157894736842,275.5588235294118,273.8951612903226,273.75,272.9244186046512,274.6296296296296,279.2928571428571,279.54,278.1578947368421
278.5479452054794,274.3684210526316,275.6176470588235,273.9596774193548,273.75,272.8313953488372,274.6666666666666,279.35,279.58,278.2105263157895
278.5890410958904,274.421052631579,275.6764705882353,274.0241935483871,273.75,272.7383720930233,274.7037037037037,279.4071428571428,279.62,278.2631578947368
278.6301369863014,274.4736842105263,275.735294117647,274.0887096774194,273.75,272.6453488372093,274.7407407407408,279.4642857142857,279.66,278.3157894736842
278.6712328767123,274.5263157894736,275.75,274.1532258064516,273.75,272.5523255813953,274.7777777777778,279.5214285714286,279.7,278.3684210526316
278.7123287671233,274.578947368421,275.75,274.2177419354838,273.75,272.4593023255814,274.8148148148148,279.5785714285714,279.74,278.421052631579
278.7534246575343,274.6315789473684,275.75,274.2822580645161,273.75,272.3662790697674,274.8518518518518,279.6357142857143,279.78,278.4736842105263
278.7945205479452,274.6842105263158,275.75,274.3467741935484,273.75,272.2732558139535,274.8888888888889,279.6928571428571,279.8200000000001,278.5263157894737
278.8356164383562,274.7368421052631,275.75,274.4112903225807,273.75,272.125,274.9259259259259,279.75,279.86,278.578947368421
278.8767123287671,274.7894736842105,275.75,274.4758064516129,273.75,271.9583333333333,274.9629629629629,279.8071428571429,279.9,278.6315789473684
278.9178082191781,274.8421052631579,275.75,274.5403225806452,273.75,271.7916666666667,275,279.8642857142857,279.94,278.6842105263158
278.9589041095891,274.8947368421053,275.75,274.6048387096774,273.75,271.625,275.0370370370371,279.9214285714286,279.98,278.7368421052632
279,274.9473684210526,275.75,274.6693548387096,273.75,271.4583333333334,275.0740740740741,279.9785714285714,280.02,278.7767857142857
279.0410958904109,275,275.75,274.733870967742,273.75,271.2916666666667,275.1111111111111,280.0357142857143,280.06,278.8125
279.0821917808219,275.0526315789474,275.75,274.7983870967741,273.75,271.125,275.1481481481482,280.0928571428572,280.1,278.8482142857143
279.1232876712328,275.1052631578947,275.75,274.8629032258065,273.75,270.9583333333333,275.1851851851852,280.15,280.14,278.8839285714286
279.1643835616438,275.1578947368421,275.75,274.9274193548387,273.75,270.7916666666667,275.2222222222222,280.2071428571429,280.1799999999999,278.9196428571429
279.2054794520548,275.2105263157894,275.7558139534884,274.991935483871,273.75,270.6964285714286,275.2587719298245,280.2554347826087,280.22,278.9553571428571
279.2465753424657,275.2727272727273,275.7790697674419,275.0564516129032,273.75,270.625,275.2938596491228,280.2771739130435,280.26,278.9910714285714
279.2876712328767,275.3636363636364,275.8023255813953,275.1209677419355,273.75,270.5535714285714,275.328947368421,280.2989130434783,280.3,279.0267857142857
279.3287671232877,275.4545454545454,275.8255813953488,275.1854838709677,273.75,270.4821428571429,275.3640350877193,280.3206521739131,280.34,279.0625
279.3698630136986,275.5454545454546,275.8488372093023,275.25,273.75,270.4107142857143,275.3991228070175,280.3423913043479,280.38,279.0982142857143
279.4109589041096,275.6363636363636,275.8720930232558,275.3145161290323,273.75,270.3392857142857,275.4342105263158,280.3641304347826,280.42,279.1339285714286
279.4520547945206,275.7272727272727,275.8953488372093,275.3790322580645,273.75,270.2678571428571,275.469298245614,280.3858695652174,280.46,279.1696428571429
279.4931506849315,275.8181818181818,275.9186046511628,275.4435483870968,273.75,270.5,275.5043859649123,280.4076086956521,280.5,279.2053571428571
279.5342465753425,275.9090909090909,275.9418604651163,275.508064516129,273.75,270.8333333333334,275.5394736842105,280.4293478260869,280.54,279.2410714285714
279.5753424657534,276,275.9651162790698,275.5725806451613,273.75,271.1666666666667,275.5745614035088,280.4510869565217,280.58,279.234375
279.6164383561644,276.0909090909091,275.9883720930233,275.6370967741935,273.75,271.5,275.609649122807,280.4728260869565,280.62,279.2135416666667
279.6575342465753,276.1818181818182,276.0116279069767,275.7016129032258,273.75,271.8333333333333,275.6447368421053,280.4945652173914,280.66,279.1927083333333
279.6986301369863,276.2727272727273,276.0348837209302,275.7592592592592,273.75,272.1666666666667,275.6798245614035,280.5163043478261,280.7,279.171875
279.7397260273972,276.3636363636364,276.0581395348837,275.7962962962963,273.7941176470588,272.5,275.7149122807018,280.5380434782609,280.74,279.1510416666667
279.7821428571428,276.4545454545455,276.0813953488372,275.8333333333333,273.8529411764706,272.8333333333334,275.75,280.5597826086956,280.78,279.1302083333333
279.825,276.5454545454545,276.1046511627907,275.8703703703704,273.9117647058823,273.1666666666666,275.7850877192982,280.5815217391304,280.82,279.109375
279.8678571428571,276.6363636363636,276.1279069767442,275.9074074074074,273.9705882352941,273.5,275.8201754385965,280.6032608695652,280.86,279.0885416666666
279.9107142857143,276.7272727272727,276.1511627906977,275.9444444444445,274.0294117647059,273.7784090909091,275.8552631578947,280.625,280.9,279.0677083333334
279.9535714285714,276.8181818181818,276.1744186046511,275.9814814814815,274.0882352941176,273.8920454545455,275.890350877193,280.6467391304348,280.94,279.046875
279.9964285714286,276.9090909090909,276.1976744186047,276.0185185185185,274.1470588235294,274.0056818181818,275.9254385964912,280.6684782608696,280.98,279.0260416666666
280.0392857142857,277,276.2209302325581,276.0555555555555,274.2058823529412,274.1193181818182,275.9605263157895,280.6902173913044,281.02,279.0052083333334
280.0821428571429,277.0909090909091,276.2441860465116,276.0925925925926,274.2647058823529,274.2329545454546,275.9956140350877,280.7119565217391,281.06,278.984375
280.125,277.1818181818181,276.2754237288135,276.1296296296296,274.3235294117647,274.3465909090909,276.030701754386,280.7336956521739,281.1,278.9635416666666
280.1678571428571,277.264705882353,276.3093220338984,276.1666666666666,274.3823529411765,274.4602272727273,276.0657894736842,280.7576923076923,281.14,278.9427083333334
280.2107142857143,277.3235294117647,276.343220338983,276.2037037037037,274.4411764705882,274.5738636363636,276.1008771929825,280.7884615384615,281.18,278.921875
280.2535714285714,277.3823529411765,276.3771186440678,276.2407407407408,274.5,274.6875,276.1359649122807,280.8192307692308,281.22,278.9010416666666
280.2964285714286,277.4411764705882,276.4110169491526,276.2777777777778,274.5588235294118,274.8011363636364,276.171052631579,280.85,281.2620967741935,278.8802083333334
280.3392857142857,277.5,276.4449152542373,276.3148148148148,274.6176470588235,274.9147727272727,276.2061403508772,280.8807692307692,281.3104838709677,278.859375
280.3821428571428,277.5588235294118,276.478813559322,276.3518518518518,274.6764705882353,275.0284090909091,276.2412280701755,280.9115384615385,281.3588709677419,278.8385416666666
280.425,277.6176470588235,276.5127118644068,276.3888888888889,274.7352941176471,275.1420454545455,276.2932692307692,280.9423076923077,281.4072580645161,278.8177083333334
280.4678571428572,277.6764705882352,276.5466101694915,276.4259259259259,274.7941176470588,275.2556818181818,276.3509615384615,280.9730769230769,281.4556451612903,278.796875
280.5107142857142,277.7352941176471,276.5805084745763,276.4629629629629,274.8529411764706,275.3693181818182,276.4086538461539,281.0038461538462,281.5040322580645,278.7760416666666
280.5535714285714,277.7941176470588,276.6144067796611,276.5,274.9117647058823,275.4829545454545,276.4663461538462,281.0346153846154,281.5524193548387,278.7552083333333
280.5964285714286,277.8529411764706,276.6483050847457,276.5370370370371,274.9705882352941,275.5965909090909,276.5240384615385,281.0653846153846,281.6008064516129,278.7682926829268
280.6392857142857,277.9117647058823,276.6822033898305,276.5740740740741,275.0294117647059,275.7102272727273,276.5817307692308,281.0961538461538,281.6491935483871,278.7926829268293
280.6821428571429,277.9705882352941,276.7161016949152,276.6111111111111,275.0882352941177,275.8238636363636,276.6394230769231,281.126923076923,281.6975806451613,278.8170731707317
280.725,278.0294117647059,276.75,276.6481481481482,275.1470588235294,275.9375,276.6971153846154,281.1576923076923,281.7459677419355,278.8414634146342
280.7678571428572,278.0882352941177,276.7838983050848,276.6851851851852,275.2058823529412,276.0511363636364,276.7548076923077,281.1884615384615,281.7943548387097,278.8658536585366
280.8107142857143,278.1470588235294,276.8177966101695,276.7222222222222,275.2647058823529,276.1647727272727,276.8125,281.2192307692308,281.8427419354839,278.890243902439
280.8535714285714,278.2058823529412,276.8516949152543,276.7592592592592,275.3235294117647,276.2581967213115,276.8701923076923,281.25,281.891129032258,278.9146341463414
280.8964285714286,278.2647058823529,276.885593220339,276.7962962962963,275.3823529411765,276.2909836065573,276.9278846153846,281.2807692307692,281.9395161290323,278.9390243902439
280.9392857142857,278.3235294117647,276.9194915254237,276.8333333333333,275.4411764705882,276.3237704918033,276.9855769230769,281.3115384615385,281.9879032258065,278.9634146341464
280.9821428571428,278.3823529411765,276.9533898305085,276.8703703703704,275.5,276.3565573770492,277.0432692307692,281.3423076923077,282.0362903225806,278.9878048780488
281.025,278.4411764705882,276.9872881355932,276.9074074074074,275.5588235294118,276.3893442622951,277.1009615384615,281.373076923077,282.0846774193548,279.0121951219512
281.0678571428571,278.5,277.021186440678,276.9444444444445,275.6176470588235,276.422131147541,277.1586538461539,281.4038461538461,282.133064516129,279.0365853658536
281.1107142857143,278.5588235294118,277.0550847457627,276.9814814814815,275.6764705882352,276.4549180327869,277.2163461538461,281.4346153846154,282.1814516129032,279.0609756097561
281.1535714285714,278.6176470588235,277.0889830508474,277.0185185185185,275.7352941176471,276.4877049180328,277.2740384615385,281.4653846153846,282.2298387096774,279.0853658536585
281.1964285714286,278.6764705882353,277.1228813559322,277.0555555555555,275.8142857142857,276.5204918032787,277.3317307692308,281.4961538461538,282.2782258064516,279.109756097561
281.2392857142857,278.7352941176471,277.1567796610169,277.0925925925926,275.9,276.5532786885246,277.3894230769231,281.5269230769231,282.3266129032258,279.1341463414634
281.2730769230769,278.78,277.1906779661017,277.1296296296296,275.9857142857143,276.5860655737705,277.4471153846154,281.5576923076923,282.375,279.1585365853659
281.3038461538462,278.82,277.2245762711865,277.1666666666666,276.0714285714286,276.6188524590164,277.5048076923077,281.5884615384616,282.4233870967742,279.1829268292683
281.3346153846154,278.86,277.262987012987,277.2037037037037,276.1571428571428,276.6516393442623,277.5625,281.6192307692308,282.4717741935484,279.2073170731708
281.3653846153846,278.9,277.3149350649351,277.2407407407408,276.2428571428571,276.6844262295082,277.6201923076923,281.65,282.5201612903226,279.2317073170731
281.3961538461538,278.94,277.3668831168831,277.2777777777778,276.3285714285714,276.7172131147541,277.6778846153846,281.6807692307692,282.5685483870968,279.2327586206897
281.4269230769231,278.98,277.4188311688312,277.3148148148148,276.4142857142857,276.75,277.7355769230769,281.7115384615385,282.616935483871,279.1637931034483
281.4576923076923,279.02,277.4707792207792,277.3518518518518,276.5,276.7827868852459,277.7846153846154,281.7423076923077,282.6653225806452,279.0948275862069
281.4884615384615,279.06,277.5227272727273,277.3888888888889,276.5857142857143,276.8155737704918,277.8307692307692,281.7647058823529,282.7137096774194,279.0258620689655
281.5192307692308,279.1,277.5746753246753,277.4259259259259,276.6714285714286,276.8483606557377,277.8769230769231,281.7843137254902,282.7443181818182,278.9568965517241
281.55,279.14,277.6266233766234,277.462962962963,276.7571428571429,276.8811475409836,277.9230769230769,281.8039215686275,282.7215909090909,278.8879310344828
281.5807692307692,279.18,277.6785714285714,277.5,276.8428571428571,276.9139344262295,277.9692307692308,281.8235294117647,282.6988636363636,278.8189655172414
281.6115384615384,279.22,277.7305194805195,277.537037037037,276.9285714285714,276.9467213114754,278.0153846153846,281.843137254902,282.6761363636364,278.75
281.6423076923077,279.25,277.7824675324675,277.5740740740741,277.0142857142857,276.9795081967213,278.0615384615385,281.8627450980392,282.6534090909091,278.6810344827586
281.6730769230769,279.25,277.8344155844156,277.6111111111111,277.1,277.0122950819672,278.1076923076923,281.8823529411765,282.6306818181818,278.6120689655172
281.7038461538461,279.25,277.8863636363636,277.6481481481482,277.1857142857143,277.0450819672132,278.1538461538462,281.9019607843137,282.6079545454546,278.5431034482759
281.7346153846154,279.25,277.9383116883117,277.6851851851852,277.2714285714286,277.077868852459,278.2,281.9215686274509,282.5852272727273,278.4741379310345
281.7653846153846,279.25,277.9902597402597,277.7222222222222,277.3571428571429,277.1106557377049,278.2461538461538,281.9411764705882,282.5625,278.4051724137931
281.7961538461539,279.25,278.0422077922078,277.765,277.4428571428572,277.1434426229508,278.2923076923076,281.9607843137255,282.5397727272727,278.3362068965517
281.8269230769231,279.25,278.0941558441559,277.825,277.5285714285715,277.1762295081967,278.3384615384616,281.9803921568628,282.5170454545454,278.2672413793103
281.8576923076923,279.25,278.1461038961039,277.885,277.6142857142857,277.2090163934426,278.3846153846154,282,282.4943181818182,278.2954545454546
281.8884615384616,279.25,278.198051948052,277.945,277.7,277.2418032786885,278.4307692307692,282.0196078431372,282.4715909090909,278.3560606060606
281.9192307692308,279.25,278.25,278.005,277.7857142857143,277.2916666666666,278.4769230769231,282.0392156862745,282.4488636363636,278.4166666666667
281.95,279.25,278.301948051948,278.065,277.8714285714286,277.3472222222222,278.5230769230769,282.0588235294118,282.4261363636364,278.4772727272727
281.9807692307692,279.25,278.3538961038961,278.125,277.9571428571429,277.4027777777778,278.5692307692308,282.0784313725491,282.4034090909091,278.5378787878788
282.0115384615385,279.25,278.4058441558442,278.185,278.0428571428571,277.4583333333334,278.6153846153846,282.0980392156863,282.3806818181818,278.5984848484849
282.0423076923077,279.25,278.4577922077922,278.245,278.1285714285714,277.5138888888889,278.6615384615384,282.1176470588235,282.3579545454545,278.6590909090909
282.0730769230769,279.25,278.5097402597403,278.3049999999999,278.2142857142857,277.5694444444445,278.7076923076923,282.1372549019608,282.3352272727273,278.719696969697
282.1038461538462,279.2608695652174,278.5616883116883,278.365,278.3,277.625,278.7538461538462,282.156862745098,282.3125,278.780303030303
282.1346153846154,279.3043478260869,278.6136363636364,278.425,278.3857142857143,277.6805555555555,278.8,282.1764705882353,282.2897727272727,278.8409090909091
282.1653846153846,279.3478260869565,278.6655844155844,278.485,278.4714285714285,277.7361111111111,278.8461538461538,282.1960784313725,282.2670454545455,278.9015151515151
282.1961538461538,279.3913043478261,278.7175324675325,278.545,278.5571428571429,277.7916666666666,278.8923076923077,282.2156862745098,282.2443181818182,278.9621212121212
282.2269230769231,279.4347826086957,278.7694805194805,278.605,278.6428571428572,277.8472222222222,278.9384615384615,282.2352941176471,282.2215909090909,279.0227272727273
282.25,279.4782608695652,278.8214285714286,278.665,278.7285714285714,277.9027777777778,278.9846153846154,282.2435897435897,282.1988636363636,279.0833333333333
282.25,279.5217391304348,278.8733766233767,278.725,278.7881355932203,277.9583333333333,279.0307692307692,282.2179487179487,282.1761363636364,279.1439393939394
282.25,279.5652173913044,278.9253246753246,278.785,278.8389830508474,278.0138888888889,279.0769230769231,282.1923076923077,282.1534090909091,279.2045454545454
282.25,279.6086956521739,278.9772727272727,278.845,278.8898305084746,278.0694444444445,279.1230769230769,282.1666666666667,282.1306818181818,279.2443181818182
282.25,279.6521739130434,279.0292207792208,278.905,278.9406779661017,278.125,279.1692307692308,282.1410256410256,282.1079545454546,279.2215909090909
282.25,279.6956521739131,279.0811688311688,278.965,278.9915254237288,278.1805555555555,279.2153846153846,282.1153846153846,282.0852272727273,279.1988636363636
282.25,279.7391304347826,279.1331168831169,279.025,279.042372881356,278.2361111111111,279.2635135135135,282.0897435897436,282.0625,279.1761363636364
282.25,279.7826086956522,279.1850649350649,279.085,279.093220338983,278.2916666666667,279.3175675675676,282.0641025641025,282.0397727272727,279.1534090909091
282.25,279.8260869565217,279.237012987013,279.145,279.1440677966102,278.3472222222222,279.3716216216216,282.0384615384615,282.0170454545455,279.1306818181818
282.25,279.8695652173913,279.2615384615385,279.205,279.1949152542373,278.4027777777778,279.4256756756757,282.0128205128205,281.9943181818182,279.1079545454546
282.25,279.9130434782609,279.2769230769231,279.2604166666666,279.2457627118644,278.4583333333333,279.4797297297297,281.9871794871794,281.9715909090909,279.0852272727273
282.25,279.9565217391304,279.2923076923077,279.3020833333333,279.2966101694915,278.5138888888889,279.5337837837838,281.9615384615385,281.9488636363636,279.0625
282.25,280,279.3076923076923,279.34375,279.3474576271186,278.5694444444445,279.5878378378378,281.9358974358975,281.9261363636364,279.0397727272727
282.25,280.0434782608696,279.3230769230769,279.3854166666667,279.3983050847457,278.625,279.6418918918919,281.9102564102564,281.9034090909091,279.0170454545454
282.25,280.0869565217391,279.3384615384615,279.4270833333333,279.4491525423729,278.6805555555555,279.6959459459459,281.8846153846154,281.8806818181818,278.9943181818182
282.25,280.1304347826087,279.3538461538461,279.46875,279.5,278.7361111111111,279.75,281.8589743589744,281.8579545454545,278.9715909090909
282.25,280.1739130434783,279.3692307692307,279.5104166666667,279.5508474576271,278.801724137931,279.8040540540541,281.8333333333333,281.8352272727273,278.9488636363636
282.25,280.2173913043478,279.3846153846154,279.5520833333334,279.6016949152543,278.8706896551724,279.8581081081081,281.8076923076923,281.8125,278.9261363636364
282.25,280.2375,279.4,279.59375,279.6525423728814,278.9396551724138,279.9121621621622,281.7820512820513,281.7897727272727,278.9034090909091
282.25,280.1875,279.4153846153846,279.6354166666667,279.7033898305085,279.0086206896552,279.9662162162162,281.7564102564103,281.7670454545455,278.8806818181818
282.25,280.1375,279.4307692307692,279.6770833333333,279.7542372881356,279.0775862068966,280.0202702702703,281.7884615384615,281.7427536231884,278.8579545454546
282.25,280.0875,279.4461538461538,279.71875,279.8050847457627,279.1465517241379,280.0743243243243,281.8397435897435,281.7137681159421,278.8352272727273
282.25,280.0375,279.4615384615385,279.7604166666667,279.8559322033898,279.2155172413793,280.1283783783784,281.8910256410256,281.6847826086956,278.8125
282.25,279.9875,279.4769230769231,279.8020833333333,279.906779661017,279.2844827586207,280.1824324324324,281.9423076923077,281.6557971014493,278.7897727272727
282.25,279.9375,279.4923076923077,279.84375,279.9576271186441,279.3534482758621,280.2364864864865,281.9935897435897,281.6268115942029,278.7670454545454
282.25,279.8875,279.5076923076923,279.8854166666666,280.0084745762712,279.4224137931034,280.2714285714286,282.0448717948718,281.5978260869565,278.7407407407408
282.25,279.8375,279.5230769230769,279.9270833333333,280.0593220338983,279.4913793103448,280.3,282.0961538461538,281.5688405797101,278.7037037037037
282.25,279.7875,279.5384615384615,279.96875,280.1101694915254,279.5603448275862,280.3285714285714,282.1474358974359,281.5398550724638,278.6666666666666
282.25,279.7375,279.5538461538462,280.0104166666667,280.1610169491526,279.6293103448276,280.3571428571429,282.198717948718,281.5108695652174,278.6296296296296
282.25,279.6875,279.5692307692308,280.0520833333334,280.2118644067797,279.698275862069,280.3857142857142,282.25,281.481884057971,278.5925925925926
282.25,279.6375,279.5846153846154,280.09375,280.265873015873,279.7672413793103,280.4142857142857,282.301282051282,281.4528985507246,278.5555555555555
282.25,279.5875,279.6,280.1354166666667,280.3293650793651,279.8362068965517,280.4428571428572,282.3525641025641,281.4239130434783,278.5185185185185
282.25,279.5375,279.6153846153846,280.1770833333334,280.3928571428572,279.9051724137931,280.4714285714286,282.4038461538461,281.3949275362319,278.4814814814814
282.25,279.4875,279.6307692307693,280.21875,280.4563492063492,279.9741379310345,280.5,282.4551282051282,281.3659420289855,278.4444444444444
282.25,279.4375,279.6461538461538,280.2604166666667,280.5198412698413,280.0431034482758,280.5285714285714,282.5064102564103,281.3369565217391,278.4074074074074
282.25,279.3875,279.6615384615384,280.3020833333334,280.5833333333334,280.1120689655172,280.5571428571428,282.5576923076923,281.3079710144928,278.3703703703703
282.2386363636363,279.3375,279.6769230769231,280.34375,280.6468253968254,280.1810344827586,280.5857142857143,282.6089743589744,281.2789855072464,278.3333333333333
282.1931818181818,279.2875,279.6923076923077,280.3854166666667,280.7103174603175,280.25,280.6142857142858,282.6602564102564,281.25,278.2962962962962
282.1477272727273,279.2777777777778,279.7076923076923,280.4270833333334,280.7738095238095,280.3189655172414,280.6428571428572,282.7115384615385,281.2210144927536,278.2592592592592
282.1022727272727,279.3888888888889,279.7230769230769,280.46875,280.8373015873016,280.3879310344827,280.6714285714286,282.7443181818182,281.1920289855072,278.1923076923076
282.0568181818182,279.5,279.7384615384615,280.5104166666667,280.9007936507937,280.4568965517241,280.7,282.7215909090909,281.1630434782609,278.1153846153846
282.0113636363636,279.6111111111111,279.763698630137,280.5520833333334,280.9642857142857,280.5258620689655,280.7285714285715,282.6988636363636,281.1340579710145,278.0384615384614
281.9659090909091,279.7222222222222,279.818493150685,280.59375,281.0277777777778,280.5948275862069,280.7644927536232,282.6761363636364,281.1050724637681,277.9615384615384
281.9204545454546,279.8333333333333,279.8732876712328,280.6354166666667,281.0912698412698,280.6637931034483,280.8224637681159,282.6534090909091,281.0760869565217,277.8846153846153
281.875,279.9444444444445,279.9280821917808,280.6770833333333,281.1547619047619,280.7327586206897,280.8804347826087,282.6306818181818,281.0471014492754,277.8076923076923
281.8295454545454,280.0555555555555,279.9828767123288,280.71875,281.218253968254,280.801724137931,280.9384057971014,282.6079545454545,281.018115942029,277.7388888888888
281.7840909090909,280.1666666666666,280.0376712328767,280.7682291666667,281.281746031746,280.8706896551724,280.9963768115942,282.5852272727273,280.9891304347826,277.6944444444444
281.7386363636364,280.2777777777778,280.0924657534247,280.8411458333333,281.3452380952381,280.9396551724138,281.0543478260869,282.5625,280.9601449275362,277.65
281.6931818181819,280.3888888888889,280.1472602739726,280.9140624999999,281.4087301587302,281.0086206896552,281.1123188405797,282.5397727272727,280.9311594202899,277.6055555555555
281.6477272727273,280.5,280.2020547945206,280.9869791666666,281.4722222222222,281.0775862068966,281.1702898550724,282.5170454545454,280.9021739130435,277.5611111111111
281.6022727272727,280.6111111111111,280.2568493150685,281.0598958333333,281.5357142857143,281.1465517241379,281.2282608695652,282.4943181818182,280.8731884057971,277.5166666666667
281.5568181818181,280.7222222222222,280.3116438356165,281.1328125,281.5992063492064,281.2155172413793,281.2862318840579,282.4715909090909,280.8442028985507,277.4722222222222
281.5113636363636,280.8333333333334,280.3664383561644,281.2057291666666,281.6626984126984,281.2844827586207,281.3442028985507,282.4488636363636,280.8152173913044,277.4277777777777
281.4659090909091,280.9444444444445,280.4212328767123,281.2786458333334,281.7261904761905,281.3534482758621,281.4021739130435,282.4261363636364,280.7862318840579,277.3833333333333
281.4204545454546,281.0555555555555,280.4760273972603,281.3515625,281.7896825396825,281.4224137931034,281.4601449275362,282.4034090909091,280.7572463768116,277.3388888888888
281.375,281.1666666666666,280.5308219178082,281.4244791666667,281.8531746031746,281.4913793103448,281.518115942029,282.3806818181818,280.711038961039,277.2944444444444
281.3295454545455,281.2777777777778,280.5856164383562,281.4973958333333,281.9166666666667,281.5603448275862,281.5760869565217,282.3579545454546,280.6590909090909,277.25
281.2840909090909,281.3888888888889,280.6404109589041,281.5703125,281.9801587301587,281.6293103448276,281.6340579710145,282.3352272727273,280.6071428571428,277.2055555555555
281.2386363636364,281.5,280.6952054794521,281.6432291666667,282.0436507936508,281.698275862069,281.6920289855072,282.3125,280.5551948051948,277.1611111111111
281.1931818181818,281.6111111111111,280.75,281.7161458333333,282.1071428571428,281.7606382978724,281.75,282.2897727272727,280.5032467532468,277.1166666666666
281.1477272727273,281.7222222222222,280.8047945205479,281.7890625,282.1706349206349,281.8031914893617,281.8079710144928,282.2670454545454,280.4512987012987,277.0722222222222
281.1022727272727,281.7222222222222,280.8595890410959,281.8619791666666,282.234126984127,281.8457446808511,281.8659420289855,282.25,280.3993506493507,277.0277777777778
281.0568181818182,281.6851851851852,280.9143835616438,281.9348958333334,282.3303571428571,281.8882978723404,281.9239130434783,282.25,280.3474025974026,276.9833333333333
281.0113636363636,281.6481481481482,280.9691780821918,282.0078125,282.4375,281.9308510638298,281.981884057971,282.25,280.2954545454545,276.9388888888889
280.9659090909091,281.6111111111111,281.0239726027397,282.0807291666667,282.5446428571429,281.9734042553192,282.0398550724638,282.25,280.2435064935065,276.8944444444444
280.9204545454546,281.5740740740741,281.0787671232877,282.1536458333334,282.6517857142857,282.0159574468085,282.0978260869565,282.25,280.1915584415585,276.85
280.875,281.5370370370371,281.1335616438356,282.2265625,282.7589285714286,282.0585106382978,282.1557971014493,282.25,280.1396103896104,276.8055555555556
280.8295454545454,281.5,281.1883561643835,282.2994791666667,282.8660714285714,282.1010638297872,282.213768115942,282.25,280.0876623376623,276.7611111111111
280.7840909090909,281.4629629629629,281.2431506849315,282.3723958333334,282.9732142857143,282.1436170212766,282.2717391304348,282.25,280.0357142857143,276.703125
280.7386363636364,281.4259259259259,281.2979452054794,282.4453125,283.0803571428571,282.1861702127659,282.3297101449275,282.25,279.9837662337662,276.640625
280.6931818181818,281.3888888888889,281.3527397260274,282.5182291666667,283.1875,282.2287234042553,282.3876811594203,282.25,279.9318181818182,276.578125
280.6477272727273,281.3518518518518,281.4075342465753,282.5911458333334,283.2946428571429,282.2712765957447,282.4456521739131,282.25,279.8798701298701,276.515625
280.6022727272727,281.3148148148148,281.4623287671233,282.6640625,283.4017857142857,282.3138297872341,282.5036231884058,282.25,279.827922077922,276.453125
280.5568181818182,281.2777777777778,281.5171232876712,282.7369791666667,283.5089285714286,282.3563829787234,282.5615942028986,282.25,279.7759740259741,276.390625
280.5113636363636,281.258064516129,281.5719178082192,282.8098958333333,283.6160714285714,282.3989361702128,282.6195652173913,282.25,279.7240259740259,276.328125
280.4659090909091,281.2903225806452,281.6267123287671,282.8828125,283.7232142857143,282.4414893617021,282.6775362318841,282.25,279.672077922078,276.265625
280.4204545454546,281.3225806451613,281.6815068493151,282.9557291666667,283.7692307692308,282.4840425531915,282.7355072463768,282.25,279.6201298701299,276.203125
280.375,281.3548387096774,281.736301369863,283.0286458333333,283.7948717948718,282.5265957446809,282.75,282.25,279.5681818181818,276.140625
280.3295454545454,281.3870967741935,281.7894736842105,283.1015625,283.8205128205128,282.5691489361702,282.75,282.25,279.5162337662338,276.078125
280.2840909090909,281.4193548387097,281.8421052631579,283.1744791666667,283.8461538461539,282.6117021276596,282.75,282.25,279.4642857142857,276.015625
280.2348484848485,281.4516129032258,281.8947368421053,283.2473958333333,283.8717948717949,282.6542553191489,282.75,282.25,279.4123376623377,275.953125
280.1742424242424,281.483870967742,281.9473684210526,283.3203125,283.8974358974359,282.6968085106383,282.75,282.25,279.3603896103896,275.890625
280.1136363636364,281.516129032258,282,283.3932291666667,283.9230769230769,282.7393617021277,282.75,282.25,279.3084415584415,275.828125
280.0530303030303,281.5483870967742,282.0526315789474,283.4661458333333,283.948717948718,282.8048780487804,282.75,282.2045454545455,279.2564935064935,275.765625
279.9924242424242,281.5806451612903,282.1052631578947,283.5390625,283.974358974359,282.8780487804878,282.75,282.1439393939394,279.2045454545454,275.72
279.9318181818182,281.6129032258065,282.1578947368421,283.6119791666667,284,282.9512195121951,282.75,282.0833333333334,279.1525974025974,275.68
279.8712121212121,281.6451612903226,282.2105263157895,283.6848958333334,284.0256410256411,283.0243902439024,282.75,282.0227272727273,279.1006493506493,275.64
279.8106060606061,281.6774193548387,282.2631578947369,283.7578125,284.051282051282,283.0975609756098,282.75,281.9621212121212,279.0487012987013,275.6
279.75,281.7096774193548,282.3157894736842,283.8307291666667,284.0769230769231,283.1707317073171,282.75,281.9015151515151,278.9967532467533,275.56
279.6893939393939,281.741935483871,282.3684210526316,283.9036458333333,284.1025641025641,283.2439024390244,282.75,281.8409090909091,278.9448051948052,275.52
279.6287878787879,281.7,282.421052631579,283.9765625,284.1282051282051,283.3170731707317,282.75,281.780303030303,278.8928571428571,275.48
279.5681818181819,281.6333333333333,282.4736842105264,284.0494791666667,284.1538461538461,283.3902439024391,282.75,281.719696969697,278.8409090909091,275.44
279.5075757575758,281.5666666666667,282.5263157894737,284.1223958333334,284.1794871794872,283.4634146341464,282.75,281.6590909090909,278.788961038961,275.4
279.4469696969697,281.5,282.578947368421,284.1953125,284.2051282051282,283.5365853658536,282.75,281.5984848484848,278.766129032258,275.36
279.3863636363636,281.4333333333333,282.6315789473684,284.2602739726027,284.2307692307692,283.609756097561,282.75,281.5378787878788,278.8306451612903,275.32
279.3257575757576,281.3666666666667,282.6842105263158,284.3013698630137,284.2532467532467,283.6829268292683,282.75,281.4772727272727,278.8951612903226,275.28
279.2651515151515,281.3,282.7368421052632,284.3424657534246,284.2662337662338,283.7560975609756,282.75,281.4166666666666,278.9596774193548,275.2264150943396
279.2045454545454,281.2333333333333,282.7894736842105,284.3835616438356,284.2792207792208,283.8292682926829,282.75,281.3560606060606,279.0241935483871,275.1320754716981
279.1439393939394,281.1666666666667,282.8421052631579,284.4246575342466,284.2922077922078,283.9024390243903,282.75,281.2954545454546,279.0887096774194,275.0377358490566
279.0833333333333,281.1,282.8947368421053,284.4657534246575,284.3051948051948,283.9756097560976,282.75,281.2428571428572,279.1532258064516,274.9433962264151
279.0227272727273,281.0333333333334,282.9473684210526,284.5068493150685,284.3181818181818,284.0487804878049,282.75,281.2142857142857,279.2177419354838,274.8490566037736
278.9621212121212,280.9666666666666,283,284.5479452054794,284.3311688311688,284.1219512195122,282.75,281.1857142857143,279.2822580645161,274.754716981132
278.9015151515151,280.9,283.0526315789473,284.5890410958904,284.3441558441559,284.1951219512195,282.75,281.1571428571428,279.3467741935484,274.6603773584906
278.8409090909091,280.8333333333333,283.1052631578947,284.6301369863014,284.3571428571429,284.24,282.75,281.1285714285714,279.4112903225807,274.566037735849
278.780303030303,280.7666666666667,283.1578947368421,284.6712328767123,284.3701298701299,284.2,282.75,281.1,279.4758064516129,274.4716981132075
278.719696969697,280.7265625,283.2105263157895,284.7123287671233,284.3831168831169,284.16,282.75,281.0714285714286,279.5403225806452,274.3773584905661
278.6590909090909,280.6953125,283.255,284.7534246575343,284.3961038961039,284.12,282.75,281.0428571428571,279.6048387096774,274.2830188679245
278.5984848484849,280.6640625,283.275,284.7945205479452,284.4090909090909,284.08,282.75,281.0142857142857,279.6693548387097,274.188679245283
278.5378787878788,280.6328125,283.295,284.8356164383562,284.422077922078,284.04,282.75,280.9857142857143,279.733870967742,274.0943396226415
278.4772727272727,280.6015625,283.315,284.8767123287671,284.4350649350649,284,282.75,280.9571428571429,279.5921052631579,274
278.4166666666667,280.5703125,283.335,284.9178082191781,284.448051948052,283.96,282.75,280.9285714285714,279.3815789473684,273.9056603773585
278.3560606060606,280.5390625,283.355,284.9589041095891,284.461038961039,283.92,282.75,280.9,279.171052631579,273.811320754717
278.2954545454546,280.5078125,283.375,285,284.4740259740259,283.88,282.75,280.8714285714286,278.9605263157895,273.7169811320755
278.2142857142857,280.4765625,283.395,285.0410958904109,284.487012987013,283.84,282.75,280.8428571428572,278.75,273.6226415094339
278.0714285714286,280.4453125,283.415,285.0821917808219,284.5,283.8,282.75,280.8142857142857,278.5394736842105,273.5283018867925
277.9285714285714,280.4140625,283.435,285.1232876712329,284.512987012987,283.76,282.75,280.7857142857143,278.328947368421,273.4339622641509
277.7857142857143,280.3828125,283.455,285.1643835616438,284.5259740259741,283.7767857142857,282.75,280.7571428571429,278.1184210526316,273.3396226415094
277.6428571428571,280.3515625,283.475,285.2054794520548,284.538961038961,283.8125,282.75,280.703125,277.9078947368421,273.2452830188679
277.5,280.3203125,283.495,285.2465753424657,284.551948051948,283.8482142857143,282.75,280.640625,277.7258064516129,273.1509433962264
277.3571428571429,280.2890625,283.515,285.2876712328767,284.5649350649351,283.8839285714286,282.75,280.578125,277.6290322580645,273.0566037735849
277.2142857142857,280.2578125,283.535,285.3287671232877,284.5779220779221,283.9196428571428,282.75,280.515625,277.5322580645162,272.9622641509434
277.0714285714286,280.1428571428572,283.555,285.3698630136986,284.5909090909091,283.9553571428572,282.75,280.453125,277.4354838709677,272.8679245283019
276.9285714285714,280,283.575,285.4109589041096,284.6038961038961,283.9910714285714,282.7678571428572,280.390625,277.3387096774193,272.7735849056604
276.7857142857143,279.8571428571429,283.595,285.4520547945206,284.6168831168831,284.0267857142857,282.7916666666667,280.328125,277.241935483871,272.6532258064516
276.6428571428572,279.7142857142857,283.615,285.4931506849315,284.6298701298701,284.0625,282.8154761904762,280.265625,277.1451612903226,272.5241935483871
276.5,279.5714285714286,283.635,285.5342465753425,284.6428571428572,284.0982142857143,282.8392857142857,280.203125,277.0483870967741,272.3951612903226
276.3571428571429,279.4285714285714,283.655,285.5753424657534,284.6558441558441,284.1339285714286,282.8630952380952,280.140625,276.9516129032259,272.266129032258
276.2142857142857,279.2857142857143,283.675,285.6164383561643,284.6688311688312,284.1696428571428,282.8869047619048,280.078125,276.8548387096774,272.1370967741935
276.0714285714286,279.2094594594595,283.695,285.6575342465754,284.6818181818182,284.2053571428571,282.9107142857143,280.015625,276.758064516129,272.008064516129
275.9285714285714,279.1554054054054,283.715,285.6986301369863,284.6948051948052,284.2410714285714,282.9345238095239,279.953125,276.6612903225806,271.8790322580645
275.7857142857143,279.1013513513514,283.735,285.7397260273973,284.7077922077922,284.2767857142857,282.9583333333333,279.890625,276.5645161290323,271.75
275.6428571428571,279.0472972972973,283.7352941176471,285.735,284.7207792207792,284.3125,282.9821428571429,279.828125,276.4677419354839,271.6209677419355
275.5,278.9932432432432,283.6764705882353,285.715,284.7337662337662,284.3482142857143,283.0059523809524,279.765625,276.3709677419355,271.491935483871
275.3571428571429,278.9391891891892,283.6176470588235,285.695,284.7467532467533,284.3839285714286,283.0297619047619,279.7,276.2741935483871,271.3629032258065
275.2142857142857,278.8851351351351,283.5588235294118,285.675,284.7608695652174,284.4196428571429,283.0535714285714,279.6333333333333,276.25,271.233870967742
275.0714285714286,278.8310810810811,283.5,285.655,284.7753623188406,284.4553571428571,283.077380952381,279.5666666666667,276.25,271.1048387096774
274.9285714285714,278.777027027027,283.4411764705882,285.635,284.7898550724638,284.4910714285714,283.1011904761905,279.5,276.25,270.9758064516129
274.7857142857143,278.722972972973,283.3823529411765,285.615,284.8043478260869,284.5267857142857,283.125,279.4333333333333,276.25,270.8467741935484
274.6428571428571,278.668918918919,283.3235294117647,285.595,284.8188405797101,284.5625,283.1488095238095,279.3666666666667,276.25,270.734375
274.5,278.6148648648648,283.2647058823529,285.575,284.8333333333334,284.5982142857143,283.172619047619,279.3,276.25,270.671875
274.3571428571428,278.5608108108108,283.2058823529412,285.555,284.8478260869565,284.6339285714286,283.1964285714286,279.2333333333333,276.25,270.609375
274.2195945945946,278.5067567567568,283.1470588235294,285.535,284.8623188405797,284.6696428571428,283.2202380952381,279.1666666666667,276.25,270.546875
274.097972972973,278.4527027027027,283.0882352941176,285.515,284.8768115942029,284.7053571428572,283.2440476190476,279.1,276.25,270.484375
273.9763513513514,278.3986486486486,283.0294117647059,285.495,284.8913043478261,284.7410714285714,283.2329545454546,279.0333333333334,276.1818181818182,270.421875
273.8547297297297,278.3445945945946,282.9705882352941,285.475,284.9057971014493,284.75,283.2102272727273,278.9666666666666,275.9090909090909,270.359375
273.7331081081081,278.2905405405405,282.9117647058824,285.455,284.9202898550725,284.75,283.1875,278.9,275.6363636363636,270.296875
273.6114864864865,278.2279411764706,282.8529411764706,285.435,284.9347826086956,284.75,283.1647727272727,278.8333333333333,275.3636363636364,270.2291666666667
273.4898648648648,278.139705882353,282.7941176470588,285.415,284.9492753623188,284.75,283.1420454545454,278.7666666666667,275.0909090909091,270.1458333333333
273.3682432432432,278.0514705882353,282.7416666666666,285.395,284.9637681159421,284.75,283.1193181818182,278.6696428571428,274.8181818181818,270.0625
273.2466216216216,277.9632352941177,282.7083333333333,285.375,284.9782608695652,284.75,283.0965909090909,278.5625,274.5454545454546,269.9791666666666
273.125,277.875,282.675,285.355,284.9927536231884,284.75,283.0738636363636,278.4553571428572,274.2727272727273,269.8958333333334
273.0033783783783,277.7867647058823,282.6416666666667,285.335,285.0072463768116,284.75,283.0511363636364,278.3482142857143,274,269.8125
272.8817567567567,277.6985294117647,282.6083333333333,285.315,285.0217391304348,284.75,283.0284090909091,278.2410714285714,273.7272727272727,269.6973684210527
272.7601351351351,277.610294117647,282.575,285.295,285.036231884058,284.75,283.0056818181818,278.1339285714286,273.4545454545454,269.4868421052632
272.6385135135135,277.5220588235294,282.5416666666666,285.275,285.0507246376811,284.75,282.9829545454545,278.0267857142857,273.2125,269.2763157894737
272.5168918918919,277.4338235294118,282.5083333333333,285.255,285.0652173913044,284.75,282.9602272727273,277.9196428571429,273.0625,269.0657894736842
272.3952702702702,277.3455882352941,282.475,285.2058823529412,285.0797101449276,284.75,282.9375,277.8125,272.9125,268.8552631578947
272.2736486486486,277.2573529411765,282.4416666666667,285.1470588235294,285.0942028985507,284.75,282.9147727272727,277.7053571428571,272.7625,268.6447368421053
272.152027027027,277.1691176470588,282.4083333333333,285.0882352941176,285.1086956521739,284.75,282.8920454545454,277.5982142857143,272.6125,268.4342105263158
272.0304054054054,277.0808823529412,282.375,285.0294117647059,285.1231884057971,284.75,282.8693181818182,277.4910714285714,272.4625,268.2236842105263
271.8465909090909,276.9926470588235,282.3416666666667,284.9705882352941,285.1376811594203,284.75,282.8465909090909,277.3839285714286,272.3125,268.0131578947368
271.6420454545454,276.9044117647059,282.3083333333333,284.9117647058824,285.1521739130435,284.75,282.8238636363636,277.2767857142857,272.1625,267.8026315789473
271.4374999999999,276.8161764705882,282.275,284.8529411764706,285.1666666666667,284.75,282.8011363636364,277.0892857142857,272.0125,267.65
271.2329545454545,276.6956521739131,282.2211538461538,284.7941176470588,285.1811594202899,284.75,282.7784090909091,276.875,271.8625,267.5166666666666
271.0284090909091,276.4782608695652,282.1057692307692,284.7352941176471,285.195652173913,284.75,282.7556818181818,276.6607142857143,271.6875000000001,267.3833333333333
270.8238636363636,276.2608695652174,281.9903846153846,284.6764705882353,285.2101449275362,284.75,282.7788461538461,276.4464285714286,271.4375,267.2499999999999
270.6193181818181,276.0434782608696,281.875,284.6176470588235,285.2246376811594,284.75,282.8173076923077,276.2321428571429,271.1875,267.1166666666666
270.4147727272727,275.8260869565217,281.7596153846154,284.5588235294118,285.2391304347826,284.75,282.8557692307692,276.0178571428571,270.9375,266.9833333333333
270.2102272727273,275.6086956521739,281.6442307692308,284.5,285.24,284.7989130434783,282.8942307692308,275.8035714285714,270.6875,266.85
270.0056818181818,275.3913043478261,281.5288461538461,284.4411764705882,285.2,284.8641304347826,282.9326923076923,275.5892857142857,270.4375,266.7115384615385
269.8011363636364,275.1739130434783,281.4134615384615,284.3823529411765,285.16,284.9293478260869,282.9711538461539,275.375,270.2261904761905,266.5576923076923
269.69375,274.9565217391304,281.2980769230769,284.3235294117647,285.12,284.9945652173913,283.0096153846154,275.1607142857143,270.1309523809524,266.4038461538461
269.61875,274.7391304347826,281.1826923076923,284.2647058823529,285.08,285.0597826086956,283.0480769230769,274.9464285714286,270.0357142857143,266.25
269.54375,274.5217391304348,281.0673076923077,284.2058823529412,285.04,285.125,283.0865384615385,274.7321428571428,269.9404761904762,266.0961538461538
269.46875,274.3043478260869,280.9519230769231,284.1470588235294,285,285.1902173913044,283.125,274.5178571428572,269.8452380952381,265.9423076923077
269.39375,274.1521739130435,280.8365384615385,284.0882352941177,284.96,285.2554347826087,283.1634615384615,274.3035714285714,269.75,265.7884615384615
269.31875,274.0217391304348,280.733870967742,284.0294117647059,284.92,285.3206521739131,283.2019230769231,274.1875,269.6547619047619,265.675
269.24375,273.8913043478261,280.6693548387097,283.9705882352941,284.88,285.3858695652174,283.2403846153846,274.1041666666666,269.5595238095238,265.575
269.1687499999999,273.7608695652174,280.6048387096774,283.9117647058823,284.84,285.4510869565217,283.2788461538462,274.0208333333334,269.4642857142857,265.475
269.0937499999999,273.6304347826087,280.5403225806451,283.8529411764706,284.8,285.5163043478261,283.3173076923077,273.9375,269.3690476190476,265.375
269.01875,273.5,280.4758064516129,283.7941176470588,284.76,285.5815217391304,283.3557692307692,273.8541666666667,269.2738095238095,265.275
268.8359374999999,273.3695652173913,280.4112903225807,283.75,284.8571428571428,285.6467391304348,283.3942307692308,273.7708333333333,269.0833333333333,265.175
268.6171874999999,273.2391304347826,280.3467741935484,283.75,285,285.7119565217391,283.4326923076923,273.6,268.8611111111111,265.075
268.3984375,273.1086956521739,280.2822580645161,283.75,285.1428571428572,285.7771739130435,283.4711538461538,273.4,268.6388888888889,264.975
268.1796875,272.9782608695652,280.2177419354838,283.75,285.2857142857143,285.8423913043478,283.5096153846154,273.2,268.4166666666667,264.875
267.9609375,272.8478260869566,280.1532258064516,283.75,285.4285714285714,285.9076086956522,283.5480769230769,273,268.2115384615385,264.775
267.7421875,272.7222222222222,280.0887096774194,283.75,285.5714285714286,285.9728260869565,283.5865384615385,272.8,268.0576923076923,264.675
267.5234375,272.6111111111111,280.0241935483871,283.75,285.7142857142857,286.0380434782609,283.625,272.6666666666667,267.9038461538462,264.575
267.3046875,272.5,279.9596774193549,283.75,285.8571428571429,286.1032608695652,283.6634615384615,272.5555555555555,267.75,264.475
267.25,272.3888888888889,279.8951612903226,283.75,286,286.1684782608696,283.701923076923,272.4444444444445,267.5961538461538,264.375
267.25,272.2777777777778,279.8306451612903,283.75,286.1428571428572,286.2336956521739,283.7403846153846,272.3333333333333,267.4423076923077,264.275
