161.3333333333333,155.875,158.6730769230768,158.4583333333333,160.34,158.9722222222222,157.3684210526315,159.6590909090908,156.6388888888889,170.4038461538462
161.6666666666666,156.375,158.9807692307692,159.2916666666666,160.7,159.4166666666667,157.8421052631579,160.0227272727272,157.0833333333333,170.7115384615385
161.9999999999999,156.875,159.2884615384615,160.125,161.06,159.8611111111111,158.3157894736842,160.3863636363636,157.5277777777778,171.0192307692308
162.3333333333333,157.375,159.5961538461538,160.825,161.42,160.3055555555555,158.7894736842105,160.75,157.9722222222222,171.3269230769231
162.6666666666666,157.875,159.9038461538462,161.1250000000001,161.78,160.75,159.2631578947368,161.1136363636363,158.4166666666667,171.6346153846154
163,158.375,160.2115384615385,161.4250000000001,162.14,161.1944444444445,159.7368421052632,161.4772727272727,158.8690476190476,171.9423076923077
163.3333333333333,158.875,160.5192307692308,161.7250000000001,162.5,161.6388888888889,160.2105263157895,161.8409090909091,159.3452380952381,172.25
163.6666666666667,159.3333333333334,160.8863636363637,162.025,162.86,162.0833333333333,160.6842105263158,162.2045454545454,159.8214285714286,172.5576923076923
164,159.6666666666667,161.4318181818182,162.3214285714286,163.22,162.5277777777778,161.1578947368421,162.5681818181818,160.2976190476191,172.8653846153846
164.3333333333333,160,161.9772727272727,162.6071428571429,163.58,162.9722222222222,161.6315789473685,162.9318181818182,160.7738095238095,173.1730769230769
164.6666666666667,160.3333333333334,162.5227272727273,162.8928571428572,163.94,163.4166666666667,162.1250000000001,163.2954545454546,161.25,173.5
165,160.6666666666667,163.0681818181819,163.1785714285715,164.3,163.86,162.625,163.6590909090909,161.7261904761905,173.8333333333333
165.3333333333333,161,163.6136363636364,163.4642857142858,164.66,164.3,163.1250000000001,164.0227272727273,162.202380952381,174.1666666666667
165.6666666666667,161.3333333333333,164.1785714285715,163.7500000000001,165.0384615384616,164.74,163.6250000000001,164.3863636363637,162.6785714285714,174.5
166,161.6666666666667,164.7500000000001,164.0357142857143,165.423076923077,165.18,164.1250000000001,164.75,163.1547619047619,174.8333333333333
166.3333333333334,162,165.3214285714286,164.3409090909092,165.8076923076923,165.62,164.6250000000001,165.1136363636364,163.6309523809524,175.1666666666667
166.6666666666667,162.3552631578948,165.8928571428572,164.7045454545455,166.1923076923077,166.06,165.125,165.4772727272727,164,175.5
167,162.7763157894737,166.4642857142858,165.0681818181819,166.5769230769231,166.5,165.6250000000001,165.8552631578948,164.3333333333333,175.8333333333333
167.3333333333334,163.1973684210527,167.0357142857143,165.4318181818182,166.9615384615385,166.94,166.1250000000001,166.2763157894737,164.6666666666667,176.1666666666667
167.6666666666667,163.6184210526316,167.6071428571429,165.7954545454546,167.3461538461539,167.38,166.6250000000001,166.6973684210527,165,176.5
168.0000000000001,164.0394736842105,167.9,166.159090909091,167.7307692307693,167.82,167.0357142857143,167.1184210526316,165.3333333333333,176.8444444444445
168.3194444444445,164.4605263157895,168.1000000000001,166.7500000000001,168.1153846153846,168.26,167.4166666666667,167.5394736842106,165.6666666666667,177.2222222222222
168.5972222222223,164.8815789473684,168.3,167.4166666666667,168.5,168.7,167.7976190476191,167.9605263157895,166,177.6
168.8750000000001,165.3026315789474,168.5000000000001,168.0833333333334,168.8846153846154,169.14,168.1785714285715,168.3815789473685,166.3333333333333,177.9777777777778
169.1527777777778,165.7236842105264,168.7,168.7500000000001,169.2692307692308,169.5714285714285,168.5595238095239,168.8026315789474,166.6666666666667,178.3555555555555
169.4305555555556,166.1447368421053,168.9,169.3571428571429,169.6538461538462,170,168.9404761904762,169.2236842105264,167,178.7333333333333
169.7083333333334,166.6071428571429,169.1000000000001,169.7857142857143,170.05,170.4285714285714,169.3214285714286,169.6447368421053,167.3706896551724,179.1111111111111
169.9861111111111,167.0833333333333,169.3636363636364,170.2142857142858,170.45,170.8571428571428,169.702380952381,170.0781250000001,167.8534482758621,179.4888888888889
170.2638888888889,167.5595238095238,169.8181818181818,170.6428571428572,170.85,171.2857142857142,170.0833333333334,170.5156250000001,168.3362068965517,179.8666666666666
170.5416666666667,168.0357142857143,170.2727272727273,171.0714285714286,171.25,171.7142857142857,170.4642857142858,170.9531250000001,168.8189655172414,180.2444444444444
170.8666666666667,168.5119047619048,170.7272727272727,171.5000000000001,171.65,172.1428571428571,170.8611111111112,171.3906250000001,169.301724137931,180.6222222222222
171.3333333333334,168.9880952380952,171.1818181818182,171.9285714285715,172.05,172.5714285714286,171.3055555555556,171.8281250000001,169.7844827586207,180.9999999999999
171.8,169.4642857142857,171.6363636363637,172.325,172.45,173,171.75,172.2656250000001,170.2672413793103,181.2499999999999
172.2666666666667,169.9404761904762,171.9107142857143,172.6250000000001,172.85,173.4285714285714,172.1944444444445,172.7031250000001,170.75,181.4999999999999
172.7333333333334,170.4166666666667,172.125,172.9250000000001,173.25,173.8333333333333,172.6388888888889,173.140625,171.2327586206897,181.7499999999999
173.2,170.8928571428572,172.3392857142858,173.2250000000001,173.65,174.1666666666666,173.0833333333334,173.6785714285715,171.7155172413793,181.9999999999999
173.6666666666667,171.325,172.5535714285715,173.525,174.05,174.4999999999999,173.5277777777778,174.2500000000001,172.198275862069,182.2499999999999
174.1333333333334,171.625,172.7678571428572,173.8863636363637,174.45,174.8333333333333,173.9722222222223,174.8214285714286,172.6810344827586,182.4999999999999
174.3750000000001,171.925,172.9821428571429,174.4318181818182,174.85,175.1666666666666,174.4166666666667,175.3214285714286,173.1637931034483,182.7499999999999
174.5416666666667,172.225,173.1964285714286,174.9772727272728,175.25,175.4999999999999,174.8382352941177,175.6071428571429,173.6465517241379,182.9999999999999
174.7083333333334,172.525,173.625,175.5227272727273,175.65,175.8333333333333,175.1911764705883,175.8928571428572,174.1293103448276,183.2499999999999
174.8750000000001,172.825,174.1250000000001,176.0681818181819,176.05,176.1666666666666,175.5441176470589,176.1785714285715,174.5833333333333,183.4999999999999
175.0416666666667,173.125,174.6250000000001,176.6136363636364,176.45,176.4999999999999,175.8970588235294,176.4642857142858,175.0277777777777,183.7499999999999
175.2083333333334,173.425,175.1250000000001,177.0227272727273,176.85,176.8597560975609,176.2500000000001,176.75,175.4722222222222,183.9999999999999
175.5833333333334,173.725,175.6250000000001,177.3863636363637,177.25,177.2987804878049,176.6029411764706,177.0357142857143,175.9166666666667,184.4166666666666
176.0277777777778,174.025,176.1250000000001,177.7500000000001,177.65,177.7378048780488,176.9558823529412,177.3214285714286,176.3611111111111,184.8333333333333
176.4722222222223,174.3552631578948,176.6,178.1136363636364,178.05,178.1768292682927,177.3088235294118,177.6071428571429,176.8055555555555,185.2499999999999
176.9166666666667,174.7763157894737,177.0666666666667,178.4772727272728,178.45,178.6158536585366,177.6617647058824,177.8928571428572,177.25,185.6666666666666
177.3611111111111,175.1973684210527,177.5333333333334,178.8235294117648,178.8333333333333,179.0548780487805,178.1470588235294,178.1785714285714,177.6944444444444,186.0833333333333
177.8055555555556,175.6184210526316,178.0000000000001,179.1176470588236,179.1666666666667,179.4939024390244,178.6764705882353,178.7321428571429,178.1388888888889,186.4999999999999
178.2500000000001,176.0394736842105,178.4666666666667,179.4117647058824,179.5,179.9329268292683,179.2058823529412,179.375,178.5833333333333,186.9166666666666
178.6944444444445,176.4605263157895,178.9333333333334,179.7058823529412,179.8333333333333,180.3719512195122,179.7352941176471,180.0178571428571,179.0277777777777,187.3333333333333
179.1388888888889,176.8815789473684,179.4,180.0000000000001,180.1666666666667,180.8109756097561,180.264705882353,180.6607142857143,179.4722222222222,187.7499999999999
179.5125,177.3026315789474,179.84375,180.2941176470589,180.5,181.25,180.7941176470588,181.3035714285714,179.9166666666666,188.1666666666666
179.8625,177.7236842105263,180.21875,180.5882352941177,180.8333333333334,181.55,181.3235294117647,181.9464285714286,180.3611111111111,188.5833333333333
180.2125000000001,178.1447368421053,180.5937500000001,180.8823529411765,181.1666666666667,181.8500000000001,181.8529411764706,182.5892857142857,180.8055555555555,188.9999999999999
180.5625000000001,178.4807692307693,180.9687500000001,181.1764705882354,181.5,182.15,182.3653846153846,182.9,181.2499999999999,189.1168831168831
180.9125,178.7884615384615,181.3437500000001,181.4705882352942,181.8333333333334,182.45,182.8269230769231,183.1,181.6944444444444,189.2337662337662
181.2625,179.0961538461539,181.7187500000001,181.764705882353,182.1666666666667,182.7500000000001,183.2884615384615,183.3,182.1388888888889,189.3506493506493
181.6125000000001,179.4038461538462,182.0937500000001,182.0588235294118,182.5,183.05,183.75,183.5,182.55,189.4675324675324
181.9625,179.7115384615385,182.4687500000001,182.3529411764706,182.85,183.35,184.2115384615385,183.7,182.95,189.5844155844156
182.3125000000001,180.0192307692308,182.8333333333334,182.6470588235294,183.25,183.65,184.6730769230769,183.9,183.35,189.7012987012987
182.6625000000001,180.3625,183.1666666666667,182.9411764705883,183.65,183.95,185.1346153846154,184.1,183.75,189.8181818181818
183.159090909091,180.8125,183.5000000000001,183.2352941176471,184.05,184.25,185.625,184.3,184.15,189.9350649350649
183.7045454545455,181.2625,183.8333333333334,183.5294117647059,184.45,184.6617647058824,186.125,184.5,184.55,190.051948051948
184.2500000000001,181.7125,184.1666666666667,183.8333333333334,184.85,185.0735294117647,186.625,184.7,184.95,190.1688311688312
184.7954545454546,182.1625,184.5000000000001,184.1666666666667,185.25,185.4852941176471,187.125,185.125,185.35,190.2857142857143
185.3409090909091,182.6125,184.8333333333334,184.5000000000001,185.65,185.8970588235294,187.625,185.625,185.75,190.4025974025974
185.8125,183.0625,185.1666666666667,184.8333333333334,186.05,186.3088235294118,188.125,186.125,186.15,190.5194805194805
186.0625,183.5125,185.5000000000001,185.1666666666667,186.45,186.7205882352942,188.625,186.625,186.55,190.6363636363636
186.3125,183.9625,185.8333333333334,185.5000000000001,186.85,187.1323529411765,189.125,187.125,186.95,190.7532467532467
186.5625,184.4125,186.1666666666667,185.8333333333334,187.25,187.5441176470589,189.475,187.5875,187.324074074074,190.8701298701299
186.8125,184.8482142857143,186.5000000000001,186.1666666666667,187.65,187.9444444444445,189.775,188.0375,187.6203703703704,190.987012987013
187.0625,185.2410714285714,186.8333333333334,186.5000000000001,187.9807692307693,188.3333333333334,190.075,188.4875,187.9166666666667,191.1038961038961
187.375,185.6339285714286,187.1666666666667,186.8333333333334,188.2884615384616,188.7222222222223,190.375,188.9375,188.212962962963,191.2207792207792
187.875,186.0267857142858,187.5588235294118,187.1666666666667,188.5961538461539,189.1111111111111,190.675,189.3875,188.5092592592593,191.5443037974684
188.375,186.4196428571429,187.9705882352942,187.5000000000001,188.9038461538462,189.5000000000001,190.975,189.8375,188.8055555555556,191.9367088607595
188.875,186.8125,188.3823529411765,187.8970588235294,189.2115384615385,189.8888888888889,191.275,190.2875,189.1018518518518,192.3291139240506
189.375,187.2053571428572,188.7941176470589,188.4852941176471,189.5192307692308,190.2777777777778,191.575,190.7375,189.3981481481482,192.7215189873418
189.8653846153846,187.5982142857143,189.2058823529412,189.0735294117648,189.8269230769231,190.6666666666667,191.875,191.1875,189.6944444444445,193.1139240506329
190.3269230769231,187.9910714285714,189.6176470588236,189.6617647058824,190.1346153846154,191.0555555555556,192.175,191.6375,189.9907407407408,193.506329113924
190.7884615384615,188.3839285714286,190.0294117647059,190.2500000000001,190.4423076923077,191.5277777777778,192.5147058823529,191.9886363636364,190.287037037037,193.8987341772151
191.2500000000001,188.7767857142857,190.4411764705883,190.8382352941177,190.75,192.0833333333334,192.8676470588235,192.3068181818182,190.5833333333334,194.2911392405063
191.7115384615385,189.1696428571429,190.8437500000001,191.4264705882353,191.0576923076923,192.6388888888889,193.2205882352941,192.625,190.8796296296296,194.6835443037974
192.1730769230769,189.5625,191.21875,192.014705882353,191.3653846153846,193.1944444444445,193.5735294117647,192.9431818181818,191.175925925926,195.0759493670886
192.6346153846154,189.9553571428572,191.5937500000001,192.6029411764706,191.673076923077,193.75,193.9264705882353,193.2613636363637,191.5645161290323,195.4683544303797
192.95,190.3402777777778,191.9687500000001,192.8750000000001,191.984375,194.0202702702703,194.2794117647059,193.5795454545455,191.983870967742,195.8607594936709
193.2166666666667,190.7013888888889,192.3437500000001,193.0416666666667,192.296875,194.2905405405406,194.6323529411765,193.8977272727273,192.4032258064516,196.253164556962
193.4833333333334,191.0625,192.7187500000001,193.2083333333334,192.609375,194.5608108108108,194.9852941176471,194.2159090909091,192.8225806451613,196.6455696202531
193.75,191.4236111111111,193.0937500000001,193.3750000000001,192.921875,194.8310810810811,195.3333333333334,194.5340909090909,193.241935483871,197.0379746835442
194.0166666666667,191.7847222222222,193.4687500000001,193.5416666666667,193.234375,195.1013513513514,195.6666666666667,194.8522727272727,193.6612903225807,197.4303797468354
194.2833333333334,192.1458333333334,193.8437500000001,193.7083333333334,193.546875,195.3716216216216,196,195.1704545454546,194.0806451612903,197.8227848101265
194.55,192.5069444444445,194.2187500000001,193.8750000000001,193.859375,195.6418918918919,196.3333333333333,195.5961538461539,194.5,198.2151898734177
194.8194444444445,192.8680555555556,194.5937500000001,194.0416666666667,194.171875,195.9121621621621,196.6666666666667,196.0576923076923,194.9193548387097,198.6075949367088
195.0972222222222,193.2291666666667,194.96875,194.2083333333334,194.5285714285714,196.1824324324324,197,196.5192307692308,195.3387096774194,198.9999999999999
195.375,193.5902777777778,195.3157894736842,194.6470588235295,194.9,196.5330188679245,197.3333333333333,196.9807692307693,195.7580645161291,199.4285714285714
195.6527777777778,193.9513888888889,195.5789473684211,195.1764705882353,195.2714285714286,196.9103773584906,197.6666666666667,197.4423076923077,196.1774193548387,199.8571428571428
195.9305555555556,194.3125,195.8421052631579,195.7058823529412,195.6428571428572,197.2877358490566,198,197.9038461538462,196.5967741935484,200.2857142857142
196.2083333333334,194.6736111111111,196.1052631578948,196.2352941176471,196.0142857142857,197.6650943396226,198.3333333333333,198.3375,197.0161290322581,200.7142857142857
196.4861111111111,195.0347222222222,196.3684210526316,196.764705882353,196.3857142857143,198.0424528301887,198.6666666666667,198.6875,197.4354838709678,201.1428571428571
196.7638888888889,195.3958333333334,196.6315789473685,197.2941176470589,196.7571428571429,198.4198113207547,199,199.0375000000001,197.8333333333333,201.5714285714285
197.0416666666667,195.7569444444445,196.8947368421053,197.8235294117648,197.1285714285714,198.7971698113208,199.3333333333333,199.3875,198.1666666666667,201.9999999999999
197.3214285714286,196.1180555555556,197.1578947368421,198.3529411764706,197.5,199.1745283018868,199.6666666666666,199.7375,198.5,202.1111111111111
197.6071428571429,196.4791666666667,197.421052631579,198.8382352941177,197.8714285714286,199.5518867924528,200,200.0875,198.8333333333333,202.2222222222222
197.8928571428572,196.8409090909091,197.6842105263158,199.1911764705883,198.2428571428572,199.9292452830189,200.3499999999999,200.4375,199.1666666666667,202.3333333333333
198.1785714285714,197.2045454545455,198.1470588235294,199.5441176470588,198.6142857142858,200.3066037735849,200.75,200.7875,199.5,202.4444444444444
198.4642857142857,197.5681818181818,198.6764705882353,199.8970588235294,198.9857142857143,200.683962264151,201.15,201.1375,199.8333333333333,202.5555555555555
198.75,197.9318181818182,199.2058823529412,200.25,199.3571428571429,201.061320754717,201.55,201.4875,200.1666666666667,202.6666666666666
199.0357142857143,198.2954545454546,199.7352941176471,200.6029411764706,199.7285714285715,201.3815789473684,201.95,201.8229166666667,200.5,202.7777777777777
199.3,198.6590909090909,200.264705882353,200.9558823529412,200.1,201.6447368421053,202.35,202.1145833333333,200.8333333333334,202.8888888888888
199.5000000000001,199.0227272727273,200.7941176470589,201.3088235294118,200.4714285714286,201.9078947368421,202.75,202.40625,201.1666666666667,202.9999999999999
199.7,199.3863636363637,201.3235294117648,201.6617647058824,200.8425925925926,202.171052631579,203.15,202.6979166666667,201.5,203.3225806451612
199.9,199.75,201.8529411764706,201.9375,201.212962962963,202.4342105263158,203.55,202.9895833333334,201.8333333333333,203.6451612903225
200.1,200.1136363636364,202.3194444444445,202.1875,201.5833333333333,202.6973684210527,203.95,203.28125,202.1666666666667,203.9677419354838
200.3,200.4772727272727,202.5972222222223,202.4375,201.9537037037037,202.9605263157895,204.3125,203.5729166666667,202.5,204.2903225806451
200.5,200.8269230769231,202.8750000000001,202.6875,202.3240740740741,203.2236842105264,204.5625,203.8645833333334,202.8333333333333,204.6129032258064
200.7,201.1346153846154,203.1527777777778,202.9375000000001,202.6944444444445,203.4868421052632,204.8125,204.15625,203.1666666666667,204.9354838709677
201.0625,201.4423076923077,203.4305555555556,203.1875,203.0648148148148,203.75,205.0625,204.4479166666667,203.4926470588236,205.258064516129
201.4791666666667,201.75,203.7083333333334,203.4375,203.4351851851852,204.15,205.3125,204.7395833333333,203.8161764705883,205.5806451612903
201.8958333333333,202.0576923076923,203.9861111111112,203.6875,203.8055555555556,204.55,205.5625,205.03125,204.139705882353,205.9032258064515
202.3125,202.3653846153846,204.263888888889,203.9375,204.175925925926,204.95,205.8125,205.3375,204.4632352941177,206.2258064516128
202.7291666666667,202.673076923077,204.5416666666667,204.1875,204.5462962962963,205.35,206.0625,205.6875,204.7867647058823,206.5483870967741
203.1458333333334,202.9807692307693,204.825,204.5357142857143,204.9166666666667,205.75,206.33,206.0375,205.1102941176471,206.8709677419354
203.4375,203.2884615384615,205.1250000000001,204.9166666666667,205.2870370370371,206.15,206.65,206.3875,205.4338235294118,207.1935483870967
203.6875,203.5961538461539,205.4250000000001,205.297619047619,205.6574074074074,206.55,206.97,206.7375,205.7573529411765,207.516129032258
203.9375,203.9038461538462,205.7250000000001,205.6785714285714,206.0344827586207,206.95,207.29,207.0875,206.0808823529412,207.8387096774193
204.1875,204.2115384615385,206.025,206.0595238095239,206.4137931034483,207.35,207.6100000000001,207.4375000000001,206.4044117647059,208.1612903225806
204.4375,204.5192307692308,206.325,206.4404761904762,206.7931034482759,207.75,207.93,207.7875000000001,206.7279411764706,208.4838709677419
204.6875,204.8214285714286,206.6250000000001,206.8214285714286,207.1724137931035,208.0833333333333,208.25,208.1375,207.0514705882353,208.8064516129032
204.9375,205.1071428571429,206.9250000000001,207.202380952381,207.551724137931,208.4166666666667,208.57,208.4875,207.375,209.1290322580645
205.1875,205.3928571428572,207.2250000000001,207.5833333333334,207.9310344827587,208.75,208.89,208.8214285714286,207.6985294117647,209.4516129032257
205.484375,205.6785714285714,207.5250000000001,207.9642857142857,208.3103448275862,209.0833333333334,209.21,209.1071428571429,208.0220588235294,209.774193548387
205.796875,205.9642857142857,207.8289473684211,208.3375,208.6896551724138,209.4166666666667,209.53,209.3928571428572,208.3455882352941,210.0967741935483
206.1093750000001,206.25,208.1447368421053,208.6875,209.0689655172414,209.75,209.85,209.6785714285714,208.6691176470588,210.4193548387096
206.421875,206.5357142857143,208.4605263157895,209.0375000000001,209.448275862069,210.0833333333334,210.17,209.9642857142857,208.9932432432433,210.7419354838709
206.734375,206.8214285714286,208.7763157894738,209.3875,209.8275862068966,210.4166666666667,210.4230769230769,210.25,209.3175675675676,211.0645161290322
207.046875,207.1071428571429,209.0921052631579,209.7375,210.2068965517242,210.75,210.6538461538462,210.5357142857143,209.6418918918919,211.3870967741935
207.359375,207.3928571428572,209.4078947368421,210.0875,210.5862068965517,211.0833333333334,210.8846153846154,210.8214285714286,209.9662162162163,211.7096774193548
207.671875,207.6785714285714,209.7236842105264,210.4375000000001,210.9655172413794,211.4166666666667,211.1153846153846,211.1071428571429,210.2905405405405,212.0322580645161
207.9375000000001,207.9642857142858,210.0394736842106,210.7875,211.34375,211.75,211.3461538461539,211.3928571428572,210.6148648648649,212.3548387096774
208.1875,208.25,210.3552631578948,211.1375,211.7187500000001,212.0833333333334,211.5769230769231,211.6785714285714,210.9391891891892,212.6774193548386
208.4375,208.5357142857143,210.671052631579,211.4875,212.09375,212.4166666666667,211.8076923076923,212.1666666666667,211.2635135135135,212.9999999999999
208.6875000000001,208.8333333333333,211.0312500000001,211.8522727272727,212.4687500000001,212.75,212.0384615384615,212.7222222222223,211.5878378378379,213.2413793103448
208.9375,209.1666666666667,211.4062500000001,212.2613636363637,212.84375,213.0833333333334,212.2692307692308,213.2777777777778,211.9121621621622,213.4827586206896
209.1875,209.5,211.7812500000001,212.6704545454546,213.21875,213.4166666666667,212.5,213.8333333333333,212.2364864864865,213.7241379310344
209.4375,209.8333333333333,212.1562500000001,213.0795454545455,213.59375,213.75,212.7307692307693,214.3166666666667,212.5608108108108,213.9655172413792
209.6875,210.1666666666667,212.5312500000001,213.4886363636364,213.96875,214.03125,212.9615384615385,214.5833333333334,212.8851351351352,214.2068965517241
209.9375,210.5,212.9062500000001,213.8977272727273,214.3437500000001,214.3125,213.1923076923077,214.85,213.2094594594595,214.4482758620689
210.1875,210.8333333333333,213.2812500000001,214.3068181818182,214.71875,214.59375,213.5,215.1166666666667,213.5337837837838,214.6896551724138
210.5588235294118,211.1666666666667,213.6562500000001,214.7159090909091,215.09375,214.875,213.8333333333334,215.3833333333334,213.8581081081081,214.9310344827586
210.9705882352941,211.5,213.9807692307693,215.125,215.46875,215.1562500000001,214.1666666666667,215.65,214.1824324324325,215.1724137931034
211.3823529411765,211.8333333333334,214.2884615384616,215.5340909090909,215.8203125,215.4375000000001,214.5,215.9166666666667,214.5067567567568,215.4137931034482
211.7941176470588,212.1666666666667,214.5961538461539,215.9431818181818,216.1015625,215.71875,214.8333333333333,216.1833333333333,214.8203125,215.655172413793
212.2058823529412,212.5,214.9038461538462,216.3125,216.3828125,216,215.1666666666667,216.5178571428572,215.1015625,215.8965517241379
212.6176470588235,212.8333333333334,215.2115384615385,216.5625,216.6640625,216.28125,215.5,216.875,215.3828125,216.1379310344827
213.0294117647059,213.1666666666667,215.5192307692308,216.8125,216.9453125,216.5625000000001,215.8333333333333,217.2321428571429,215.6640625,216.3793103448275
213.4411764705883,213.5,215.8472222222222,217.0625000000001,217.2265625,216.8437500000001,216.1666666666666,217.5892857142857,215.9453125,216.6206896551724
213.8026315789474,213.8125,216.2361111111111,217.3125,217.5078125000001,217.125,216.5,217.9464285714286,216.2265625000001,216.8620689655172
214.0131578947369,214.0625,216.625,217.5625,217.7890625,217.40625,216.8374999999999,218.3035714285714,216.5078125000001,217.103448275862
214.2236842105264,214.3125,217.0138888888889,217.8125000000001,218.0703125,217.6875,217.1875,218.6607142857143,216.7890625,217.3448275862068
214.4342105263158,214.5625,217.4027777777778,218.0625000000001,218.3515625000001,217.96875,217.5375,218.9782608695652,217.0703125,217.5862068965517
214.6447368421053,214.8125,217.7916666666667,218.3125,218.6328125,218.25,217.8875,219.2826086956522,217.3515625,217.8275862068965
214.8552631578948,215.0625,218.1805555555556,218.5625,218.9140625,218.5700000000001,218.2375,219.5869565217391,217.6328125000001,218.0689655172413
215.0657894736842,215.3125,218.5694444444445,218.8125,219.1953125,218.89,218.5875,219.8913043478261,217.9140625,218.3103448275862
215.2763157894737,215.5625,218.9583333333334,219.0625,219.4765625,219.21,218.9374999999999,220.1956521739131,218.1953125,218.551724137931
215.4868421052632,215.8125000000001,219.3235294117648,219.3125,219.7578125,219.53,219.2875,220.5,218.4765625,218.7931034482758
215.6973684210527,216.0625,219.6176470588236,219.5625,220.0390625,219.85,219.6375,220.804347826087,218.7578125,219.0344827586206
215.8333333333334,216.3125,219.9117647058824,219.8125000000001,220.325,220.17,219.9875,221.1086956521739,219.0390625,219.2758620689654
215.9444444444445,216.5625,220.2058823529412,220.0625,220.625,220.49,220.3295454545454,221.4130434782609,219.2976190476191,219.5172413793103
216.0555555555556,216.7894736842106,220.5,220.3125,220.925,220.81,220.6477272727273,221.7173913043479,219.4880952380953,219.7586206896551
216.1666666666667,216.9473684210527,220.7941176470589,220.5625,221.225,221.13,220.9659090909091,222.0217391304348,219.6785714285714,219.9999999999999
216.2777777777778,217.1052631578948,221.0882352941177,220.8125,221.525,221.45,221.2840909090909,222.3068181818182,219.8690476190476,220.2631578947368
216.3888888888889,217.2631578947369,221.3823529411765,221.0625,221.825,221.77,221.6022727272727,222.5340909090909,220.0595238095239,220.5263157894736
216.5000000000001,217.421052631579,221.6764705882353,221.3666666666667,222.125,222.09,221.9204545454545,222.7613636363637,220.25,220.7894736842105
216.6111111111111,217.5789473684211,221.9444444444445,221.8333333333333,222.425,222.3804347826087,222.2386363636363,222.9886363636364,220.4404761904762,221.0526315789473
216.7222222222223,217.7368421052632,222.2037037037037,222.3,222.725,222.6413043478261,222.5568181818181,223.2159090909091,220.6309523809524,221.3157894736842
216.8863636363637,217.8947368421053,222.462962962963,222.7666666666667,223.025,222.9021739130435,222.875,223.4431818181818,220.8214285714286,221.578947368421
217.0681818181819,218.0526315789474,222.7222222222223,223.2333333333333,223.325,223.1630434782609,223.1931818181818,223.6704545454546,221.0119047619048,221.8421052631578
217.25,218.2105263157895,222.9814814814815,223.7,223.625,223.4239130434783,223.5113636363636,223.8977272727273,221.202380952381,222.1052631578947
217.4318181818182,218.3863636363637,223.2407407407408,224.1666666666667,223.925,223.6847826086957,223.8166666666666,224.125,221.5833333333334,222.3684210526316
217.6136363636364,218.5681818181818,223.5,224.6333333333334,224.225,223.9456521739131,224.0833333333333,224.3522727272727,222.0277777777778,222.6315789473684
217.7954545454546,218.7500000000001,223.7592592592593,224.9807692307693,224.525,224.2065217391305,224.35,224.5795454545455,222.4722222222222,222.8947368421052
217.9772727272727,218.9318181818182,224.0185185185185,225.2884615384616,224.804347826087,224.4673913043479,224.6166666666667,224.8214285714286,222.9166666666667,223.157894736842
218.1590909090909,219.1136363636364,224.2777777777778,225.5961538461539,225.0217391304348,224.7282608695652,224.8833333333333,225.1071428571429,223.3611111111111,223.4210526315789
218.3409090909091,219.4038461538462,224.5370370370371,225.9038461538462,225.2391304347826,224.9891304347826,225.15,225.3928571428572,223.8055555555556,223.6842105263157
218.5227272727273,220.0192307692308,224.7962962962963,226.2115384615385,225.4565217391305,225.25,225.4166666666667,225.6785714285714,224.25,223.9473684210526
218.7045454545455,220.6346153846154,225.0555555555556,226.5192307692308,225.6739130434783,225.5576923076923,225.6833333333333,225.9642857142857,224.6944444444445,224.2105263157894
218.9264705882353,221.25,225.3,226.828125,225.8913043478261,225.8653846153846,226.0108695652174,226.2500000000001,225.1388888888889,224.4736842105263
219.1617647058824,221.8653846153846,225.5,227.140625,226.1086956521739,226.1730769230769,226.3586956521739,226.5357142857143,225.390625,224.7368421052631
219.3970588235294,222.4807692307692,225.7,227.453125,226.3260869565218,226.4807692307693,226.7065217391304,226.8194444444445,225.578125,224.9999999999999
219.6323529411765,223.0961538461539,225.9,227.765625,226.5434782608696,226.7884615384616,227.054347826087,227.0972222222223,225.7656250000001,225.2105263157894
219.8676470588235,223.3653846153846,226.1,228.078125,226.7608695652174,227.0961538461539,227.4021739130435,227.375,225.953125,225.4210526315789
220.1029411764706,223.5192307692308,226.3,228.390625,226.9782608695652,227.4038461538462,227.75,227.6527777777778,226.1406250000001,225.6315789473683
220.3382352941177,223.673076923077,226.5,228.703125,227.1956521739131,227.7115384615385,228.0978260869566,227.9305555555556,226.328125,225.8421052631578
220.5735294117648,223.8269230769231,226.7,229.015625,227.5208333333334,228.0192307692308,228.4456521739131,228.2083333333334,226.515625,226.0526315789473
220.8333333333333,223.9807692307692,226.9,229.2857142857143,227.8819444444445,228.3269230769231,228.7934782608696,228.4861111111111,226.703125,226.2631578947368
221.1666666666667,224.1346153846154,227.1,229.4285714285714,228.2430555555556,228.6346153846154,229.1413043478261,228.7638888888889,226.984375,226.4736842105262
221.5,224.2884615384615,227.3,229.5714285714286,228.6041666666667,228.9423076923077,229.4891304347826,229.0416666666667,227.296875,226.6842105263157
221.8333333333334,224.4423076923077,227.5,229.7142857142857,228.9652777777778,229.25,229.8088235294118,229.328125,227.6093750000001,226.8947368421052
222.1666666666667,224.5961538461539,227.7,229.8571428571429,229.3263888888889,229.5227272727273,230.0441176470588,229.640625,227.921875,227.1052631578947
222.5,224.75,227.9,230,229.6875000000001,229.7954545454546,230.2794117647059,229.953125,228.2343750000001,227.3157894736841
222.8035714285715,224.9038461538462,228.1,230.1428571428572,230.0486111111111,230.0681818181818,230.514705882353,230.265625,228.546875,227.5263157894736
223.0178571428572,225.0576923076923,228.375,230.2857142857143,230.4097222222222,230.3409090909091,230.75,230.578125,228.859375,227.7368421052631
223.2321428571429,225.2115384615385,228.875,230.4285714285715,230.7708333333334,230.6136363636364,230.9852941176471,230.890625,229.171875,227.9473684210525
223.4464285714286,225.3653846153846,229.3750000000001,230.5714285714286,231.1319444444445,230.8863636363637,231.2205882352941,231.203125,229.3382352941177,228.1578947368421
223.6607142857143,225.5192307692308,229.875,230.7142857142858,231.4930555555556,231.1590909090909,231.4558823529412,231.515625,229.4558823529412,228.3684210526315
223.875,225.6730769230769,230.375,230.984375,231.8541666666667,231.4318181818182,231.6911764705883,231.8076923076923,229.5735294117648,228.578947368421
224.0892857142858,225.8833333333334,230.875,231.296875,232.2152777777778,231.7045454545455,231.9545454545455,232.0384615384616,229.6911764705883,228.7894736842105
224.4166666666667,226.15,231.375,231.6093750000001,232.5763888888889,231.9772727272727,232.2272727272727,232.2692307692308,229.8088235294118,228.9999999999999
225.0833333333333,226.4166666666667,231.8068181818182,231.921875,232.9375,232.25,232.5,232.5,229.9264705882353,229.2941176470588
225.75,226.6833333333333,232.0340909090909,232.2343750000001,233.2986111111111,232.5227272727273,232.7727272727273,232.7307692307692,230.0441176470588,229.5882352941176
226.2222222222222,227.0000000000001,232.2613636363637,232.5468750000001,233.6597222222223,232.7954545454546,233.0454545454546,232.9615384615385,230.1617647058824,229.8823529411764
226.1111111111111,227.3333333333334,232.4886363636364,232.859375,233.9276315789474,233.0681818181819,233.3181818181818,233.1923076923077,230.3,230.1764705882352
226,227.6666666666667,232.7159090909091,233.171875,234.1644736842105,233.3409090909091,233.5909090909091,233.423076923077,230.5,230.4705882352941
225.8888888888889,228,232.9431818181819,233.4750000000001,234.4013157894737,233.6136363636364,233.8636363636364,233.6538461538462,230.7,230.7647058823529
225.7777777777778,228.3333333333334,233.1704545454546,233.775,234.6381578947369,233.9015151515152,234.1363636363637,233.8846153846154,230.9,231.0588235294117
225.93,228.6666666666667,233.3977272727273,234.075,234.875,234.2045454545455,234.4090909090909,234.1153846153846,231.1,231.3529411764706
226.17,229,233.625,234.375,235.1118421052632,234.5075757575758,234.6818181818182,234.3461538461539,231.3,231.6470588235293
226.4100000000001,229.3333333333334,233.8522727272728,234.675,235.3486842105264,234.8106060606061,235,234.5769230769231,231.5,231.9411764705882
226.65,229.6666666666667,234.0795454545455,234.975,235.5855263157895,235.1136363636364,235.3333333333333,234.8055555555556,231.7,232.235294117647
226.89,230,234.3181818181819,235.275,235.8223684210527,235.4166666666667,235.6666666666667,235.0277777777778,231.9,232.5294117647059
227.1300000000001,230.34375,234.5909090909091,235.575,236.0592105263158,235.719696969697,236,235.25,232.1,232.8235294117646
227.37,230.7187500000001,234.8636363636364,235.875,236.296052631579,236.0227272727273,236.3333333333334,235.4722222222223,232.3,233.1176470588235
227.61,231.0937500000001,235.1363636363637,236.175,236.5328947368421,236.3257575757576,236.6666666666667,235.6944444444445,232.5000000000001,233.4117647058823
227.85,231.46875,235.4090909090909,236.4375,236.7697368421053,236.6287878787879,237,235.9166666666667,232.7,233.7058823529411
228.09,231.798076923077,235.6818181818182,236.6875,237.0065789473684,236.9318181818182,237.3125,236.1388888888889,232.9545454545455,233.9999999999999
228.33,231.9903846153846,235.9545454545455,236.9375000000001,237.2434210526316,237.2348484848485,237.5625,236.3611111111111,233.2272727272728,234.1775700934579
228.57,232.1826923076923,236.2272727272727,237.1875000000001,237.4802631578947,237.5378787878788,237.8125000000001,236.5833333333333,233.5,234.3551401869158
228.8194444444445,232.375,236.5,237.4375,237.7171052631579,237.8409090909091,238.0625000000001,236.8125,233.7727272727273,234.5327102803738
229.0972222222223,232.5673076923077,236.7727272727273,237.6875,237.9539473684211,238.1439393939394,238.3125,237.0625,234.0454545454546,234.7102803738317
229.375,232.7596153846154,237.0454545454546,237.9375,238.1907894736842,238.4469696969697,238.5625,237.3125,234.3181818181819,234.8878504672897
229.6527777777778,232.9519230769231,237.304347826087,238.1875,238.4545454545455,238.75,238.8125000000001,237.5625,234.5909090909091,235.0654205607476
229.9305555555556,233.1442307692308,237.5217391304348,238.4375,238.7272727272727,238.9753521126761,239.0625000000001,237.8125000000001,234.8636363636364,235.2429906542056
230.2083333333334,233.3365384615385,237.7391304347827,238.6875,239.0000000000001,239.2007042253521,239.3125,238.0625000000001,235.1363636363637,235.4205607476635
230.4861111111111,233.5288461538462,237.9565217391305,239.03125,239.2727272727273,239.4260563380282,239.5625,238.3125000000001,235.409090909091,235.5981308411215
230.7638888888889,233.7211538461539,238.1739130434783,239.40625,239.5454545454546,239.6514084507042,239.81,238.5625000000001,235.6818181818182,235.7757009345794
231.0416666666667,233.9134615384615,238.3913043478261,239.78125,239.8181818181819,239.8767605633803,240.05,238.8125,235.984375,235.9532710280373
231.3214285714286,234.1057692307693,238.6086956521739,240.15625,240.0909090909091,240.1021126760563,240.29,239.0625000000001,236.2968750000001,236.1308411214953
231.6071428571429,234.2916666666667,238.8260869565218,240.53125,240.3636363636364,240.3274647887324,240.53,239.3333333333334,236.609375,236.3084112149533
231.8928571428572,234.4583333333334,239.0434782608696,240.90625,240.6363636363637,240.5528169014084,240.77,239.6666666666667,236.9218750000001,236.4859813084112
232.1785714285714,234.625,239.2608695652174,241.28125,240.9090909090909,240.7781690140845,241.01,240,237.2343750000001,236.6635514018691
232.4642857142858,234.7916666666667,239.4782608695652,241.65625,241.1818181818182,241.0035211267606,241.25,240.3333333333334,237.546875,236.8411214953271
232.75,234.9583333333334,239.6956521739131,241.8500000000001,241.4545454545455,241.2288732394366,241.49,240.6666666666667,237.859375,237.018691588785
233.0357142857143,235.1250000000001,239.9519230769231,241.9833333333333,241.7272727272727,241.4542253521126,241.73,241,238.171875,237.1962616822429
233.3214285714286,235.2916666666667,240.2211538461539,242.1166666666667,242,241.6795774647887,241.97,241.3333333333334,238.4375,237.3738317757009
233.6071428571429,235.4583333333334,240.4903846153846,242.25,242.2727272727273,241.9049295774648,242.21,241.6666666666667,238.6875,237.5514018691588
233.8928571428572,235.625,240.7596153846154,242.3833333333334,242.5454545454546,242.1302816901408,242.45,242,238.9375,237.7289719626168
234.1785714285714,235.7916666666667,241.0288461538462,242.5166666666667,242.7954545454546,242.3556338028169,242.69,242.3020833333334,239.1875,237.9065420560747
234.3625,235.9583333333334,241.298076923077,242.65,242.9772727272727,242.5809859154929,242.9456521739131,242.5104166666667,239.4375,238.0841121495327
234.5125,236.125,241.5673076923077,242.7833333333334,243.1590909090909,242.8022388059701,243.2065217391305,242.71875,239.6875,238.2616822429906
234.6625,236.2916666666667,241.8365384615385,242.9166666666667,243.3409090909091,243.0111940298507,243.4673913043479,242.9270833333334,239.9375,238.4392523364486
234.8125000000001,236.4583333333334,242.1057692307693,243.05,243.5227272727273,243.2201492537313,243.7282608695652,243.1354166666667,240.1875,238.6168224299065
234.9625,236.625,242.375,243.1833333333334,243.7045454545455,243.4291044776119,243.9891304347826,243.3437500000001,240.4375,238.8014184397163
235.1125,236.7857142857143,242.6442307692308,243.3166666666667,243.8863636363637,243.6380597014925,244.25,243.5520833333334,240.6875,239.0070921985815
235.2625,236.9285714285714,242.9134615384616,243.45,244.0681818181818,243.8470149253731,244.5108695652174,243.7604166666667,240.96,239.2127659574468
235.4125000000001,237.0714285714286,243.1826923076923,243.5833333333334,244.25,244.0559701492537,244.7717391304348,243.9687500000001,241.24,239.4184397163121
235.5625,237.2142857142857,243.3863636363637,243.7166666666667,244.4318181818182,244.2649253731343,245.0326086956522,244.1770833333334,241.52,239.6241134751773
235.7125,237.3571428571429,243.5681818181819,243.93,244.6136363636364,244.4738805970149,245.2934782608695,244.3854166666667,241.8,239.8297872340425
235.9375,237.5,243.75,244.17,244.7954545454546,244.6828358208955,245.5543478260869,244.59375,242.08,240.0354609929078
236.1875,237.6428571428572,243.9318181818182,244.41,244.9772727272727,244.8917910447761,245.7946428571428,244.8125,242.36,240.241134751773
236.4375000000001,237.7857142857143,244.1136363636364,244.65,245.1590909090909,245.1007462686567,245.9732142857143,245.0625,242.64,240.4468085106383
236.6875000000001,237.9285714285714,244.2954545454546,244.89,245.3409090909091,245.3097014925373,246.1517857142857,245.3125000000001,242.92,240.6524822695035
236.9375000000001,238.0714285714286,244.4772727272728,245.1300000000001,245.5227272727273,245.5186567164179,246.3303571428571,245.5625,243.2,240.8581560283688
237.1875,238.2142857142857,244.6590909090909,245.37,245.7045454545455,245.7276119402985,246.5089285714285,245.8125,243.48,241.063829787234
237.4375000000001,238.46,244.8409090909091,245.61,245.84375,245.9365671641791,246.6874999999999,246.0625000000001,243.76,241.2695035460993
237.6875000000001,238.74,245.0227272727273,245.85,245.96875,246.1455223880597,246.8660714285714,246.3125000000001,244.04,241.4751773049645
237.9375,239.02,245.2045454545455,246.09,246.09375,246.3362068965517,247.0446428571428,246.5625000000001,244.3055555555555,241.6808510638297
238.1875,239.3,245.4078947368421,246.33,246.2187500000001,246.5086206896552,247.2232142857142,246.8125,244.5277777777778,241.886524822695
238.4375,239.58,245.6184210526316,246.5700000000001,246.3437500000001,246.6810344827586,247.4017857142857,247.0625,244.75,242.0921985815603
238.6875,239.86,245.8289473684211,246.7954545454546,246.46875,246.8534482758621,247.5803571428571,247.3125000000001,244.9722222222222,242.2978723404255
238.8333333333333,240.14,246.0394736842105,246.9772727272728,246.5937500000001,247.0258620689656,247.7589285714286,247.5625,245.1944444444445,242.5035460992908
238.9444444444445,240.42,246.25,247.1590909090909,246.71875,247.198275862069,247.9375,247.8125,245.4166666666667,242.709219858156
239.0555555555556,240.7,246.4605263157895,247.3409090909091,246.84375,247.3706896551724,248.1160714285714,248.0625000000001,245.6388888888889,242.9148936170212
239.1666666666667,240.98,246.671052631579,247.5227272727273,246.96875,247.5431034482759,248.28125,248.304347826087,245.8611111111111,243.1205673758865
239.2777777777778,241.26,246.8815789473684,247.7045454545455,247.0937500000001,247.7155172413794,248.40625,248.5217391304348,246.0833333333333,243.3262411347517
239.3888888888889,241.54,247.0921052631579,247.8863636363637,247.21875,247.8879310344828,248.53125,248.7391304347827,246.3103448275862,243.531914893617
239.5,241.8076923076923,247.2962962962963,248.0681818181819,247.3839285714286,248.0603448275862,248.65625,248.9565217391305,246.551724137931,243.7375886524822
239.6111111111111,242.0384615384615,247.4814814814815,248.25,247.5625,248.2327586206897,248.78125,249.1739130434783,246.7931034482759,243.9432624113475
239.7222222222223,242.2692307692308,247.6666666666667,248.4318181818182,247.7410714285715,248.4051724137931,248.9062499999999,249.3913043478261,247.0344827586207,244.1489361702127
239.9,242.5,247.8518518518519,248.6136363636364,247.9196428571429,248.5775862068966,249.03125,249.6086956521739,247.2758620689655,244.354609929078
240.1,242.7307692307693,248.0370370370371,248.8064516129033,248.0982142857143,248.75,249.15625,249.8260869565218,247.5172413793103,244.5602836879432
240.3,242.9615384615385,248.2222222222223,249.0322580645162,248.2767857142857,248.8642857142857,249.2812499999999,250.0434782608696,247.7586206896552,244.7659574468084
240.5000000000001,243.1923076923077,248.4074074074074,249.2580645161291,248.4553571428572,248.9785714285715,249.40625,250.2608695652174,248,244.9716312056737
240.7,243.423076923077,248.5925925925926,249.483870967742,248.6339285714286,249.0928571428572,249.53125,250.4782608695652,248.2413793103448,245.177304964539
240.9,243.6538461538462,248.7777777777778,249.7096774193549,248.8125,249.2071428571429,249.65625,250.6956521739131,248.4827586206897,245.3829787234042
241.1,243.8846153846154,248.962962962963,249.9354838709678,248.9910714285714,249.3214285714286,249.7727272727273,250.8611111111111,248.7241379310345,245.5886524822694
241.3,244.1153846153846,249.1481481481482,250.1612903225807,249.1696428571429,249.4357142857143,249.8636363636363,251.0092592592593,248.9655172413793,245.7943262411347
241.5,244.3461538461539,249.3333333333334,250.3870967741936,249.3482142857143,249.55,249.9545454545454,251.1574074074074,249.2068965517241,245.9999999999999
241.7,244.5769230769231,249.5185185185185,250.6129032258065,249.5267857142857,249.6642857142857,250.0454545454546,251.3055555555556,249.448275862069,246.1485148514851
241.8333333333333,244.7777777777778,249.7037037037037,250.8387096774194,249.7053571428571,249.7785714285715,250.1363636363637,251.4537037037037,249.6896551724138,246.2970297029703
241.9444444444445,244.8888888888889,249.84,251.0645161290323,249.8671875,249.8928571428572,250.2272727272727,251.6018518518518,249.9545454545454,246.4455445544554
242.0555555555556,245,249.96,251.2903225806452,250.0234375,250.0071428571429,250.3823529411765,251.75,250.2272727272727,246.5940594059405
242.1666666666667,245.1111111111111,250.08,251.5161290322581,250.1796875,250.1214285714286,250.5588235294118,251.8981481481482,250.5,246.7425742574257
242.2777777777778,245.2222222222223,250.2,251.741935483871,250.3359375,250.2357142857143,250.7352941176471,252.0462962962963,250.7727272727273,246.8910891089108
242.3888888888889,245.3333333333334,250.32,251.9677419354839,250.4921875,250.35,250.9117647058824,252.1944444444445,251.0454545454546,247.039603960396
242.5,245.4444444444445,250.44,252.1935483870968,250.6484375,250.4642857142858,251.0882352941176,252.3425925925926,251.2758620689655,247.1881188118812
242.6111111111111,245.5555555555556,250.56,252.3684210526316,250.8046875,250.5785714285715,251.2647058823529,252.4907407407408,251.3793103448276,247.3366336633663
242.7222222222222,245.6666666666667,250.68,252.5263157894737,250.9609375,250.6928571428572,251.4411764705882,252.6388888888889,251.4827586206897,247.4851485148515
242.875,245.8,250.8,252.6842105263158,251.1171875,250.85,251.6176470588235,252.79,251.5862068965517,247.6336633663366
243.0416666666667,246,250.92,252.8421052631579,251.2734375,251.05,251.78125,252.95,251.6896551724138,247.7821782178218
243.2083333333334,246.2,251.04,253,251.4296875,251.25,251.90625,253.1100000000001,251.7931034482759,247.9306930693069
243.375,246.4,251.16,253.1578947368421,251.5859375,251.45,252.03125,253.27,251.8965517241379,248.079207920792
243.5416666666667,246.6,251.3,253.3157894736842,251.7421875,251.65,252.15625,253.43,252,248.2277227722772
243.7083333333334,246.8,251.5,253.4736842105264,251.8984375,251.85,252.28125,253.59,252.1034482758621,248.3762376237624
243.875,247.0000000000001,251.7,253.6315789473684,252.0546875,252.05,252.40625,253.75,252.2068965517242,248.5247524752475
244.0416666666667,247.2,251.9,253.7727272727273,252.2109375,252.25,252.53125,253.91,252.3103448275862,248.6732673267326
244.2083333333334,247.4,252.1,253.8636363636364,252.4375,252.45,252.65625,254.07,252.4137931034483,248.8217821782178
244.3333333333333,247.6,252.3,253.9545454545455,252.6875,252.65,252.8,254.23,252.5172413793103,248.9702970297029
244.4444444444445,247.7837837837838,252.5,254.0454545454546,252.9375000000001,252.8017241379311,253,254.39,252.6206896551724,249.1188118811881
244.5555555555555,247.9189189189189,252.7,254.1363636363637,253.1875000000001,252.9051724137931,253.2,254.55,252.7241379310345,249.2673267326733
244.6666666666666,248.0540540540541,252.9,254.2272727272727,253.4375000000001,253.0086206896552,253.4,254.71,252.8839285714286,249.4158415841584
244.8333333333333,248.1891891891892,253.1,254.3181818181818,253.6875000000001,253.1120689655172,253.6,254.8846153846154,253.0625,249.5643564356436
245.1666666666666,248.3243243243243,253.2840909090909,254.4090909090909,253.9375,253.2155172413794,253.8,255.0641025641026,253.2410714285714,249.7128712871287
245.5,248.4594594594595,253.4204545454545,254.5,254.1875,253.3189655172414,254,255.2435897435898,253.4196428571429,249.8411214953271
245.8333333333333,248.5945945945946,253.5568181818182,254.5909090909091,254.34375,253.4224137931035,254.2,255.423076923077,253.5982142857143,249.9626168224299
246.1666666666667,248.7297297297297,253.6931818181818,254.6818181818182,254.46875,253.5258620689656,254.4,255.6025641025641,253.7767857142857,250.0841121495327
246.5,248.8648648648649,253.8295454545454,254.7767857142857,254.59375,253.6293103448276,254.6,255.7820512820513,253.9553571428572,250.2056074766355
246.7222222222222,249,253.9659090909091,254.8839285714286,254.7187500000001,253.7327586206897,254.7931034482758,255.9615384615385,254.1339285714286,250.3271028037383
246.6111111111111,249.1351351351352,254.1022727272727,254.9910714285714,254.84375,253.8362068965517,254.9655172413793,256.1410256410256,254.3125000000001,250.4485981308411
246.4999999999999,249.2702702702703,254.2386363636363,255.0982142857143,254.96875,253.9396551724138,255.1379310344827,256.3205128205128,254.4910714285714,250.5700934579439
246.3888888888889,249.4054054054054,254.375,255.2053571428572,255.0937500000001,254.0431034482759,255.3103448275862,256.5,254.6696428571429,250.6915887850467
246.2777777777777,249.5405405405405,254.5113636363636,255.3125,255.21875,254.146551724138,255.4827586206897,256.6794871794872,254.8482142857143,250.8130841121495
246.1666666666666,249.6756756756757,254.6477272727273,255.4196428571428,255.34375,254.25,255.6551724137931,256.8589743589744,255.0267857142858,250.9345794392523
246.0555555555555,249.8108108108108,254.775,255.5267857142857,255.46875,254.3269230769231,255.8275862068966,257.0384615384615,255.2053571428572,251.0560747663551
245.9444444444444,249.9459459459459,254.875,255.6339285714286,255.59375,254.4038461538462,256,257.2179487179487,255.3,251.1775700934579
245.8333333333333,250.081081081081,254.975,255.7410714285714,255.71875,254.4807692307693,256.1724137931034,257.3974358974359,255.3666666666667,251.2990654205607
245.828125,250.2162162162162,255.075,255.8482142857143,255.7727272727273,254.5576923076923,256.3448275862069,257.5769230769231,255.4333333333334,251.4205607476635
246.140625,250.3382352941176,255.175,255.9553571428571,255.8030303030303,254.6346153846154,256.5172413793103,257.7564102564103,255.5,251.5420560747663
246.453125,250.4558823529412,255.275,256.0625,255.8333333333334,254.7115384615385,256.6896551724138,257.9358974358975,255.5666666666667,251.6635514018691
246.7656249999999,250.5735294117647,255.375,256.1696428571428,255.8636363636364,254.7884615384616,256.8620689655173,258.1153846153846,255.6333333333334,251.7850467289719
247.078125,250.6911764705882,255.475,256.2803030303031,255.8939393939394,254.8653846153846,257.0344827586207,258.2954545454546,255.7,251.9065420560747
247.390625,250.8088235294117,255.575,256.4015151515151,255.9242424242424,254.9423076923077,257.2068965517241,258.4772727272727,255.8409090909092,252.0280373831775
247.703125,250.9264705882352,255.675,256.5227272727273,255.9545454545455,255.0192307692308,257.375,258.6590909090909,256.2045454545455,252.1495327102803
248.015625,251.0441176470588,255.775,256.6439393939394,255.9848484848485,255.0961538461539,257.5416666666667,258.8409090909091,256.5681818181819,252.2710280373831
248.29,251.1617647058823,255.875,256.7651515151515,256.0151515151515,255.1730769230769,257.7083333333334,259.0227272727273,256.9318181818182,252.3925233644859
248.45,251.2794117647059,255.975,256.8863636363636,256.0454545454546,255.25,257.875,259.2045454545454,257.2954545454546,252.5140186915887
248.61,251.3970588235294,256.075,257.0075757575758,256.0757575757576,255.3316326530612,258.0416666666666,259.3863636363636,257.6590909090909,252.6355140186915
248.77,251.5147058823529,256.175,257.1287878787879,256.1060606060606,255.4132653061225,258.2083333333334,259.5681818181819,257.8478260869565,252.7570093457943
248.93,251.6323529411765,256.2741935483871,257.25,256.1363636363636,255.4948979591837,258.375,259.75,257.9782608695652,252.8785046728971
249.09,251.75,256.3709677419355,257.3712121212121,256.1666666666667,255.5765306122449,258.5416666666667,259.9318181818182,258.1086956521739,252.9999999999999
249.25,251.8676470588235,256.4677419354838,257.4924242424242,256.1969696969697,255.6581632653061,258.7083333333334,260.1136363636364,258.2391304347826,253.0999999999999
249.41,251.985294117647,256.5645161290323,257.6136363636364,256.2272727272727,255.7397959183673,258.875,260.2954545454546,258.3695652173913,253.1999999999999
249.57,252.1029411764706,256.6612903225807,257.7348484848485,256.264705882353,255.8214285714286,259.0416666666667,260.4772727272727,258.5,253.2999999999999
249.73,252.2205882352941,256.758064516129,257.8560606060606,256.3235294117647,255.9030612244898,259.2083333333334,260.6590909090909,258.6304347826087,253.3999999999999
249.89,252.325,256.8548387096774,257.9772727272727,256.3823529411765,255.984693877551,259.2777777777778,260.8409090909091,258.7608695652174,253.4999999999999
250.05,252.425,256.9516129032258,258.0984848484849,256.4411764705882,256.0663265306123,259.3148148148148,261.0227272727273,258.8913043478261,253.5999999999999
250.21,252.525,257.0483870967742,258.219696969697,256.5,256.1479591836735,259.3518518518518,261.2045454545455,259.0217391304348,253.6999999999999
250.3203125,252.625,257.1451612903226,258.2916666666667,256.5588235294118,256.2295918367347,259.3888888888889,261.3461538461538,259.1521739130435,253.8
250.4140625,252.725,257.241935483871,258.3472222222222,256.6176470588235,256.3684210526316,259.4259259259259,261.474358974359,259.275,253.8999999999999
250.5078125,252.825,257.3387096774194,258.4027777777778,256.6764705882353,256.5263157894737,259.4629629629629,261.6025641025641,259.375,253.9999999999999
250.6015625,252.925,257.4354838709677,258.4583333333334,256.7352941176471,256.6842105263158,259.5,261.7307692307693,259.475,254.0999999999999
250.6953125,253.025,257.5322580645162,258.5138888888889,256.7941176470588,256.8421052631579,259.537037037037,261.8589743589744,259.575,254.1999999999999
250.7890625,253.125,257.6290322580645,258.5694444444445,256.8529411764706,257,259.574074074074,261.9871794871795,259.675,254.3
250.8828125,253.225,257.7258064516129,258.625,256.9117647058823,257.1578947368421,259.6111111111111,262.1153846153846,259.775,254.3999999999999
250.9765625,253.325,257.84375,258.6805555555555,256.9705882352941,257.3157894736842,259.6481481481481,262.2435897435897,259.875,254.4999999999999
251.0703125,253.425,257.96875,258.7361111111111,257.0294117647059,257.4736842105263,259.6851851851851,262.3717948717949,259.975,254.5999999999999
251.1640625,253.525,258.09375,258.7916666666667,257.0882352941177,257.6315789473684,259.7222222222222,262.5,260.075,254.6999999999999
251.2578125,253.625,258.21875,258.8472222222222,257.1470588235294,257.7875,259.7763157894736,262.6282051282051,260.175,254.8
251.3515625,253.725,258.34375,258.9027777777778,257.2058823529412,257.9375,259.8815789473684,262.7564102564103,260.2826086956522,254.8999999999999
251.4453125,253.825,258.46875,258.9583333333334,257.2931034482759,258.0875,259.9868421052631,262.8846153846154,260.4130434782609,254.9999999999999
251.5390625,253.925,258.59375,259.0138888888889,257.4655172413793,258.2375,260.0921052631579,263.0128205128206,260.5434782608696,255.0999999999999
251.6328125,254.025,258.71875,259.0694444444445,257.6379310344828,258.3875,260.1973684210526,263.1410256410256,260.6739130434783,255.1999999999999
251.7265625,254.125,258.84375,259.125,257.8103448275862,258.5375,260.3026315789473,263.2692307692308,260.8043478260869,255.2999999999999
251.8068181818181,254.225,258.96875,259.1805555555555,257.9827586206897,258.6875,260.4078947368421,263.3974358974359,260.9347826086957,255.3999999999999
251.8825757575758,254.325,259.09375,259.2361111111111,258.1551724137931,258.8375,260.5131578947368,263.5256410256411,261.0652173913044,255.4999999999999
251.9583333333333,254.425,259.21875,259.3888888888889,258.3275862068965,258.9875,260.6184210526316,263.6538461538461,261.1956521739131,255.6
252.0340909090909,254.525,259.34375,259.5740740740741,258.5,259.1375,260.7236842105263,263.7565789473684,261.3260869565217,255.6999999999999
252.1098484848484,254.625,259.46875,259.7592592592593,258.6724137931035,259.2692307692308,260.85,263.7828947368421,261.4565217391304,255.8
252.185606060606,254.725,259.59375,259.9444444444445,258.8448275862069,259.3461538461539,260.9833333333333,263.8092105263158,261.5869565217391,255.8999999999999
252.2613636363636,254.8513513513514,259.71875,260.1296296296296,259.0172413793103,259.4230769230769,261.1166666666667,263.8355263157895,261.7173913043478,255.9999999999999
252.3371212121212,254.9864864864865,259.7983870967742,260.3148148148148,259.1896551724138,259.5,261.25,263.8618421052632,261.7857142857143,256.0999999999999
252.4128787878788,255.1216216216216,259.8629032258065,260.5,259.3620689655172,259.5769230769231,261.3833333333333,263.8881578947369,261.8333333333333,256.1999999999999
252.4886363636364,255.2567567567568,259.9274193548387,260.6851851851852,259.5344827586207,259.6538461538462,261.5166666666667,263.9144736842105,261.8809523809524,256.3
252.5643939393939,255.3918918918919,259.991935483871,260.8703703703704,259.7068965517241,259.7307692307692,261.65,263.9407894736842,261.9285714285714,256.3999999999999
252.6401515151515,255.527027027027,260.0564516129032,261.0555555555555,259.7734375,259.8076923076923,261.75,263.9671052631579,261.9761904761905,256.4999999999999
252.7159090909091,255.6621621621622,260.1209677419355,261.2407407407408,259.8046875,259.8846153846154,261.75,263.9934210526316,262.0238095238095,256.6
252.7916666666666,255.7972972972973,260.1854838709677,261.4259259259259,259.8359375,259.9615384615385,261.75,264.0197368421053,262.0714285714286,256.6999999999999
252.8674242424242,255.9324324324324,260.25,261.6111111111111,259.8671875,260.0384615384615,261.75,264.046052631579,262.1190476190476,256.8
252.9431818181818,256.0675675675676,260.3145161290323,261.7421875,259.8984375,260.1153846153846,261.75,264.0723684210526,262.1666666666667,256.8999999999999
253.0189393939394,256.2027027027027,260.3790322580645,261.7109375,259.9296875,260.1923076923077,261.7499999999999,264.0986842105264,262.2142857142857,256.9999999999999
253.094696969697,256.3378378378379,260.4435483870968,261.6796875,259.9609375,260.2833333333333,261.7499999999999,264.125,262.234375,257.0754716981132
253.1704545454545,256.472972972973,260.508064516129,261.6484375,259.9921875,260.4166666666667,261.7499999999999,264.1513157894737,262.171875,257.1509433962264
253.2462121212121,256.6081081081081,260.5725806451613,261.6171875,260.0234375,260.55,261.7499999999999,264.1776315789474,262.109375,257.2264150943396
253.3219696969697,256.7432432432432,260.6370967741935,261.5859375,260.0546875,260.6833333333333,261.7499999999999,264.203947368421,262.046875,257.3018867924528
253.3977272727273,256.8783783783784,260.7016129032258,261.5546875,260.0859375,260.8166666666667,261.7968749999999,264.2302631578947,261.984375,257.377358490566
253.4734848484848,257.0135135135135,260.7916666666666,261.5234375,260.1171875,260.95,261.9843749999999,264.2670454545455,261.921875,257.4528301886792
253.5492424242424,257.1486486486486,260.9583333333334,261.4921875,260.1484375,261.0833333333333,262.1718749999999,264.3352272727273,261.859375,257.5283018867924
253.625,257.2616279069767,261.125,261.4609375,260.1796875,261.2166666666667,262.3593749999999,264.4034090909091,261.796875,257.6037735849056
253.7007575757576,257.3081395348837,261.2916666666666,261.4296875,260.2109375,261.35,262.5468749999999,264.4715909090909,261.797619047619,257.6792452830188
253.7765151515151,257.3546511627907,261.4583333333334,261.3984375,260.2421875,261.4833333333333,262.7343749999999,264.5397727272727,261.9880952380952,257.754716981132
253.8522727272727,257.4011627906976,261.625,261.3671875,260.3092105263158,261.6166666666667,262.9218749999999,264.6079545454545,262.1785714285714,257.8301886792452
253.9280303030303,257.4476744186047,261.7916666666666,261.3359375,260.3881578947368,261.75,263.1093749999999,264.6761363636364,262.3690476190476,257.9056603773584
254.0037878787879,257.4941860465116,261.9583333333334,261.3046875,260.4671052631579,261.8833333333333,263.2763157894736,264.7443181818182,262.5595238095238,257.9811320754716
254.0795454545455,257.5406976744186,262.125,261.2734375,260.546052631579,262.0166666666667,263.3815789473683,264.8125,262.75,258.0566037735849
254.155303030303,257.5872093023256,262.2621951219512,261.2738095238095,260.625,262.15,263.4868421052631,264.8806818181818,262.9404761904762,258.132075471698
254.2310606060606,257.6337209302325,262.3109756097561,261.3690476190476,260.703947368421,262.258064516129,263.5921052631579,264.9488636363636,263.1309523809524,258.2075471698113
254.2741935483871,257.6802325581396,262.359756097561,261.4642857142857,260.7828947368421,262.2903225806451,263.6973684210526,265.0170454545455,263.3214285714286,258.2830188679245
254.3064516129033,257.7267441860465,262.4085365853658,261.5595238095239,260.8618421052632,262.3225806451613,263.8026315789473,265.0852272727273,263.5119047619048,258.3584905660377
254.3387096774194,257.7732558139535,262.4573170731708,261.6547619047619,260.9407894736842,262.3548387096774,263.9078947368421,265.1534090909091,263.702380952381,258.4339622641509
254.3709677419355,257.8197674418604,262.5060975609756,261.75,261.0197368421053,262.3870967741935,264.0131578947368,265.2215909090909,263.7916666666667,258.5094339622641
254.4032258064516,257.8662790697674,262.5548780487804,261.8452380952381,261.0986842105263,262.4193548387096,264.1184210526316,265.2897727272727,263.8472222222222,258.5849056603773
254.4354838709677,257.9127906976744,262.6036585365854,261.9404761904762,261.1776315789474,262.4516129032259,264.2236842105263,265.3579545454546,263.9027777777778,258.6603773584905
254.4677419354839,257.9593023255814,262.6524390243903,262.0357142857143,261.2565789473684,262.483870967742,264.2142857142857,265.4261363636364,263.9583333333334,258.7358490566037
254.5,258.0058139534884,262.7012195121952,262.1309523809524,261.3355263157895,262.516129032258,264.1666666666667,265.4943181818182,264.0138888888889,258.8113207547169
254.5322580645161,258.0523255813953,262.75,262.2261904761905,261.4144736842105,262.5483870967742,264.1190476190476,265.5625,264.0694444444445,258.8867924528302
254.5645161290323,258.0988372093023,262.7987804878048,262.3181818181818,261.4934210526316,262.5806451612904,264.0714285714286,265.6306818181818,264.125,258.9622641509433
254.5967741935484,258.1453488372093,262.8475609756098,262.4090909090909,261.5723684210527,262.6129032258065,264.0238095238095,265.6988636363636,264.1805555555555,259.0377358490566
254.6290322580645,258.1918604651163,262.8963414634146,262.5,261.6513157894737,262.6451612903226,263.9761904761905,265.7454545454546,264.2361111111111,259.1132075471697
254.6612903225806,258.2383720930233,262.9451219512195,262.5909090909091,261.7302631578947,262.6774193548387,263.9285714285714,265.7272727272727,264.2916666666667,259.188679245283
254.6935483870968,258.2291666666667,262.9939024390244,262.6818181818182,261.8076923076923,262.7096774193548,263.8809523809524,265.7090909090909,264.3472222222222,259.2641509433962
254.7258064516129,258.2013888888889,263.0426829268293,262.7727272727273,261.8846153846154,262.741935483871,263.8333333333334,265.6909090909091,264.4027777777778,259.3396226415094
254.7596153846154,258.1736111111111,263.0914634146341,262.8636363636364,261.9615384615385,262.781914893617,263.7857142857143,265.6727272727273,264.4583333333334,259.4150943396226
254.7980769230769,258.1458333333334,263.140243902439,262.9545454545455,262.0384615384615,262.8244680851064,263.7738095238095,265.6545454545454,264.5138888888889,259.4905660377358
254.8365384615385,258.1180555555555,263.1890243902439,263.0454545454546,262.1153846153846,262.8670212765958,263.8690476190476,265.6363636363636,264.5694444444445,259.566037735849
254.875,258.0902777777778,263.2378048780488,263.1363636363636,262.1923076923077,262.9095744680851,263.9642857142857,265.6181818181818,264.625,259.6415094339622
254.9134615384615,258.0625,263.2978723404255,263.2272727272727,262.2692307692308,262.9521276595745,264.0595238095238,265.6,264.6805555555555,259.7169811320754
254.9519230769231,258.0347222222222,263.3617021276596,263.2767857142857,262.3461538461539,262.9946808510638,264.1547619047619,265.5818181818182,264.7361111111111,259.7924528301886
254.9903846153846,258.0069444444445,263.4255319148936,263.3125,262.4230769230769,263.0372340425532,264.25,265.5636363636364,264.75,259.8679245283018
255.0288461538462,257.9791666666666,263.4893617021277,263.3482142857143,262.5,263.0797872340426,264.3452380952381,265.5454545454545,264.75,259.9433962264151
255.0673076923077,257.9513888888889,263.5531914893617,263.3839285714286,262.5769230769231,263.1223404255319,264.4404761904761,265.5272727272727,264.75,260.0188679245283
255.1057692307692,257.9236111111111,263.6170212765957,263.4196428571429,262.6538461538461,263.1648936170213,264.5357142857143,265.5090909090909,264.75,260.0943396226414
255.1442307692308,257.8958333333334,263.6808510638298,263.4553571428571,262.7307692307692,263.2074468085107,264.6309523809524,265.4909090909091,264.75,260.1698113207547
255.1826923076923,257.8680555555555,263.7446808510638,263.4910714285714,262.8076923076923,263.25,264.7261904761905,265.4727272727273,264.75,260.2452830188679
255.2211538461538,257.8402777777778,263.8085106382978,263.5267857142857,262.8846153846154,263.2925531914893,264.7916666666667,265.4545454545454,264.75,260.3207547169811
255.2651515151515,257.8125,263.8723404255319,263.5625,262.9615384615385,263.3351063829787,264.8472222222222,265.4363636363636,264.75,260.3962264150943
255.3257575757576,257.7847222222222,263.9361702127659,263.5982142857143,263.0384615384615,263.3776595744681,264.9027777777778,265.4181818181818,264.75,260.4716981132075
255.3863636363636,257.7569444444445,264,263.6339285714286,263.1153846153846,263.4202127659574,264.9583333333333,265.4,264.75,260.5471698113207
255.4469696969697,257.7659574468085,264.0638297872341,263.6696428571428,263.1923076923077,263.4627659574468,265.0138888888889,265.3818181818182,264.75,260.6226415094339
255.5075757575758,257.7872340425532,264.1276595744681,263.7053571428572,263.2435897435898,263.5053191489362,265.0694444444445,265.3636363636364,264.75,260.6981132075471
255.5681818181818,257.8085106382979,264.1914893617021,263.7410714285714,263.2179487179487,263.5478723404256,265.125,265.3454545454545,264.75,260.7735849056604
255.6287878787879,257.8297872340426,264.2553191489362,263.7291666666667,263.1923076923077,263.5904255319149,265.1805555555555,265.3272727272727,264.75,260.8490566037735
255.6893939393939,257.8510638297872,264.3191489361702,263.7013888888889,263.1666666666666,263.6329787234042,265.2361111111111,265.3090909090909,264.75,260.9245283018867
255.75,257.8723404255319,264.3829787234043,263.6736111111111,263.1410256410257,263.6755319148936,265.2083333333334,265.2909090909091,264.7741935483871,260.9999999999999
255.8106060606061,257.8936170212766,264.4468085106383,263.6458333333333,263.1153846153846,263.718085106383,265.1527777777778,265.2727272727273,264.8064516129032,261.0057142857142
255.8712121212121,257.9148936170213,264.5106382978723,263.6180555555555,263.0897435897436,263.7456896551724,265.0972222222222,265.2545454545455,264.8387096774193,261.0114285714286
255.9318181818182,257.9361702127659,264.5744680851064,263.5902777777778,263.0641025641025,263.728448275862,265.0416666666666,265.2333333333333,264.8709677419355,261.0171428571428
255.9924242424242,257.9574468085107,264.6382978723404,263.5625,263.0384615384615,263.7112068965517,264.9861111111111,265.2111111111111,264.9032258064516,261.0228571428571
256.0530303030303,257.9787234042553,264.7021276595744,263.5347222222222,263.0128205128205,263.6939655172414,264.9305555555555,265.1888888888889,264.9354838709677,261.0285714285714
256.1136363636364,258,264.7368421052632,263.5069444444445,262.9871794871794,263.676724137931,264.875,265.1666666666667,264.9677419354838,261.0342857142857
256.1742424242424,258.0212765957447,264.6842105263158,263.4791666666667,262.9615384615385,263.6594827586207,264.8194444444445,265.1444444444444,265,261.04
256.2348484848485,258.0425531914894,264.6315789473684,263.4513888888889,262.9358974358975,263.6422413793103,264.7638888888889,265.1222222222223,265.0322580645161,261.0457142857142
256.2241379310345,258.0638297872341,264.578947368421,263.4236111111111,262.9102564102564,263.625,264.7083333333333,265.1,265.0645161290323,261.0514285714285
256.1896551724138,258.0851063829787,264.5263157894736,263.3958333333333,262.8846153846154,263.6077586206897,264.6527777777778,265.0777777777778,265.0967741935484,261.0571428571428
256.1551724137931,258.1063829787234,264.4736842105263,263.3680555555555,262.8589743589744,263.5905172413793,264.5972222222222,265.0555555555555,265.1290322580645,261.0628571428571
256.1206896551724,258.1276595744681,264.421052631579,263.3402777777778,262.8333333333333,263.573275862069,264.5416666666667,265.0333333333334,265.1612903225806,261.0685714285714
256.0862068965517,258.1489361702128,264.3684210526316,263.3125,262.8076923076923,263.5560344827586,264.4861111111111,265.0111111111111,265.1935483870968,261.0742857142857
256.051724137931,258.1702127659574,264.3157894736842,263.2847222222222,262.7820512820513,263.5387931034483,264.4305555555555,264.9888888888889,265.2258064516129,261.0799999999999
256.0172413793103,258.1914893617021,264.2631578947368,263.2569444444445,262.7564102564102,263.521551724138,264.375,264.9666666666667,265.2611111111111,261.0857142857143
255.9827586206897,258.2127659574468,264.2777777777778,263.23125,262.7222222222222,263.5043103448276,264.3194444444445,264.9444444444445,265.3055555555555,261.0914285714285
255.948275862069,258.2340425531915,264.3148148148148,263.20625,262.6851851851852,263.4870689655172,264.2638888888889,264.9222222222222,265.35,261.0971428571428
255.9137931034483,258.2576923076924,264.3518518518518,263.18125,262.6481481481482,263.4698275862069,264.2115384615385,264.9,265.3944444444444,261.1028571428571
255.8793103448276,258.2884615384615,264.3888888888889,263.15625,262.6111111111111,263.4525862068966,264.1602564102564,264.8777777777778,265.4388888888889,261.1085714285714
255.8448275862069,258.3192307692308,264.4259259259259,263.13125,262.5740740740741,263.4353448275862,264.1089743589744,264.8555555555556,265.4833333333333,261.1142857142857
255.8103448275862,258.35,264.4629629629629,263.10625,262.5370370370371,263.4181034482759,264.0576923076923,264.8333333333333,265.5277777777778,261.12
255.7758620689655,258.3807692307692,264.5,263.08125,262.5,263.4008620689655,264.0064102564103,264.8111111111111,265.5722222222223,261.1257142857143
255.76875,258.4115384615385,264.5370370370371,263.05625,262.4629629629629,263.3836206896552,263.9551282051282,264.7888888888889,265.6166666666667,261.1314285714285
255.84375,258.4423076923077,264.5740740740741,263.03125,262.4259259259259,263.3663793103448,263.9038461538462,264.7666666666667,265.6611111111111,261.1371428571428
255.91875,258.4730769230769,264.6111111111111,263.00625,262.3888888888889,263.3491379310345,263.8525641025641,264.7539682539683,265.7055555555556,261.1428571428571
255.99375,258.5038461538462,264.6481481481482,262.98125,262.3518518518518,263.3318965517241,263.8012820512821,264.7698412698413,265.75,261.1485714285714
256.06875,258.5346153846154,264.6851851851852,262.95625,262.3148148148148,263.3146551724138,263.75,264.7857142857143,265.7944444444444,261.1542857142857
256.14375,258.5653846153846,264.7222222222222,262.93125,262.2777777777778,263.2974137931034,263.698717948718,264.8015873015873,265.8388888888888,261.16
256.21875,258.5961538461538,264.74375,262.90625,262.2444444444444,263.2801724137931,263.6474358974359,264.8174603174604,265.8833333333333,261.1657142857143
256.29375,258.626923076923,264.71875,262.88125,262.2222222222222,263.2629310344828,263.5961538461538,264.8333333333333,265.9277777777778,261.1714285714286
256.36875,258.6576923076923,264.69375,262.85625,262.2,263.2361111111111,263.5448717948718,264.8492063492064,265.9722222222222,261.1771428571428
256.44375,258.6884615384615,264.66875,262.83125,262.1777777777778,263.1805555555555,263.4935897435897,264.8650793650794,266.0166666666667,261.1828571428571
256.51875,258.7192307692308,264.64375,262.80625,262.1555555555556,263.125,263.4423076923077,264.8809523809524,266.0611111111111,261.1885714285714
256.59375,258.75,264.61875,262.78125,262.1333333333333,263.0694444444445,263.3910256410256,264.8968253968254,266.1055555555556,261.1942857142857
256.66875,258.7807692307692,264.59375,262.75625,262.1111111111111,263.0138888888889,263.3397435897436,264.9126984126984,266.15,261.2
256.74375,258.8115384615385,264.56875,262.7302631578947,262.0888888888888,262.9583333333333,263.2884615384615,264.9285714285714,266.1944444444445,261.2057142857143
256.81875,258.8423076923077,264.54375,262.7039473684211,262.0666666666667,262.9027777777778,263.2575757575758,264.9444444444445,266.2388888888889,261.2114285714285
256.89375,258.873076923077,264.51875,262.6776315789474,262.0444444444445,262.8472222222222,263.2878787878788,264.9603174603175,266.19,261.2171428571428
256.96875,258.9038461538462,264.49375,262.6513157894736,262.0222222222222,262.7916666666667,263.3181818181818,264.9761904761905,266.11,261.2228571428572
257.04375,258.9346153846154,264.46875,262.625,262,262.7361111111111,263.3484848484848,264.9920634920635,266.03,261.2285714285715
257.11875,258.9653846153846,264.44375,262.5986842105264,261.9777777777778,262.6805555555555,263.3787878787879,265.0079365079365,265.95,261.2342857142857
257.19375,258.9961538461538,264.41875,262.5723684210526,261.9555555555555,262.625,263.4090909090909,265.0238095238095,265.87,261.24
257.2596153846154,259.0269230769231,264.39375,262.546052631579,261.9333333333333,262.5694444444445,263.4393939393939,265.0396825396825,265.79,261.2457142857143
257.2980769230769,259.0576923076923,264.36875,262.5197368421053,261.9111111111112,262.5138888888889,263.4696969696969,265.0555555555555,265.71,261.2317708333333
257.3365384615385,259.0884615384615,264.34375,262.4934210526316,261.8888888888889,262.4583333333333,263.5,265.0714285714286,265.63,261.1588541666667
257.375,259.1192307692307,264.31875,262.4671052631579,261.8666666666667,262.4027777777778,263.530303030303,265.0873015873016,265.55,261.0859375
257.4134615384615,259.15,264.29375,262.4407894736842,261.8444444444444,262.3472222222222,263.5606060606061,265.1031746031746,265.47,261.0130208333333
257.4519230769231,259.1807692307692,264.26875,262.4144736842105,261.8222222222223,262.2916666666667,263.5909090909091,265.1190476190476,265.39,260.9401041666667
257.4903846153846,259.2115384615385,264.2321428571429,262.3881578947369,261.8,262.2358490566037,263.6212121212121,265.1349206349206,265.31,260.8671875
257.5288461538462,259.2423076923077,264.1607142857143,262.3618421052631,261.7777777777778,262.1792452830189,263.6515151515151,265.1507936507936,265.23,260.7942708333333
257.5673076923077,259.2222222222222,264.0892857142857,262.3355263157895,261.7555555555556,262.1226415094339,263.6818181818182,265.1666666666667,265.15,260.7213541666667
257.6057692307692,259.1851851851852,264.0178571428571,262.3092105263158,261.7211538461539,262.0660377358491,263.7121212121212,265.1825396825397,265.07,260.6484375
257.6442307692308,259.1481481481482,263.9464285714286,262.2828947368421,261.6826923076923,262.0094339622642,263.7424242424242,265.1984126984127,264.99,260.5755208333333
257.6826923076923,259.1111111111111,263.875,262.2565789473684,261.6442307692308,261.9528301886792,263.7125,265.2142857142857,264.91,260.5026041666667
257.7211538461538,259.0740740740741,263.8035714285714,262.2272727272727,261.6057692307693,261.8962264150943,263.6625,265.2301587301587,264.83,260.4296875
257.7434210526316,259.037037037037,263.7321428571429,262.1969696969697,261.5673076923077,261.8396226415094,263.6125,265.2460317460317,264.75,260.3567708333334
257.7171052631579,259,263.6607142857143,262.1666666666667,261.5288461538462,261.7830188679245,263.5625,265.25,264.67,260.2838541666666
257.6907894736842,258.9629629629629,263.5892857142857,262.1363636363636,261.4903846153846,261.7264150943396,263.5125,265.25,264.59,260.2109375
257.6644736842105,258.9259259259259,263.5178571428571,262.1060606060606,261.4519230769231,261.6698113207547,263.4625,265.25,264.51,260.1380208333334
257.6381578947369,258.8888888888889,263.4464285714286,262.0757575757576,261.4134615384615,261.6132075471698,263.4125,265.25,264.43,260.0651041666666
257.6118421052631,258.8518518518518,263.375,262.0454545454545,261.375,261.5566037735849,263.3625,265.25,264.35,259.9921875
257.5855263157895,258.8148148148148,263.3035714285714,262.0151515151515,261.3365384615385,261.5,263.3125,265.25,264.27,259.9192708333334
257.5592105263158,258.7777777777778,263.2321428571428,261.9848484848485,261.2980769230769,261.4433962264151,263.2625,265.25,264.2227272727273,259.8463541666666
257.5328947368421,258.7407407407408,263.1607142857143,261.9545454545455,261.2596153846154,261.3867924528302,263.2125,265.25,264.1863636363636,259.7734375
257.5065789473684,258.7037037037037,263.0892857142857,261.9242424242424,261.2329545454546,261.3301886792453,263.1625,265.25,264.15,259.7005208333334
257.4802631578947,258.6666666666667,263.0178571428572,261.8939393939394,261.2102272727273,261.2735849056604,263.1125,265.25,264.1136363636364,259.6276041666666
257.453947368421,258.6296296296296,262.9464285714286,261.8636363636364,261.1875,261.2169811320755,263.0625,265.25,264.0772727272727,259.5546875
257.4276315789474,258.5925925925926,262.875,261.8333333333333,261.1647727272727,261.1603773584906,263.0125,265.25,264.0409090909091,259.4817708333334
257.4013157894736,258.5555555555555,262.8035714285714,261.8030303030303,261.1420454545454,261.1037735849056,262.9625,265.25,264.0045454545455,259.4088541666666
257.375,258.5185185185185,262.76,261.7727272727273,261.1193181818182,261.0471698113208,262.9125,265.25,263.9681818181818,259.3359375
257.3486842105263,258.4814814814815,262.8,261.7554347826087,261.0965909090909,260.9905660377358,262.8625,265.25,263.9318181818182,259.2630208333334
257.3223684210526,258.4444444444445,262.84,261.7771739130435,261.0738636363636,260.9339622641509,262.8125,265.25,263.8954545454545,259.1901041666666
257.296052631579,258.4074074074074,262.88,261.7989130434783,261.0511363636364,260.8773584905661,262.7625,265.1976744186047,263.8590909090909,259.1171875
257.2697368421053,258.3703703703704,262.92,261.8206521739131,261.0284090909091,260.8207547169811,262.6666666666667,265.1279069767442,263.8227272727273,259.0442708333334
257.2556818181818,258.3333333333333,262.96,261.8423913043479,261.0056818181818,260.7641509433963,262.5555555555555,265.0581395348837,263.7863636363637,258.9713541666666
257.2784090909091,258.2962962962963,263,261.8641304347826,260.9829545454546,260.7159090909091,262.4444444444445,264.9883720930233,263.75,258.8984375
257.3011363636364,258.2592592592592,263.04,261.8858695652174,260.9602272727273,260.6704545454546,262.3333333333333,264.9186046511628,263.7136363636363,258.8255208333334
257.3238636363636,258.296875,263.08,261.9076086956521,260.9375,260.625,262.2222222222222,264.8488372093023,263.6772727272727,258.7526041666666
257.3465909090909,258.359375,263.12,261.9293478260869,260.9147727272727,260.5795454545455,262.1111111111111,264.7790697674419,263.6409090909091,258.6796875
257.3693181818182,258.421875,263.16,261.9510869565217,260.8920454545455,260.5340909090909,262,264.7093023255814,263.6045454545455,258.6067708333334
257.3920454545454,258.484375,263.2,261.9728260869565,260.8693181818182,260.4886363636364,261.8888888888889,264.6395348837209,263.5681818181818,258.5338541666666
257.4147727272727,258.546875,263.24,261.9945652173913,260.8465909090909,260.4431818181818,261.7777777777778,264.5697674418604,263.5318181818182,258.4609375
257.4375,258.609375,263.2302631578947,262.0163043478261,260.8238636363636,260.3977272727273,261.6666666666666,264.5,263.4954545454545,258.3880208333334
257.4602272727273,258.671875,263.203947368421,262.0380434782609,260.8011363636364,260.3522727272727,261.5555555555555,264.4302325581396,263.4590909090909,258.3151041666666
257.4829545454546,258.734375,263.1776315789474,262.0597826086956,260.7784090909091,260.3068181818182,261.4444444444445,264.3604651162791,263.4227272727273,258.2421875
257.5056818181818,258.796875,263.1513157894736,262.0815217391304,260.7556818181818,260.2613636363636,261.3333333333334,264.2906976744186,263.3863636363636,258.1692708333334
257.5284090909091,258.859375,263.125,262.1032608695652,260.7333333333333,260.25,261.2222222222222,264.2209302325581,263.35,258.0963541666666
257.5511363636364,258.921875,263.0986842105264,262.125,260.7111111111111,260.25,261.1111111111111,264.1511627906976,263.3136363636364,258.0234375
257.5738636363636,258.984375,263.0723684210526,262.1467391304348,260.6888888888889,260.25,261,264.0813953488372,263.2772727272727,257.9505208333334
257.5965909090909,259.046875,263.046052631579,262.1684782608696,260.6666666666667,260.25,260.8888888888889,264.0116279069767,263.2166666666667,257.8776041666666
257.6193181818182,259.109375,263.0197368421053,262.1902173913044,260.6444444444444,260.25,260.7777777777778,263.9418604651163,263.0833333333333,257.8046875
257.6420454545454,259.171875,262.9934210526316,262.2119565217391,260.6222222222222,260.25,260.7329545454546,263.8720930232558,262.95,257.728813559322
257.6647727272727,259.234375,262.9671052631579,262.2336956521739,260.6,260.25,260.7102272727273,263.8023255813953,262.8166666666667,257.6440677966102
257.6875,259.296875,262.9407894736842,262.2548076923077,260.5777777777778,260.25,260.6875,263.7202380952381,262.6833333333333,257.5593220338983
257.7102272727273,259.359375,262.9144736842105,262.2740384615385,260.5555555555555,260.25,260.6647727272727,263.6011904761905,262.55,257.4745762711864
257.7329545454546,259.421875,262.8881578947368,262.2932692307692,260.5333333333333,260.25,260.6420454545454,263.4821428571429,262.4166666666666,257.3898305084746
257.7394366197183,259.484375,262.8618421052632,262.3125,260.5111111111111,260.2352941176471,260.6193181818182,263.3630952380952,262.2833333333333,257.3050847457627
257.6971830985916,259.546875,262.8355263157895,262.3317307692308,260.4888888888889,260.2156862745098,260.5965909090909,263.2440476190476,262.15,257.2203389830509
257.6549295774648,259.609375,262.8092105263158,262.3509615384615,260.4666666666667,260.1960784313725,260.5738636363636,263.125,262.0166666666667,257.135593220339
257.612676056338,259.671875,262.7828947368421,262.3701923076923,260.4444444444445,260.1764705882353,260.5511363636364,263.0059523809524,261.8833333333333,257.0508474576271
257.5704225352113,259.734375,262.7565789473684,262.3894230769231,260.4222222222222,260.1568627450981,260.5284090909091,262.8869047619048,261.75,256.9661016949152
257.5281690140845,259.7333333333333,262.7692307692308,262.4086538461539,260.4,260.1372549019608,260.5056818181818,262.7678571428572,261.6166666666667,256.8813559322034
257.4859154929578,259.7111111111111,262.7948717948718,262.4278846153846,260.3777777777778,260.1176470588235,260.4829545454546,262.6488095238095,261.4833333333333,256.7966101694915
257.443661971831,259.6888888888889,262.8205128205128,262.4471153846154,260.3555555555556,260.0980392156863,260.4602272727273,262.5297619047619,261.35,256.7118644067797
257.4014084507043,259.6666666666667,262.8461538461538,262.4663461538461,260.3333333333333,260.078431372549,260.4375,262.4107142857143,261.2236842105263,256.6271186440678
257.3591549295775,259.6444444444444,262.8717948717949,262.4855769230769,260.3111111111111,260.0588235294118,260.4147727272727,262.2916666666667,261.1184210526316,256.5423728813559
257.3169014084507,259.6222222222222,262.8974358974359,262.5048076923077,260.2888888888889,260.0392156862745,260.3920454545454,262.172619047619,261.0131578947368,256.457627118644
257.2746478873239,259.6,262.9230769230769,262.5240384615385,260.2666666666667,260.0196078431372,260.3693181818182,262.0535714285714,260.9078947368421,256.3728813559322
257.2323943661972,259.5777777777778,262.948717948718,262.5432692307692,260.2386363636364,260,260.3465909090909,261.9345238095238,260.8026315789474,256.2881355932203
257.1901408450705,259.5555555555555,262.974358974359,262.5625,260.1931818181818,259.9803921568628,260.3238636363636,261.8154761904762,260.6973684210526,256.2033898305085
257.1478873239437,259.5333333333333,263,262.5817307692308,260.1477272727273,259.9607843137255,260.3011363636364,261.6964285714286,260.5921052631579,256.1186440677966
257.1056338028169,259.5111111111111,263.025641025641,262.6009615384615,260.1022727272727,259.9411764705882,260.2784090909091,261.577380952381,260.4868421052632,256.0338983050847
257.0633802816901,259.4888888888889,263.051282051282,262.6201923076923,260.0568181818182,259.921568627451,260.2556818181818,261.4583333333333,260.3815789473684,255.9491525423729
257.0211267605634,259.4666666666667,263.0769230769231,262.6394230769231,260.0113636363636,259.9019607843138,260.2045454545455,261.3392857142857,260.2763157894736,255.864406779661
256.9788732394367,259.4444444444445,263.1025641025641,262.6586538461539,259.9659090909091,259.8823529411765,260.1439393939394,261.2272727272727,260.171052631579,255.7796610169491
256.9366197183099,259.4222222222222,263.1282051282051,262.6778846153846,259.9204545454545,259.8627450980392,260.0833333333333,261.1363636363636,260.0657894736842,255.6949152542373
256.8943661971831,259.4,263.1538461538461,262.6971153846154,259.875,259.843137254902,260.0227272727273,261.0454545454546,259.9605263157895,255.6101694915254
256.8521126760563,259.3777777777778,263.1794871794872,262.7163461538461,259.8295454545455,259.8235294117647,259.9621212121212,260.9545454545454,259.8552631578947,255.5254237288136
256.8098591549295,259.3555555555556,263.2051282051282,262.7355769230769,259.7840909090909,259.8039215686275,259.9015151515151,260.8636363636364,259.75,255.4406779661017
256.7676056338028,259.3333333333334,263.2307692307692,262.7421875,259.7386363636364,259.7843137254902,259.8409090909091,260.7727272727273,259.6447368421053,255.3559322033898
256.7253521126761,259.3111111111111,263.2421875,262.7109375,259.6931818181818,259.7647058823529,259.780303030303,260.6818181818181,259.5394736842105,255.271186440678
256.6830985915493,259.2888888888889,263.2109375,262.6796875,259.6477272727273,259.7368421052632,259.719696969697,260.5909090909091,259.4342105263158,255.11875
256.6408450704225,259.2666666666667,263.1796875,262.6484375,259.6022727272727,259.6842105263158,259.6590909090909,260.5,259.328947368421,254.94375
256.5985915492958,259.2276785714286,263.1484375,262.6171875,259.5568181818182,259.6315789473684,259.5984848484849,260.4090909090909,259.2279411764706,254.76875
256.556338028169,259.1383928571429,263.1171875,262.5859375,259.5113636363636,259.578947368421,259.5378787878788,260.3181818181819,259.1397058823529,254.59375
256.5140845070422,259.0491071428571,263.0859375,262.5546875,259.4659090909091,259.5263157894737,259.4772727272727,260.2272727272727,259.0514705882353,254.41875
256.4718309859155,258.9598214285714,263.0546875,262.5234375,259.4204545454546,259.4736842105263,259.4166666666667,260.1363636363636,258.9632352941176,254.24375
256.4295774647887,258.8705357142857,263.0234375,262.4921875,259.375,259.421052631579,259.3560606060606,260.0454545454546,258.875,254.06875
256.387323943662,258.78125,262.9921875,262.4609375,259.3295454545454,259.3684210526316,259.2954545454546,259.9545454545454,258.7867647058824,253.89375
256.3450704225352,258.6919642857143,262.9609375,262.4296875,259.2840909090909,259.3157894736842,259.2241379310345,259.8636363636364,258.6985294117647,253.71875
256.3028169014084,258.6026785714286,262.9296875,262.3984375,259.2395833333334,259.2631578947368,259.1206896551724,259.7727272727273,258.6102941176471,253.54375
256.2605633802817,258.5133928571428,262.8984375,262.3671875,259.1979166666666,259.2105263157895,259.0172413793103,259.6818181818182,258.5220588235294,253.36875
256.198275862069,258.4241071428572,262.8671875,262.3359375,259.15625,259.1578947368421,258.9137931034483,259.5909090909091,258.4338235294118,253.19375
256.1293103448276,258.3348214285714,262.8359375,262.3046875,259.1145833333334,259.1052631578947,258.8103448275862,259.5,258.3455882352941,253.01875
256.0603448275862,258.2455357142857,262.8046875,262.2734375,259.0729166666666,259.0526315789474,258.7068965517241,259.4090909090909,258.2573529411765,252.84375
255.9913793103449,258.15625,262.7734375,262.2291666666666,259.03125,259,258.603448275862,259.3181818181818,258.1691176470588,252.66875
255.9224137931035,258.0669642857143,262.7187499999999,262.1458333333334,258.9895833333333,258.9473684210526,258.4999999999999,259.2205882352941,258.0808823529412,252.49375
255.8534482758621,257.9776785714286,262.59375,262.0625,258.9479166666667,258.8947368421053,258.3965517241379,259.1029411764706,257.9926470588235,252.31875
255.7844827586207,257.8883928571428,262.46875,261.9791666666667,258.90625,258.8421052631579,258.2931034482758,258.9852941176471,257.9044117647059,252.14375
255.7155172413793,257.7991071428572,262.34375,261.8958333333333,258.8645833333333,258.7894736842105,258.1896551724137,258.8676470588235,257.8161764705882,251.96875
255.6465517241379,257.7098214285714,262.21875,261.8125,258.8229166666667,258.72,258.0862068965516,258.75,257.7096774193548,251.79375
255.5775862068966,257.6205357142857,262.09375,261.7291666666667,258.78125,258.6,257.9827586206895,258.6323529411765,257.5483870967741,251.6260869565218
255.5086206896552,257.53125,261.96875,261.6458333333333,258.7395833333333,258.48,257.8793103448275,258.5147058823529,257.3870967741935,251.4608695652174
255.4396551724138,257.4419642857143,261.84375,261.5625,258.6979166666667,258.36,257.7758620689654,258.3970588235294,257.2258064516129,251.295652173913
255.3706896551724,257.3526785714286,261.71875,261.4791666666667,258.65625,258.24,257.6774193548386,258.2794117647059,257.0645161290323,251.1304347826087
255.301724137931,257.2633928571428,261.59375,261.3958333333333,258.6145833333333,258.12,257.5806451612902,258.1617647058824,256.9032258064516,250.9652173913043
255.2361111111111,257.1741071428572,261.46875,261.3125,258.5729166666667,258,257.4838709677418,258.0441176470588,256.741935483871,250.8
255.1805555555555,257.0848214285714,261.34375,261.2608695652174,258.53125,257.88,257.3870967741934,257.9264705882352,256.5806451612903,250.6347826086956
255.125,256.9955357142857,261.2321428571428,261.3043478260869,258.4895833333333,257.76,257.2903225806451,257.8088235294118,256.4193548387097,250.4695652173913
255.0694444444445,256.90625,261.1607142857143,261.3478260869566,258.4479166666667,257.64,257.1935483870967,257.6911764705882,256.258064516129,250.3043478260869
255.0138888888889,256.8169642857143,261.0892857142857,261.3913043478261,258.40625,257.52,257.0967741935483,257.5735294117647,256.0967741935484,250.1391304347825
254.9583333333333,256.734375,261.0178571428571,261.4347826086956,258.3645833333333,257.4,256.9999999999999,257.4558823529412,255.9354838709677,249.9739130434782
254.9027777777778,256.671875,260.9464285714286,261.4782608695652,258.3229166666667,257.28,256.9032258064516,257.3382352941176,255.7741935483871,249.8086956521739
254.8472222222222,256.609375,260.875,261.5217391304348,258.28125,257.2105263157895,256.8064516129032,257.212962962963,255.6129032258065,249.6434782608695
254.7916666666667,256.546875,260.8035714285714,261.5652173913044,258.2358490566038,257.1578947368421,256.7096774193548,257.0648148148148,255.4516129032259,249.4782608695652
254.7321428571429,256.484375,260.7321428571429,261.6086956521739,258.1792452830189,257.1052631578947,256.6129032258064,256.9166666666667,255.2903225806452,249.3130434782609
254.6607142857143,256.421875,260.6607142857143,261.6521739130435,258.1226415094339,257.0526315789473,256.516129032258,256.7685185185185,255.1532258064516,249.1478260869565
254.5892857142857,256.359375,260.5892857142857,261.6956521739131,258.0660377358491,257,256.4193548387096,256.6203703703704,255.0241935483871,248.9826086956521
254.5178571428571,256.296875,260.5178571428571,261.7391304347826,258.0094339622642,256.9473684210526,256.3225806451613,256.4722222222222,254.8951612903226,248.8173913043478
254.4464285714286,256.234375,260.4464285714286,261.5921052631579,257.9528301886792,256.8947368421053,256.24,256.3240740740741,254.7661290322581,248.6521739130434
254.375,256.171875,260.375,261.3815789473684,257.8962264150944,256.8421052631579,256.2,256.1759259259259,254.6370967741936,248.4869565217391
254.3035714285714,256.109375,260.3035714285714,261.171052631579,257.8396226415094,256.7894736842105,256.16,256.0277777777778,254.5080645161291,248.3217391304348
254.1833333333333,256.046875,260.2364864864865,260.9605263157895,257.7830188679245,256.7368421052632,256.12,255.8796296296296,254.3790322580645,248.1565217391304
253.9166666666667,255.984375,260.1824324324324,260.75,257.7264150943396,256.6842105263158,256.08,255.7314814814815,254.25,247.991304347826
253.65,255.921875,260.1283783783784,260.5394736842105,257.6698113207547,256.6315789473684,256.04,255.5833333333333,254.1209677419355,247.8260869565217
253.3833333333333,255.859375,260.0743243243243,260.328947368421,257.6132075471698,256.578947368421,256,255.4351851851852,253.991935483871,247.6608695652174
253.1166666666666,255.796875,260.0202702702703,260.1184210526316,257.5566037735849,256.5263157894737,255.96,255.287037037037,253.8629032258065,247.495652173913
252.85,255.7083333333333,259.9662162162162,259.9078947368421,257.5,256.4736842105263,255.92,255.1785714285714,253.733870967742,247.3304347826086
252.5833333333333,255.5416666666667,259.9121621621622,259.6944444444445,257.4433962264151,256.421052631579,255.88,255.0833333333333,253.6048387096774,247.1652173913043
252.3166666666666,255.375,259.8581081081081,259.4722222222222,257.3867924528302,256.3684210526316,255.84,254.9880952380953,253.4758064516129,246.9999999999999
252.203125,255.2083333333333,259.8040540540541,259.25,257.3301886792453,256.3157894736842,255.8,254.8928571428571,253.3467741935484,246.7628865979381
252.140625,255.0416666666666,259.75,259.0277777777778,257.2735849056604,256.2631578947368,255.76,254.7976190476191,253.1904761904762,246.5257731958762
252.0781249999999,254.875,259.6959459459459,258.8055555555555,257.2169811320755,256.2241379310345,255.65625,254.702380952381,252.952380952381,246.2886597938144
252.0156249999999,254.7083333333333,259.6418918918919,258.5833333333334,257.1603773584906,256.1896551724138,255.53125,254.6071428571429,252.7142857142858,246.0515463917525
251.9531249999999,254.5416666666666,259.5878378378378,258.3611111111111,257.1037735849057,256.1551724137931,255.40625,254.5119047619048,252.4761904761905,245.8144329896907
251.8906249999999,254.375,259.5337837837838,258.1388888888889,257.0471698113208,256.1206896551724,255.28125,254.4166666666667,252.2380952380953,245.5773195876288
251.828125,254.2282608695652,259.4797297297297,257.9166666666667,256.9905660377358,256.0862068965517,255.15625,254.3214285714286,252,245.340206185567
251.765625,254.141304347826,259.4256756756757,257.7500000000001,256.933962264151,256.051724137931,255.03125,254.1666666666667,251.7619047619048,245.1030927835051
251.75,254.0543478260869,259.3716216216216,257.7500000000001,256.8773584905661,256.0172413793103,254.90625,253.8333333333333,251.5238095238096,244.8659793814433
251.75,253.9673913043478,259.3175675675676,257.7500000000001,256.8207547169811,255.9827586206897,254.78125,253.5,251.2857142857143,244.6288659793814
251.75,253.8804347826087,259.2635135135135,257.7500000000001,256.7641509433963,255.948275862069,254.6973684210527,253.1666666666667,251.0476190476191,244.3917525773196
251.75,253.7934782608695,259.1375,257.7500000000001,256.7222222222222,255.9137931034483,254.6271929824562,252.8333333333333,250.8095238095239,244.1546391752577
251.75,253.7065217391304,258.9875,257.7500000000001,256.6851851851852,255.8793103448276,254.5570175438597,252.5,250.5969387755103,243.9175257731958
251.75,253.6195652173913,258.8375,257.7500000000001,256.6481481481482,255.8448275862069,254.4868421052632,252.1666666666667,250.3928571428572,243.680412371134
251.75,253.5326086956522,258.6875,257.7500000000001,256.6111111111111,255.8103448275862,254.4166666666667,251.8333333333333,250.1887755102041,243.4432989690721
251.75,253.445652173913,258.5375,257.7500000000001,256.5740740740741,255.7758620689655,254.3464912280702,251.5,249.9846938775511,243.2061855670103
251.75,253.3586956521739,258.3875,257.6250000000001,256.537037037037,255.7166666666667,254.2763157894737,251.234375,249.780612244898,242.9690721649484
251.75,253.2717391304348,258.2375,257.4583333333334,256.5,255.5833333333333,254.2061403508772,251.171875,249.5765306122449,242.7319587628866
251.6875,253.25,258.0875,257.2916666666667,256.4629629629629,255.45,254.1359649122807,251.109375,249.3724489795919,242.4948453608247
251.6041666666666,253.25,257.9375,257.1250000000001,256.4259259259259,255.3166666666667,254.0657894736842,251.046875,249.1683673469388,242.2577319587629
251.5208333333333,253.25,257.7875,256.9583333333334,256.3888888888889,255.1833333333333,253.9956140350877,250.984375,248.9642857142857,242.020618556701
251.4374999999999,253.25,257.875,256.7916666666667,256.3518518518518,255.05,253.9254385964912,250.921875,248.7602040816327,241.7835051546392
251.3541666666666,253.25,258.0416666666667,256.6250000000001,256.3148148148148,254.9166666666667,253.8552631578947,250.859375,248.5561224489796,241.5463917525773
251.2708333333333,253.25,258.2083333333333,256.4583333333334,256.2777777777778,254.7833333333333,253.7850877192982,250.796875,248.3520408163266,241.3092783505155
