130.9999999999999,126.2708333333332,125.3124999999999,126.8249999999999,127.8,126.8392857142857,126.1902173913043,128.326923076923,124.3437499999999,133.25
131.5999999999999,126.3541666666666,125.5625,127.125,128,127.1964285714285,126.4293478260869,128.6346153846154,124.71875,133.25
132.2,126.4375,125.8125,127.425,128.2,127.5535714285714,126.6684782608695,128.9423076923077,125.09375,133.25
132.8,126.5208333333333,126.0625,127.725,128.4,127.9107142857143,126.9076086956521,129.25,125.46875,133.25
133.4,126.6041666666667,126.3125,128.025,128.6,128.2678571428571,127.1467391304348,129.5576923076923,126,133.2500000000001
134,126.6875,126.5625,128.5,128.90625,128.625,127.3858695652174,129.8653846153846,126.825,133.4038461538462
134.6000000000001,126.8269230769231,126.8863636363637,129.3125,129.53125,128.9821428571429,127.625,130.1730769230769,127.1250000000001,134.0192307692308
135.2500000000001,127.1346153846154,127.4318181818182,129.5625,130.15625,129.375,127.8641304347826,130.55,127.4250000000001,134.6346153846154
135.9166666666667,127.4423076923077,127.9772727272728,129.8125,130.78125,129.8750000000001,128.1032608695652,130.95,127.7250000000001,135.2500000000001
136.5833333333334,127.7500000000001,128.5227272727273,130.0625,131.3214285714286,130.375,128.3423913043478,131.35,128.025,135.8653846153846
137.25,128.0576923076924,129.0681818181819,130.3125,131.6071428571429,130.875,128.5815217391304,131.75,128.3571428571429,136.4807692307693
137.7884615384616,128.3653846153847,129.6136363636364,130.5625,131.8928571428572,131.375,128.8206521739131,132.15,128.7857142857143,137.0961538461539
137.9423076923077,128.673076923077,130.125,130.84375,132.1785714285714,131.875,129.1333333333334,132.5909090909091,129.2142857142858,137.625
138.0961538461539,129.1666666666667,130.625,131.21875,132.6,132.375,129.6666666666667,133.0454545454546,129.6428571428572,138.1250000000001
138.2500000000001,129.7222222222223,131.1250000000001,131.59375,133.0666666666667,132.875,130.2,133.5,130.5,138.6250000000001
138.4038461538462,130.2777777777778,131.6250000000001,131.96875,133.5333333333334,133.3461538461539,130.7333333333333,133.9545454545455,131.5,139.1250000000001
138.5576923076923,130.8333333333334,132.0178571428572,132.34375,134,133.7307692307692,131.2666666666667,134.4090909090909,132.5,139.625
138.7115384615385,131.4166666666667,132.375,132.71875,134.4666666666667,134.1153846153846,131.8,134.7954545454546,133.2187500000001,140.125
139.0000000000001,132.0833333333334,132.7321428571429,133.09375,134.9333333333333,134.5,132.3333333333333,134.9772727272727,133.8437500000001,140.6250000000001
139.3333333333334,132.7500000000001,133.0892857142858,133.46875,135.4,134.8846153846154,132.8666666666667,135.1590909090909,134.46875,141.0909090909092
139.6666666666667,133.3750000000001,133.4464285714286,133.85,135.85,135.2692307692308,133.328125,135.3409090909091,135.09375,141.5454545454546
140.0000000000001,133.8750000000001,133.8035714285715,134.25,136.25,135.6538461538462,133.765625,135.5227272727273,135.3500000000001,142.0000000000001
140.4,134.45,134.1607142857143,134.65,136.65,136.05,134.203125,135.7045454545455,135.4833333333334,142.4545454545455
141.0000000000001,135.25,134.625,135.05,137.05,136.45,134.640625,136.125,135.6166666666667,142.909090909091
141.6000000000001,136.05,135.1250000000001,135.45,137.45,136.85,135.078125,136.625,135.7500000000001,143.3392857142858
142.2,136.5,135.6250000000001,135.8,137.8181818181818,137.25,135.515625,137.125,135.8833333333334,143.6964285714286
142.8,136.8333333333334,136.1250000000001,136,138.0909090909091,137.65,135.953125,137.625,136.0166666666667,144.0535714285715
143.2500000000001,137.1666666666667,136.6250000000001,136.2,138.3636363636364,138.05,136.390625,138.125,136.1500000000001,144.4107142857143
143.2500000000001,137.5,137.0961538461539,136.4,138.6363636363637,138.45,136.828125,138.625,136.3666666666667,144.7678571428572
143.2500000000001,137.8333333333333,137.5576923076923,136.6,138.9090909090909,138.8571428571429,137.265625,139.125,136.8333333333334,145.1250000000001
143.2500000000001,138.1666666666667,138.0192307692308,136.875,139.1818181818182,139.2857142857143,137.703125,139.625,137.3,145.4821428571429
143.2500000000001,138.5,138.4807692307693,137.375,139.5384615384615,139.7142857142857,138.140625,140.0416666666667,137.7666666666667,145.8541666666667
143.2500000000001,138.828125,138.9423076923077,137.875,139.9230769230769,140.1428571428572,138.578125,140.4305555555556,138.2333333333334,146.2708333333334
143.2794117647059,139.140625,139.4038461538462,138.375,140.3076923076923,140.5714285714286,139.015625,140.8194444444445,138.7,146.6875
143.3970588235295,139.453125,139.8863636363637,138.875,140.6923076923077,141,139.453125,141.2083333333333,139.1666666666667,147.1041666666667
143.514705882353,139.765625,140.4318181818182,139.375,141.0769230769231,141.4285714285714,139.890625,141.5972222222222,139.6333333333334,147.5208333333334
143.6323529411765,140.078125,140.9772727272728,139.8333333333333,141.4615384615385,141.8541666666667,140.3214285714286,141.9861111111111,140.0961538461539,147.9375000000001
143.7500000000001,140.390625,141.5227272727273,140.1666666666667,141.8666666666667,142.2708333333333,140.75,142.375,140.5576923076923,148.2857142857143
143.8676470588236,140.703125,142.0681818181819,140.5,142.3333333333334,142.6875,141.1785714285714,142.7638888888889,141.0192307692308,148.4285714285715
143.9852941176471,141.015625,142.6136363636364,140.8333333333333,142.8,143.1041666666667,141.6071428571429,143.1527777777778,141.4807692307693,148.5714285714286
144.1029411764706,141.35,142.95,141.1666666666667,143.2666666666667,143.5208333333334,142.0357142857143,143.5,141.9423076923077,148.7142857142858
144.2205882352942,141.75,143.2166666666667,141.5,143.7333333333333,143.9375,142.4642857142857,143.8333333333333,142.4038461538462,148.8571428571429
144.3823529411765,142.15,143.4833333333334,141.8166666666667,144.2,144.34375,142.8928571428572,144.1666666666667,142.7500000000001,149.0000000000001
144.5588235294118,142.55,143.7500000000001,142.0833333333334,144.6666666666667,144.71875,143.4375,144.5,142.7500000000001,149.1428571428572
144.7352941176471,142.95,144.0166666666667,142.35,145.1333333333334,145.09375,144.0208333333333,144.8333333333333,142.7500000000001,149.3750000000001
144.9117647058824,143.35,144.2833333333334,142.6166666666667,145.390625,145.46875,144.6041666666667,145.1666666666667,142.7500000000001,149.8750000000001
145.0882352941177,143.75,144.55,142.8833333333334,145.578125,145.84375,145.1875,145.5,143.159090909091,150.375
145.264705882353,144.15,144.825,143.15,145.765625,146.21875,145.7708333333333,145.8928571428572,143.7045454545455,150.8750000000001
145.4411764705883,144.5961538461539,145.1250000000001,143.4166666666667,145.953125,146.59375,146.3541666666667,146.4642857142857,144.25,151.3750000000001
145.6176470588236,145.0576923076923,145.4250000000001,143.6833333333334,146.140625,146.96875,146.6875,147.0357142857143,144.7954545454546,151.875
145.8636363636364,145.5192307692308,145.7250000000001,144.1666666666667,146.328125,147.359375,146.9375,147.6071428571429,145.3409090909091,152.3269230769231
146.3181818181819,145.9807692307693,146.025,144.7222222222222,146.515625,147.796875,147.1875,147.9107142857143,146.0833333333333,152.6346153846154
146.7727272727273,146.4423076923077,146.325,145.2777777777778,146.703125,148.234375,147.4375,148.125,147.4166666666667,152.9423076923077
147.2272727272728,146.9038461538462,146.6250000000001,145.8333333333333,147.078125,148.671875,147.6875,148.3392857142858,147.95,153.2500000000001
147.6818181818182,147.3636363636364,146.9250000000001,146.3125,147.515625,149.109375,147.9375,148.5535714285714,148.2166666666667,153.5576923076923
148.1363636363637,147.8181818181818,147.2250000000001,146.5625,147.953125,149.546875,148.2727272727273,148.7678571428572,148.4833333333333,153.8653846153847
148.5909090909091,148.2727272727273,147.525,146.8125,148.390625,149.984375,148.6363636363637,148.9821428571429,148.75,154.173076923077
149.0454545454546,148.7272727272727,147.8571428571429,147.0625,148.828125,150.4218749999999,149,149.1964285714286,149.0166666666667,154.6538461538462
149.5000000000001,149.1818181818182,148.2857142857143,147.3125,149.265625,150.8235294117647,149.3636363636364,149.5178571428572,149.2833333333334,155.1923076923077
149.9545454545455,149.6363636363637,148.7142857142858,147.5625,149.703125,151.1176470588235,149.7272727272727,149.875,149.55,155.7307692307693
150.409090909091,150.0714285714286,149.1428571428572,147.8125,150.140625,151.4117647058823,150.0833333333334,150.2321428571429,149.8928571428572,156.2692307692308
150.8888888888889,150.5000000000001,149.5714285714286,148.0625,150.625,151.7058823529412,150.4166666666667,150.5892857142857,150.4642857142857,156.8076923076924
151.4444444444445,150.9285714285714,150.0000000000001,148.3823529411765,151.125,152,150.75,150.9464285714286,151.0357142857143,157.3461538461539
152.0000000000001,151.3571428571429,150.4285714285715,148.9117647058824,151.625,152.2941176470588,151.0833333333334,151.3035714285714,151.6071428571429,157.8088235294118
152.5555555555556,151.7857142857143,150.8571428571429,149.4411764705883,152.125,152.5882352941177,151.4166666666667,151.6607142857143,152.25,158.0441176470589
153.1111111111111,152.2142857142858,151.2857142857143,149.9705882352941,152.625,152.8823529411765,151.75,152.0178571428572,152.9166666666667,158.2794117647059
153.7187500000001,152.6428571428572,151.7142857142858,150.5,153.125,153.1764705882353,152.0833333333333,152.375,153.5833333333333,158.514705882353
154.3437500000001,153,152.1428571428572,151.0294117647059,153.5625,153.5,152.4166666666667,152.7321428571429,153.8035714285715,158.7500000000001
154.9687500000001,153.3333333333334,152.5357142857143,151.5588235294118,153.9791666666667,153.8333333333334,152.9038461538462,153.0892857142857,153.875,158.9852941176471
155.59375,153.6666666666667,152.9166666666667,152.0882352941177,154.3958333333333,154.1666666666667,153.4423076923077,153.4464285714286,153.9464285714286,159.2205882352942
155.8000000000001,154,153.2976190476191,152.6176470588235,154.8125,154.5,153.9807692307693,153.8035714285714,154.0178571428572,159.4558823529412
155.8666666666667,154.3333333333334,153.6785714285714,153.1590909090909,155.2291666666667,154.8333333333334,154.5192307692308,154.1607142857143,154.0892857142858,159.6911764705883
155.9333333333334,154.6666666666667,154.0595238095239,153.7045454545455,155.6458333333333,155.1666666666667,155.0576923076923,154.5178571428572,154.1607142857143,159.9166666666667
156.0000000000001,155,154.4404761904762,154.25,156.1785714285714,155.5,155.5961538461539,154.875,154.2321428571429,160.1388888888889
156.0666666666667,155.2692307692308,154.8214285714286,154.7954545454546,156.75,155.8333333333334,156.1041666666667,155.2321428571429,154.625,160.3611111111111
156.1333333333334,155.3461538461539,155.202380952381,155.3409090909091,157.3214285714286,156.1666666666667,156.5208333333334,155.5892857142857,155.125,160.5833333333334
156.2000000000001,155.4230769230769,155.5833333333334,155.8333333333334,157.8928571428572,156.5,156.9375,155.9464285714286,155.625,160.7272727272728
156.3333333333334,155.5,155.9642857142857,156.1666666666667,158.4642857142857,156.825,157.3541666666667,156.3035714285714,156.125,160.6363636363637
156.6666666666667,155.5769230769231,156.3472222222222,156.5,159.0357142857143,157.125,157.7708333333334,156.6607142857143,156.625,160.5454545454546
157.0000000000001,155.6538461538462,156.7361111111111,156.8333333333334,159.6071428571429,157.425,158.1875,157.1,157.125,160.4545454545455
157.3333333333334,155.7307692307693,157.125,157.1666666666667,159.95,157.725,158.55,157.5666666666667,157.625,160.3636363636364
157.6666666666667,156.0833333333333,157.5138888888889,157.5,160.2166666666667,158.025,158.75,158.0333333333334,158.0178571428572,160.2727272727273
158.6071428571429,156.5277777777778,157.9027777777778,157.8636363636364,160.4833333333333,158.325,158.95,158.5,158.375,160.5178571428572
159.75,156.9722222222223,158.2916666666667,158.3181818181818,160.75,158.625,159.15,158.9666666666667,158.7321428571429,160.8750000000001
160.8928571428572,157.4166666666667,158.6805555555556,158.7727272727273,161.0166666666667,158.925,159.35,159.4333333333333,159.0892857142857,161.2321428571429
161.7833333333334,157.8333333333333,159.0694444444445,159.2272727272727,161.2833333333334,159.225,159.55,159.9,159.4464285714286,161.5892857142858
161.9166666666667,158.1666666666667,159.4583333333334,159.6818181818182,161.55,159.525,159.75,160.3928571428571,159.8035714285714,161.9464285714286
162.0500000000001,158.5,159.8823529411765,160.1363636363637,161.8375,159.85,159.95,160.9642857142857,160.1607142857143,162.3035714285715
162.1833333333334,158.8333333333334,160.4117647058824,160.4705882352941,162.1875,160.25,160.65625,161.5357142857143,160.4642857142858,162.6607142857144
162.3166666666667,159.1666666666667,160.9411764705882,160.764705882353,162.5375,160.65,161.53125,162.1071428571429,160.75,163.1590909090909
162.45,159.5,161.4705882352941,161.0588235294118,162.8875,161.05,162.40625,162.4285714285714,161.0357142857143,163.7045454545455
162.5833333333334,159.8571428571429,162,161.3529411764706,163.2375,161.45,163.28125,162.6666666666667,161.3214285714286,164.2500000000001
162.7166666666667,160.2857142857143,162.5294117647059,161.6470588235294,163.5875,161.85,163.6153846153846,162.9047619047619,161.6071428571429,164.7954545454546
162.9107142857144,160.7142857142858,163.0588235294118,161.9411764705883,163.9375,162.25,163.7692307692308,163.1428571428572,161.8928571428572,165.3409090909091
163.1250000000001,161.1428571428572,163.5882352941177,162.2352941176471,164.2875,162.65,163.923076923077,163.3809523809524,162.1785714285714,165.8214285714286
163.3392857142858,161.5714285714286,164.1176470588235,162.5294117647059,164.6375,163.05,164.0769230769231,163.6190476190476,162.4166666666667,166.1071428571429
163.5535714285715,162,164.25,162.7894736842105,164.9875,163.45,164.2307692307693,163.8571428571429,162.6388888888889,166.3928571428572
163.7678571428572,162.4285714285714,164.25,162.9473684210527,165.28125,163.85,164.3846153846154,164.0952380952381,162.8611111111111,166.6785714285714
163.9821428571429,162.828125,164.25,163.1052631578948,165.40625,164.25,164.7,164.3333333333333,163.0833333333334,166.9642857142857
164.1964285714286,163.140625,164.25,163.2631578947369,165.53125,164.65,165.5,164.5714285714286,163.3333333333333,167.25
164.4868421052632,163.453125,164.25,163.421052631579,165.65625,164.99,166.3,164.8392857142857,163.6666666666667,167.5357142857143
164.8026315789474,163.765625,164.25,163.5789473684211,165.78125,165.31,166.8173076923077,165.1964285714286,164,167.8269230769231
165.1184210526316,164.078125,164.25,163.7368421052632,165.90625,165.63,167.2403846153846,165.5535714285714,164.3333333333334,168.1346153846154
165.4342105263158,164.390625,164.2857142857143,163.8947368421053,166.03125,165.95,167.6634615384615,165.9107142857143,164.6666666666667,168.4423076923077
165.7500000000001,164.703125,164.4285714285714,164.0526315789474,166.15625,166.27,168.0865384615385,166.2678571428572,165,168.75
166.0657894736843,165.015625,164.5714285714286,164.2105263157895,166.2884615384615,166.59,168.5096153846154,166.625,165.3333333333334,169.0576923076923
166.3815789473685,165.3928571428572,164.7142857142858,164.6029411764706,166.4423076923077,166.91,168.9326923076923,166.9821428571429,165.6666666666667,169.3653846153846
166.6973684210527,165.9642857142857,164.8571428571429,165.0735294117647,166.5961538461538,167.23,169.3611111111111,167.3392857142858,166.078125,169.673076923077
167.0131578947369,166.5357142857143,165,165.5441176470588,166.75,167.55,169.8055555555555,167.6964285714286,166.515625,170
167.3392857142858,167.1071428571429,165.1428571428572,166.014705882353,166.9038461538461,167.87,170.2499999999999,168.0535714285714,166.953125,170.3333333333334
167.6964285714286,167.45,165.3690476190476,166.4852941176471,167.0576923076923,168.19,170.6944444444444,168.4107142857143,167.390625,170.6666666666667
168.0535714285715,167.7166666666667,165.8452380952381,166.9558823529412,167.2115384615385,168.51,171.1388888888889,168.7678571428572,167.828125,171
168.4107142857143,167.9833333333333,166.3214285714286,167.4264705882353,167.625,168.8333333333334,171.3863636363636,169.125,168.265625,171.3333333333333
168.7678571428572,168.25,166.7976190476191,167.8970588235294,168.125,169.1666666666667,171.5681818181818,169.4821428571429,168.703125,171.6666666666667
169.1250000000001,168.5166666666667,167.2738095238095,168.3235294117647,168.625,169.5,171.75,169.8269230769231,169.140625,172.21875
169.4821428571429,168.7833333333334,167.75,168.6176470588236,169.125,169.8333333333334,171.9318181818181,170.1346153846154,169.5384615384616,172.84375
169.825,169.05,168.2261904761905,168.9117647058824,169.625,170.1666666666667,172.1136363636363,170.4423076923077,169.923076923077,173.46875
170.1250000000001,169.3076923076923,168.702380952381,169.2058823529412,170.125,170.5,172.3392857142857,170.7500000000001,170.3076923076923,174.09375
170.4250000000001,169.5384615384616,169.1785714285714,169.5,170.625,170.8333333333334,172.6964285714286,171.0576923076923,170.6923076923077,174.4107142857143
170.7250000000001,169.7692307692308,169.6547619047619,169.7941176470588,171.05,171.1666666666667,173.0535714285714,171.3653846153846,171.0769230769231,174.625
171.0250000000001,170,170.1309523809524,170.0882352941177,171.45,171.5,173.4107142857143,171.673076923077,171.4615384615385,174.8392857142857
171.3281250000001,170.2307692307693,170.4868421052632,170.3823529411765,171.85,171.8333333333333,173.7678571428571,171.9375,171.8392857142857,175.0535714285714
171.6406250000001,170.4615384615385,170.8026315789474,170.6764705882353,172.25,172.1666666666667,174.125,172.1875,172.1964285714286,175.2678571428572
171.9531250000001,170.6923076923077,171.1184210526316,171.0909090909091,172.65,172.49,174.4821428571428,172.4375,172.5535714285714,175.4821428571429
172.2656250000001,170.9473684210527,171.4342105263158,171.5454545454546,173.05,172.81,174.780303030303,172.6875,172.9107142857143,175.6964285714286
172.5781250000001,171.2105263157895,171.75,172,173.45,173.1300000000001,174.9015151515151,172.9375000000001,173.2678571428572,176.1590909090909
172.8906250000001,171.4736842105264,172.0657894736842,172.4545454545455,173.8289473684211,173.45,175.0227272727273,173.1875,173.625,176.7045454545455
173.2031250000001,171.7368421052632,172.3815789473684,172.9090909090909,174.1447368421053,173.77,175.1439393939394,173.4375,173.9821428571429,177.25
173.5156250000001,172,172.6973684210527,173.3333333333333,174.4605263157895,174.09,175.2651515151515,173.6875,174.3214285714286,177.7954545454546
173.8289473684211,172.2631578947369,173.0131578947369,173.6666666666667,174.7763157894737,174.41,175.3863636363636,173.9375000000001,174.6071428571429,178.3409090909091
174.1447368421053,172.5263157894737,173.34375,174,175.0921052631579,174.73,175.5075757575757,174.1875,174.8928571428572,178.8269230769231
174.4605263157895,172.7894736842105,173.71875,174.3333333333333,175.4078947368421,175.05,175.6287878787878,174.5588235294118,175.1785714285714,179.1346153846154
174.7763157894738,173.0526315789474,174.09375,174.6666666666667,175.7236842105264,175.37,175.7499999999999,174.9705882352941,175.4642857142858,179.4423076923077
175.0921052631579,173.325,174.46875,175,176.0394736842105,175.69,175.8712121212121,175.3823529411765,175.75,179.75
175.4078947368422,173.625,174.84375,175.35,176.3552631578947,176.01,175.9924242424242,175.7941176470588,176.0357142857143,180.0576923076923
175.7236842105264,173.925,175.21875,175.75,176.671052631579,176.3571428571429,176.1136363636363,176.2058823529412,176.2884615384615,180.3653846153846
176.0394736842106,174.225,175.59375,176.15,176.9375,176.7857142857143,176.2348484848484,176.6176470588235,176.4423076923077,180.673076923077
176.3552631578948,174.525,175.96875,176.55,177.1875,177.2142857142858,176.3560606060606,177.0294117647059,176.5961538461539,180.875
176.671052631579,174.825,176.3235294117647,176.95,177.4375,177.6428571428572,176.4772727272727,177.4411764705883,176.75,181.0416666666667
176.9456521739131,175.125,176.6176470588235,177.35,177.6875,178.0714285714286,176.5984848484848,177.90625,176.9038461538462,181.2083333333334
177.2065217391305,175.425,176.9117647058824,177.75,177.9375,178.5,176.7196969696969,178.53125,177.0576923076923,181.375
177.4673913043479,175.7250000000001,177.2058823529412,178.15,178.1875,178.9285714285714,177.1538461538461,179.15625,177.2115384615385,181.5416666666667
177.7282608695653,176.025,177.5,178.4,178.4375,179.34375,177.6923076923077,179.78125,177.55,181.7083333333334
177.9891304347827,176.3214285714286,177.7941176470588,178.6,178.6875,179.71875,178.2307692307692,180.3333333333334,177.95,182.03125
178.2500000000001,176.6071428571429,178.0882352941177,178.8,179.1029411764706,180.09375,178.7692307692307,180.6666666666667,178.35,182.40625
178.5108695652175,176.8928571428572,178.3823529411765,179,179.5735294117648,180.46875,179.3076923076923,181,178.75,182.78125
178.7717391304348,177.1785714285714,178.6764705882353,179.2,180.0441176470589,180.8571428571429,179.8461538461538,181.3333333333334,179.15,183.15625
179.0326086956522,177.4642857142857,178.875,179.4,180.514705882353,181.2857142857143,180.296875,181.6666666666667,179.55,183.71875
179.2934782608696,177.75,179.0416666666667,179.6,180.9852941176471,181.7142857142857,180.484375,182,179.95,184.34375
179.554347826087,178.0357142857143,179.2083333333334,179.7708333333334,181.4558823529412,182.1428571428571,180.671875,182.3333333333333,180.3863636363637,184.96875
179.7954545454546,178.3214285714286,179.375,179.8541666666667,181.9264705882353,182.3823529411764,180.859375,182.6666666666667,180.9318181818182,185.59375
179.9772727272728,178.6071428571429,179.5416666666667,179.9375,182.3970588235294,182.5588235294117,181.046875,182.923076923077,181.4772727272727,185.75
180.159090909091,178.8928571428571,179.7083333333334,180.0208333333334,182.8,182.735294117647,181.234375,183.1538461538462,182.0227272727273,185.75
180.3409090909092,179.1785714285714,180.0178571428572,180.1041666666667,183,182.9117647058823,181.421875,183.3846153846154,182.5681818181818,185.75
180.5227272727273,179.4204545454546,180.375,180.1875,183.2,183.0882352941176,181.609375,183.6153846153846,183.1136363636364,185.75
180.7045454545455,179.6477272727273,180.7321428571429,180.3863636363637,183.4,183.2647058823529,181.8333333333333,183.8461538461539,183.4,185.75
180.8863636363637,179.875,181.0892857142857,180.9318181818182,183.6,183.4411764705882,182.1666666666667,184.0769230769231,183.6,185.75
181.0681818181818,180.1022727272727,181.4464285714286,181.4772727272727,183.8,183.6176470588235,182.5,184.3076923076923,183.8,186.125
181.2500000000001,180.3295454545454,181.8035714285714,182.0227272727273,184,183.8068181818182,182.8333333333334,184.5384615384615,184,186.625
181.4318181818182,180.5568181818182,182.1607142857143,182.5681818181818,184.2,184.0340909090909,183.1666666666667,184.7692307692308,184.2,187.125
181.6136363636364,180.7840909090909,182.5714285714286,183.1136363636364,184.3382352941177,184.2613636363637,183.5,185,184.25,187.625
181.8289473684211,181.0113636363637,183,183.625,184.4558823529412,184.4886363636364,183.8333333333334,185.2307692307693,184.25,188.125
182.1447368421053,181.2386363636364,183.4285714285714,184.125,184.5735294117648,184.7159090909091,184.1666666666667,185.4615384615385,184.25,188.475
182.4605263157895,181.4659090909091,183.8571428571429,184.625,184.6911764705882,184.9431818181818,184.5,185.6923076923077,184.25,188.775
182.7763157894737,181.6931818181818,184.2857142857143,185.125,184.8088235294118,185.1704545454546,184.8333333333333,185.8839285714286,184.25,189.075
183.0921052631579,181.9375000000001,184.7142857142857,185.625,184.9264705882353,185.3977272727273,185.1666666666667,186.0625,184.25,189.375
183.4078947368421,182.1875,185.1428571428572,185.9473684210527,185.0441176470589,185.625,185.4583333333334,186.2410714285715,184.35,189.675
183.7236842105263,182.4375000000001,185.34375,186.2105263157895,185.1617647058824,185.8522727272727,185.7361111111111,186.4196428571429,184.75,189.65625
184.0394736842106,182.6875,185.46875,186.4736842105264,185.3833333333334,186.0795454545455,186.0138888888889,186.5982142857143,185.15,189.53125
184.3552631578947,182.9375,185.59375,186.7368421052632,185.9166666666667,186.3260869565218,186.2916666666667,186.7767857142857,185.55,189.40625
184.671052631579,183.1875000000001,185.71875,187,186.45,186.6304347826087,186.5694444444445,186.9553571428572,185.95,189.28125
185.0588235294118,183.4375,185.84375,187.2631578947369,186.9833333333334,186.9347826086957,186.8472222222223,187.1339285714286,186.3333333333333,189.15625
185.4705882352941,183.6875,185.96875,187.5263157894737,187.5166666666667,187.2391304347827,187.125,187.3125,186.6666666666667,189.03125
185.8823529411765,183.9375,186.09375,187.7894736842106,188.05,187.5434782608696,187.4027777777778,187.4910714285714,187,188.90625
186.2941176470588,184.1875,186.21875,188.0526315789474,188.5833333333334,187.8478260869566,187.6805555555556,187.6696428571429,187.3409090909091,188.78125
186.7058823529412,184.4375,186.4375,188.3076923076923,189.1166666666667,188.1521739130435,187.9545454545455,187.8482142857143,187.7045454545454,188.9583333333333
187.1176470588235,184.6875,186.6875,188.5384615384615,189.2916666666667,188.4565217391305,188.2272727272727,188.0267857142858,188.0681818181818,189.2361111111111
187.5294117647059,185.125,186.9375000000001,188.7692307692308,189.3472222222223,188.7608695652174,188.5,188.2053571428572,188.4318181818182,189.5138888888889
187.9411764705883,185.625,187.1875,189,189.4027777777778,189.0652173913044,188.7727272727273,188.3823529411765,188.7954545454546,189.7916666666667
188.2717391304348,186.125,187.4375,189.2307692307693,189.4583333333334,189.3695652173913,189.0454545454546,188.5588235294118,189.1590909090909,190.0694444444445
188.3586956521739,186.625,187.6875,189.4615384615385,189.5138888888889,189.6739130434783,189.3181818181818,188.7352941176471,189.5,190.3472222222223
188.4456521739131,187.125,187.9375,189.6923076923077,189.5694444444445,189.8928571428572,189.5909090909091,188.9117647058824,189.8333333333333,190.625
188.5326086956522,187.3035714285715,188.1875,189.984375,189.625,190.0833333333334,189.8636363636364,189.0882352941177,190.1666666666667,190.9027777777778
188.6195652173913,187.375,188.4375,190.296875,189.6805555555556,190.2738095238095,190.1363636363637,189.264705882353,190.5,191.1805555555556
188.7065217391304,187.4464285714286,188.6875,190.609375,189.7361111111111,190.4642857142857,190.4090909090909,189.4411764705883,190.8333333333333,191.4230769230769
188.7934782608696,187.5178571428572,189.0416666666667,190.921875,189.9886363636364,190.6547619047619,190.6818181818182,189.6176470588236,191.1666666666667,191.6538461538462
188.8804347826087,187.5892857142858,189.4305555555556,191.234375,190.3068181818182,190.8452380952381,191,189.8235294117647,191.5,191.8846153846154
188.9673913043478,187.6607142857143,189.8194444444445,191.546875,190.625,191.0357142857143,191.3333333333334,190.1176470588236,191.7333333333333,192.1153846153846
189.054347826087,187.7321428571429,190.2083333333334,191.859375,190.9431818181819,191.2261904761905,191.6666666666667,190.4117647058824,191.6666666666667,192.3461538461539
189.1413043478261,187.9705882352941,190.5972222222223,192.171875,191.2613636363637,191.4166666666667,192,190.7058823529412,191.6,192.5769230769231
189.2282608695652,188.264705882353,190.9861111111111,192.3333333333333,191.5795454545455,191.6071428571429,192.3333333333334,191,191.5333333333334,192.7857142857143
189.46,188.5588235294118,191.375,192.4444444444445,191.8977272727273,191.7666666666667,192.6666666666667,191.2941176470588,191.4666666666667,192.9285714285714
189.74,188.8529411764706,191.7638888888889,192.5555555555556,192.2159090909091,191.8333333333334,193,191.5882352941177,191.4,193.0714285714286
190.02,189.1470588235294,192.1527777777778,192.6666666666667,192.5340909090909,191.9,193.3333333333333,191.8823529411765,191.3333333333334,193.2142857142858
190.3,189.4411764705883,192.4886363636364,192.7777777777778,192.8522727272727,191.9666666666667,193.6666666666667,192.1764705882353,191.2666666666667,193.5
190.58,189.7352941176471,192.8068181818182,192.8888888888889,193.1704545454546,192.0333333333334,193.9807692307692,192.5384615384615,191.45,193.8333333333334
190.86,190.0294117647059,193.125,193,193.3625,192.1,194.2884615384616,192.923076923077,191.7166666666667,194.1666666666667
191.14,190.3333333333333,193.4431818181819,193.1111111111111,193.5125,192.1666666666667,194.5961538461539,193.3076923076923,191.9833333333333,194.5
191.42,190.6666666666667,193.7613636363637,193.2222222222222,193.6625,192.2333333333334,194.9038461538462,193.6923076923077,192.25,194.7638888888889
191.7,191,194.0795454545455,193.45,193.8125,192.6666666666667,195.2115384615385,194.0769230769231,192.5166666666667,194.8194444444445
191.98,191.3333333333334,194.3977272727273,193.7166666666667,193.9625,193.2222222222222,195.5192307692308,194.4615384615385,192.7833333333334,194.875
192.26,191.6666666666667,194.7159090909091,193.9833333333333,194.1125,193.7777777777777,195.7321428571429,194.8214285714286,193.05,194.9305555555556
192.54,192.0384615384616,195.0340909090909,194.25,194.2625,194.3333333333333,195.6607142857143,195.1071428571429,193.3125,194.9861111111111
192.7844827586207,192.423076923077,195.3522727272727,194.5166666666667,194.4125,194.8333333333333,195.5892857142858,195.3928571428572,193.5625,195.0416666666667
192.9224137931035,192.8076923076923,195.6704545454546,194.7833333333334,194.5625,195.1666666666666,195.5178571428572,195.6785714285714,193.8125000000001,195.0972222222223
193.0603448275862,193.1923076923077,195.8571428571429,195.05,194.7125,195.5,195.4464285714286,195.9642857142858,194.0625,195.1527777777778
193.198275862069,193.5769230769231,196,195.35,194.9642857142858,195.8333333333333,195.375,196.25,194.3125,195.2083333333334
193.3362068965517,193.9615384615385,196.1428571428572,195.75,195.25,196.1666666666667,195.3035714285714,196.5357142857143,194.5625,195.3
193.4741379310345,194.2916666666667,196.2857142857143,196.15,195.5357142857143,196.5,195.3666666666667,196.8035714285714,194.8125,195.5000000000001
193.6120689655173,194.4583333333334,196.4285714285714,196.55,195.8214285714286,196.8333333333333,195.8333333333334,197.0178571428572,195.0625,195.7
193.75,194.625,196.5714285714286,196.95,196.1071428571429,197.1666666666667,196.3,197.2321428571429,195.3125,195.9
193.8879310344828,194.8461538461539,196.7142857142857,197.35,196.3928571428572,197.423076923077,196.7666666666667,197.4464285714286,195.5625,196.1
194.0258620689655,195.2307692307693,196.8571428571429,197.7500000000001,196.6785714285714,197.6538461538462,197.2333333333333,197.6607142857143,195.8653846153846,196.3
194.1637931034483,195.6153846153846,197,198.15,196.85,197.8846153846154,197.7,197.875,196.3269230769231,196.5
194.3017241379311,196.0000000000001,197.1428571428572,198.4375000000001,196.9833333333333,198.1153846153846,198.1666666666667,198.0892857142858,196.7884615384616,196.7
194.4396551724138,196.3846153846154,197.375,198.6875,197.1166666666667,198.3461538461539,198.6333333333334,198.28125,197.25,197.05
194.5775862068966,196.7692307692308,197.875,198.9375,197.25,198.5769230769231,198.9545454545455,198.40625,197.7115384615385,197.45
194.7155172413794,197.1538461538462,198.375,199.1875,197.3833333333334,198.796875,199.2272727272727,198.53125,198.173076923077,197.7916666666667
194.9375,197.375,198.875,199.4375000000001,197.5166666666667,198.984375,199.5,198.65625,198.6346153846154,197.9583333333334
195.1875,197.5416666666667,199.375,199.6875,197.65,199.171875,199.7727272727273,198.78125,198.8823529411765,198.125
195.4375,197.7083333333334,199.875,199.9375,197.796875,199.359375,200.0454545454546,198.9062500000001,199.0588235294118,198.2916666666667
195.6875,197.875,200.375,200.1875,197.984375,199.546875,200.3181818181818,199.03125,199.2352941176471,198.4583333333334
195.9375,198.0416666666667,200.8,200.4375,198.171875,199.7343750000001,200.5909090909091,199.15625,199.4117647058824,198.625
196.1875,198.2083333333334,201,200.6875,198.359375,199.921875,200.8636363636364,199.3125,199.5882352941177,198.7916666666667
196.4375,198.375,201.2,200.9107142857143,198.546875,200.109375,201.1363636363637,199.5625,199.764705882353,198.9583333333334
196.6875,198.5416666666667,201.4,201.125,198.7343750000001,200.2941176470588,201.4090909090909,199.8125,199.9411764705883,199.125
196.9,198.7083333333333,201.6,201.3392857142857,198.921875,200.4705882352941,201.6818181818182,200.0625,200.1176470588236,199.3289473684211
197.1,198.84375,201.8,201.5535714285714,199.109375,200.6470588235294,201.9078947368421,200.3125000000001,200.25,199.6447368421053
197.3,198.96875,202,201.7678571428572,199.2857142857143,200.8235294117647,202.1184210526316,200.5625,200.25,199.9605263157895
197.5,199.0937500000001,202.2,201.9821428571429,199.4285714285714,201,202.3289473684211,200.8125,200.25,200.2763157894737
197.7,199.21875,202.4,202.1964285714286,199.5714285714286,201.1764705882353,202.5394736842106,201.0625,200.25,200.5921052631579
197.9,199.34375,202.6,202.475,199.7142857142857,201.3529411764706,202.75,201.3125,200.25,200.9078947368421
198.1,199.46875,202.7638888888889,202.775,199.8571428571429,201.5294117647059,202.9605263157895,201.5625,200.25,201.2236842105264
198.3,199.59375,202.8194444444445,203.075,200,201.7058823529412,203.171052631579,201.8076923076923,200.25,201.5394736842105
198.5,199.71875,202.875,203.375,200.1428571428572,202.0227272727273,203.3815789473684,202.0384615384616,200.4642857142858,201.8552631578948
198.7,199.9473684210527,202.9305555555556,203.675,200.2857142857143,202.3863636363637,203.5921052631579,202.2692307692308,200.75,202.171052631579
198.9473684210527,200.2105263157895,202.9861111111111,203.9375,200.4285714285715,202.75,203.76,202.5000000000001,201.0357142857143,202.325
199.2105263157895,200.4736842105264,203.0416666666667,204.1875,200.5714285714286,203.1136363636364,203.8,202.7307692307692,201.3214285714286,202.425
199.4736842105264,200.7368421052632,203.0972222222222,204.203125,200.7142857142858,203.4772727272727,203.84,202.9615384615385,201.6071428571429,202.525
199.7368421052632,201.0000000000001,203.1527777777778,204.140625,200.9166666666667,203.7788461538462,203.88,203.1923076923077,201.8928571428572,202.625
200,201.2631578947369,203.2083333333334,204.0781250000001,201.1388888888889,203.8942307692308,203.92,203.423076923077,202.1785714285714,202.725
200.2631578947369,201.5263157894737,203.3289473684211,204.015625,201.3611111111111,204.0096153846154,203.96,203.6538461538462,202.4642857142857,202.825
200.5263157894737,201.7894736842105,203.6447368421053,203.953125,201.5833333333334,204.125,204,203.8846153846154,202.75,202.925
200.7894736842106,202.0526315789474,203.9605263157895,203.890625,201.8055555555556,204.2403846153846,204.04,204.1153846153846,203.0357142857143,203.025
201.0526315789474,202.2666666666667,204.2763157894737,203.828125,202.0277777777778,204.3557692307693,204.08,204.3461538461539,203.3289473684211,203.125
201.2826086956522,202.3333333333334,204.5921052631579,203.765625,202.25,204.4711538461539,204.12,204.5769230769231,203.6447368421053,203.225
201.4130434782609,202.4,204.9078947368421,203.9166666666667,202.4722222222222,204.5865384615385,204.16,204.7822580645162,203.9605263157895,203.5714285714286
201.5434782608696,202.4666666666667,205.2236842105264,204.1388888888889,202.6944444444445,204.7019230769231,204.2,204.9112903225807,204.2763157894737,204
201.6739130434783,202.5333333333334,205.5394736842106,204.3611111111111,202.8478260869566,204.8173076923077,204.24,205.0403225806452,204.5921052631579,204.4285714285715
201.804347826087,202.6,205.8552631578947,204.5833333333334,202.9782608695652,204.9326923076923,204.3303571428571,205.1693548387097,204.9078947368421,204.75
201.9347826086957,202.6666666666667,206.171052631579,204.8055555555556,203.108695652174,205.048076923077,204.4375,205.2983870967742,205.2236842105264,204.75
202.0652173913044,202.7333333333333,206.4807692307693,205.0277777777778,203.2391304347826,205.1634615384616,204.5446428571429,205.4274193548387,205.5394736842105,204.75
202.1956521739131,202.9264705882353,206.7884615384616,205.25,203.3695652173913,205.2416666666667,204.6517857142858,205.5564516129033,205.8552631578948,204.75
202.3260869565217,203.1617647058824,207.0961538461539,205.4722222222223,203.5,205.2083333333333,204.7589285714286,205.6854838709677,206.171052631579,204.75
202.4565217391305,203.3970588235294,207.4038461538462,205.6944444444445,203.6304347826087,205.175,204.8660714285714,205.8145161290323,206.3863636363637,204.75
202.5869565217392,203.6323529411765,207.7115384615385,205.8289473684211,203.7608695652174,205.1416666666667,204.9732142857143,205.9435483870968,206.5681818181819,205.3928571428572
202.7173913043479,203.8676470588236,208.0192307692308,205.9342105263158,203.8913043478261,205.1083333333333,205.0803571428572,206.0725806451613,206.75,206.25
203.0227272727273,204.1029411764706,208.2045454545455,206.0394736842105,204.0217391304348,205.075,205.1875000000001,206.2016129032259,206.9318181818182,207.1071428571429
203.3863636363637,204.3382352941177,208.0227272727273,206.1447368421053,204.1521739130435,205.0416666666666,205.2946428571429,206.3306451612903,207.1136363636364,207.7604166666667
203.75,204.5735294117647,207.8409090909091,206.25,204.2777777777778,205.0083333333333,205.4017857142857,206.4596774193549,207.3026315789474,207.8020833333334
204.1136363636364,204.8095238095239,207.6590909090909,206.3552631578948,204.3888888888889,204.975,205.5089285714286,206.5887096774194,207.5131578947369,207.84375
204.4772727272727,205.0476190476191,207.4772727272727,206.4605263157895,204.5,204.9416666666666,205.6160714285714,206.7177419354839,207.7236842105264,207.8854166666667
204.8928571428572,205.2857142857143,207.2954545454546,206.5657894736842,204.6111111111111,204.9083333333333,205.7232142857143,206.9130434782609,207.9342105263158,207.9270833333333
205.4642857142857,205.5238095238096,207.514705882353,206.671052631579,204.7222222222223,204.8749999999999,205.8625,207.1304347826087,208.1447368421053,207.96875
206.0357142857143,205.7619047619048,207.8676470588236,206.765625,204.8333333333334,204.8416666666666,206.0125,207.3478260869566,208.3552631578947,208.0104166666667
206.6071428571429,206,208.2205882352941,206.828125,204.9444444444445,204.8083333333333,206.1625,207.5652173913044,208.5657894736842,208.0520833333333
206.7125,206.2380952380953,208.5735294117648,206.890625,205.0555555555556,204.7749999999999,206.3125000000001,207.7826086956522,208.7763157894737,208.09375
206.6625,206.4761904761905,208.9264705882353,206.953125,205.1666666666667,204.7699999999999,206.4625,208,208.9868421052632,208.1354166666667
206.6125,206.7142857142857,209.2794117647059,207.015625,205.3088235294118,204.8499999999999,206.6125,208.2173913043479,209.1973684210527,208.1770833333333
206.5625000000001,206.952380952381,209.6323529411765,207.0781250000001,205.5441176470588,204.9299999999999,206.7625,208.4347826086957,209.4473684210527,208.21875
206.5125,207.1904761904762,209.9852941176471,207.140625,205.7794117647059,205.0099999999999,206.9125,208.6521739130435,209.7105263157895,208.3
206.4625,207.4204545454546,210.3269230769231,207.203125,206.014705882353,205.0899999999999,207.0625,208.8695652173913,209.9736842105264,208.5
206.4125,207.6477272727273,210.6346153846154,207.2875,206.25,205.17,207.2125,209.0869565217392,210.2368421052632,208.7
206.3625,207.875,210.9423076923077,207.4375,206.4852941176471,205.25,207.3571428571429,209.34375,210.5,208.9
206.3125,208.1022727272727,211.25,207.5875,206.7205882352941,205.33,207.5000000000001,209.71875,210.7631578947369,209.1
206.2625,208.3295454545455,211.5576923076923,207.7375000000001,206.9558823529412,205.41,207.6428571428572,210.09375,211.0263157894737,209.3
206.5,208.5568181818182,211.8653846153846,207.8875,207.1911764705883,205.49,207.7857142857143,210.46875,211.2894736842105,209.5
206.8333333333333,208.7840909090909,212.1730769230769,208.0375,207.3076923076923,205.57,207.9285714285715,210.84375,211.5526315789474,209.7
207.1666666666667,209.0113636363637,212.2058823529412,208.1875000000001,207.3846153846154,205.65,208.0714285714286,211.21875,211.7692307692308,209.9
207.5,209.2386363636364,212.1470588235294,208.3375,207.4615384615385,205.73,208.2142857142858,211.59375,211.8461538461539,210.1
207.8333333333334,209.4659090909091,212.0882352941177,208.4875,207.5384615384616,205.7916666666667,208.3571428571429,211.96875,211.923076923077,210.3
208.1666666666667,209.6931818181819,212.0294117647059,208.6375,207.6153846153846,205.8472222222222,208.5,212.2857142857143,212,210.5
208.5,209.9473684210526,211.9705882352941,208.7884615384615,207.6923076923077,205.9027777777778,208.6428571428572,212.4285714285714,212.0769230769231,210.7
208.7361111111111,210.2105263157895,211.9117647058824,208.9423076923077,207.8088235294118,205.9583333333333,208.8008474576272,212.5714285714286,212.1538461538462,210.8500000000001
208.6805555555556,210.4736842105263,211.8529411764706,209.0961538461539,208.0441176470588,206.0138888888889,209.0042372881356,212.7142857142857,212.2307692307693,210.9833333333333
208.625,210.7368421052632,211.7941176470588,209.25,208.2794117647059,206.0694444444445,209.2076271186441,212.8571428571428,212.4545454545455,211.1166666666667
208.5694444444445,211,211.78125,209.4038461538462,208.514705882353,206.125,209.4110169491526,213,212.7272727272727,211.25
208.5138888888889,211.2631578947369,211.9062500000001,209.5576923076923,208.75,206.1805555555556,209.614406779661,213.1428571428572,213,211.3833333333334
208.4583333333334,211.5263157894737,212.03125,209.7115384615385,208.9852941176471,206.2361111111111,209.8177966101695,213.2857142857143,213.2727272727273,211.5166666666667
208.4027777777778,211.7894736842105,212.15625,209.8653846153846,209.2205882352941,206.2663043478261,210.021186440678,213.4285714285714,213.5454545454546,211.65
208.3472222222223,212.0526315789474,212.3235294117647,210.0192307692308,209.4558823529412,206.2880434782609,210.2245762711864,213.5714285714286,213.8035714285715,211.7857142857143
208.2916666666667,212.2976190476191,212.6176470588236,210.173076923077,209.6911764705883,206.3097826086956,210.4279661016949,213.7142857142857,214.0178571428572,211.9285714285714
208.2875,212.4880952380953,212.9117647058824,210.3269230769231,209.7,206.3315217391304,210.6313559322034,214.2857142857143,214.2321428571429,212.0714285714286
208.4375,212.6785714285714,213.2058823529412,210.4807692307693,209.6333333333334,206.3532608695651,210.8347457627119,215,214.4464285714286,212.2142857142857
208.5875,212.8690476190476,213.5,210.6346153846154,209.5666666666667,206.3749999999999,211.0381355932203,215.7142857142857,214.6607142857143,212.3571428571429
208.7375,213.0595238095239,213.7941176470588,210.7826086956522,209.5,206.517857142857,211.2415254237288,216.3035714285714,214.875,212.5
208.8875,213.25,214.0882352941177,210.9130434782609,209.4333333333333,206.6607142857142,211.4449152542373,216.5178571428571,215.0892857142857,212.6428571428572
209.0375,213.4404761904762,214.3823529411765,211.0434782608696,209.3666666666667,206.8035714285713,211.6483050847457,216.7321428571429,215.3611111111111,212.7857142857143
209.1875000000001,213.6309523809524,214.6764705882353,211.1739130434783,209.3,206.9464285714284,211.7214285714286,216.9464285714286,215.8055555555556,212.9285714285714
209.3375,213.8214285714286,214.8125,211.304347826087,209.25,207.0892857142856,211.6642857142857,217.1607142857143,216.25,213.0714285714286
209.4875,214.0119047619048,214.8958333333334,211.4347826086957,209.25,207.1718749999999,211.6071428571428,217.3750000000001,216.6944444444445,213.2142857142858
209.6375,214.202380952381,214.9791666666667,211.5652173913044,209.25,207.2343749999999,211.55,217.5892857142858,217.1388888888889,213.53125
209.7954545454546,214.2875,215.0625000000001,211.6956521739131,209.25,207.296875,211.4928571428571,217.75,217.1136363636364,213.90625
209.9772727272727,214.3375,215.1458333333334,211.8260869565217,209.25,207.359375,211.4357142857143,217.75,216.9318181818182,214.2812500000001
210.1590909090909,214.3875,215.2291666666667,211.9565217391305,209.25,207.4875,211.3785714285714,217.75,216.75,214.65625
210.3409090909091,214.4375000000001,215.5,212.0869565217392,209.25,207.6375,211.3214285714286,217.75,216.5681818181818,215.0312500000001
210.5227272727273,214.4875,215.8333333333333,212.2173913043479,209.25,207.7875,211.2642857142858,217.75,216.3863636363637,215.40625
210.7045454545455,214.5375,216.1666666666667,212.3653846153846,209.3382352941177,207.9375,211.2941176470588,217.75,216.2794117647059,215.78125
211.275,214.5875,216.5,212.5192307692308,209.4558823529412,208.0875,211.3529411764706,217.7142857142857,216.3970588235294,216.15625
211.975,214.6375,216.8333333333333,212.6730769230769,209.5735294117648,208.2375,211.4117647058824,217.5714285714286,216.514705882353,216.203125
212.675,214.6875,217.1666666666667,212.8269230769231,209.6911764705883,208.3875,211.4705882352941,217.4285714285714,216.6323529411765,216.140625
213.375,214.7375,217.5,212.9807692307693,209.8088235294118,208.5375,211.5294117647059,217.2857142857143,216.75,216.078125
214.075,214.625,217.7,213.1346153846154,209.9264705882353,208.6875,211.5882352941177,217.5227272727273,216.8676470588235,216.015625
214.2916666666667,214.4583333333334,217.5,213.2857142857143,210.0441176470588,208.8375,211.6470588235294,217.8863636363637,216.9852941176471,215.953125
214.3472222222222,214.2916666666667,217.3,213.4285714285714,210.1617647058824,208.9807692307693,211.7058823529412,218.2500000000001,217.1029411764706,215.8906249999999
214.4027777777778,214.125,217.1,213.5714285714286,210.2277777777778,209.1217948717949,211.7976190476191,218.6136363636364,217.2205882352941,215.8281249999999
214.4583333333333,213.9583333333333,216.9,213.7142857142858,210.1388888888889,209.2628205128205,211.9880952380953,218.9772727272728,217.25,215.7656249999999
214.5138888888889,213.7916666666667,216.7,213.8181818181819,210.05,209.4038461538462,212.1785714285714,219.3181818181819,217.25,215.8437499999999
214.5694444444445,213.75,216.5,213.9090909090909,209.9611111111111,209.5448717948718,212.3690476190476,219.5909090909091,217.25,215.96875
214.625,213.75,216.3,214,209.8722222222222,209.6858974358974,212.5595238095239,219.8636363636364,217.25,216.0937499999999
214.6805555555555,213.75,216.325,214.0909090909091,209.7833333333333,209.8269230769231,212.75,220.1363636363637,217.25,216.2187499999999
214.7361111111111,213.75,216.425,214.1818181818182,209.6944444444445,209.9679487179487,212.9404761904762,220.4090909090909,217.25,216.3437499999999
215.05,213.8076923076923,216.525,214.2083333333334,209.6055555555556,210.1089743589743,213.1309523809524,220.6818181818182,217.2941176470588,216.4687499999999
215.45,214.0384615384615,216.625,214.0416666666667,209.5166666666667,210.25,213.3214285714286,220.8,217.4705882352941,216.5937499999999
215.75,214.2692307692308,216.725,213.875,209.4277777777778,210.326923076923,213.5119047619048,220.8666666666667,217.6470588235294,216.7187499999999
215.75,214.5,216.825,213.7222222222223,209.3388888888889,210.4038461538461,213.702380952381,220.9333333333334,217.8235294117647,216.7874999999999
215.75,214.7307692307693,216.925,213.6111111111111,209.25,210.4807692307692,213.9375,221.0000000000001,218,216.8374999999999
215.75,214.9615384615385,217.025,213.5,209.3219257540603,210.5576923076923,214.1875,221.0666666666667,218.1764705882353,216.8875
215.75,215.1923076923077,217.125,213.3888888888889,209.3938515081206,210.6346153846154,214.4375000000001,221.1333333333334,218.3529411764706,216.9375
215.75,215.423076923077,217.225,213.2777777777778,209.4657772621809,210.7115384615384,214.6875000000001,221.2,218.5294117647059,216.9875
215.1875,215.6538461538462,217.4545454545454,213.4166666666667,209.5377030162413,210.6875,214.9375000000001,221.2672413793104,218.7058823529412,217.0375
214.4375,215.8846153846154,217.7272727272727,213.6388888888889,209.6096287703016,210.5624999999999,215.1875,221.3362068965517,218.9868421052632,217.0875
214.475,216.1153846153846,218,213.8611111111111,209.6815545243619,210.4374999999999,215.1666666666667,221.4051724137931,219.3026315789474,217.1375
214.775,216.3461538461538,218.2727272727273,214.0833333333334,209.7534802784222,210.3125,215.0555555555556,221.4741379310345,219.6184210526316,217.1875
215.075,216.5769230769231,218.5454545454546,214.5000000000001,209.8254060324826,210.15,214.9444444444445,221.5431034482759,219.9342105263158,217.2375
215.375,216.7631578947368,218.7596153846154,215.5000000000001,209.8973317865429,209.95,214.8333333333334,221.6120689655173,220.25,217.390625
215.675,216.8157894736842,218.7980769230769,216.5000000000001,209.9692575406032,209.75,214.7261904761905,221.6810344827587,220.5657894736842,217.578125
215.75,216.8684210526316,218.8365384615385,217.3055555555556,210.0411832946635,209.55,214.6309523809524,221.7500000000001,220.8815789473684,217.765625
215.75,216.921052631579,218.875,217.5277777777778,210.1131090487239,209.35,214.5357142857143,221.8189655172414,221.1973684210527,217.953125
215.75,216.9736842105263,218.9134615384615,217.7500000000001,210.1850348027842,209.2954545454545,214.4404761904762,221.8879310344828,221.5131578947368,218.140625
215.75,217.0263157894737,218.9519230769231,217.9722222222223,210.2569605568445,209.3863636363636,214.3452380952381,221.9568965517242,221.796875,218.328125
215.8552631578947,217.078947368421,218.9903846153846,218.1944444444445,210.3288863109049,209.4772727272727,214.25,222.0258620689656,221.984375,218.515625
216.2763157894737,217.1315789473684,219.0288461538462,217.78125,210.4008120649652,209.5681818181818,214.1547619047619,222.0948275862069,222.171875,218.703125
216.6973684210527,217.1842105263158,219.0673076923077,217.15625,210.4727378190255,209.6590909090909,214.0595238095238,222.1637931034483,222.359375,218.9583333333333
217.1184210526316,217.2368421052632,219.1057692307692,216.53125,210.5446635730858,209.75,213.9642857142857,222.2327586206897,222.546875,219.2361111111111
217.5394736842105,217.5227272727273,219.1442307692308,215.90625,210.6165893271461,209.9027777777777,213.8690476190476,222.2826086956522,222.734375,219.5138888888889
217.9605263157895,217.8863636363637,219.1826923076923,215.875,210.6885150812065,210.0555555555555,213.7738095238095,222.3260869565218,222.921875,219.7916666666667
218.3815789473684,218.25,219.2211538461539,216.0416666666667,210.7604408352668,210.2083333333333,213.7125,222.3695652173913,223.109375,220.0694444444444
218.8026315789474,218.6136363636364,219.2222222222222,216.2083333333334,210.8323665893271,210.3611111111111,213.6625,222.4130434782609,223.2159090909091,220.3472222222222
219.2236842105263,218.9772727272727,219.1111111111111,216.3750000000001,210.9042923433875,210.5138888888889,213.6125,222.4565217391305,223.0795454545454,220.625
219.6447368421053,219.2692307692308,219,216.5416666666667,210.9762180974478,210.6666666666667,213.5625000000001,222.5,222.9431818181818,220.9027777777778
219.85,219.3461538461539,218.8888888888889,216.7083333333334,211.0481438515081,210.8194444444445,213.5125,222.5434782608696,222.8068181818182,221.1805555555555
219.9833333333333,219.4230769230769,218.7777777777778,216.65,211.1200696055684,210.9722222222222,213.4625,222.5869565217392,222.6704545454545,221.25
220.1166666666666,219.5,218.6666666666667,216.5166666666667,211.1919953596287,211.125,213.4125,222.6304347826087,222.5340909090909,221.25
220.25,219.5769230769231,218.5555555555555,216.3833333333334,211.2639211136891,211.2456896551724,213.3625,222.6739130434783,222.3977272727273,221.25
220.3833333333333,219.6538461538462,218.4444444444445,216.25,211.3358468677494,211.3663793103448,213.3125,222.7173913043478,222.2613636363636,221.25
220.5166666666667,219.7307692307693,218.3333333333333,216.1166666666667,211.4077726218097,211.4870689655173,213.2625,222.8,222.125,221.25
220.65,219.46875,218.2222222222222,215.9833333333334,211.47969837587,211.6077586206897,213.2826086956522,223,221.9886363636363,221.25
220.8,219.09375,218.1111111111111,215.85,211.5516241299304,211.7284482758621,213.3260869565217,223.2,221.8522727272727,221.25
221,218.71875,218,215.7666666666667,211.6235498839907,211.8491379310345,213.3695652173913,223.4,221.7894736842105,221.25
221.2,218.34375,217.8888888888889,215.8333333333333,211.6954756380511,211.9698275862069,213.4130434782609,223.6,221.9473684210527,221.25
221.4,218.2894736842105,217.7777777777778,215.9,211.7674013921114,212.0905172413793,213.4565217391304,223.8,222.1052631578947,221.3382352941176
221.6,218.3421052631579,217.8571428571429,215.9666666666667,211.8393271461717,212.2112068965517,213.5,224.0000000000001,222.2631578947368,221.4558823529411
221.8,218.3947368421053,218,216.0333333333334,211.911252900232,212.3318965517241,213.5434782608696,224.2,222.421052631579,221.5735294117647
222,218.4473684210526,218.1428571428572,216.1,211.9831786542923,212.4525862068966,213.5869565217392,224.2083333333333,222.578947368421,221.6911764705882
222.2,218.5,218.2857142857143,216.1666666666667,212.0551044083527,212.573275862069,213.6304347826087,224.1527777777778,222.7368421052632,221.8088235294117
222.4,218.5526315789474,218.4285714285714,216.2333333333334,212.127030162413,212.6939655172414,213.6739130434783,224.0972222222223,222.8947368421053,221.9264705882353
222.6,218.6052631578947,218.5714285714286,216.5625000000001,212.1989559164733,212.8146551724138,213.7173913043478,224.0416666666667,223.0526315789474,222.0441176470588
222.7833333333333,218.6578947368421,218.7142857142857,216.9791666666667,212.2708816705336,212.8694444444444,213.8409090909091,223.9861111111111,223.2105263157895,222.1617647058823
222.9166666666667,218.7105263157895,218.9,217.3958333333334,212.3428074245939,212.8583333333333,214.2045454545455,223.9305555555556,223.2941176470588,222.296875
223.05,218.7844827586207,219.1,217.8125000000001,212.4147331786543,212.8472222222222,214.5681818181818,223.875,223.3529411764706,222.484375
223.1833333333333,218.9224137931034,219.3,218.2291666666667,212.4866589327146,212.8361111111111,214.9318181818182,223.8194444444445,223.4117647058824,222.671875
223.3166666666667,219.0603448275862,219.5,218.6458333333334,212.5585846867749,212.825,215.2954545454546,223.7638888888889,223.4705882352941,222.859375
223.45,219.198275862069,219.7,218.9545454545455,212.6305104408353,212.8138888888889,215.6590909090909,223.8571428571429,223.5294117647059,223.046875
223.5833333333333,219.3362068965517,219.9,219.2272727272728,212.7024361948956,212.8027777777777,216.0227272727273,224,223.5882352941176,223.234375
223.7166666666667,219.4741379310345,220.1,219.5000000000001,212.7743619489559,212.7916666666667,216.3863636363637,224.1428571428572,223.6470588235294,223.421875
223.65,219.6120689655173,220.3,219.7727272727273,212.8462877030162,212.7805555555555,216.75,224.2857142857143,223.7058823529412,223.609375
223.5166666666667,219.75,220.5,220.0454545454546,212.9182134570765,212.7694444444444,217.1136363636364,224.4285714285715,223.7833333333334,223.7592592592592
223.3833333333333,219.8879310344828,220.7,220.3055555555556,212.9901392111369,212.7583333333333,217.4772727272727,224.5714285714286,223.9166666666667,223.7962962962963
223.25,220.0258620689655,220.9,220.5277777777778,213.0620649651972,212.735465116279,217.7625,224.7142857142858,224.05,223.8333333333333
223.1166666666667,220.1637931034483,221.1,220.7500000000001,213.1339907192575,212.6773255813953,217.8125,224.8571428571429,224.1833333333333,223.8703703703704
222.9833333333333,220.301724137931,221.2763157894737,220.9722222222223,213.2059164733178,212.6191860465116,217.8625,225,224.3166666666667,223.9074074074074
222.85,220.4396551724138,221.3815789473684,221.1944444444445,213.2778422273782,212.5610465116279,217.9125,225.1428571428572,224.45,223.9444444444444
222.6875,220.5775862068966,221.4868421052632,220.96875,213.3497679814385,212.5029069767441,217.9625,225.2857142857143,224.5833333333333,223.9814814814815
222.4375,220.7155172413793,221.5921052631579,220.59375,213.4216937354988,212.4447674418604,218.0125,225.4285714285714,224.7166666666667,224.0185185185185
222.1875,220.7788461538462,221.6973684210526,220.21875,213.4936194895592,212.3866279069767,218.0625000000001,225.5714285714286,224.8275862068965,224.0555555555555
221.9375,220.8173076923077,221.8026315789474,219.84375,213.5655452436195,212.3284883720929,218.1125,225.7142857142858,224.9310344827586,224.0925925925926
221.6875,220.8557692307692,221.9078947368421,219.9750000000001,213.6374709976798,212.2703488372092,218.1625,225.8571428571429,225.0344827586207,224.1296296296296
221.4375,220.8942307692308,222.0131578947368,220.275,213.7093967517401,212.2122093023255,218.2125,226.0000000000001,225.1379310344828,224.1666666666667
221.1875,220.9326923076923,222.1184210526316,220.575,213.7813225058005,212.1540697674417,218.2586206896552,226.1428571428572,225.2413793103448,224.2037037037037
220.9375,220.9711538461538,222.2236842105263,220.8750000000001,213.8532482598608,212.2960526315788,218.2931034482759,226.27,225.3448275862069,224.2407407407407
220.7727272727273,221.0096153846154,222.2857142857143,221.1750000000001,213.9281419546381,212.6381578947368,218.3275862068966,226.35,225.448275862069,224.1847826086956
220.8636363636364,221.0480769230769,222.3333333333333,221.5000000000001,214.2368461007354,212.9802631578947,218.3620689655173,226.43,225.551724137931,224.0978260869565
220.9545454545454,221.0865384615385,222.3809523809524,221.8333333333334,214.5455502468326,213.3223684210526,218.3965517241379,226.51,225.6551724137931,224.0108695652173
221.0454545454546,221.125,222.4285714285714,222.1666666666667,214.85425439293,213.6644736842105,218.4310344827587,226.59,225.7586206896552,223.9239130434782
221.1363636363636,221.1634615384615,222.4761904761905,222.5,215.1629585390272,213.9375,218.4655172413794,226.67,225.8620689655172,223.8369565217391
221.2272727272727,221.2019230769231,222.5238095238095,222.5,215.4716626851245,214.1875,218.5,226.7500000000001,225.9655172413793,223.7499999999999
221.3181818181818,221.2403846153846,222.5714285714286,221.5,215.7803668312218,214.4375,218.5344827586207,226.83,226.0689655172414,223.6630434782608
221.4090909090909,221.325,222.6190476190476,220.5,216.089070977319,214.6875,218.5689655172414,226.91,226.1724137931034,223.5760869565217
221.5,221.425,222.6666666666667,220.4381413911061,216.3977751234163,214.9375,218.6034482758621,226.99,226.2222222222222,223.4891304347826
221.5909090909091,221.525,222.7142857142857,220.6889965792475,216.7064792695136,215.1875,218.6379310344828,227.0700000000001,226.1111111111111,223.4021739130434
221.6818181818182,221.625,222.7878787878788,220.9398517673889,217.0151834156109,215.3571428571429,218.6724137931035,227.15,226,223.3152173913043
221.7142857142857,221.725,222.9393939393939,221.1907069555302,217.3238875617081,215.5,218.7068965517242,227.23,225.8888888888889,223.375
221.5714285714286,221.825,223.0909090909091,221.4415621436716,217.6325917078054,215.6428571428571,218.7413793103449,227.2,225.7777777777778,223.875
221.4285714285714,221.925,223.2424242424242,221.9309459450614,217.9412958539027,215.7857142857143,218.9078947368421,227.1333333333333,225.6666666666667,224.375
221.2857142857143,222.025,223.3939393939394,222.7039639633742,218.25,215.9285714285714,219.1184210526316,227.0666666666667,225.5555555555556,224.875
221.1428571428571,222.125,223.5454545454546,223.4769819816871,218.4722222222222,216.0714285714286,219.3289473684211,227,225.4444444444444,225.375
221,222.225,223.6969696969697,224.25,218.6944444444444,216.2142857142857,219.5394736842105,226.9333333333334,225.3333333333333,225.875
220.8571428571429,222.328947368421,223.8484848484848,224.3833333333333,218.9166666666666,216.475,219.75,226.8666666666667,225.2794117647059,226.2692307692307
220.7142857142857,222.4342105263158,224,224.5166666666667,219.1388888888889,216.775,219.9605263157895,226.8,225.3970588235294,226.3461538461538
220.5714285714286,222.5394736842105,224.1515151515152,224.65,219.3611111111111,217.075,220.171052631579,226.7758620689656,225.5147058823529,226.4230769230769
220.4285714285714,222.6447368421053,224.3030303030303,224.7833333333333,219.5833333333333,217.375,220.3815789473684,226.8793103448276,225.6323529411765,226.5
220.2857142857143,222.75,224.4545454545454,224.9166666666666,219.8055555555555,217.675,220.5921052631579,226.9827586206897,225.75,226.576923076923
220.28125,222.8552631578947,224.6060606060606,225.05,220.0277777777777,217.85,220.7205882352941,227.0862068965517,225.8676470588235,226.6538461538461
220.3229166666667,222.9605263157895,224.7575757575758,225.1833333333333,220.25,217.9833333333333,220.6029411764706,227.1896551724138,225.9852941176471,226.7307692307692
220.3645833333333,223.0657894736842,224.9090909090909,224.9722222222222,220.4722222222222,218.1166666666667,220.4852941176471,227.2931034482759,226.1029411764706,226.6964285714286
220.40625,223.171052631579,225.0606060606061,224.4166666666666,220.6944444444444,218.25,220.3676470588236,227.396551724138,226.2205882352941,226.625
220.4479166666667,223.2794117647059,225.2121212121212,223.8611111111111,220.9166666666666,218.3833333333333,220.25,227.5,226.375,226.5535714285714
220.4895833333333,223.3970588235294,225.1923076923077,223.3055555555555,221.1388888888889,218.5166666666667,220.1323529411765,227.6034482758621,226.5416666666667,226.4821428571428
220.53125,223.5147058823529,225.1153846153846,222.75,221.2954545454545,218.65,220.014705882353,227.7068965517242,226.7083333333333,226.4107142857142
220.5729166666667,223.6323529411765,225.0384615384615,222.875,221.3863636363636,218.775,219.8970588235294,227.8103448275862,226.875,226.3392857142857
220.6145833333333,223.75,224.9615384615385,223,221.4772727272727,218.875,219.7794117647059,227.9137931034483,227.0416666666667,226.2678571428571
220.65625,223.8676470588235,224.8846153846154,223.125,221.5681818181818,218.975,219.9166666666667,228.0172413793103,227.2083333333333,226.2173913043478
220.6979166666667,223.9852941176471,224.8076923076923,223.25,221.6590909090908,219.075,220.1388888888889,228.1206896551724,227.375,226.1739130434782
220.7395833333333,224.1029411764706,224.7307692307692,223.5,221.75,219.175,220.3611111111111,228.2241379310345,227.5416666666667,226.1304347826087
220.78,224.2205882352941,224.6538461538462,223.75,221.8409090909091,219.275,220.5833333333333,228.3152173913044,227.7083333333333,226.0869565217391
220.82,224.3035714285714,224.5769230769231,224,221.9318181818182,219.375,220.8035714285715,228.4021739130435,227.87,226.0434782608695
220.86,224.375,224.5,224.25,222.0227272727273,219.475,221.0178571428572,228.4891304347827,228.03,226
220.9,224.4464285714286,224.4230769230769,223.5357142857143,222.1136363636363,219.575,221.2321428571429,228.5760869565217,228.19,225.9565217391304
220.94,224.5178571428571,224.3461538461539,222.8214285714286,222.2045454545454,219.675,221.4464285714286,228.6630434782609,228.35,225.9130434782608
220.98,224.5892857142857,224.2692307692308,222.1071428571428,222.25,219.71875,221.6607142857143,228.75,228.51,225.8695652173913
221.02,224.6607142857143,224.475,222.0277777777777,222.25,219.59375,221.875,228.8369565217392,228.67,225.8260869565217
221.06,224.7321428571428,224.775,222.5833333333333,222.25,219.46875,222.0892857142857,228.9239130434783,228.83,225.7826086956522
221.1,224.7697368421053,225.075,223.1388888888889,222.25,219.34375,222.2857142857143,229.0108695652174,228.99,225.8541666666666
221.14,224.796052631579,225.375,223.6944444444444,222.25,219.21875,222.4285714285715,229.0978260869566,229.15,226.2708333333333
221.18,224.8223684210526,225.675,224.25,222.25,219.09375,222.5714285714286,229.1847826086957,229.31,226.6874999999999
221.22,224.8486842105263,225.975,224.4166666666666,222.25,218.96875,222.7142857142857,229.2321428571429,229.47,227.1041666666666
221.2788461538462,224.875,226.275,224.5833333333333,222.25,218.84375,222.8571428571429,229.1607142857143,229.63,227.5208333333333
221.3942307692307,224.9013157894737,226.575,224.75,222.1785714285714,218.7738095238095,223,229.0892857142858,229.7638888888889,227.9375
221.5096153846154,224.9276315789473,226.875,224.9166666666666,222.0357142857142,218.8690476190476,223.1428571428572,229.0178571428572,229.8194444444444,228.2261904761904
221.625,224.953947368421,227.175,225.0833333333333,221.8928571428571,218.9642857142857,223.25,228.9464285714286,229.875,228.1309523809524
221.7403846153846,224.9802631578947,227.3055555555555,225.25,221.75,219.0595238095238,223.25,228.875,229.9305555555555,228.0357142857142
221.8557692307692,225.0065789473684,227.3796296296296,225.3166666666666,221.6071428571428,219.1547619047619,223.25,228.8035714285715,229.9861111111111,227.9404761904761
221.9711538461538,225.0328947368421,227.4537037037037,225.3833333333333,221.4642857142857,219.25,223.25,228.7166666666667,230.0416666666666,227.8452380952381
222.0865384615385,225.0592105263158,227.5277777777778,225.45,221.3214285714286,219.3452380952381,223.25,228.5833333333334,230.0972222222222,227.75
222.2019230769231,225.0855263157895,227.6018518518518,225.5166666666667,221.2738095238095,219.4404761904762,223.25,228.45,230.1527777777778,227.6547619047619
222.3173076923077,225.1118421052632,227.6759259259259,225.5833333333333,221.3214285714286,219.5357142857143,223.25,228.3166666666667,230.2083333333333,227.5595238095238
222.4326923076923,225.1381578947368,227.75,225.65,221.3690476190476,219.6309523809524,223.15,228.1833333333333,230.2023809523809,227.4642857142857
222.5480769230769,225.1644736842105,227.8240740740741,225.7166666666666,221.4166666666667,219.7261904761905,223.0166666666667,228.05,230.0119047619047,227.3690476190476
222.6634615384615,225.1907894736842,227.8981481481482,225.8409090909091,221.4642857142857,219.8,222.8833333333334,227.9166666666667,229.8214285714285,227.2738095238095
222.75,225.2171052631579,227.9722222222222,226.0227272727273,221.5119047619047,219.8666666666667,222.75,227.7833333333334,229.6309523809524,227.1899999999999
222.75,225.2434210526316,228.0462962962963,226.2045454545454,221.5595238095238,219.9333333333333,222.6166666666667,227.796875,229.4404761904762,227.11
222.75,225.1923076923077,228.1203703703704,226.3863636363636,221.6071428571428,220,222.4833333333334,227.859375,229.25,227.03
222.75,225.1153846153846,228.1944444444444,226.5681818181818,221.6547619047619,220.0666666666667,222.3500000000001,227.9218750000001,229.0595238095238,226.9499999999999
222.75,225.0384615384615,228.2364864864865,226.75,221.7023809523809,220.1333333333333,222.3125,227.984375,228.8690476190476,226.87
222.75,224.9615384615385,228.1824324324324,226.4642857142857,221.75,220.2,222.5625,228.0468750000001,228.6785714285714,226.79
222.75,224.8846153846154,228.1283783783784,226.1785714285714,221.85,220.2727272727273,222.8125,228.1093750000001,228.4880952380952,226.71
222.75,224.8076923076923,228.0743243243243,225.8928571428571,221.95,220.3636363636364,223.0625,228.171875,228.297619047619,226.63
222.7875,224.7307692307692,228.0202702702703,225.5,222.05,220.4545454545454,223.1590909090909,228.234375,228.15625,226.55
222.9375,224.6538461538462,227.9662162162162,225,222.15,220.5454545454545,222.7954545454546,228.3804347826087,228.03125,226.47
223.0875,224.5769230769231,227.9121621621621,224.4999999999999,222.25,220.6363636363636,222.4318181818182,228.554347826087,227.90625,226.39
223.2375,224.5,227.8581081081081,224.2115384615384,222.35,220.7272727272727,222.3552631578947,228.7282608695652,227.78125,226.31
223.3875,224.4230769230769,227.8040540540541,224.1346153846154,222.45,220.6923076923077,222.5657894736842,228.9021739130435,227.7734375,226.2875
223.5375,224.3461538461538,227.75,224.0576923076923,222.55,220.6153846153846,222.7763157894737,229.0760869565217,227.8046874999999,226.4375
223.6875,224.2692307692308,227.6959459459459,223.9807692307692,222.6499999999999,220.5384615384615,222.9868421052632,229.25,227.8359375,226.5875
223.8375,224.375,227.6418918918919,223.9038461538461,222.75,220.4615384615385,223.1973684210527,229.4239130434783,227.8671874999999,226.7375
223.9875,224.5416666666667,227.5878378378378,223.826923076923,222.7761437908496,220.3846153846154,223.175,229.5978260869566,227.8984375,226.8875
224.1375,224.7083333333333,227.5337837837838,223.75,222.8022875816993,220.3076923076923,223.075,229.7717391304348,227.9296875,227.0375
224.2666666666667,224.875,227.4797297297297,224.15,222.828431372549,220.3,222.975,229.9456521739131,227.9609375,227.1874999999999
224.3333333333333,225.0416666666667,227.4256756756757,224.55,222.8545751633986,220.5,222.875,230.1195652173913,227.9921875,227.3375
224.4,225.2083333333333,227.3716216216216,224.95,222.8807189542483,220.7,222.775,230.3214285714286,228.0234375,227.4875
224.4666666666667,225.375,227.3175675675676,225.35,222.906862745098,220.9,222.7916666666667,230.6071428571429,228.0546875,227.6375
224.5333333333333,225.5416666666667,227.2635135135135,225.75,222.9330065359477,221.1,222.8472222222223,230.8928571428572,228.0859375,227.7749999999999
224.6,225.7083333333333,227.1666666666667,225.9166666666666,222.9591503267974,221.3,222.9027777777778,231.1785714285714,228.1171875,227.875
224.6666666666667,225.875,227.0555555555556,226.0833333333333,222.985294117647,221.5,222.9583333333334,231.4642857142858,228.1484375,227.975
224.7333333333333,226.0416666666667,226.9444444444445,226.25,223.0114379084967,221.7,223.0138888888889,231.75,228.1796875,228.075
224.75,226.2083333333333,226.8333333333334,226.4166666666666,223.0084297909669,221.8,223.0694444444445,232.0357142857143,228.2109375,228.175
224.75,226.3625,226.7222222222222,226.5833333333333,222.9739724855046,221.8666666666667,223.125,232.1346153846154,228.2421875,228.0416666666666
224.75,226.5125,226.6111111111111,226.75,222.9395151800423,221.9333333333333,223.1805555555556,231.673076923077,228.3076923076923,227.2083333333333
224.75,226.6625,226.5,226.6388888888889,222.9050578745801,222,223.2361111111111,231.2115384615385,228.3846153846154,226.375
224.75,226.8125,226.3888888888889,226.5277777777777,222.8706005691178,222.0666666666667,223.4,230.75,228.4615384615385,225.7749999999999
224.5454545454546,226.9625,226.2777777777778,226.4166666666666,222.8361432636556,222.1333333333333,223.6,230.2884615384616,228.5384615384615,225.875
224.2727272727273,227.1125,226.2857142857143,226.3055555555555,222.8016859581933,222.2,223.8,229.8269230769231,228.6153846153846,225.975
224.0000000000001,227.2625,226.3333333333333,226.1944444444444,222.7672286527311,222.2777777777778,224,229.3653846153846,228.6923076923077,226.075
223.7272727272727,227.4125,226.3809523809524,226.0833333333333,222.6973684210526,222.3888888888889,224.2,229,228.7692307692308,226.175
223.4545454545455,227.5625,226.4285714285714,225.9722222222222,222.5921052631579,222.5,223.8214285714286,228.6666666666667,228.8461538461538,226.275
223.2884615384615,227.7125,226.4761904761905,225.8611111111111,222.4868421052631,222.6111111111111,223.2500000000001,228.3333333333334,228.9230769230769,226.3749999999999
223.4423076923077,227.65,226.5238095238095,225.75,222.3815789473684,222.7222222222222,222.6785714285715,228.0000000000001,229,226.475
223.5961538461538,227.5166666666667,226.5714285714286,225.6323529411764,222.2763157894737,222.8333333333333,222.28125,227.6666666666667,229.0769230769231,226.575
223.75,227.3833333333333,226.6190476190476,225.5147058823529,222.1710526315789,222.9444444444445,222.4062500000001,227.3333333333333,229.1538461538462,226.675
223.9038461538461,227.25,226.6666666666667,225.3970588235294,222.0657894736842,223.0555555555555,222.53125,227.35,229.2307692307692,226.7307692307692
224.0576923076923,227.1166666666667,226.7142857142857,225.2794117647059,221.9605263157895,223.1666666666666,222.65625,227.4833333333333,229.1796875,226.6538461538461
224.2115384615385,226.9833333333333,226.7619047619048,225.1617647058823,221.8552631578947,223.2777777777778,222.8035714285715,227.6166666666667,229.0859375,226.576923076923
224.3625,226.85,226.8095238095238,225.0441176470588,221.75,223.3888888888889,223.0178571428572,227.75,228.9921875,226.5
224.5125,226.71875,226.8571428571429,224.9264705882353,221.8118556701031,223.5,223.2321428571429,227.8833333333334,228.8984375,226.4230769230769
224.6625,226.59375,226.9047619047619,224.8088235294117,221.8737113402061,223.6111111111111,223.4464285714286,228.0166666666667,228.8046875,226.3461538461538
224.8124999999999,226.46875,226.952380952381,224.8333333333333,221.9355670103093,223.7222222222222,223.6607142857143,228.15,228.7109375,226.2692307692307
224.9625,226.34375,227,225,221.9974226804123,223.75,223.875,228.2272727272727,228.6171875,226.198275862069
225.1125,226.2307692307693,227.0476190476191,225.1666666666666,222.0592783505155,223.75,224.0892857142858,228.1363636363637,228.5234375,226.1293103448276
225.2625,226.1538461538462,227.0952380952381,225.3333333333333,222.1211340206185,223.75,224.2222222222223,228.0454545454546,228.4296875,226.0603448275862
225.4125,226.0769230769231,227.1428571428571,225.5,222.1829896907216,223.75,224.1111111111112,227.9545454545455,228.3359375,225.9913793103448
225.5625,226,227.1904761904762,225.6666666666666,222.2448453608247,223.75,224,227.8636363636364,228.2421875,225.9224137931034
225.7125,225.9230769230769,227.2380952380952,225.8125,222.3067010309278,223.75,223.8888888888889,227.7727272727273,228.1484375,225.853448275862
225.6315789473684,225.8461538461538,227.2142857142857,225.9374999999999,222.3685567010309,223.75,223.7777777777778,227.9583333333333,228.0546875,225.7844827586207
225.4736842105263,225.7692307692308,227.1666666666667,226.0624999999999,222.430412371134,223.75,223.6666666666667,228.2361111111111,227.9609375,225.7155172413793
225.3157894736842,225.9107142857143,227.1190476190476,226.1875,222.4922680412371,223.75,223.5555555555556,228.5138888888889,227.8671875,225.6465517241379
225.1578947368421,226.125,227.0714285714286,226.5625,222.5541237113402,223.75,223.4444444444445,228.7916666666667,227.7734375,225.5775862068965
225,226.3392857142857,227.0238095238095,227.1874999999999,222.6159793814433,223.75,223.3333333333333,229.0694444444445,227.6315789473684,225.5086206896551
224.8421052631579,226.5535714285714,226.9761904761905,227.8124999999999,222.6778350515464,223.75,223.2875000000001,229.3472222222223,227.4736842105263,225.4396551724138
224.6842105263158,226.7678571428571,226.9285714285714,228.4375,222.7396907216495,223.75,223.4375,229.625,227.3157894736842,225.3706896551724
224.5263157894736,226.9821428571429,226.8809523809524,229.0357142857143,222.8015463917525,223.75,223.5875,229.9027777777778,227.1578947368421,225.301724137931
224.3684210526315,227.1964285714286,226.8333333333333,229.6071428571428,222.8634020618556,223.75,223.7375,230.1805555555556,227,225.2395833333333
224.2763157894737,227.25,226.7857142857143,230.1785714285714,222.9252577319587,223.75,223.8875,230.0833333333334,226.8421052631579,225.1979166666667
224.3815789473684,227.25,226.7916666666667,230.75,222.9871134020618,223.75,224.0375,229.8611111111111,226.6842105263158,225.15625
224.4868421052631,227.25,226.9583333333333,227.75,223.0501562821532,223.75,224.1875,229.6388888888889,226.5263157894737,225.1145833333333
224.5921052631579,227.25,227.125,227.5192307692307,223.1764556208739,223.75,224.3375,229.4166666666667,226.3684210526316,225.0729166666666
224.6973684210526,227.25,227.2916666666666,227.2884615384615,223.3027549595946,223.75,224.4875,229.1944444444445,226.2333333333333,225.03125
224.8026315789473,227.25,227.4583333333333,227.0576923076923,223.4290542983154,223.75,224.6375,228.9722222222222,226.1666666666667,224.9895833333333
224.9078947368421,227.25,227.625,226.826923076923,223.5553536370361,223.75,224.75,228.75,226.1,224.9479166666666
225.0131578947368,227.35,227.7916666666667,226.5961538461538,223.6816529757568,223.8214285714286,224.75,228.5277777777778,226.0333333333334,224.9062499999999
225.1184210526316,227.75,227.9583333333333,226.3653846153846,223.8079523144775,223.9166666666667,224.75,228.3055555555556,225.9666666666667,224.8645833333333
225.2236842105263,228.15,228.125,226.1730769230769,223.9342516531982,224.0119047619048,224.75,228.3035714285715,225.9,224.8229166666667
225.1875,228.55,228.2916666666666,226.0192307692307,224.0605509919189,224.1071428571428,224.75,228.375,225.8333333333333,224.78125
225.1041666666666,228.95,228.4583333333333,225.8653846153846,224.1868503306396,224.202380952381,224.7272727272727,228.4464285714286,225.7666666666667,224.725
225.0208333333333,229.2608695652174,228.625,225.7115384615385,224.1854838709677,224.297619047619,224.6363636363636,228.5178571428572,225.7142857142857,224.625
224.9374999999999,229.304347826087,228.7625,225.5576923076923,224.0564516129032,224.3928571428571,224.5454545454545,228.5892857142857,225.6666666666667,224.525
224.8541666666666,229.3478260869565,228.8125,225.4038461538461,223.9274193548387,224.4880952380952,224.4545454545455,228.6607142857143,225.6190476190476,224.425
224.7708333333333,229.3913043478261,228.8625,225.25,223.7983870967741,224.5833333333333,224.3636363636364,228.7321428571429,225.5714285714286,224.3249999999999
224.6875,229.4347826086956,228.9125,225.5357142857143,223.6693548387096,224.6785714285714,224.2727272727273,228.9166666666667,225.5238095238095,224.225
224.6041666666666,229.4782608695652,228.9625,225.8214285714286,223.5403225806452,224.765625,224.2058823529412,229.1388888888889,225.4761904761905,224.1249999999999
224.5208333333333,229.5217391304348,229.0125,226.1071428571428,223.4112903225806,224.828125,224.1470588235294,229.3611111111111,225.4285714285714,224.025
224.4375,229.5652173913044,229.0625,226.3928571428571,223.2822580645161,224.890625,224.0882352941177,229.5833333333334,225.3809523809524,223.925
224.3541666666666,229.6086956521739,229.1125,226.6785714285714,223.0454545454545,224.953125,224.0294117647059,229.65625,225.3333333333333,223.825
224.2708333333333,229.6521739130435,229.1625,226.9642857142857,222.7727272727273,225.015625,223.9705882352941,229.28125,225.2857142857143,223.71875
224.22,229.695652173913,229.2125,227.25,222.5,225.078125,223.9117647058824,228.90625,225.2307692307693,223.59375
224.1799999999999,229.7391304347826,229.25,227.3055555555555,222.2272727272727,225.140625,223.8529411764706,228.5312500000001,225.1538461538462,223.46875
224.14,229.7941176470588,229.25,227.3611111111111,221.9545454545454,225.203125,223.7941176470588,228.15625,225.0769230769231,223.34375
224.1,229.8529411764706,229.25,227.4166666666667,221.7884615384615,225.2,223.7261904761905,227.7812500000001,225,223.21875
224.0599999999999,229.9117647058824,229.25,227.4722222222222,221.9423076923077,225,223.6309523809524,227.40625,224.9230769230769,223.0937499999999
224.02,229.9705882352941,229.25,227.5277777777778,222.0961538461538,224.8,223.5357142857143,227.03125,224.8461538461538,222.9687499999999
223.98,230.0294117647059,229.25,227.5833333333333,222.25,224.6,223.4404761904762,226.6944444444445,224.7692307692308,222.84375
223.94,230.0882352941177,229.25,227.6388888888889,222.4038461538461,224.4,223.3452380952381,226.4722222222223,224.8035714285714,222.71875
223.9,230.1470588235294,229.25,227.6944444444444,222.5576923076923,224.2,223.25,226.25,224.875,222.5937499999999
223.86,230.2058823529412,229.25,227.75,222.7115384615385,224,223.1547619047619,226.0277777777778,224.9464285714286,222.4687499999999
223.82,230.2166666666667,229.25,227.65,222.9375,223.8,223.0595238095238,225.8055555555556,225.0178571428571,222.3437499999999
223.78,230.0833333333333,229.2391304347826,227.55,223.1875,223.7173913043478,222.9642857142857,225.6346153846154,225.0892857142857,222.21875
223.75,229.95,229.1956521739131,227.45,223.4375,223.6739130434783,222.8690476190476,225.4807692307693,225.1607142857143,222.09375
223.75,229.8166666666667,229.1521739130435,227.35,223.6874999999999,223.6304347826087,222.7738095238095,225.3269230769231,225.2321428571429,221.96875
223.75,229.6833333333333,229.1086956521739,227.25,223.9375,223.5869565217391,222.65,225.173076923077,225.1375,221.84375
223.75,229.55,229.0652173913044,227.0961538461538,224.1875,223.5434782608695,222.5166666666667,225.0192307692308,224.9875,221.7205882352941
223.75,229.4166666666667,229.0217391304348,226.9423076923077,224.2941176470588,223.5,222.3833333333333,224.8653846153846,224.8375,221.6029411764706
223.75,229.2833333333334,228.9782608695652,226.7884615384615,224.3529411764706,223.4565217391304,222.25,224.7321428571429,224.6875,221.485294117647
223.75,229.328947368421,228.9347826086957,226.6346153846154,224.4117647058823,223.4130434782609,222.1166666666666,224.6607142857143,224.5375,221.3676470588235
223.75,229.4342105263158,228.8913043478261,226.4807692307692,224.4705882352941,223.3695652173913,221.9833333333333,224.5892857142858,224.3875,221.25
223.75,229.5394736842105,228.8478260869565,226.3269230769231,224.5294117647059,223.3260869565217,221.85,224.5178571428572,224.2375,221.1323529411765
223.75,229.6447368421053,228.8043478260869,226.2142857142857,224.5882352941176,223.2826086956522,221.7708333333333,224.4464285714286,224.0875,221.0147058823529
223.75,229.75,228.7608695652174,226.1428571428571,224.6470588235294,223.25,221.8541666666667,224.375,223.9375,220.8970588235294
223.75,229.8552631578947,228.675,226.0714285714285,224.7058823529411,223.25,221.9375,224.3035714285715,223.7875,220.7794117647059
223.7,229.9605263157895,228.575,226,224.7115384615384,223.25,222.0208333333333,224.2857142857143,223.55,220.6617647058823
223.6333333333333,230.0657894736842,228.475,225.9285714285714,224.5576923076923,223.25,222.1041666666666,224.4285714285714,223.2833333333333,220.5441176470588
223.5666666666666,230.171052631579,228.375,225.8571428571428,224.4038461538461,223.25,222.1875,224.5714285714286,223.0166666666667,220.4264705882353
223.5,230.2083333333333,228.275,225.7857142857142,224.25,223.25,222.2708333333333,224.7142857142857,222.75,220.3088235294117
223.4333333333333,230.0416666666667,228.175,225.6973684210526,224.0961538461538,223.2638888888889,222.3541666666666,224.8571428571429,222.4833333333333,220.1911764705882
223.3666666666666,229.875,228.075,225.5921052631579,223.9423076923077,223.3194444444445,222.4374999999999,225,222.2166666666667,220.0735294117647
223.3,229.7083333333333,227.975,225.4868421052632,223.7884615384615,223.375,222.5208333333333,225.1428571428572,221.95,219.9558823529411
223.2333333333333,229.5416666666667,227.875,225.3815789473684,223.75,223.4305555555555,222.6041666666666,225.1730769230769,221.702380952381,219.8382352941176
223.1666666666666,229.375,227.775,225.2763157894737,223.75,223.4861111111111,222.6875,224.8653846153846,221.5119047619048,219.71875
223.1,229.2083333333333,227.7826086956522,225.1710526315789,223.75,223.5416666666667,222.734375,224.5576923076923,221.3214285714286,219.59375
223.0333333333333,229.0416666666667,227.8260869565217,225.0657894736842,223.75,223.5972222222222,222.671875,224.25,221.1309523809524,219.46875
222.9666666666666,228.875,227.8695652173913,224.9605263157895,223.75,223.6527777777778,222.609375,223.9423076923077,220.9404761904762,219.34375
222.9,228.7222222222222,227.9130434782609,224.8552631578947,223.6875,223.7083333333333,222.5468749999999,223.6346153846154,220.75,219.21875
222.8333333333333,228.6111111111111,227.9565217391304,224.75,223.4375,223.7083333333333,222.484375,223.3269230769231,220.5595238095238,219.0937499999999
222.7666666666667,228.5,228,225.0357142857143,223.1875,223.5416666666667,222.4218749999999,223.1666666666667,220.3690476190476,218.9687499999999
222.8,228.3888888888889,228.0434782608696,225.3214285714286,222.9375,223.375,222.359375,223.0555555555556,220.1785714285714,218.84375
222.8666666666666,228.2777777777778,228.0869565217391,225.6071428571428,222.6875,223.2083333333333,222.296875,222.9444444444445,219.9880952380952,218.71875
222.9333333333333,228.1666666666667,228.1304347826087,226.35,222.4374999999999,223.0416666666667,222.2142857142857,222.8333333333333,219.797619047619,218.59375
223,228.0555555555556,228.1739130434783,227.55,222.3076923076923,222.875,222.0714285714286,222.7222222222223,219.6,218.4687499999999
223.0666666666667,227.9444444444444,228.2173913043478,228.75,222.5384615384615,222.7083333333333,221.9285714285714,222.6111111111111,219.4,218.3437499999999
223.1333333333333,227.8333333333333,228.2368421052632,228.8611111111111,222.7692307692307,222.5416666666667,221.7857142857143,222.5,219.2,218.21875
223.2,227.7045454545455,228.1842105263158,228.9722222222222,223,222.375,221.6428571428571,222.3888888888889,219,218.09375
223.2282608695652,227.5227272727273,228.1315789473684,229.0833333333333,223.2307692307692,222.2115384615385,221.5,222.2777777777778,218.8,217.96875
223.141304347826,227.3409090909091,228.0789473684211,229.1944444444444,223.4615384615385,222.0576923076923,221.3571428571428,222.2083333333333,218.6,217.84375
223.0543478260869,227.1590909090909,228.0263157894737,228.5,223.6923076923077,221.9038461538462,221.175,222.1527777777778,218.4,217.6931818181818
222.9673913043478,226.9772727272727,227.9736842105263,227,223.9333333333333,221.75,220.875,222.0972222222223,218.2,217.4659090909091
222.8804347826087,226.7954545454546,227.921052631579,226.25,224.1777777777777,221.5961538461539,220.575,222.0416666666667,218,217.2386363636363
222.7934782608695,226.46875,227.8684210526316,226.25,224.4222222222222,221.4423076923077,220.275,221.9861111111111,217.8,217.0113636363636
222.7065217391304,226.09375,227.8157894736842,226.25,224.6666666666666,221.2884615384615,219.975,221.9305555555556,217.6310975609756,216.7840909090909
222.6195652173913,225.71875,227.7631578947368,226.25,224.9111111111111,221.3181818181818,219.765625,221.875,217.4725609756098,216.5568181818181
222.5326086956521,225.34375,227.5921052631579,226.0833333333333,225.125,221.4090909090909,219.828125,221.8194444444445,217.3140243902439,216.3295454545454
222.445652173913,225.1346153846154,227.3815789473684,225.75,225.125,221.5,219.890625,221.7638888888889,217.155487804878,216.1022727272727
222.3586956521739,224.9807692307693,227.171052631579,225.4166666666666,225.125,221.5909090909091,219.9531249999999,221.6315789473684,216.9969512195122,215.8749999999999
222.2717391304348,224.8269230769231,226.9605263157895,225.0833333333333,225.125,221.6818181818182,220.015625,221.4736842105263,216.8384146341463,215.6477272727272
222.2105263157894,224.6730769230769,226.75,224.75,225.125,221.7727272727273,220.0781249999999,221.3157894736842,216.6798780487805,215.4204545454545
222.1578947368421,224.5192307692308,226.5394736842105,224.8409090909091,225,221.8636363636364,220.140625,221.1578947368421,216.5213414634146,215.1973684210526
222.1052631578947,224.3653846153846,226.328947368421,224.9318181818182,224.8,221.9545454545454,220.203125,221,216.3628048780488,214.9868421052631
222.0526315789473,224.25,226.1184210526316,225.0227272727273,224.6,222.0454545454546,220.21875,220.8421052631579,216.2042682926829,214.7763157894736
222,224.25,225.9078947368421,225.1136363636363,224.4,222.1363636363637,220.09375,220.6842105263158,216.0457317073171,214.5657894736842
221.9473684210526,224.25,225.7638888888889,225.2045454545454,224.2166666666666,222.2272727272727,219.96875,220.5263157894737,215.8871951219512,214.3552631578947
221.8947368421053,224.25,225.8194444444444,225.2884615384615,224.0833333333333,222.3382352941176,219.8437499999999,220.3684210526316,215.7286585365854,214.1447368421052
221.8421052631579,224.2,225.875,225.3653846153846,223.95,222.4558823529412,219.71875,220.2361111111111,215.5701219512195,213.9342105263157
221.7894736842105,224,225.9305555555555,225.4423076923077,223.8166666666666,222.5735294117647,219.5937499999999,220.1805555555556,215.4115853658537,213.7236842105262
221.7666666666667,223.8,225.9861111111111,225.5192307692307,223.6833333333333,222.6911764705882,219.46875,220.125,215.2530487804878,213.5131578947368
221.8333333333333,223.6,226.0416666666666,225.5961538461538,223.55,222.8088235294118,219.34375,220.0694444444445,215.094512195122,213.3026315789473
221.8999999999999,223.4,226.0972222222222,225.6730769230769,223.4166666666666,222.9264705882353,219.2712765957447,220.0138888888889,214.9359756097561,213.1696428571428
221.9666666666666,223.2,226.1527777777777,225.75,223.2833333333333,223.0441176470588,219.3563829787234,219.9583333333334,214.7774390243902,213.0624999999999
222.0333333333333,223,226.2083333333333,225.25,223.2,223.1617647058823,219.4414893617021,219.9027777777778,214.6189024390244,212.9553571428571
222.1,222.8,226.2,224.75,223.1333333333333,223.2375,219.5265957446808,219.8472222222223,214.4603658536585,212.8482142857142
222.1666666666666,222.6875,226,224.25,223.0666666666666,223.1875,219.6117021276596,219.7916666666667,214.3018292682927,212.7410714285714
222.2333333333333,222.6041666666666,225.8,224.35,223,223.1375,219.6968085106383,219.6904761904762,214.1432926829268,212.6339285714285
222.1428571428571,222.5208333333333,225.6,224.45,222.9333333333333,223.0875,219.781914893617,219.452380952381,213.984756097561,212.5267857142856
222,222.4375,225.4,224.55,222.8666666666666,223.0375,219.8670212765957,219.2142857142857,213.8262195121951,212.4196428571428
221.8571428571428,222.3541666666667,225.2,224.65,222.8,222.9875,219.9521276595744,218.9761904761905,213.6676829268293,212.3124999999999
221.7142857142857,222.2708333333333,224.9999999999999,224.75,222.7142857142857,222.9375,220.0372340425532,218.7380952380953,213.5091463414634,212.2053571428571
221.5714285714286,222,224.8,224.5595238095238,222.5714285714285,222.8875,220.1223404255319,218.5,213.3506097560976,212.0982142857142
221.4285714285714,221.6666666666667,224.6,224.3690476190476,222.4285714285714,222.8375,220.2074468085106,218.2619047619048,213.1920731707317,211.9910714285714
221.2857142857143,221.3333333333333,224.4,224.1785714285714,222.2857142857143,222.7875,220.2925531914893,218.0238095238096,213.0335365853658,211.8839285714285
221.1428571428571,221,224.25,223.9880952380952,222.1428571428571,222.6818181818182,220.3776595744681,217.7857142857143,212.875,211.7767857142857
221,220.6666666666667,224.25,223.797619047619,222,222.4090909090909,220.4627659574468,217.5476190476191,212.7164634146341,211.6071428571428
220.8571428571428,220.3333333333333,224.25,223.7094594594594,221.8571428571428,222.1363636363636,220.5478723404255,217.3095238095238,212.5579268292683,211.4166666666666
220.7666666666667,220.203125,224.25,223.6554054054054,221.7338709677419,221.8636363636364,220.6329787234042,217.025,212.3993902439024,211.2261904761904
220.8333333333333,220.140625,224.25,223.6013513513513,221.6693548387097,221.5909090909091,220.7180851063829,216.725,212.2408536585366,211.0357142857142
220.9,220.078125,224.25,223.5472972972973,221.6048387096774,221.3181818181818,220.8031914893617,216.425,212.0823170731707,210.845238095238
220.9666666666666,220.015625,224.25,223.4932432432432,221.5403225806451,221.3684210526315,220.8882978723404,216.125,211.9237804878049,210.6547619047618
221.0333333333333,219.953125,224.25,223.4391891891892,221.4758064516129,221.5263157894736,220.9734042553191,215.825,211.765243902439,210.4642857142857
221.1,219.890625,224.25,223.3851351351351,221.4112903225806,221.6842105263157,221.0585106382978,215.875,211.6067073170732,210.2738095238095
221.1666666666666,219.828125,224.25,223.331081081081,221.3467741935484,221.8421052631578,221.1436170212766,216.0416666666667,211.4481707317073,210.0833333333333
221.2333333333333,219.765625,224.25,223.277027027027,221.2822580645161,221.9999999999999,221.2287234042553,216.2083333333334,211.2896341463414,209.8928571428571
