213.7045454545454,225.2142857142857,231.7767857142857,233.8,234.765625,235.7408536585366,234.7565789473684,230.7656249999999,229.7732558139535,227.2727272727273
213.8863636363636,225.3571428571429,231.8839285714285,234,234.828125,235.7774390243902,234.7302631578947,230.8281249999999,229.8662790697674,227.3636363636363
214.0681818181818,225.5,231.9910714285714,234.2,234.890625,235.8140243902439,234.703947368421,230.8906249999999,229.9593023255814,227.4545454545454
214.2499999999999,225.6428571428571,232.0982142857142,234.4,234.953125,235.8506097560976,234.6776315789473,230.953125,230.0523255813953,227.5454545454545
214.4318181818181,225.7857142857143,232.2053571428571,234.6,235.015625,235.8871951219512,234.6513157894737,231.015625,230.1453488372093,227.6363636363636
214.6136363636363,225.9285714285714,232.3124999999999,234.8,235.078125,235.9237804878048,234.625,231.0781249999999,230.2383720930233,227.7272727272727
214.7954545454545,226.0714285714286,232.4196428571428,235,235.1406249999999,235.9603658536585,234.5986842105263,231.140625,230.3313953488372,227.8181818181818
214.9772727272727,226.2142857142857,232.5267857142857,235.2,235.2031249999999,235.9969512195122,234.5723684210526,231.2031249999999,230.4244186046512,227.9090909090909
215.1590909090909,226.3571428571429,232.6339285714286,235.4375,235.265625,236.0335365853658,234.5460526315789,231.265625,230.5174418604651,228
215.3409090909091,226.5,232.7410714285714,235.6875,235.328125,236.0701219512195,234.5197368421053,231.328125,230.610465116279,228.0909090909091
215.5227272727273,226.6428571428571,232.8482142857143,235.9375,235.390625,236.1067073170731,234.4934210526316,231.390625,230.703488372093,228.1818181818182
215.7045454545454,226.7857142857143,232.9553571428571,236.1875,235.453125,236.1432926829268,234.4671052631579,231.453125,230.796511627907,228.2727272727273
215.8671875,226.9285714285714,233.0625,236.4375,235.515625,236.1798780487804,234.4407894736842,231.515625,230.8895348837209,228.3636363636363
216.0234375,227.0714285714286,233.1696428571428,236.6875,235.578125,236.2164634146341,234.4144736842105,231.578125,230.9825581395349,228.4545454545454
216.1796875,227.2142857142857,233.2631578947368,236.5454545454546,235.640625,236.2530487804878,234.3881578947368,231.640625,231.0755813953488,228.5454545454546
216.3359375,227.3571428571429,233.3157894736842,236.2727272727273,235.703125,236.2896341463414,234.3618421052632,231.703125,231.1686046511628,228.6363636363637
216.4921875,227.5,233.3684210526316,236,235.765625,236.3262195121951,234.3355263157895,231.7738095238095,231.2616279069767,228.7272727272727
216.6484375,227.6428571428571,233.421052631579,235.7272727272727,235.828125,236.3628048780487,234.3092105263158,231.8690476190476,231.3546511627907,228.9285714285714
216.8046875,227.78125,233.4736842105263,235.4545454545454,235.890625,236.3993902439024,234.2828947368421,231.9642857142857,231.4476744186046,229.1666666666667
216.9609375,227.90625,233.5263157894737,235.2708333333333,235.953125,236.4359756097561,234.2565789473684,232.0595238095238,231.5406976744186,229.4047619047619
217.1171875,228.03125,233.578947368421,235.3541666666667,236.015625,236.4725609756098,234.34375,232.1547619047619,231.6337209302326,229.6428571428571
217.2734375,228.15625,233.6315789473684,235.4375,236.078125,236.5091463414634,234.46875,232.25,231.7267441860465,229.8809523809524
217.4296875,228.28125,233.6842105263158,235.5208333333333,236.140625,236.5457317073171,234.59375,232.3452380952381,231.8716216216216,230.1190476190476
217.5859375,228.40625,233.7368421052632,235.6041666666667,236.203125,236.5823170731707,234.71875,232.4404761904762,232.0337837837838,230.3571428571428
217.7421875,228.53125,233.7894736842105,235.6875,236.265625,236.6189024390244,234.84375,232.5357142857143,232.195945945946,230.5952380952381
217.8984375,228.65625,233.8421052631579,235.7708333333333,236.328125,236.655487804878,234.96875,232.6309523809524,232.3581081081081,230.8333333333333
218.0546875,228.78125,233.8947368421053,235.8541666666667,236.390625,236.6920731707317,235.09375,232.7261904761905,232.5202702702703,231.0714285714286
218.2109375,228.90625,233.9473684210526,235.9375,236.453125,236.7286585365854,235.21875,232.8214285714286,232.6824324324324,231.3020833333333
218.3671875,229.03125,234,236.0208333333333,236.515625,236.765243902439,235.34375,232.9166666666667,232.8445945945946,231.5104166666667
218.5234375,229.15625,234.0526315789474,236.1041666666667,236.578125,236.8018292682927,235.46875,233.0119047619048,233.0067567567568,231.71875
218.6796875,229.28125,234.1052631578947,236.1875,236.640625,236.8384146341463,235.59375,233.1071428571429,233.1689189189189,231.9270833333333
218.8359375,229.40625,234.1578947368421,236.2619047619048,236.703125,236.875,235.71875,233.202380952381,233.3310810810811,232.1354166666667
218.9921875,229.53125,234.2105263157895,236.3095238095238,236.7659574468085,236.9115853658537,235.84375,233.2976190476191,233.4932432432433,232.34375
219.1484375,229.65625,234.2719298245614,236.3571428571429,236.8297872340426,236.9481707317073,235.96875,233.3928571428571,233.6554054054054,232.5520833333333
219.3046875,229.78125,234.359649122807,236.4047619047619,236.8936170212766,236.984756097561,236.09375,233.4880952380952,233.8175675675676,232.7604166666667
219.4609375,229.90625,234.4473684210527,236.452380952381,236.9574468085106,237.0213414634146,236.21875,233.5833333333333,233.9797297297297,232.96875
219.6171875,230.03125,234.5350877192983,236.5,237.0212765957447,237.0579268292683,236.31,233.6785714285714,234.1418918918919,233.1770833333333
219.7734375,230.15625,234.6228070175439,236.5476190476191,237.0851063829787,237.094512195122,236.39,233.7692307692308,234.3040540540541,233.3854166666667
219.9296875,230.28125,234.7105263157895,236.5952380952381,237.1489361702128,237.1310975609756,236.47,233.8461538461538,234.4662162162162,233.59375
220.0859375,230.40625,234.7982456140351,236.6428571428571,237.2127659574468,237.1676829268293,236.55,233.9230769230769,234.6283783783784,233.7638888888889
220.2421875,230.53125,234.8859649122807,236.6904761904762,237.2765957446809,237.2042682926829,236.63,234,234.7661290322581,233.8194444444445
220.3984375,230.65625,234.9736842105263,236.7380952380952,237.3404255319149,237.2408536585366,236.71,234.0769230769231,234.8306451612903,233.875
220.5546875,230.78125,235.0614035087719,236.7232142857142,237.4042553191489,237.2777777777778,236.79,234.1538461538462,234.8951612903226,233.9305555555555
220.7109375,230.90625,235.1491228070175,236.6875,237.468085106383,237.3148148148148,236.87,234.2307692307692,234.9596774193548,233.9861111111111
220.8863636363636,231.03125,235.2368421052632,236.6517857142857,237.531914893617,237.3518518518518,236.95,234.3076923076923,235.0241935483871,234.0416666666667
221.0681818181818,231.15625,235.3245614035088,236.6160714285714,237.5957446808511,237.3888888888889,237.03,234.3846153846154,235.0887096774194,234.0972222222222
221.25,231.28125,235.4122807017544,236.5803571428571,237.6595744680851,237.4259259259259,237.11,234.4615384615385,235.1532258064516,234.1527777777778
221.4318181818182,231.40625,235.5,236.5446428571428,237.7234042553192,237.462962962963,237.19,234.5384615384615,235.2177419354839,234.2083333333333
221.6136363636364,231.53125,235.5877192982456,236.5089285714286,237.7872340425532,237.5,237.258064516129,234.6153846153846,235.2822580645162,234.2625
221.7954545454546,231.65625,235.6754385964912,236.4732142857143,237.8510638297873,237.5370370370371,237.2903225806452,234.6923076923077,235.3467741935484,234.3125
221.9772727272727,231.78125,235.7631578947368,236.4375,237.9148936170213,237.5740740740741,237.3225806451613,234.76875,235.4112903225806,234.3625
222.1590909090909,231.90625,235.8508771929825,236.4017857142857,237.9787234042553,237.6111111111111,237.3548387096774,234.84375,235.4758064516129,234.4125
222.3409090909091,232.03125,235.9385964912281,236.3660714285714,238.0425531914894,237.6481481481482,237.3870967741936,234.91875,235.5403225806452,234.4625
222.5227272727273,232.15625,236.0263157894737,236.3303571428571,238.1063829787234,237.6851851851852,237.4193548387097,234.99375,235.6048387096774,234.5125
222.7045454545454,232.28125,236.1140350877193,236.2946428571429,238.1702127659574,237.7222222222222,237.4516129032258,235.06875,235.6693548387097,234.5625
222.8863636363637,232.40625,236.2017543859649,236.2589285714286,238.2340425531915,237.7592592592593,237.483870967742,235.14375,235.7338709677419,234.6125
223.0681818181818,232.53125,236.2894736842105,236.325,238.2826086956522,237.7962962962963,237.516129032258,235.21875,235.7909090909091,234.6625
223.25,232.65625,236.3771929824561,236.425,238.3260869565217,237.8333333333333,237.5483870967742,235.29375,235.8454545454545,234.7125
223.4318181818182,232.7589285714286,236.4649122807018,236.525,238.3695652173913,237.8703703703704,237.5806451612903,235.36875,235.9,234.7847222222222
223.6136363636364,232.7946428571429,236.5526315789474,236.625,238.4130434782609,237.9074074074074,237.6129032258065,235.44375,235.9545454545454,234.9236111111111
223.7727272727273,232.8303571428571,236.640350877193,236.725,238.4565217391304,237.9444444444444,237.6451612903226,235.51875,236.0090909090909,235.0625
223.8636363636364,232.8660714285714,236.7280701754386,236.825,238.5,237.9814814814815,237.6774193548387,235.59375,236.0636363636364,235.2013888888889
223.9545454545455,232.9017857142857,236.7928571428571,236.925,238.5434782608696,238.0185185185185,237.7096774193548,235.66875,236.1181818181818,235.3402777777778
224.0454545454546,232.9375,236.85,237.025,238.5869565217391,238.0555555555556,237.741935483871,235.74375,236.1727272727273,235.4791666666667
224.1363636363636,232.9732142857143,236.9071428571428,237.125,238.6304347826087,238.0925925925926,237.775,235.81875,236.2272727272727,235.6180555555555
224.2272727272727,233.0089285714286,236.9642857142857,237.225,238.6739130434783,238.1296296296296,237.8083333333333,235.89375,236.2818181818182,235.7569444444445
224.3181818181818,233.0446428571429,237.0214285714286,237.25,238.7173913043478,238.1666666666667,237.8416666666667,235.96875,236.3363636363636,235.8958333333333
224.4090909090909,233.0803571428572,237.0785714285714,237.25,238.7608695652174,238.2037037037037,237.875,236.04375,236.3909090909091,236.0347222222222
224.5,233.1160714285714,237.1357142857143,237.25,238.8043478260869,238.2407407407407,237.9083333333334,236.11875,236.4454545454545,236.1736111111111
224.5909090909091,233.1517857142857,237.1928571428571,237.25,238.8478260869565,238.2625,237.9416666666667,236.19375,236.5,236.3125
224.6818181818182,233.1875,237.25,237.25,238.8913043478261,238.2791666666667,237.975,236.25,236.5545454545455,236.4513888888889
224.7727272727273,233.2232142857143,237.3071428571429,237.25,238.9347826086957,238.2958333333333,238.0083333333333,236.25,236.6090909090909,236.5902777777778
224.8636363636363,233.2589285714286,237.3642857142857,237.25,238.9782608695652,238.3125,238.0416666666667,236.25,236.6636363636364,236.7291666666667
224.9545454545455,233.2946428571429,237.4214285714286,237.25,239.0217391304348,238.3291666666667,238.075,236.25,236.7181818181818,236.8680555555555
225.0454545454545,233.3303571428571,237.4785714285715,237.25,239.0652173913043,238.3458333333333,238.1083333333333,236.25,236.7727272727273,237.0069444444445
225.1363636363637,233.3660714285714,237.5357142857143,237.25,239.1086956521739,238.3625,238.1416666666667,236.25,236.8272727272727,237.1458333333333
225.2272727272727,233.4017857142857,237.5928571428572,237.25,239.1521739130435,238.3791666666667,238.175,236.25,236.8818181818182,237.2738095238095
225.3457446808511,233.4375,237.65,237.2575757575758,239.195652173913,238.3958333333333,238.2083333333333,236.25,236.9363636363636,237.3690476190476
225.4734042553192,233.4732142857143,237.7071428571429,237.2878787878788,239.2391304347826,238.4125,238.2416666666667,236.25,236.9909090909091,237.4642857142857
225.6010638297873,233.5089285714286,237.75,237.3181818181818,239.2336956521739,238.4291666666667,238.15625,236.25,237.0454545454546,237.5595238095238
225.7287234042553,233.5446428571428,237.75,237.3484848484849,239.2119565217392,238.4458333333334,238.03125,236.25,237.1,237.6547619047619
225.8563829787234,233.5803571428572,237.75,237.3787878787879,239.1902173913043,238.4625,237.90625,236.25,237.1545454545455,237.75
225.9840425531915,233.6160714285714,237.75,237.4090909090909,239.1684782608696,238.4791666666667,237.78125,236.25,237.2090909090909,237.8452380952381
226.1117021276596,233.6517857142857,237.75,237.4393939393939,239.1467391304348,238.4958333333333,237.65625,236.25,237.2708333333333,237.9404761904762
226.2393617021277,233.6875,237.75,237.4696969696969,239.125,238.5125,237.53125,236.2732558139535,237.3541666666667,238.0357142857143
226.3670212765957,233.7232142857143,237.75,237.5,239.1032608695652,238.5291666666666,237.40625,236.3662790697674,237.4375,238.1309523809524
226.4946808510638,233.7556818181818,237.75,237.530303030303,239.0815217391304,238.5458333333333,237.28125,236.4593023255814,237.5208333333333,238.2261904761905
226.6223404255319,233.7784090909091,237.75,237.5606060606061,239.0597826086957,238.5625,237.3823529411765,236.5523255813953,237.6041666666667,238.3214285714286
226.75,233.8011363636364,237.75,237.5909090909091,239.0380434782609,238.5791666666667,237.5588235294118,236.6453488372093,237.6875,238.4166666666667
226.8776595744681,233.8238636363636,237.75,237.6212121212121,239.0163043478261,238.5958333333334,237.735294117647,236.7383720930233,237.7708333333334,238.5119047619048
227.0053191489362,233.8465909090909,237.75,237.6515151515151,238.9945652173913,238.6125,237.9117647058823,236.8313953488372,237.8541666666667,238.6071428571428
227.1329787234042,233.8693181818182,237.75,237.6818181818182,238.9728260869565,238.6291666666667,238.0882352941177,236.9244186046512,237.9375,238.702380952381
227.2606382978723,233.8920454545454,237.75,237.7121212121212,238.9510869565217,238.6458333333333,238.2647058823529,237.0174418604651,238.0208333333333,238.797619047619
227.3882978723404,233.9147727272727,237.75,237.7424242424242,238.929347826087,238.6625,238.4411764705882,237.110465116279,238.1041666666667,238.8928571428571
227.5159574468085,233.9375,237.75,237.7777777777778,238.9076086956522,238.6791666666667,238.6176470588235,237.203488372093,238.1875,238.9880952380952
227.6436170212766,233.9602272727273,237.75,237.8148148148148,238.8858695652174,238.6958333333333,238.7428571428571,237.296511627907,238.2708333333333,239.0833333333333
227.7712765957447,233.9829545454545,237.75,237.8518518518518,238.8641304347826,238.7125,238.7142857142857,237.389534883721,238.3541666666667,239.1785714285714
227.8989361702127,234.0056818181818,237.75,237.8888888888889,238.8423913043478,238.7291666666667,238.6857142857143,237.4825581395349,238.4375,239.2647058823529
228.0265957446809,234.0284090909091,237.75,237.9259259259259,238.8206521739131,238.7458333333333,238.6571428571429,237.5755813953488,238.5208333333333,239.3235294117647
228.1542553191489,234.0511363636364,237.75,237.962962962963,238.7989130434783,238.7723880597015,238.6285714285714,237.6686046511628,238.6041666666667,239.3823529411765
228.275,234.0738636363636,237.75,238,238.7771739130435,238.8022388059701,238.6,237.7616279069767,238.6875,239.4411764705882
228.375,234.0965909090909,237.75,238.037037037037,238.7554347826087,238.8320895522388,238.5714285714286,237.8546511627907,238.7678571428571,239.5
228.475,234.1193181818182,237.75,238.0740740740741,238.76875,238.8619402985074,238.5428571428571,237.9476744186047,238.8392857142857,239.5588235294118
228.575,234.1420454545455,237.7548076923077,238.1111111111111,238.79375,238.8917910447761,238.5142857142857,238.0406976744186,238.9107142857143,239.6176470588235
228.675,234.1647727272727,237.7740384615385,238.1481481481482,238.81875,238.9216417910448,238.4857142857143,238.1337209302326,238.9821428571429,239.6764705882353
228.775,234.1875,237.7932692307692,238.1851851851852,238.84375,238.9514925373134,238.4571428571429,238.2267441860465,239.0535714285714,239.7352941176471
228.875,234.2102272727273,237.8125,238.2222222222222,238.86875,238.9813432835821,238.4285714285714,238.2862903225806,239.125,239.7941176470588
228.975,234.2329545454545,237.8317307692308,238.2416666666667,238.89375,239.0111940298507,238.4,238.3346774193548,239.1964285714286,239.8529411764706
229.075,234.2638888888889,237.8509615384615,238.2083333333333,238.91875,239.0410447761194,238.3714285714286,238.3830645161291,239.2678571428571,239.9117647058823
229.175,234.3194444444444,237.8701923076923,238.175,238.94375,239.0708955223881,238.3428571428571,238.4314516129032,239.3392857142857,239.9705882352941
229.275,234.375,237.8894230769231,238.1416666666667,238.96875,239.1007462686567,238.3142857142857,238.4798387096774,239.4107142857143,240.0294117647059
229.375,234.4305555555556,237.9086538461538,238.1083333333333,238.99375,239.1305970149254,238.2857142857143,238.5282258064516,239.4821428571429,240.0882352941177
229.475,234.4861111111111,237.9278846153846,238.075,239.01875,239.160447761194,238.2571428571428,238.5766129032258,239.5535714285714,240.1470588235294
229.575,234.5416666666667,237.9471153846154,238.0416666666667,239.04375,239.1902985074627,238.2788461538461,238.625,239.625,240.2058823529412
229.675,234.5972222222222,237.9663461538462,238.0083333333333,239.06875,239.2201492537313,238.3173076923077,238.6733870967742,239.6964285714286,240.2663043478261
229.775,234.6527777777778,237.9855769230769,237.975,239.09375,239.25,238.3557692307692,238.7217741935484,239.7678571428572,240.3315217391304
229.875,234.7083333333333,238.0048076923077,237.9416666666667,239.11875,239.2798507462687,238.3942307692308,238.7701612903226,239.8392857142857,240.3967391304348
229.975,234.7638888888889,238.0240384615385,237.9083333333333,239.14375,239.3097014925373,238.4326923076923,238.8185483870967,239.9107142857143,240.4619565217391
230.075,234.8194444444445,238.0432692307692,237.875,239.16875,239.339552238806,238.4711538461538,238.866935483871,239.9821428571429,240.5271739130435
230.175,234.875,238.0625,237.8416666666666,239.19375,239.3694029850746,238.5096153846154,238.9153225806452,240.0535714285714,240.5923913043478
230.2569444444445,234.9305555555556,238.0817307692308,237.8083333333333,239.21875,239.3992537313433,238.5480769230769,238.9637096774194,240.125,240.6576086956522
230.2847222222222,234.9861111111111,238.1009615384615,237.775,239.24375,239.4291044776119,238.5865384615385,239.0120967741935,240.1964285714286,240.7228260869565
230.3125,235.0416666666667,238.1201923076923,237.7767857142857,239.2232142857143,239.4589552238806,238.625,239.0604838709677,240.233870967742,240.7880434782609
230.3402777777778,235.0972222222222,238.1394230769231,237.8839285714286,239.1875,239.4888059701493,238.6634615384615,239.108870967742,240.1693548387097,240.8532608695652
230.3680555555555,235.1527777777778,238.1586538461538,237.9910714285714,239.1517857142857,239.5186567164179,238.7019230769231,239.1572580645161,240.1048387096774,240.9184782608696
230.3958333333334,235.2083333333333,238.1778846153846,238.0982142857143,239.1160714285714,239.5485074626866,238.7403846153846,239.2056451612903,240.0403225806452,240.9836956521739
230.4236111111111,235.2638888888889,238.1971153846154,238.2053571428571,239.0803571428571,239.5783582089552,238.7045454545455,239.2540322580645,239.9758064516129,241.0489130434783
230.4513888888889,235.3194444444445,238.2163461538462,238.3125,239.0446428571429,239.6082089552239,238.6439393939394,239.3024193548387,239.9112903225806,241.1141304347826
230.4791666666667,235.375,238.2355769230769,238.4196428571428,239.0089285714286,239.6380597014925,238.5833333333333,239.3508064516129,239.8467741935484,241.1793478260869
230.5069444444445,235.4305555555555,238.2430555555556,238.5267857142857,238.9732142857143,239.6679104477612,238.5227272727273,239.3991935483871,239.7822580645162,241.2445652173913
230.5347222222222,235.4861111111111,238.2152777777778,238.6339285714286,238.9375,239.6977611940299,238.4621212121212,239.4475806451613,239.7177419354839,241.3097826086957
230.5625,235.5416666666667,238.1875,238.7410714285714,238.9017857142857,239.7276119402985,238.4015151515152,239.4959677419355,239.6532258064516,241.375
230.5902777777778,235.5972222222222,238.1597222222222,238.8482142857143,238.8660714285714,239.75,238.3409090909091,239.5443548387097,239.5887096774194,241.4402173913043
230.6180555555555,235.6527777777778,238.1319444444444,238.9553571428571,238.8303571428571,239.75,238.280303030303,239.5927419354838,239.5241935483871,241.5054347826087
230.6458333333333,235.7083333333333,238.1041666666667,239.0625,238.7946428571428,239.75,238.219696969697,239.6411290322581,239.4596774193548,241.5706521739131
230.6736111111111,235.7552083333333,238.0763888888889,239.1696428571428,238.7589285714286,239.75,238.1590909090909,239.6895161290323,239.3951612903226,241.6358695652174
230.7013888888889,235.7760416666667,238.0486111111111,239.2426470588235,238.7232142857143,239.75,238.0984848484848,239.7379032258064,239.3306451612903,241.7010869565217
230.7291666666667,235.796875,238.0208333333333,239.2132352941177,238.6875,239.75,238.0378787878788,239.7741935483871,239.266129032258,241.7569444444445
230.7682926829268,235.8177083333333,237.9930555555555,239.1838235294118,238.6517857142857,239.75,237.9772727272727,239.8064516129032,239.3,241.7847222222222
230.8414634146341,235.8385416666667,237.9652777777778,239.1544117647059,238.6160714285714,239.75,237.9166666666667,239.8387096774193,239.3666666666667,241.8125
230.9146341463415,235.859375,237.9375,239.125,238.5803571428571,239.75,237.8560606060606,239.8709677419355,239.4333333333333,241.8402777777778
230.9878048780488,235.8802083333333,237.9097222222222,239.0955882352941,238.5446428571429,239.75,237.7954545454546,239.9032258064516,239.5,241.8680555555555
231.0609756097561,235.9010416666667,237.8819444444445,239.0661764705882,238.5089285714286,239.75,237.7794117647059,239.9354838709677,239.5666666666667,241.8958333333333
231.1341463414634,235.921875,237.8541666666667,239.0367647058823,238.4732142857143,239.75,237.8970588235294,239.9677419354838,239.6333333333333,241.9236111111111
231.2073170731707,235.9427083333333,237.8263888888889,239.0073529411765,238.4375,239.75,238.014705882353,240,239.7,241.9513888888889
231.280487804878,235.9635416666667,237.7986111111111,238.9779411764706,238.4017857142857,239.75,238.1323529411765,240.0322580645162,239.7666666666667,241.9791666666667
231.3536585365854,235.984375,237.7708333333333,238.9485294117647,238.3660714285714,239.75,238.25,240.0645161290323,239.8333333333333,242.0069444444445
231.4268292682927,236.0052083333333,237.7407407407407,238.9191176470588,238.3303571428571,239.75,238.3676470588235,240.0967741935484,239.9,242.0347222222222
231.5,236.0260416666667,237.7037037037037,238.8897058823529,238.2946428571429,239.75,238.4852941176471,240.1290322580645,239.9666666666667,242.0625
231.5731707317073,236.046875,237.6666666666667,238.8602941176471,238.2589285714286,239.75,238.6029411764706,240.1612903225806,240.0333333333333,242.0902777777778
231.6463414634146,236.0677083333333,237.6296296296296,238.8308823529412,238.2788461538461,239.75,238.7205882352941,240.1935483870968,240.1,242.1180555555556
231.719512195122,236.0885416666667,237.5925925925926,238.8014705882353,238.3173076923077,239.75,238.7682926829268,240.2258064516129,240.1666666666667,242.1458333333333
231.7926829268293,236.109375,237.5555555555556,238.7720588235294,238.3557692307692,239.7395833333333,238.7926829268293,240.258064516129,240.2333333333333,242.1736111111111
231.8658536585366,236.1302083333333,237.5185185185185,238.7357142857143,238.3942307692308,239.6979166666667,238.8170731707317,240.2903225806452,240.265625,242.2013888888889
231.9390243902439,236.1510416666667,237.4814814814815,238.6785714285714,238.4326923076923,239.65625,238.8414634146341,240.3225806451613,240.2864583333333,242.2291666666667
232.0121951219512,236.171875,237.4444444444445,238.6214285714286,238.4711538461539,239.6145833333333,238.8658536585366,240.3548387096774,240.3072916666667,242.258064516129
232.0853658536585,236.1927083333333,237.4074074074074,238.5642857142857,238.5096153846154,239.5729166666667,238.8902439024391,240.3870967741935,240.328125,242.2903225806452
232.1585365853659,236.2135416666667,237.3703703703704,238.5071428571429,238.5480769230769,239.53125,238.9146341463415,240.4193548387097,240.3489583333333,242.3225806451613
232.2317073170732,236.234375,237.3333333333333,238.45,238.5865384615385,239.4895833333333,238.9390243902439,240.4516129032258,240.3697916666667,242.3548387096774
232.2928571428571,236.2380952380952,237.2962962962963,238.3928571428571,238.625,239.4479166666667,238.9634146341463,240.483870967742,240.390625,242.3870967741936
232.35,236.1904761904762,237.2592592592593,238.3357142857143,238.6634615384615,239.40625,238.9878048780488,240.516129032258,240.4114583333333,242.4193548387097
232.4071428571428,236.1428571428571,237.3365384615385,238.2785714285714,238.7019230769231,239.3645833333333,239.0121951219512,240.5483870967742,240.4322916666667,242.4516129032258
232.4642857142857,236.0952380952381,237.4519230769231,238.2214285714286,238.7403846153846,239.3229166666667,239.0365853658537,240.5806451612903,240.453125,242.4838709677419
232.5214285714286,236.047619047619,237.5673076923077,238.1642857142857,238.7265625,239.28125,239.0609756097561,240.6129032258065,240.4739583333333,242.516129032258
232.5785714285714,236,237.6826923076923,238.1071428571428,238.6953125,239.2395833333333,239.0853658536585,240.6451612903226,240.4947916666667,242.5483870967742
232.6357142857143,235.952380952381,237.7980769230769,238.05,238.6640625,239.1979166666667,239.109756097561,240.6774193548387,240.515625,242.5806451612903
232.6928571428571,235.9047619047619,237.9134615384615,237.9928571428571,238.6328125,239.15625,239.1341463414634,240.7096774193548,240.5364583333333,242.6129032258065
232.75,235.8571428571429,238.0288461538461,237.9357142857143,238.6015625,239.1145833333333,239.1585365853659,240.741935483871,240.5572916666667,242.6451612903226
232.8071428571428,235.8095238095238,238.1442307692308,237.8785714285714,238.5703125,239.0729166666667,239.1829268292683,240.7674418604651,240.578125,242.6774193548387
232.8642857142857,235.7619047619048,238.2596153846154,237.8214285714286,238.5390625,239.03125,239.2073170731707,240.7906976744186,240.5989583333333,242.7096774193548
232.9214285714286,235.7142857142857,238.375,237.7642857142857,238.5078125,238.9895833333333,239.2317073170732,240.8139534883721,240.6197916666667,242.741935483871
232.9785714285714,235.6666666666667,238.4903846153846,237.75,238.4765625,238.9479166666667,239.2592592592593,240.8372093023256,240.640625,242.703125
233.0357142857143,235.6190476190476,238.6057692307692,237.75,238.4453125,238.90625,239.2962962962963,240.8604651162791,240.6614583333333,242.640625
233.0928571428572,235.5714285714286,238.7211538461538,237.75,238.4140625,238.8645833333333,239.3333333333333,240.8837209302326,240.6822916666667,242.578125
233.15,235.5238095238095,238.7016129032258,237.75,238.3828125,238.8229166666667,239.3703703703704,240.906976744186,240.703125,242.515625
233.2071428571429,235.4761904761905,238.6370967741935,237.75,238.3515625,238.78125,239.4074074074074,240.9302325581396,240.7239583333333,242.453125
233.2555555555556,235.4285714285714,238.5725806451613,237.75,238.3203125,238.755,239.4444444444444,240.953488372093,240.7447916666667,242.390625
233.2777777777778,235.3809523809524,238.5080645161291,237.75,238.2890625,238.775,239.4814814814815,240.9767441860465,240.75,242.328125
233.3,235.3333333333333,238.4435483870968,237.75,238.2578125,238.795,239.5185185185185,241,240.75,242.265625
233.3222222222222,235.2857142857143,238.3790322580645,237.75,238.1,238.815,239.5555555555555,241.0232558139535,240.75,242.2279411764706
233.3444444444444,235.25,238.3145161290322,237.75,237.9,238.835,239.5925925925926,241.046511627907,240.75,242.1985294117647
233.3666666666666,235.25,238.25,237.75,237.7,238.855,239.6296296296296,241.0697674418605,240.75,242.1691176470588
233.3888888888889,235.25,238.1854838709677,237.75,237.5,238.875,239.6666666666667,241.0930232558139,240.75,242.1397058823529
233.4111111111111,235.25,238.1209677419355,237.75,237.3,238.895,239.7037037037037,241.1162790697675,240.75,242.1102941176471
233.4333333333333,235.25,238.0564516129032,237.75,237.1,238.915,239.7407407407407,241.1395348837209,240.75,242.0808823529412
233.4555555555556,235.25,237.991935483871,237.75,236.9,238.935,239.6847826086957,241.1627906976744,240.75,242.0514705882353
233.4777777777778,235.25,237.9274193548387,237.75,236.7708333333333,238.955,239.5978260869566,241.1860465116279,240.75,242.0220588235294
233.5,235.25,237.8629032258065,237.7647058823529,236.8541666666667,238.975,239.5108695652174,241.2093023255814,240.75,241.9926470588235
233.5222222222222,235.25,237.7983870967742,237.7843137254902,236.9375,238.995,239.4239130434783,241.2325581395349,240.75,241.9632352941176
233.5444444444444,235.25,237.7635135135135,237.8039215686274,237.0208333333333,239.015,239.3369565217391,241.2395833333333,240.75,241.9338235294118
233.5666666666667,235.25,237.8175675675676,237.8235294117647,237.1041666666667,239.035,239.25,241.1979166666667,240.75,241.9044117647059
233.5888888888889,235.25,237.8716216216216,237.843137254902,237.1875,239.055,239.1630434782609,241.15625,240.75,241.875
233.6111111111111,235.25,237.9256756756757,237.8627450980392,237.2708333333333,239.075,239.0760869565217,241.1145833333333,240.7586206896552,241.8455882352941
233.6333333333333,235.25,237.9797297297297,237.8823529411765,237.3541666666667,239.095,238.9891304347826,241.0729166666667,240.7931034482759,241.8161764705882
233.6555555555556,235.25,238.0337837837838,237.9019607843137,237.4375,239.115,238.9021739130435,241.03125,240.8275862068965,241.7867647058824
233.6777777777778,235.25,238.0878378378378,237.921568627451,237.5208333333333,239.135,238.8152173913043,240.9895833333333,240.8620689655172,241.7573529411765
233.7,235.25,238.1418918918919,237.9411764705882,237.6041666666667,239.155,238.7375,240.9479166666667,240.896551724138,241.76875
233.7222222222222,235.25,238.1959459459459,237.9607843137255,237.6875,239.175,238.6875,240.90625,240.9310344827586,241.79375
233.7444444444445,235.25,238.25,237.9803921568628,237.7941176470588,239.195,238.6375,240.8645833333333,240.9655172413793,241.81875
233.7674418604651,235.25,238.3040540540541,238,237.9705882352941,239.215,238.5875,240.8229166666667,241,241.84375
233.7906976744186,235.25,238.3581081081081,238.0196078431373,238.1470588235294,239.235,238.5375,240.78125,241.0344827586207,241.86875
233.8139534883721,235.25,238.4121621621622,238.0392156862745,238.3235294117647,239.2282608695652,238.4875,240.7395833333333,241.0689655172414,241.89375
233.8372093023256,235.25,238.4662162162162,238.0588235294118,238.5,239.1413043478261,238.4375,240.6979166666667,241.1034482758621,241.91875
233.8604651162791,235.25,238.5202702702703,238.078431372549,238.6764705882353,239.0543478260869,238.3875,240.65625,241.1379310344828,241.94375
233.8837209302326,235.25,238.5743243243243,238.0980392156863,238.8529411764706,238.9673913043478,238.3375,240.6145833333333,241.1724137931035,241.96875
233.9069767441861,235.3823529411765,238.6283783783784,238.1176470588235,239.0294117647059,238.8804347826087,238.2875,240.5729166666667,241.2068965517241,241.99375
233.9302325581396,235.5588235294118,238.6824324324324,238.1372549019608,239.2058823529412,238.7934782608696,238.2788461538462,240.53125,241.2413793103448,242.01875
233.953488372093,235.7352941176471,238.7364864864865,238.156862745098,239.1388888888889,238.7065217391304,238.3942307692308,240.4895833333333,241.1532258064516,242.04375
233.9767441860465,235.9117647058823,238.703125,238.1764705882353,238.9907407407407,238.6195652173913,238.5096153846154,240.4479166666667,241.0241935483871,242.06875
234,236.0882352941177,238.640625,238.1960784313725,238.8425925925926,238.5326086956522,238.625,240.40625,240.8951612903226,242.09375
234.0232558139535,236.2647058823529,238.578125,238.2156862745098,238.6944444444444,238.4456521739131,238.7403846153846,240.3645833333333,240.7661290322581,242.11875
234.046511627907,236.4411764705882,238.515625,238.2352941176471,238.5462962962963,238.3586956521739,238.8557692307692,240.3229166666667,240.6370967741935,242.14375
234.0697674418604,236.6176470588235,238.453125,238.2558139534884,238.3981481481482,238.2717391304348,238.9711538461539,240.28125,240.508064516129,242.16875
234.093023255814,236.741935483871,238.390625,238.2790697674419,238.25,238.31,239.0865384615385,240.2459677419355,240.3790322580645,242.19375
234.1162790697674,236.7096774193548,238.328125,238.3023255813953,238.1018518518518,238.39,239.2019230769231,240.2298387096774,240.25,242.21875
234.139534883721,236.6774193548387,238.265625,238.3255813953488,237.9537037037037,238.47,239.3173076923077,240.2137096774194,240.1209677419355,242.24375
234.1627906976744,236.6451612903226,238.203125,238.3488372093023,237.8055555555555,238.55,239.4326923076923,240.1975806451613,239.991935483871,242.1730769230769
234.1860465116279,236.6129032258065,238.140625,238.3720930232558,237.6574074074074,238.63,239.5480769230769,240.1814516129032,239.8629032258065,242.0705128205128
234.2093023255814,236.5806451612904,238.078125,238.3953488372093,237.5092592592592,238.71,239.6634615384615,240.1653225806452,239.7338709677419,241.9679487179487
234.2325581395349,236.5483870967742,238.015625,238.4186046511628,237.3611111111111,238.79,239.7380952380952,240.1491935483871,239.6048387096774,241.8653846153846
234.2543103448276,236.516129032258,237.953125,238.4418604651163,237.2430555555556,238.87,239.6904761904762,240.133064516129,239.4758064516129,241.7628205128205
234.2715517241379,236.483870967742,237.890625,238.4651162790698,237.2152777777778,238.95,239.6428571428571,240.116935483871,239.3467741935484,241.6602564102564
234.2887931034483,236.4516129032258,237.828125,238.4883720930233,237.1875,239.03,239.5952380952381,240.1008064516129,239.2368421052632,241.5576923076923
234.3060344827586,236.4193548387097,237.765625,238.5116279069767,237.1597222222222,239.11,239.547619047619,240.0846774193549,239.1842105263158,241.4551282051282
234.323275862069,236.3870967741935,237.8076923076923,238.5348837209302,237.1319444444445,239.19,239.5,240.0685483870968,239.1315789473684,241.3525641025641
234.3405172413793,236.3548387096774,237.8846153846154,238.5581395348837,237.1041666666667,239.241935483871,239.452380952381,240.0524193548387,239.078947368421,241.25
234.3577586206897,236.3225806451613,237.9615384615385,238.5813953488372,237.0763888888889,239.2096774193548,239.4047619047619,240.0362903225806,239.0263157894737,241.1474358974359
234.375,236.2903225806452,238.0384615384615,238.6046511627907,237.0486111111111,239.1774193548387,239.3571428571429,240.0201612903226,238.9736842105263,241.0448717948718
234.3922413793103,236.258064516129,238.1153846153846,238.6279069767442,237.0208333333334,239.1451612903226,239.3095238095238,240.0040322580645,238.921052631579,240.9423076923077
234.4094827586207,236.1923076923077,238.1923076923077,238.6511627906977,236.9930555555555,239.1129032258065,239.2619047619048,239.9879032258065,238.8684210526316,240.8397435897436
234.426724137931,236.1153846153846,238.2692307692308,238.6744186046512,236.9652777777778,239.0806451612904,239.1375,239.9717741935484,238.8157894736842,240.7371794871795
234.4439655172414,236.0384615384615,238.3461538461539,238.6976744186047,236.9375,239.0483870967742,238.9875,239.9556451612903,238.7631578947368,240.6346153846154
234.4612068965517,235.9615384615385,238.4230769230769,238.7209302325581,236.9097222222222,239.016129032258,238.8375,239.9395161290323,238.7105263157895,240.5320512820513
234.4784482758621,235.8846153846154,238.5,238.7441860465116,236.8819444444445,238.983870967742,238.6875,239.9233870967742,238.6578947368421,240.4294871794872
234.4956896551724,235.8076923076923,238.5769230769231,238.7682926829268,236.8541666666667,238.9516129032258,238.5375,239.9072580645162,238.6052631578947,240.3269230769231
234.5129310344828,235.7307692307692,238.6538461538461,238.7926829268293,236.8263888888889,238.9193548387097,238.3875,239.8911290322581,238.5526315789474,240.2357142857143
234.5301724137931,235.6538461538462,238.7307692307692,238.8170731707317,236.7986111111111,238.8870967741935,238.2375,239.875,238.5,240.1785714285714
234.5474137931035,235.5769230769231,238.75,238.8414634146341,236.7708333333333,238.8548387096774,238.0875,239.8588709677419,238.4473684210526,240.1214285714286
234.5646551724138,235.5,238.75,238.8658536585366,236.7857142857143,238.8225806451613,237.9375,239.8427419354838,238.3947368421053,240.0642857142857
234.5818965517242,235.4230769230769,238.75,238.890243902439,236.9285714285714,238.7903225806452,237.7875,239.8266129032258,238.3421052631579,240.0071428571428
234.5991379310345,235.3461538461539,238.75,238.9146341463414,237.0714285714286,238.758064516129,237.7741935483871,239.8104838709677,238.2894736842105,239.95
234.6163793103448,235.2692307692308,238.75,238.9390243902439,237.2142857142857,238.703125,237.8064516129032,239.7943548387097,238.2432432432433,239.8928571428571
234.6336206896552,235.1923076923077,238.75,238.9634146341463,237.3571428571428,238.640625,237.8387096774194,239.7782258064516,238.2162162162162,239.8357142857143
234.6508620689655,235.1153846153846,238.75,238.9878048780488,237.5,238.578125,237.8709677419355,239.7620967741936,238.1891891891892,239.7785714285714
234.6681034482759,235.0384615384615,238.75,239.0121951219512,237.6428571428572,238.515625,237.9032258064516,239.734375,238.1621621621622,239.7214285714286
234.6853448275862,234.9615384615385,238.75,239.0365853658537,237.7307692307692,238.453125,237.9354838709677,239.671875,238.1351351351352,239.6642857142857
234.7025862068965,234.8846153846154,238.75,239.0609756097561,237.6538461538462,238.390625,237.9677419354838,239.609375,238.1081081081081,239.6071428571429
234.7198275862069,234.8076923076923,238.75,239.0853658536585,237.5769230769231,238.328125,238,239.546875,238.0810810810811,239.55
234.7370689655172,234.7573529411765,238.75,239.109756097561,237.5,238.265625,238.0322580645161,239.484375,238.0540540540541,239.4928571428571
234.7457627118644,234.7867647058824,238.75,239.1341463414634,237.4230769230769,238.203125,238.0645161290323,239.421875,238.027027027027,239.4357142857143
234.728813559322,234.8161764705882,238.75,239.1585365853659,237.3461538461539,238.140625,238.0967741935484,239.359375,238,239.3785714285714
234.7118644067797,234.8455882352941,238.7314814814815,239.1829268292683,237.2692307692308,238.078125,238.1290322580645,239.296875,237.972972972973,239.3214285714286
234.6949152542373,234.875,238.6574074074074,239.2073170731707,237.1923076923077,238.015625,238.1612903225807,239.234375,237.9459459459459,239.2642857142857
234.6779661016949,234.9044117647059,238.5833333333333,239.2317073170732,237.1153846153846,237.953125,238.1935483870968,239.171875,237.9189189189189,239.203125
234.6610169491526,234.9338235294118,238.5092592592593,239.2410714285714,237.0384615384615,237.890625,238.2258064516129,239.109375,237.8918918918919,239.140625
234.6440677966102,234.9632352941176,238.4351851851852,239.2053571428571,236.9615384615385,237.828125,238.2282608695652,239.046875,237.8648648648649,239.078125
234.6271186440678,234.9926470588235,238.3611111111111,239.1696428571429,236.8846153846154,237.765625,238.1413043478261,238.984375,237.8378378378379,239.015625
234.6101694915254,235.0220588235294,238.287037037037,239.1339285714286,236.8076923076923,237.7258064516129,238.054347826087,238.921875,237.8108108108108,238.953125
234.593220338983,235.0514705882353,238.212962962963,239.0982142857143,236.7678571428571,237.6935483870968,237.9673913043478,238.859375,237.7837837837838,238.890625
234.5762711864407,235.0808823529412,238.1388888888889,239.0625,236.8392857142857,237.6612903225806,237.8804347826087,238.796875,237.7567567567567,238.828125
234.5593220338983,235.1102941176471,238.0648148148148,239.0267857142857,236.9107142857143,237.6290322580645,237.7934782608696,238.7142857142857,237.7166666666667,238.765625
234.5423728813559,235.139705882353,237.9907407407407,238.9910714285714,236.9821428571428,237.5967741935484,237.7065217391304,238.5714285714286,237.6722222222222,238.703125
234.5254237288136,235.1691176470588,237.9166666666667,238.9553571428571,237.0535714285714,237.5645161290323,237.6195652173913,238.4285714285714,237.6277777777778,238.640625
234.5084745762712,235.1985294117647,237.8425925925926,238.9196428571429,237.125,237.5322580645161,237.5326086956522,238.2857142857143,237.5833333333333,238.578125
234.4915254237288,235.2279411764706,237.7685185185185,238.8839285714286,237.1964285714286,237.5,237.445652173913,238.1428571428572,237.5388888888889,238.515625
234.4745762711864,235.225,237.7,238.8482142857143,237.2678571428571,237.4677419354838,237.3586956521739,238,237.4944444444444,238.453125
234.4576271186441,235.125,237.6333333333333,238.8125,237.3392857142857,237.4354838709677,237.2717391304348,237.8571428571429,237.45,238.390625
234.4406779661017,235.025,237.5666666666667,238.7767857142857,237.4107142857143,237.4032258064516,237.2173913043478,237.7142857142857,237.4055555555555,238.328125
234.4237288135593,234.925,237.5,238.7291666666667,237.4821428571429,237.3709677419355,237.1739130434783,237.5714285714286,237.3611111111111,238.265625
234.4067796610169,234.825,237.4333333333333,238.6458333333333,237.5535714285714,237.3387096774193,237.1304347826087,237.4285714285714,237.3166666666667,238.2222222222222
234.3898305084746,234.725,237.3666666666667,238.5625,237.625,237.3064516129032,237.0869565217391,237.2857142857143,237.2722222222222,238.1851851851852
234.3728813559322,234.625,237.3,238.4791666666667,237.6964285714286,237.2741935483871,237.0434782608696,237.3125,237.2277777777778,238.1481481481481
234.3559322033898,234.525,237.2058823529412,238.3958333333333,237.7058823529412,237.2371794871795,237,237.3958333333333,237.1833333333333,238.1111111111111
234.3389830508474,234.425,237.0294117647059,238.3125,237.5294117647059,237.1858974358974,236.9565217391304,237.4791666666667,237.1388888888889,238.0740740740741
234.3220338983051,234.325,236.8529411764706,238.2291666666667,237.3529411764706,237.1346153846154,236.9130434782609,237.5625,237.0944444444444,238.037037037037
234.3050847457627,234.225,236.6764705882353,238.1458333333333,237.1764705882353,237.0833333333333,236.8695652173913,237.6458333333333,237.05,238
234.2881355932203,234.125,236.5,238.0625,237,237.0320512820513,236.8260869565217,237.7291666666667,237.0055555555556,237.962962962963
234.271186440678,234.025,236.3235294117647,237.9791666666667,236.8235294117647,236.9807692307693,236.7826086956522,237.8125,236.9611111111111,237.9259259259259
234.2542372881356,233.925,236.1470588235294,237.8958333333333,236.6470588235294,236.9294871794872,236.71875,237.8958333333333,236.9166666666667,237.8888888888889
234.2,233.825,235.9705882352941,237.8125,236.4705882352941,236.8782051282051,236.59375,237.9791666666667,236.8722222222222,237.8518518518518
234.1333333333333,233.758064516129,235.7941176470588,237.7291666666667,236.2941176470588,236.8269230769231,236.46875,238.0625,236.8277777777778,237.8148148148148
234.0666666666667,233.7903225806451,235.6964285714286,237.6458333333333,236.1944444444445,236.7756410256411,236.34375,238.1458333333333,236.7833333333334,237.7777777777778
234,233.8225806451613,235.625,237.5625,236.1203703703704,236.7243589743589,236.21875,238.2291666666667,236.7272727272727,237.7352941176471
233.9333333333333,233.8548387096774,235.5535714285714,237.4791666666667,236.0462962962963,236.6730769230769,236.09375,238.1785714285714,236.6363636363636,237.6764705882353
233.8666666666667,233.8870967741935,235.4821428571429,237.3958333333333,235.9722222222222,236.6217948717949,235.96875,238.0833333333333,236.5454545454546,237.6176470588235
233.8,233.9193548387097,235.4107142857143,237.3125,235.8981481481482,236.5705128205128,235.84375,237.9880952380952,236.4545454545454,237.5588235294118
233.7333333333333,233.9516129032258,235.3392857142857,237.23,235.8240740740741,236.5192307692307,235.71875,237.8928571428571,236.3636363636364,237.5
233.6666666666667,233.9838709677419,235.2678571428571,237.15,235.75,236.4679487179487,235.59375,237.797619047619,236.2727272727273,237.4411764705882
233.6,234.016129032258,235.1923076923077,237.07,235.6759259259259,236.4166666666667,235.46875,237.702380952381,236.1818181818182,237.3823529411765
233.5333333333333,234.0483870967742,235.1153846153846,236.99,235.6018518518518,236.3653846153846,235.34375,237.6071428571429,236.0909090909091,237.3235294117647
233.4666666666667,234.0806451612903,235.0384615384615,236.91,235.5277777777778,236.3141025641026,235.2068965517241,237.5119047619048,236,237.2647058823529
233.4,234.1129032258065,234.9615384615385,236.83,235.4537037037037,236.2628205128205,235.0344827586207,237.4166666666667,235.9090909090909,237.2058823529412
233.3333333333333,234.1451612903226,234.8846153846154,236.75,235.3796296296296,236.1428571428571,234.8620689655172,237.3214285714286,235.8181818181818,237.1470588235294
233.2666666666667,234.1774193548387,234.8076923076923,236.67,235.3055555555555,236,234.6896551724138,237.0833333333333,235.7272727272727,237.0882352941176
233.2,234.2096774193548,234.77,236.59,235.275,235.8571428571429,234.5172413793103,236.4166666666667,235.6363636363636,237.0294117647059
233.1333333333333,234.241935483871,234.85,236.51,235.375,235.7142857142857,234.3448275862069,235.75,235.5454545454546,236.9705882352941
233.0666666666667,234.2,234.93,236.43,235.475,235.5714285714286,234.1724137931034,235.0833333333333,235.4545454545455,236.9117647058824
233,234.1333333333333,235.01,236.35,235.575,235.4285714285714,234,234.4166666666667,235.3636363636363,236.8529411764706
232.9333333333333,234.0666666666667,235.09,236.27,235.675,235.2857142857143,233.8275862068966,234.4642857142857,235.2727272727273,236.7941176470588
232.8666666666667,234,235.17,236.16,235.775,235.1428571428571,233.6551724137931,234.75,235.25,236.7222222222222
232.8,233.9333333333333,235.25,236.04,235.875,235,233.4827586206897,235.0357142857143,235.25,236.6111111111111
232.7333333333333,233.8666666666667,235.33,235.92,235.975,234.8571428571429,233.3103448275862,235.3214285714286,235.25,236.5
232.6666666666667,233.8,235.41,235.8,236.075,234.7261904761905,233.1379310344828,235.6071428571428,235.25,236.3888888888889
232.6,233.6805555555555,235.49,235.68,236.175,234.6309523809524,232.9655172413793,235.8928571428572,235.25,236.2777777777778
232.5333333333333,233.4027777777778,235.57,235.56,236.275,234.5357142857143,232.7931034482759,236.1785714285714,235.25,236.1666666666667
232.4666666666667,233.125,235.65,235.44,236.375,234.4404761904762,232.7125,236.3382352941177,235.25,236.0555555555555
232.4,232.8472222222222,235.73,235.32,236.475,234.3452380952381,232.6625,236.4558823529412,235.1928571428572,235.9444444444445
232.3333333333333,232.5694444444445,235.66,235.2,236.575,234.25,232.6125,236.5735294117647,234.9642857142857,235.8333333333333
232.2666666666667,232.2916666666667,235.54,235.08,236.675,234.1547619047619,232.5625,236.6911764705882,234.7357142857143,235.7222222222222
232.1724137931034,232.0138888888889,235.42,234.96,236.7348484848485,234.0595238095238,232.5125,236.8088235294118,234.5071428571429,235.6111111111111
232.0689655172414,231.7361111111111,235.3,234.84,236.6742424242424,233.9642857142857,232.4625,236.9264705882353,234.2785714285714,235.5
231.9655172413793,231.4583333333333,235.18,234.7441860465116,236.6136363636364,233.8690476190476,232.4125,237.0441176470588,234.05,235.3888888888889
231.8620689655173,231.25,235.06,234.7209302325581,236.5530303030303,233.7738095238095,232.3625,237.1617647058823,233.8214285714286,235.2777777777778
231.7586206896552,231.25,234.94,234.6976744186047,236.4924242424242,233.7826086956522,232.3125,237.171875,233.5928571428571,235.1666666666667
231.6551724137931,231.25,234.82,234.6744186046512,236.4318181818182,233.8260869565217,232.2625,236.859375,233.3642857142857,235.0555555555555
231.551724137931,231.25,234.7,234.6511627906977,236.3712121212121,233.8695652173913,232.1634615384615,236.546875,233.1357142857143,234.9444444444445
231.448275862069,231.25,234.58,234.6279069767442,236.3106060606061,233.9130434782609,232.0480769230769,236.234375,232.9071428571428,234.8333333333333
231.3448275862069,231.25,234.46,234.6046511627907,236.25,233.9565217391304,231.9326923076923,235.921875,232.6785714285714,234.7321428571429
231.2413793103448,231.2857142857143,234.34,234.5813953488372,236.1893939393939,234,231.8173076923077,235.609375,232.45,234.6607142857143
231.1379310344828,231.4285714285714,234.225,234.5581395348837,236.1287878787879,234.0434782608696,231.7019230769231,235.296875,232.2214285714286,234.5892857142857
231.0344827586207,231.5714285714286,234.125,234.5348837209302,236.0681818181818,234.0869565217391,231.5865384615385,234.984375,231.9928571428571,234.5178571428571
230.9310344827586,231.7142857142857,234.025,234.5116279069767,236.0075757575758,234.1304347826087,231.4711538461539,234.7159090909091,231.7642857142857,234.4464285714286
230.8275862068966,231.8571428571428,233.925,234.4883720930233,235.9469696969697,234.1739130434783,231.3557692307692,234.5795454545454,231.5357142857142,234.375
230.7395833333333,232,233.825,234.4651162790698,235.8863636363636,234.2173913043478,231.2403846153846,234.4431818181818,231.3071428571428,234.3035714285714
230.6979166666667,232.1428571428571,233.725,234.4418604651163,235.8257575757576,234.2023809523809,231.125,234.3068181818182,231.25,234.2321428571428
230.65625,232.2391304347826,233.625,234.4186046511628,235.7651515151515,234.0119047619048,231.0096153846154,234.1704545454546,231.25,234.1607142857143
230.6145833333333,232.195652173913,233.525,234.3953488372093,235.6785714285714,233.8214285714286,230.8942307692308,234.0340909090909,231.25,234.0892857142857
230.5729166666667,232.1521739130435,233.425,234.3720930232558,235.5833333333333,233.6309523809524,230.7788461538462,233.8977272727273,231.25,234.0178571428571
230.53125,232.1086956521739,233.325,234.3488372093023,235.4880952380952,233.4404761904762,230.7727272727273,233.7613636363636,231.25,233.9464285714286
230.4895833333333,232.0652173913043,233.2222222222222,234.3255813953488,235.3928571428571,233.25,230.8030303030303,233.625,231.25,233.875
230.4479166666667,232.0217391304348,233.1111111111111,234.3023255813953,235.297619047619,233.0595238095238,230.8333333333333,233.4886363636364,231.25,233.8035714285714
230.40625,231.9782608695652,233,234.2790697674419,235.202380952381,232.8690476190476,230.8636363636364,233.3522727272727,231.25,233.7321428571429
230.3645833333333,231.9347826086956,232.8888888888889,234.2558139534884,235.1071428571429,232.6785714285714,230.8939393939394,233.234375,231.25,233.6607142857143
230.3229166666667,231.8913043478261,232.7777777777778,234.1891891891892,235.0119047619048,232.4880952380952,230.9242424242424,233.171875,231.25,233.5892857142857
230.28125,231.8478260869565,232.6666666666667,234.1081081081081,234.9166666666667,232.2976190476191,230.9545454545454,233.109375,231.25,233.5178571428571
230.2395833333333,231.804347826087,232.5555555555556,234.027027027027,234.8214285714286,232.2983870967742,230.9848484848485,233.046875,231.2211538461538,233.4464285714286
230.1979166666667,231.7608695652174,232.4444444444444,233.9459459459459,234.7261904761905,232.3629032258065,231.0151515151515,232.984375,231.1826923076923,233.375
230.15625,231.6818181818182,232.3333333333333,233.8648648648648,234.6309523809524,232.4274193548387,231.0454545454546,232.921875,231.1442307692308,233.3035714285714
230.1145833333333,231.5909090909091,232.2763157894737,233.7837837837838,234.5357142857143,232.491935483871,231.0757575757576,232.859375,231.1057692307692,233.2142857142857
230.0729166666667,231.5,232.3815789473684,233.7027027027027,234.4404761904762,232.5564516129032,231.1060606060606,232.796875,231.0673076923077,233.0714285714286
230.03125,231.4090909090909,232.4868421052632,233.6216216216216,234.3452380952381,232.6209677419355,231.1363636363636,232.734375,231.0288461538461,232.9285714285714
229.9895833333333,231.3181818181818,232.5921052631579,233.5405405405405,234.25,232.6854838709677,231.1666666666667,232.671875,230.9903846153846,232.7857142857143
229.9479166666667,231.2272727272727,232.6973684210526,233.4594594594595,234.1547619047619,232.75,231.1969696969697,232.609375,230.951923076923,232.6428571428571
229.90625,231.1363636363636,232.8026315789474,233.3783783783784,234.0595238095238,232.8145161290323,231.2272727272727,232.546875,230.9134615384615,232.5
229.8645833333333,231.0454545454546,232.9078947368421,233.2972972972973,233.9642857142857,232.8790322580645,231.2307692307692,232.484375,230.8749999999999,232.3571428571428
229.8229166666667,230.9545454545454,233.0131578947368,233.2162162162162,233.8690476190476,232.9435483870968,231.1538461538461,232.421875,230.8365384615385,232.2142857142857
229.78125,230.8636363636364,233.1184210526316,233.1351351351351,233.7738095238095,233.008064516129,231.0769230769231,232.359375,230.7980769230769,232.0714285714286
229.7302631578947,230.7727272727273,233.2236842105263,233.0540540540541,233.6647727272727,233.0725806451613,231,232.296875,230.7596153846154,231.9285714285714
229.6513157894737,230.5357142857143,233.1785714285714,232.972972972973,233.5511363636364,233.1370967741935,230.923076923077,232.2083333333333,230.6328125,231.7857142857143
229.5723684210526,230.25,233.0833333333333,232.8918918918919,233.4375,233.2016129032258,230.8461538461539,232.0416666666667,230.4765625,231.6428571428571
229.4934210526316,229.9642857142857,232.9880952380953,232.8108108108108,233.3238636363636,233.2222222222222,230.7692307692308,231.875,230.3203125,231.5
229.4144736842105,229.6785714285714,232.8928571428571,232.7142857142857,233.2102272727273,233.1111111111111,230.6923076923077,231.7083333333333,230.1640625,231.3571428571429
229.3355263157895,229.3928571428572,232.7976190476191,232.5714285714286,233.0965909090909,233,230.6153846153846,231.5416666666667,230.0078125,231.2142857142857
229.2565789473684,229.1071428571428,232.702380952381,232.4285714285714,232.9829545454546,232.8888888888889,230.5384615384615,231.375,229.8515625,231.0714285714286
229.1776315789474,228.8214285714286,232.6071428571429,232.2857142857143,232.8693181818182,232.7777777777778,230.4615384615385,231.2083333333333,229.6953125,230.9285714285714
229.0986842105263,228.8522727272727,232.5119047619048,232.1428571428571,232.7556818181818,232.6666666666667,230.3846153846154,231.0416666666667,229.5390625,230.7857142857143
229.0197368421053,228.9886363636364,232.4166666666667,232,232.6420454545454,232.5555555555556,230.3076923076923,230.875,229.3828125,230.6477272727273
228.9407894736842,229.125,232.3214285714286,231.8571428571428,232.5284090909091,232.4444444444444,230.2272727272727,230.7083333333333,229.2265625,230.5113636363636
228.8618421052632,229.2613636363636,232.2361111111111,231.7142857142857,232.4147727272727,232.3333333333333,230.1363636363637,230.5416666666667,229.0703124999999,230.375
228.7828947368421,229.3977272727273,232.1805555555556,231.5714285714286,232.3011363636364,232.2037037037037,230.0454545454546,230.375,228.9140624999999,230.2386363636364
228.703947368421,229.5340909090909,232.125,231.4285714285714,232.1875,232.0185185185185,229.9545454545454,230.21875,228.7578125,230.1022727272727
228.625,229.6704545454545,232.0694444444444,231.2857142857143,232.0738636363636,231.8333333333333,229.8636363636364,230.09375,228.6015625,229.9659090909091
228.546052631579,229.8068181818182,232.0138888888889,231.1923076923077,231.9602272727273,231.6481481481482,229.7727272727273,229.96875,228.4453125,229.8295454545454
228.4671052631579,229.9431818181818,231.9583333333333,231.1153846153846,231.8465909090909,231.4629629629629,229.6818181818182,229.84375,228.2890625,229.6931818181818
228.3881578947368,230.0795454545455,231.9027777777778,231.0384615384615,231.7329545454546,231.2777777777778,229.5909090909091,229.71875,228.1774193548387,229.5568181818182
228.3092105263158,230.2159090909091,231.8472222222222,230.9615384615385,231.6193181818182,231.0925925925926,229.5,229.59375,228.0806451612903,229.4204545454546
228.2265625,230.15625,231.7916666666667,230.8846153846154,231.5056818181818,230.9074074074074,229.4090909090909,229.46875,227.9838709677419,229.2840909090909
228.1328125,230.03125,231.7083333333333,230.8076923076923,231.3920454545455,230.7222222222222,229.3181818181818,229.34375,227.8870967741935,229.1477272727273
228.0390625,229.90625,231.5416666666667,230.7307692307692,231.2784090909091,230.537037037037,229.2142857142857,229.2692307692308,227.7903225806451,229.0113636363636
227.9453125,229.78125,231.375,230.6538461538461,231.1666666666667,230.3518518518519,229.0714285714286,229.3461538461539,227.6935483870968,228.875
227.8515625,229.65625,231.2083333333333,230.5769230769231,231.0555555555555,230.1666666666667,228.9285714285714,229.4230769230769,227.5967741935484,228.7386363636364
227.7578125,229.53125,231.0416666666667,230.5,230.9444444444445,229.9814814814815,228.7857142857143,229.5,227.5,228.6022727272727
227.6640625,229.40625,230.875,230.4230769230769,230.8333333333333,229.7962962962963,228.6428571428572,229.5769230769231,227.4032258064516,228.4659090909091
227.5703125,229.28125,230.7083333333333,230.3461538461539,230.7222222222222,229.7211538461538,228.5,229.6538461538462,227.3064516129032,228.3295454545455
227.4765625,229.15625,230.5416666666667,230.2692307692308,230.6111111111111,229.6826923076923,228.3571428571428,229.7307692307692,227.2096774193548,228.1931818181818
227.3828125,229.03125,230.375,230.2058823529412,230.5,229.6442307692308,228.2142857142857,229.5526315789474,227.1129032258064,228.0568181818182
227.2890625,228.90625,230.1666666666667,230.1470588235294,230.3888888888889,229.6057692307692,228.0714285714286,229.2894736842105,227.016129032258,227.9204545454545
227.1953125,228.78125,229.8333333333333,230.0882352941177,230.2777777777778,229.5673076923077,227.9285714285714,229.0263157894737,226.9193548387097,227.7840909090909
227.1015625,228.7058823529412,229.5,230.0294117647059,230.1666666666667,229.5288461538462,227.7857142857143,228.7631578947368,226.8225806451613,227.66
227.0078125,228.6470588235294,229.1666666666667,229.9705882352941,230.0555555555556,229.4903846153846,227.825,228.5,226.7232142857142,227.54
226.9140625,228.5882352941177,228.8333333333333,229.9117647058824,229.9444444444445,229.4519230769231,227.925,228.2368421052632,226.6160714285714,227.42
226.8203125,228.5294117647059,228.5,229.8529411764706,229.8333333333333,229.4134615384615,228.025,227.9736842105263,226.5089285714286,227.3
226.7424242424242,228.4705882352941,228.1666666666667,229.7941176470588,229.7222222222222,229.375,228.125,227.7105263157895,226.4017857142857,227.18
226.7121212121212,228.4117647058823,227.8333333333333,229.7352941176471,229.6111111111111,229.3365384615385,228.225,227.4473684210526,226.2946428571428,227.06
226.6818181818182,228.3529411764706,227.7058823529412,229.6764705882353,229.5,229.2980769230769,228.325,227.235294117647,226.1874999999999,226.94
226.6515151515151,228.2941176470588,227.6470588235294,229.6176470588235,229.3888888888889,229.2596153846154,228.425,227.1764705882353,226.0803571428571,226.82
226.6212121212121,228.2173913043478,227.5882352941177,229.5588235294118,229.2777777777778,229.175,228.525,227.1176470588235,225.9732142857143,226.7
226.5909090909091,228.0869565217391,227.5294117647059,229.5,229.1666666666667,229.075,228.625,227.0588235294118,225.8660714285714,226.58
226.5606060606061,227.9565217391304,227.4705882352941,229.4411764705882,229.0555555555555,228.975,228.725,227,225.7589285714286,226.46
226.530303030303,227.8260869565217,227.4117647058824,229.3823529411765,228.9444444444444,228.875,228.65625,226.9411764705882,225.6517857142857,226.34
226.5,227.695652173913,227.3529411764706,229.3235294117647,228.8333333333333,228.775,228.53125,226.8823529411765,225.5446428571428,226.22
226.469696969697,227.5652173913043,227.2941176470588,229.264705882353,228.7272727272727,228.675,228.40625,226.8235294117647,225.4375,226.1
226.4393939393939,227.4347826086957,227.2608695652174,229.1642857142857,228.6363636363637,228.575,228.28125,226.764705882353,225.3303571428571,225.98
226.4090909090909,227.304347826087,227.3043478260869,229.05,228.5454545454546,228.475,228.15625,226.7083333333333,225.2053571428571,225.86
226.3787878787879,227.1739130434783,227.3478260869565,228.9357142857143,228.4545454545454,228.375,228.03125,226.6527777777778,225.0267857142857,225.74
226.3484848484849,227.0434782608696,227.3913043478261,228.8214285714286,228.3636363636364,228.275,227.90625,226.5972222222222,224.8482142857142,225.62
226.3181818181818,226.9130434782609,227.4347826086957,228.7071428571429,228.2727272727273,228.171052631579,227.78125,226.5416666666667,224.6696428571428,225.5
226.2878787878788,226.7826086956522,227.4782608695652,228.5928571428572,228.1818181818182,228.0657894736842,227.525,226.4861111111111,224.4910714285714,225.38
226.2575757575758,226.6710526315789,227.5217391304348,228.4785714285715,228.0909090909091,227.9605263157895,227.225,226.4305555555555,224.3124999999999,225.26
226.1689189189189,226.5657894736842,227.5652173913043,228.3642857142857,228,227.8552631578947,226.925,226.375,224.1339285714286,225.14
226.0608108108108,226.4605263157895,227.6086956521739,228.25,227.9090909090909,227.75,226.6249999999999,226.3194444444445,223.9553571428571,225.02
225.9527027027027,226.3552631578947,227.6521739130435,228.1357142857143,227.8181818181818,227.6447368421053,226.325,226.2638888888889,223.7767857142857,224.9
225.8445945945946,226.25,227.695652173913,228.0214285714286,227.7272727272727,227.5394736842105,225.9166666666666,226.015625,223.5982142857142,224.78
225.7364864864865,226.1447368421053,227.7391304347826,227.9071428571429,227.6363636363636,227.4342105263158,225.4722222222222,225.703125,223.4196428571428,224.6160714285714
225.6283783783784,226.0394736842105,227.6195652173913,227.7928571428571,227.5454545454546,227.328947368421,225.0277777777778,225.390625,223.2410714285714,224.4375
225.5202702702703,225.9342105263158,227.445652173913,227.6785714285714,227.4545454545454,227.2307692307692,224.5833333333333,225.078125,223.0625,224.2589285714286
225.4121621621622,225.8289473684211,227.2717391304348,227.5642857142857,227.3636363636364,227.1538461538461,224.2115384615385,224.765625,222.8839285714286,224.0803571428572
225.3040540540541,225.6911764705882,227.0978260869565,227.45,227.2727272727273,227.0769230769231,224.0576923076923,224.453125,222.7239583333333,223.9017857142857
225.1959459459459,225.4558823529412,226.9239130434783,227.3357142857143,227.1818181818182,227,223.9038461538461,224.140625,222.6197916666666,223.7232142857143
225.0878378378378,225.2205882352941,226.75,227.2125,227.0909090909091,226.9230769230769,223.75,223.828125,222.515625,223.5446428571429
224.9797297297297,224.9852941176471,226.5760869565217,227.0625,227,226.8461538461539,223.5961538461538,223.71875,222.4114583333333,223.3660714285714
224.8716216216216,224.75,226.4021739130435,226.9125,226.9090909090909,226.7692307692308,223.4423076923077,223.6770833333333,222.3072916666666,223.1875
224.7635135135135,224.5147058823529,226.2282608695652,226.7625,226.8181818181818,226.6923076923077,223.2884615384615,223.6354166666667,222.203125,223.0089285714286
224.6554054054054,224.2794117647059,226.054347826087,226.6125,226.7307692307692,226.6153846153846,223.3076923076923,223.59375,222.0989583333333,222.8303571428571
224.5472972972973,224.0441176470588,225.8804347826087,226.4625,226.6538461538462,226.5384615384615,223.3846153846154,223.5520833333333,221.9947916666667,222.6517857142857
224.4391891891892,223.8088235294118,225.7391304347826,226.3125,226.5769230769231,226.4615384615385,223.4615384615385,223.5104166666667,221.8906249999999,222.4732142857143
224.3310810810811,223.7142857142857,225.695652173913,226.1625,226.5,226.3846153846154,223.5384615384615,223.46875,221.7864583333333,222.2946428571429
224.2426470588235,223.6666666666667,225.6521739130435,226.0125,226.4230769230769,226.3076923076923,223.6153846153846,223.4270833333333,221.6822916666667,222.075
224.2132352941176,223.6190476190476,225.6086956521739,225.8625,226.3461538461539,226.24,223.6923076923077,223.3854166666667,221.578125,221.8416666666667
224.1838235294118,223.5714285714286,225.5652173913044,225.7236842105263,226.2692307692308,226.2,223.7692307692308,223.34375,221.4739583333333,221.6083333333333
224.1544117647059,223.5238095238095,225.5217391304348,225.6184210526316,226.1923076923077,226.16,223.8461538461539,223.3020833333333,221.3697916666666,221.375
224.125,223.4761904761905,225.4782608695652,225.5131578947368,226.1153846153846,226.12,223.9230769230769,223.2604166666667,221.2656249999999,221.1416666666667
224.0955882352941,223.4285714285714,225.4347826086957,225.4078947368421,226.0384615384615,226.08,224,223.1581632653061,221.1614583333333,220.9083333333333
224.0661764705882,223.3809523809524,225.3913043478261,225.3026315789473,225.9615384615385,226.04,224.0769230769231,223.0357142857143,221.0572916666666,220.675
224.0367647058824,223.3333333333333,225.3478260869565,225.1973684210526,225.8846153846154,226,224.1538461538462,222.9132653061224,220.953125,220.4416666666667
224.0073529411765,223.2857142857143,225.3043478260869,225.0921052631579,225.8076923076923,225.96,224.2307692307692,222.7908163265306,220.8489583333333,220.2083333333333
223.9779411764706,223.23,225.2608695652174,224.9868421052632,225.7307692307692,225.92,224.16,222.6683673469388,220.7447916666666,219.975
223.9485294117647,223.15,225.16,224.8815789473684,225.6538461538462,225.88,224.04,222.5459183673469,220.640625,219.7416666666667
223.9191176470588,223.07,225.04,224.7763157894737,225.5769230769231,225.84,223.92,222.4234693877551,220.5364583333333,219.5083333333333
223.8897058823529,222.99,224.92,224.65625,225.5,225.8,223.8,222.3010204081633,220.4322916666667,219.275
223.8602941176471,222.91,224.8,224.53125,225.4230769230769,225.76,223.68,222.1785714285714,220.328125,219.0416666666667
223.8308823529412,222.83,224.68,224.40625,225.3461538461539,225.554347826087,223.56,222.0561224489796,220.2162162162162,218.8083333333333
223.8014705882353,222.75,224.56,224.28125,225.2692307692308,225.2934782608696,223.44,221.9336734693878,220.0810810810811,218.6214285714286
223.7720588235294,222.67,224.44,224.15625,225.1923076923077,225.0326086956522,223.32,221.8112244897959,219.9459459459459,218.45
223.7265625,222.59,224.32,224.03125,225.1153846153846,224.7717391304348,223.2,221.6887755102041,219.8108108108108,218.2785714285714
223.6328125,222.51,224.2,223.90625,225.0384615384615,224.5108695652174,223.08,221.5663265306122,219.6756756756756,218.1071428571429
223.5390625,222.43,224.08,223.78125,224.9615384615385,224.25,222.96,221.4438775510204,219.5405405405405,217.9357142857143
223.4453125,222.35,223.96,223.65625,224.8846153846154,223.9891304347826,222.84,221.3214285714286,219.4054054054054,217.7642857142857
223.3515625,222.27,223.84,223.53125,224.8076923076923,223.7282608695652,222.7159090909091,221.1989795918367,219.2702702702703,217.5928571428572
223.2578125,222.1696428571429,223.7272727272727,223.40625,224.7236842105263,223.4673913043478,222.5795454545454,221.0765306122449,219.1351351351351,217.4214285714286
223.1640625,222.0625,223.6363636363636,223.28125,224.6184210526316,223.2065217391304,222.4431818181818,220.9540816326531,219,217.25
223.0703125,221.9553571428571,223.5454545454546,223.1964285714286,224.5131578947368,222.945652173913,222.3068181818182,220.8316326530612,218.8648648648648,217.0785714285714
222.9765625,221.8482142857143,223.4545454545454,223.125,224.4078947368421,222.73,222.1704545454546,220.7091836734694,218.7297297297297,216.9071428571429
222.8828125,221.7410714285714,223.3636363636364,223.0535714285714,224.3026315789474,222.65,222.0340909090909,220.5867346938776,218.5945945945946,216.7357142857143
222.7890625,221.6339285714286,223.2727272727273,222.9821428571429,224.1973684210527,222.57,221.8977272727273,220.4642857142857,218.4594594594594,216.5642857142857
222.6953125,221.5267857142857,223.1818181818182,222.9107142857143,224.0921052631579,222.49,221.7613636363636,220.3418367346939,218.3243243243243,216.3928571428571
222.6015625,221.4196428571429,223.0909090909091,222.8392857142857,223.9868421052632,222.41,221.625,220.2368421052632,218.1891891891892,216.2214285714286
222.5078125,221.3125,223,222.7678571428571,223.8815789473684,222.33,221.4886363636364,220.1842105263158,218.054054054054,216.05
222.4140625,221.2053571428571,222.9090909090909,222.6964285714286,223.7763157894737,222.25,221.3522727272727,220.1315789473684,217.9189189189189,215.8785714285714
222.3203125,221.0982142857143,222.8181818181818,222.625,223.671052631579,222.17,221.225,220.0789473684211,217.7837837837838,215.75
222.2037037037037,220.9910714285714,222.733870967742,222.5535714285714,223.5657894736842,222.09,221.125,220.0263157894737,217.6696428571428,215.75
222.0185185185185,220.8839285714286,222.6693548387097,222.4821428571428,223.4605263157895,222.01,221.025,219.9736842105263,217.5625,215.75
221.8333333333333,220.7767857142857,222.6048387096774,222.4107142857143,223.3552631578947,221.93,220.925,219.9210526315789,217.4553571428571,215.75
221.6481481481482,220.6428571428571,222.5403225806452,222.3392857142857,223.25,221.85,220.825,219.8684210526316,217.3482142857143,215.75
221.462962962963,220.5,222.4758064516129,222.2678571428572,223.1447368421053,221.77,220.725,219.8157894736842,217.2410714285714,215.75
221.2777777777778,220.3571428571428,222.4112903225806,222.2173913043478,223.0394736842105,221.7173913043478,220.625,219.7631578947368,217.1339285714286,215.75
221.0925925925926,220.2142857142857,222.3467741935484,222.1739130434783,222.9342105263158,221.6739130434783,220.525,219.6785714285714,217.0267857142857,215.75
220.9074074074074,220.0714285714286,222.2822580645162,222.1304347826087,222.8289473684211,221.6304347826087,220.425,219.5833333333333,216.9196428571428,215.75
220.7222222222222,219.9285714285714,222.2177419354839,222.0869565217391,222.7171052631579,221.5869565217391,220.325,219.4880952380952,216.8124999999999,215.75
220.537037037037,219.7857142857143,222.1532258064516,222.0434782608696,222.5855263157895,221.5434782608696,220.225,219.3928571428571,216.7053571428571,215.5192307692308
220.3518518518518,219.6428571428571,222.0887096774194,222,222.4539473684211,221.5,220.125,219.297619047619,216.5982142857143,215.2115384615385
220.1666666666667,219.5,222.0241935483871,221.9565217391304,222.3223684210526,221.4565217391304,220.025,219.202380952381,216.4910714285714,214.9038461538462
219.9814814814815,219.3571428571429,221.9596774193548,221.9130434782609,222.1907894736842,221.4130434782609,219.925,219.1071428571429,216.3839285714285,214.5961538461539
219.7962962962963,219.2265625,221.8951612903226,221.8695652173913,222.0592105263158,221.3695652173913,219.825,219.0119047619048,216.2767857142857,214.2884615384615
219.675,219.1328125,221.8306451612903,221.8260869565217,221.9276315789474,221.3260869565217,219.7155172413793,218.9166666666666,216.0625,213.9807692307693
219.575,219.0390625,221.7661290322581,221.7826086956522,221.796052631579,221.2826086956522,219.5775862068965,218.8214285714286,215.8125,213.7058823529412
219.475,218.9453125,221.6818181818182,221.71875,221.6644736842105,221.2314814814815,219.4396551724138,218.7261904761905,215.5625,213.5294117647059
219.375,218.8515625,221.5909090909091,221.59375,221.5328947368421,221.1574074074074,219.301724137931,218.6309523809524,215.3124999999999,213.3529411764706
219.275,218.7578125,221.5,221.46875,221.4013157894737,221.0833333333333,219.1637931034483,218.5357142857143,215.0625,213.1764705882353
219.175,218.6640625,221.4090909090909,221.34375,221.2697368421053,221.0092592592593,219.0258620689655,218.4404761904762,214.8125,213
219.075,218.5703125,221.3181818181818,221.21875,221.1381578947368,220.9351851851852,218.8879310344828,218.3452380952381,214.5625,212.8235294117647
218.975,218.4765625,221.2272727272727,221.09375,221.0065789473684,220.8611111111111,218.75,218.25,214.3124999999999,212.6470588235294
218.875,218.3828125,221.1363636363636,220.96875,220.875,220.787037037037,218.6120689655172,218.1547619047619,214.0625,212.4705882352941
218.775,218.2890625,221.0454545454546,220.84375,220.7434210526316,220.712962962963,218.4741379310345,218.0595238095238,213.8125,212.2941176470588
218.675,218.1953125,220.9545454545454,220.71875,220.6118421052632,220.6388888888889,218.3362068965517,217.9642857142857,213.625,212.1136363636364
218.575,218.1015625,220.8636363636364,220.59375,220.4802631578947,220.5648148148148,218.198275862069,217.8690476190476,213.4583333333333,211.9318181818182
218.475,218.0078125,220.7727272727273,220.46875,220.3486842105263,220.4907407407408,218.0603448275862,217.7738095238095,213.2916666666666,211.75
218.375,217.9140625,220.6206896551724,220.34375,220.2215909090909,220.4166666666667,217.9224137931035,217.6535714285714,213.125,211.5681818181819
218.275,217.8203125,220.448275862069,220.2222222222222,220.1079545454546,220.3425925925926,217.7844827586207,217.525,212.9583333333333,211.3863636363636
218.1585365853659,217.7307692307693,220.2758620689655,220.1111111111111,219.9943181818182,220.2685185185185,217.796875,217.3964285714286,212.7916666666667,211.2045454545455
218.0365853658537,217.6538461538461,220.1034482758621,220,219.8806818181818,220.1428571428571,217.859375,217.2678571428571,212.625,211.0227272727273
217.9146341463415,217.5769230769231,219.9310344827586,219.8888888888889,219.7670454545455,220,217.921875,217.1392857142857,212.4583333333333,210.8409090909091
217.7926829268293,217.5,219.7586206896552,219.7777777777778,219.6534090909091,219.8571428571428,217.984375,217.0107142857143,212.2916666666666,210.6590909090909
217.6707317073171,217.4230769230769,219.5862068965517,219.6666666666667,219.5397727272727,219.7142857142857,218.046875,216.8821428571429,212.125,210.4772727272727
217.5487804878049,217.3461538461538,219.4137931034483,219.5555555555555,219.4261363636364,219.5714285714286,218.109375,216.7535714285714,211.9583333333333,210.2954545454546
217.4268292682927,217.2692307692308,219.2413793103448,219.4444444444445,219.3125,219.4285714285714,218.171875,216.625,211.7916666666666,210.1
217.3048780487805,217.1923076923077,219.0689655172414,219.3333333333333,219.1988636363636,219.2857142857143,218.234375,216.4964285714286,211.625,209.9
217.1829268292683,217.1153846153846,218.896551724138,219.2222222222222,219.0852272727273,219.1428571428571,218.025,216.3678571428571,211.4583333333333,209.7
217.0609756097561,217.0384615384615,218.7241379310345,219.1111111111111,218.9715909090909,219,217.725,216.2392857142858,211.2916666666666,209.5
216.9390243902439,216.9615384615385,218.551724137931,219,218.8579545454546,218.8571428571429,217.425,216.1107142857143,211.1,209.3
216.8170731707317,216.8846153846154,218.3793103448276,218.8888888888889,218.7443181818182,218.7307692307693,217.125,215.9821428571429,210.9,209.1
216.6951219512195,216.8076923076923,218.2314814814815,218.7777777777778,218.6306818181818,218.6538461538462,216.825,215.8535714285714,210.7,208.9
216.5731707317073,216.695652173913,218.1574074074074,218.6634615384615,218.5170454545454,218.5769230769231,216.6875,215.725,210.4999999999999,208.7
216.4512195121951,216.4782608695652,218.0833333333333,218.5480769230769,218.4034090909091,218.5,216.6041666666667,215.5964285714286,210.3,208.5
216.3292682926829,216.2608695652174,218.0092592592592,218.4326923076923,218.2897727272727,218.4230769230769,216.5208333333333,215.4678571428572,210.1,208.3
216.2073170731707,216.0434782608696,217.9351851851852,218.3173076923077,218.1761363636364,218.3461538461539,216.4375,215.3392857142857,209.9,208.1
216.0853658536585,215.8260869565217,217.8611111111111,218.2019230769231,218.0625,218.2692307692308,216.3541666666667,215.2107142857143,209.7,207.9
215.9634146341463,215.6086956521739,217.787037037037,218.0865384615385,217.9488636363637,218.1923076923077,216.2708333333333,215.0821428571429,209.5,207.7
215.8414634146341,215.3913043478261,217.712962962963,217.9711538461539,217.8352272727273,218.1153846153846,216.1875,214.9535714285714,209.3,207.5
215.712962962963,215.1739130434783,217.6388888888889,217.8557692307692,217.7258064516129,218.0384615384615,216.1041666666667,214.825,209.1,207.3
215.5648148148148,214.9565217391305,217.5648148148148,217.7403846153846,217.6290322580645,217.9615384615385,216.0208333333333,214.6964285714286,208.9,207.1375
215.4166666666667,214.7391304347826,217.4907407407407,217.625,217.5322580645161,217.8846153846154,215.9375,214.5678571428572,208.725,206.9875
215.2685185185185,214.5217391304348,217.4166666666667,217.5096153846154,217.4354838709677,217.8076923076923,215.8541666666667,214.4392857142857,208.6249999999999,206.8375
215.1203703703704,214.304347826087,217.3425925925926,217.3942307692308,217.3387096774194,217.7307692307692,215.7708333333333,214.3107142857143,208.525,206.6875
214.9722222222222,214.0795454545455,217.2685185185185,217.2788461538462,217.241935483871,217.6538461538462,215.75,214.1821428571428,208.425,206.5375
214.8240740740741,213.8522727272727,217.1944444444445,217.1346153846154,217.1451612903226,217.5769230769231,215.75,214.0535714285714,208.325,206.3875
214.6759259259259,213.625,217.1203703703704,216.9807692307693,217.0483870967742,217.5,215.75,213.925,208.225,206.2375
214.5277777777778,213.3977272727273,217.0462962962963,216.8269230769231,216.9516129032258,217.4230769230769,215.75,213.7964285714286,208.1249999999999,206.0875
214.3796296296296,213.1704545454546,216.9722222222222,216.6730769230769,216.8548387096774,217.3461538461539,215.75,213.6678571428571,208.025,205.9375
214.2314814814815,212.9431818181818,216.8981481481482,216.5192307692307,216.758064516129,217.2692307692308,215.75,213.5392857142857,207.925,205.7875
214.0833333333333,212.7159090909091,216.8240740740741,216.3653846153846,216.6612903225806,217.1857142857143,215.75,213.4107142857143,207.825,205.6136363636364
213.9351851851852,212.4886363636364,216.75,216.2115384615385,216.5645161290323,217.1,215.75,213.2821428571428,207.725,205.4318181818182
213.787037037037,212.2613636363636,216.6759259259259,216.0576923076923,216.4677419354839,217.0142857142857,215.6195652173913,213.15625,207.625,205.25
213.6642857142857,212.0340909090909,216.6018518518518,215.9038461538462,216.3709677419355,216.9285714285714,215.4456521739131,213.03125,207.525,205.0681818181818
213.55,211.8068181818182,216.5277777777778,215.75,216.2741935483871,216.8428571428571,215.2717391304348,212.90625,207.425,204.8863636363636
213.4357142857143,211.81,216.4537037037037,215.5961538461538,216.1617647058824,216.7571428571429,215.0978260869565,212.78125,207.325,204.7045454545454
213.3214285714286,211.89,216.3796296296296,215.4423076923077,216.0441176470588,216.6714285714286,214.9239130434783,212.65625,207.2102272727273,204.5227272727273
213.2071428571429,211.97,216.3055555555555,215.2884615384615,215.9264705882353,216.5857142857143,214.75,212.53125,207.0511363636363,204.3409090909091
213.0928571428572,212.05,216.2211538461538,215.25,215.8088235294118,216.5,214.5760869565217,212.40625,206.8920454545454,204.1590909090909
212.9785714285715,212.13,216.1057692307692,215.25,215.6911764705882,216.4142857142857,214.4021739130435,212.28125,206.7329545454545,203.9772727272727
212.8642857142857,212.21,215.9903846153846,215.25,215.5735294117647,216.3285714285714,214.2282608695652,212.15625,206.5738636363636,203.7954545454545
212.75,212.29,215.875,215.25,215.4558823529412,216.2428571428571,214.054347826087,212.03125,206.4147727272727,203.5357142857143
212.6357142857143,212.37,215.7596153846154,215.25,215.3382352941177,216.1571428571428,213.8804347826087,211.90625,206.2556818181818,203.25
212.5214285714286,212.45,215.6442307692308,215.25,215.2205882352941,216.0714285714286,213.7407407407408,211.78125,206.0965909090908,202.9642857142857
212.4071428571428,212.53,215.5288461538461,215.25,215.1029411764706,215.9857142857143,213.7037037037037,211.65625,205.9374999999999,202.6785714285714
212.2928571428571,212.61,215.4134615384615,215.25,214.9852941176471,215.9,213.6666666666667,211.53125,205.7784090909091,202.3928571428572
212.1785714285714,212.69,215.2980769230769,215.25,214.8676470588235,215.8142857142857,213.6296296296296,211.40625,205.6193181818181,202.1071428571429
212.0642857142857,212.7166666666667,215.1826923076923,215.225,214.75,215.7177419354839,213.5925925925926,211.28125,205.4602272727272,201.8214285714286
211.95,212.5833333333333,215.0673076923077,215.125,214.6323529411765,215.5887096774194,213.5555555555555,211.1,205.3011363636363,201.5357142857143
211.8357142857143,212.45,214.9519230769231,215.025,214.514705882353,215.4596774193548,213.5185185185185,210.9,205.1420454545454,201.25
211.7142857142857,212.3166666666667,214.8365384615385,214.925,214.3970588235294,215.3306451612903,213.4814814814815,210.7,204.9829545454545,200.9642857142857
211.5714285714286,212.1833333333333,214.7272727272727,214.825,214.2794117647059,215.2016129032258,213.4444444444445,210.5,204.8238636363636,200.7037037037037
211.4285714285714,212.05,214.6363636363636,214.725,214.21875,215.0725806451613,213.4074074074074,210.3,204.6647727272727,200.5185185185185
211.2857142857143,211.9166666666667,214.5454545454546,214.625,214.1770833333333,214.9435483870968,213.3703703703704,210.1,204.5056818181818,200.3333333333333
211.1428571428571,211.7833333333333,214.4545454545454,214.525,214.1354166666667,214.8145161290323,213.3333333333333,209.9,204.3465909090908,200.1481481481482
211,211.6785714285714,214.3636363636364,214.425,214.09375,214.6854838709677,213.2962962962963,209.7,204.1874999999999,199.962962962963
210.8571428571429,211.5833333333333,214.2727272727273,214.325,214.0520833333333,214.5564516129032,213.2592592592592,209.5,204.028409090909,199.7777777777778
210.7142857142857,211.4880952380953,214.1818181818182,214.225,214.0104166666667,214.4274193548387,213.1696428571429,209.3,203.8693181818181,199.5925925925926
210.5714285714286,211.3928571428571,214.0909090909091,214.125,213.96875,214.2983870967742,213.0625,209.1,203.6999999999999,199.4074074074074
210.4285714285714,211.297619047619,214,214.025,213.9270833333333,214.1693548387097,212.9553571428571,208.9,203.4999999999999,199.2222222222222
210.2857142857143,211.202380952381,213.9090909090909,213.925,213.8854166666667,214.0403225806452,212.8482142857143,208.71875,203.2999999999999,199.037037037037
210.1428571428571,211.1071428571428,213.8181818181818,213.825,213.84375,213.9112903225806,212.7410714285714,208.59375,203.1,198.8518518518518
210,211.0119047619048,213.7272727272727,213.7279411764706,213.8020833333333,213.7822580645161,212.6339285714286,208.46875,202.8999999999999,198.6666666666667
209.8571428571429,210.9166666666667,213.6363636363636,213.6397058823529,213.7604166666667,213.6818181818182,212.5267857142857,208.34375,202.6999999999999,198.4814814814815
209.7109375,210.8214285714286,213.5454545454546,213.5514705882353,213.6516393442623,213.5909090909091,212.4196428571428,208.21875,202.4999999999999,198.2962962962963
209.5546875,210.6964285714286,213.4545454545455,213.4632352941176,213.5204918032787,213.5,212.3125,208.09375,202.2999999999999,198.0217391304348
209.3984375,210.4821428571428,213.3636363636364,213.375,213.3893442622951,213.4090909090909,212.2053571428572,207.96875,202.1,197.7173913043478
209.2421875,210.2678571428572,213.2727272727273,213.2867647058824,213.2581967213115,213.3181818181818,212.0982142857143,207.84375,201.8999999999999,197.4130434782609
209.0859375,210.0535714285714,213.1964285714286,213.1985294117647,213.1270491803278,213.2272727272727,211.9910714285714,207.71875,201.6999999999999,197.1086956521739
208.9296875,209.8392857142857,213.125,213.110294117647,212.9959016393443,213.1363636363636,211.8839285714286,207.59375,201.4999999999999,196.8043478260869
208.7734375,209.625,213.0535714285714,213.0220588235294,212.8647540983606,213.0454545454546,211.7767857142857,207.46875,201.3,196.5
208.6171875,209.4107142857143,212.9821428571429,212.9338235294118,212.733606557377,212.9545454545454,211.66,207.34375,201.1,196.195652173913
208.4609375,209.2410714285714,212.9107142857143,212.8455882352941,212.6024590163934,212.8636363636364,211.54,207.234375,200.8999999999999,195.8913043478261
208.3046875,209.2053571428571,212.8392857142857,212.7573529411765,212.4713114754098,212.7727272727273,211.42,207.171875,200.7045454545454,195.5869565217391
208.1484375,209.1696428571429,212.7678571428571,212.6691176470588,212.3401639344262,212.6818181818182,211.3,207.109375,200.5227272727272,195.2826086956522
207.9921875,209.1339285714286,212.6964285714286,212.5808823529412,212.2090163934426,212.5909090909091,211.18,207.046875,200.3409090909091,194.9782608695652
207.8359375,209.0982142857143,212.625,212.4926470588235,212.077868852459,212.5,211.06,206.984375,200.1590909090908,194.6931818181818
207.6796875,209.0625,212.5535714285714,212.4044117647059,211.9467213114754,212.4090909090909,210.94,206.921875,199.9772727272727,194.4659090909091
207.5234375,209.0267857142857,212.4821428571429,212.3161764705882,211.8155737704918,212.3181818181818,210.82,206.859375,199.7954545454545,194.2386363636364
207.3671875,208.9910714285714,212.4107142857143,212.2265625,211.6844262295082,212.2142857142857,210.7,206.796875,199.6136363636363,194.0113636363637
207.2037037037037,208.9553571428571,212.3392857142857,212.1328125,211.5532786885246,212.0714285714286,210.58,206.6875,199.4318181818181,193.7840909090909
207.0185185185185,208.9196428571429,212.2678571428571,212.0390625,211.4221311475409,211.9285714285714,210.46,206.4375,199.2499999999999,193.5568181818182
206.8333333333333,208.8839285714286,212.1521739130435,211.9453125,211.2909836065573,211.7857142857143,210.34,206.1875,199.0681818181818,193.3295454545454
206.6481481481482,208.8482142857143,212.0217391304348,211.8515625,211.1598360655738,211.6428571428571,210.1973684210526,205.9375,198.8863636363636,193.1022727272727
206.4629629629629,208.8125,211.8913043478261,211.7578125,211.0286885245901,211.5,209.9868421052632,205.6875,198.675,192.875
206.2777777777778,208.7767857142857,211.7608695652174,211.6640625,210.8975409836065,211.3571428571428,209.7763157894737,205.4375,198.3749999999999,192.6477272727273
206.0925925925926,208.712962962963,211.6304347826087,211.5703125,210.7663934426229,211.2142857142857,209.5657894736842,205.2096774193548,198.075,192.4204545454545
205.9074074074074,208.5648148148148,211.5,211.4765625,210.6352459016393,211.0714285714286,209.3552631578947,205.0483870967742,197.775,192.1805555555556
205.7222222222222,208.4166666666667,211.3695652173913,211.3828125,210.5040983606557,210.9285714285714,209.1447368421053,204.8870967741936,197.475,191.9027777777778
205.5370370370371,208.2685185185185,211.2391304347826,211.2890625,210.3729508196721,210.7857142857143,208.9342105263158,204.7258064516129,197.175,191.625
205.3518518518518,208.1203703703704,211.1086956521739,211.1953125,210.2418032786885,210.6428571428571,208.7236842105263,204.5645161290323,196.875,191.3472222222222
205.1666666666667,207.9722222222222,210.9782608695652,211.1015625,210.1106557377049,210.5,208.5131578947368,204.4032258064516,196.575,191.0694444444445
204.9814814814815,207.8240740740741,210.8478260869565,211.0078125,209.9795081967213,210.3571428571429,208.3026315789474,204.241935483871,196.275,190.7916666666667
204.7962962962963,207.6759259259259,210.7214285714286,210.9140625,209.8483606557377,210.2142857142857,208.125,204.0806451612903,195.975,190.5138888888889
204.6195652173913,207.5277777777778,210.6071428571429,210.8203125,209.7129629629629,210.0714285714286,207.9583333333333,203.9193548387097,195.7142857142857,190.2361111111111
204.445652173913,207.3796296296296,210.4928571428572,210.7058823529412,209.5648148148148,209.9285714285714,207.7916666666667,203.758064516129,195.5714285714286,189.9583333333333
204.2717391304348,207.2314814814815,210.3785714285714,210.5294117647059,209.4166666666666,209.7857142857143,207.625,203.5967741935484,195.4285714285714,189.6907894736842
204.0978260869565,207.0833333333333,210.2642857142857,210.3529411764706,209.2685185185185,209.59375,207.4583333333333,203.4354838709677,195.2857142857143,189.4539473684211
203.9239130434783,206.9351851851852,210.15,210.1764705882353,209.1203703703703,209.3854166666667,207.2916666666666,203.2741935483871,195.1428571428571,189.2171052631579
203.75,206.787037037037,210.0357142857143,210,208.9722222222222,209.1770833333333,207.125,203.1129032258064,195,188.9802631578947
203.5760869565217,206.6375,209.9214285714286,209.8235294117647,208.824074074074,208.96875,206.9583333333333,202.9516129032258,194.8571428571428,188.7434210526316
203.4021739130435,206.4875,209.8071428571428,209.6470588235294,208.6759259259259,208.7604166666667,206.7916666666666,202.7903225806452,194.7142857142857,188.5065789473684
203.2282608695652,206.3375,209.6928571428572,209.4705882352941,208.5277777777777,208.5520833333333,206.6249999999999,202.5921052631579,194.5714285714286,188.2697368421053
203.054347826087,206.1875,209.5785714285714,209.2941176470588,208.3796296296296,208.34375,206.4583333333333,202.3815789473684,194.4285714285714,188.0328947368421
202.8804347826087,206.0375,209.4642857142857,209.1176470588235,208.2314814814814,208.1354166666667,206.2916666666666,202.1710526315789,194.2857142857142,187.796052631579
202.69,205.8875,209.35,208.9411764705882,208.0833333333333,207.9270833333333,206.1176470588235,201.9605263157895,194.0735294117647,187.5592105263158
202.45,205.7375,209.2357142857143,208.7647058823529,207.9351851851851,207.71875,205.9411764705882,201.75,193.8382352941176,187.3223684210526
202.21,205.5875,209.1214285714286,208.5882352941176,207.787037037037,207.5104166666667,205.7647058823529,201.5394736842105,193.6029411764706,187.0855263157895
201.97,205.4375,209.0071428571428,208.4117647058824,207.6388888888889,207.3020833333333,205.5882352941176,201.3289473684211,193.3676470588235,186.8486842105263
201.73,205.2875,208.8928571428571,208.2352941176471,207.4907407407407,207.203125,205.4117647058823,201.1184210526316,193.1323529411764,186.6118421052632
201.49,205.2211538461538,208.7785714285714,208.0588235294118,207.3425925925926,207.140625,205.2352941176471,200.9078947368421,192.8970588235294,186.375
201.25,205.1826923076923,208.6696428571429,207.8823529411765,207.1944444444444,207.078125,205.0588235294118,200.734375,192.6617647058823,186.1381578947368
201.01,205.1442307692308,208.5625,207.7258064516129,207.0462962962962,207.015625,204.8823529411765,200.671875,192.4264705882352,185.9013157894737
200.77,205.1057692307692,208.4553571428572,207.6290322580645,206.8981481481481,206.953125,204.7173913043478,200.609375,192.1805555555555,185.6644736842105
200.53,205.0673076923077,208.3482142857143,207.5322580645161,206.7499999999999,206.890625,204.5869565217391,200.546875,191.9027777777778,185.4276315789474
200.29,205.0288461538462,208.2410714285714,207.4354838709677,206.6018518518518,206.828125,204.4565217391304,200.484375,191.625,185.1666666666667
200.05,204.9903846153846,208.1339285714286,207.3387096774193,206.4537037037037,206.765625,204.3260869565217,200.421875,191.3472222222222,184.8333333333333
199.81,204.9519230769231,208.0267857142857,207.241935483871,206.3055555555555,206.5131578947368,204.1956521739131,200.359375,191.0694444444444,184.5
199.5921052631579,204.9134615384615,207.9196428571429,207.1451612903226,206.1574074074074,206.1973684210526,204.0652173913043,200.296875,190.7916666666667,184.1666666666667
199.3815789473684,204.875,207.8125,207.0483870967742,206.0092592592592,205.8815789473684,203.9347826086957,200.1818181818182,190.5138888888889,183.8333333333333
199.171052631579,204.8365384615385,207.7053571428571,206.9516129032258,205.8611111111111,205.5657894736842,203.804347826087,199.9090909090909,190.2361111111111,183.5
198.9605263157895,204.7980769230769,207.5982142857143,206.8548387096774,205.7016129032258,205.25,203.6739130434783,199.6363636363636,189.9583333333333,183.1666666666667
198.75,204.7596153846154,207.4910714285714,206.758064516129,205.508064516129,204.9342105263158,203.5434782608696,199.3636363636364,189.6805555555555,182.8333333333333
198.5394736842105,204.6071428571429,207.3839285714286,206.6612903225806,205.3145161290322,204.6184210526316,203.4130434782609,199.0909090909091,189.4027777777778,182.5
198.328947368421,204.4166666666667,207.2767857142857,206.5645161290323,205.1209677419354,204.3026315789474,203.2826086956522,198.8181818181818,189.125,182.1666666666667
198.1184210526316,204.2261904761905,207.1195652173913,206.4677419354839,204.9274193548386,203.9868421052632,203.1465517241379,198.4821428571429,188.8472222222222,181.8333333333333
197.9078947368421,204.0357142857143,206.945652173913,206.3709677419355,204.7338709677419,203.725,203.0086206896552,198.125,188.5694444444444,181.5
197.7159090909091,203.8452380952381,206.7717391304348,206.2741935483871,204.5403225806451,203.625,202.8706896551724,197.7678571428572,188.2916666666667,181.17
197.5795454545454,203.6547619047619,206.5978260869565,206.1111111111111,204.3467741935483,203.525,202.7327586206897,197.4107142857143,188.0138888888889,180.85
197.4431818181818,203.4642857142857,206.4239130434783,205.9259259259259,204.1532258064516,203.425,202.5948275862069,197.0535714285714,187.7361111111111,180.53
197.3068181818182,203.2738095238095,206.25,205.7407407407407,203.9596774193548,203.325,202.4568965517241,196.6964285714286,187.4583333333333,180.21
197.1704545454545,203.0833333333333,206.0760869565217,205.5555555555556,203.766129032258,203.225,202.3189655172414,196.3392857142857,187.1805555555556,179.89
197.0340909090909,202.8928571428571,205.9021739130435,205.3703703703704,203.5725806451612,203.125,202.1810344827586,195.9285714285714,186.9027777777778,179.57
196.8977272727273,202.6764705882353,205.7282608695652,205.1851851851852,203.3790322580645,203.025,202.0431034482759,195.5,186.625,179.25
196.7613636363636,202.3823529411765,205.554347826087,205,203.1854838709677,202.925,201.9051724137931,195.0714285714286,186.3472222222222,178.93
196.6249999999999,202.0882352941177,205.3804347826087,204.8148148148148,202.9919354838709,202.825,201.7672413793103,194.6428571428571,186.0694444444444,178.61
196.4886363636363,201.7941176470588,205.2166666666667,204.6296296296296,202.7983870967741,202.7058823529412,201.6293103448276,194.2142857142857,185.7916666666666,178.29
196.3522727272727,201.5,205.0833333333333,204.4444444444445,202.5859374999999,202.5294117647059,201.4913793103448,193.7857142857143,185.5138888888889,177.97
196.1944444444444,201.2058823529412,204.95,204.2592592592593,202.3671874999999,202.3529411764706,201.3534482758621,193.3571428571428,185.2361111111111,177.65
195.9722222222222,200.9117647058823,204.8166666666667,204.0740740740741,202.1484374999999,202.1764705882353,201.1923076923077,193.1375,184.9583333333333,177.33
195.7499999999999,200.6176470588235,204.6833333333333,203.8888888888889,201.9296874999999,202,200.9615384615385,192.9875,184.6666666666666,177.0416666666667
195.5277777777777,200.3235294117647,204.55,203.7142857142857,201.7109374999999,201.8235294117647,200.7307692307692,192.8375,184.3333333333333,176.7638888888889
195.3055555555555,200.0769230769231,204.4166666666667,203.5714285714286,201.4921874999999,201.6470588235294,200.5,192.6875,184,176.4861111111111
195.0833333333333,199.8461538461539,204.2833333333333,203.4285714285714,201.2734374999999,201.4705882352941,200.2692307692308,192.5375,183.6666666666666,176.2083333333333
194.8611111111111,199.6153846153846,204.0526315789474,203.2857142857143,201.0546874999999,201.2941176470588,200.0384615384615,192.3875,183.3333333333333,175.9305555555555
194.6388888888889,199.3846153846154,203.7894736842105,203.1428571428571,200.8359374999999,201.125,199.8076923076923,192.2375,183,175.6527777777778
194.4166666666667,199.1538461538462,203.5263157894737,203,200.6171874999999,200.9583333333333,199.5769230769231,192.0875,182.7083333333333,175.375
194.1413043478261,198.9230769230769,203.2631578947368,202.8571428571429,200.3984374999999,200.7916666666667,199.3461538461539,191.9375,182.5416666666667,175.0972222222222
193.7065217391304,198.725,203,202.675,200.1796874999999,200.625,199.1153846153846,191.7875,182.375,174.8194444444445
193.2717391304348,198.625,202.7368421052632,202.375,199.9609374999999,200.4583333333333,198.8846153846154,191.5833333333333,182.2083333333333,174.3333333333333
192.8369565217391,198.525,202.4736842105263,202.075,199.7421874999999,200.2916666666667,198.6538461538461,191.3611111111111,182.0416666666667,173.7777777777778
192.4021739130435,198.425,202.2105263157895,201.775,199.5234374999999,199.95,198.4230769230769,191.1388888888889,181.875,173.2222222222222
191.9673913043478,198.325,201.9473684210526,201.475,199.3046874999999,199.55,198.1923076923077,190.9166666666667,181.7083333333333,172.6666666666667
