148.85,145.3437499999999,148.1499999999999,148.3333333333333,149.1574074074073,148.8173076923077,147.1630434782608,147.4713740458015,146.969512195122,156.1805555555555
149.25,145.71875,148.55,148.6666666666667,149.5277777777777,149.0865384615384,147.5108695652174,147.9141221374046,147.4085365853659,156.4583333333333
149.65,146.09375,148.95,149,149.8981481481481,149.3557692307692,147.8586956521739,148.3568702290076,147.8475609756098,156.7361111111111
150.05,146.46875,149.35,149.3333333333333,150.2685185185185,149.625,148.2065217391304,148.7996183206107,148.2865853658537,157.0138888888889
150.45,146.84375,149.75,149.6666666666667,150.6388888888889,149.8942307692307,148.5543478260869,149.2423664122138,148.7256097560976,157.2916666666666
150.85,147.21875,150.15,150,151.0092592592592,150.1634615384615,148.9021739130435,149.6851145038168,149.1646341463415,157.5694444444445
151.25,147.59375,150.55,150.3333333333333,151.3796296296296,150.4326923076923,149.25,150.1278625954199,149.6036585365854,157.8472222222222
151.65,147.96875,150.95,150.6666666666667,151.75,150.7019230769231,149.5978260869565,150.5706106870229,150.0426829268293,158.125
152.05,148.34375,151.35,151,152.1203703703704,150.9711538461539,149.9456521739131,151.013358778626,150.4817073170732,158.4027777777778
152.45,148.71875,151.7500000000001,151.3333333333333,152.4907407407408,151.2403846153846,150.2934782608696,151.456106870229,150.9207317073171,158.6805555555556
152.85,149.09375,152.15,151.6666666666667,152.8611111111111,151.5096153846154,150.6413043478261,151.8988549618321,151.3863636363636,159.0227272727273
153.25,149.4687500000001,152.4868421052632,152,153.2314814814815,151.7788461538462,150.9891304347826,152.3416030534351,151.9318181818182,159.3863636363637
153.65,149.8636363636364,152.8026315789474,152.3571428571429,153.6018518518519,152.0480769230769,151.40625,152.7843511450382,152.4772727272727,159.7500000000001
154.05,150.3181818181819,153.1184210526316,152.7857142857143,153.9722222222223,152.3684210526316,152.03125,153.2270992366412,153.0227272727273,160.1136363636364
154.45,150.7727272727273,153.4342105263158,153.2142857142857,154.3382352941177,152.8421052631579,152.65625,153.6698473282443,153.5681818181818,160.4772727272728
154.85,151.2272727272727,153.7500000000001,153.6428571428572,154.6911764705883,153.3157894736842,153.28125,154.1125954198474,154.1136363636364,160.8409090909091
155.25,151.6818181818182,154.0657894736843,154.0714285714286,155.0441176470589,153.7894736842105,153.8157894736842,154.5553435114504,154.55,161.2045454545455
155.65,152.1363636363637,154.3815789473685,154.5,155.3970588235294,154.2631578947368,154.0789473684211,154.9980916030534,154.95,161.5681818181819
156.05,152.5909090909091,154.6973684210527,154.9285714285714,155.7500000000001,154.7368421052632,154.3421052631579,155.4408396946565,155.35,161.9318181818182
156.45,153.0454545454546,155.0131578947369,155.3571428571429,156.1029411764706,155.2105263157895,154.6052631578947,155.8835877862596,155.75,162.2954545454546
156.85,153.5,155.3625,155.7857142857143,156.4558823529412,155.6842105263158,154.8684210526316,156.3263358778626,156.1500000000001,162.659090909091
157.25,153.9545454545455,155.8125000000001,156.2142857142857,156.8088235294118,156.1578947368421,155.1315789473684,156.7690839694657,156.4375,163.0227272727273
157.65,154.4090909090909,156.2625,156.6428571428571,157.1617647058824,156.6315789473684,155.3947368421053,157.2118320610687,156.6875,163.3863636363637
158.05,154.8467741935484,156.7125,157.0263157894737,157.514705882353,157.11,155.6578947368421,157.6545801526718,156.9375,163.7500000000001
158.45,155.233870967742,157.1625,157.3947368421053,157.8676470588236,157.59,155.9210526315789,158.0973282442748,157.1875,164.1136363636364
158.8285714285715,155.6209677419355,157.6125,157.7631578947368,158.2205882352942,158.07,156.1842105263158,158.5400763358779,157.4375,164.4772727272728
159.1428571428572,156.0080645161291,158.0625,158.1315789473684,158.5735294117648,158.55,156.6086956521739,158.9828244274809,157.6875,164.8333333333334
159.4571428571429,156.3951612903226,158.5125,158.5,158.9264705882353,159.03,157.0869565217391,159.425572519084,157.9375,165.1666666666667
159.7714285714286,156.7822580645162,158.9625,158.8684210526316,159.2794117647059,159.51,157.5652173913043,159.8683206106871,158.1875,165.5
160.0857142857143,157.1693548387097,159.4125,159.2368421052632,159.6323529411765,159.99,158.0434782608696,160.3110687022901,158.6,165.8333333333334
160.4,157.5564516129032,159.8518518518519,159.6052631578948,159.9852941176471,160.47,158.5217391304348,160.7538167938932,159.0666666666667,166.1666666666667
160.7142857142857,157.9435483870968,160.2592592592593,159.9736842105263,160.3369565217392,160.95,159,161.1965648854962,159.5333333333333,166.5000000000001
161.0285714285714,158.3306451612903,160.6666666666667,160.375,160.6847826086957,161.43,159.4782608695652,161.6393129770993,160,166.8333333333334
161.3428571428572,158.7177419354839,161.0740740740741,160.875,161.0326086956522,161.91,159.9565217391304,162.0392857142857,160.4666666666666,167.1666666666667
161.6571428571429,159.1048387096774,161.4814814814815,161.375,161.3804347826087,162.39,160.4347826086957,162.425,160.9333333333333,167.5000000000001
161.9714285714286,159.491935483871,161.8888888888889,161.875,161.7282608695653,162.85,160.9130434782609,162.8107142857143,161.3999999999999,167.8333333333334
162.2857142857143,159.8790322580645,162.2962962962963,162.375,162.0760869565218,163.25,161.3913043478261,163.1964285714286,161.85,168.1666666666667
162.6,160.2661290322581,162.7037037037037,162.875,162.4239130434783,163.65,161.8333333333333,163.5821428571429,162.25,168.5000000000001
162.9142857142857,160.6532258064516,163.1111111111111,163.3653846153846,162.7717391304348,164.05,162.1666666666667,163.9678571428572,162.6499999999999,168.8333333333334
163.2285714285714,161.0285714285715,163.5185185185185,163.8269230769231,163.1195652173913,164.45,162.5,164.3535714285715,163.05,169.1666666666667
163.5428571428572,161.4,163.9259259259259,164.2884615384615,163.4673913043479,164.8214285714286,162.8333333333333,164.7392857142858,163.45,169.5000000000001
163.8571428571429,161.7714285714286,164.3333333333333,164.75,163.8152173913044,165.1071428571429,163.1666666666667,165.125,163.85,169.8333333333334
164.1714285714286,162.1428571428572,164.7407407407408,165.2115384615385,164.1630434782609,165.3928571428572,163.5,165.5107142857143,164.2499999999999,170.1666666666667
164.5263157894737,162.5142857142857,165.1481481481482,165.673076923077,164.608695652174,165.6785714285714,163.8333333333333,165.8964285714286,164.65,170.5000000000001
164.8947368421053,162.8857142857143,165.4545454545455,166.1346153846154,165.0869565217392,166,164.1666666666667,166.2821428571429,165.05,170.8333333333334
165.2631578947368,163.2571428571429,165.7272727272727,166.45,165.5652173913044,166.3333333333333,164.7115384615385,166.6678571428572,165.45,171.1666666666667
165.6315789473684,163.6285714285714,166,166.7166666666667,166.0434782608696,166.6666666666667,165.3269230769231,167.0535714285714,165.875,171.5000000000001
166,164,166.2727272727273,166.9833333333333,166.5217391304348,167,165.9423076923077,167.4392857142857,166.375,171.8333333333334
166.3684210526316,164.3714285714286,166.5454545454546,167.25,167,167.3333333333333,166.5576923076923,167.825,166.8749999999999,172.1666666666667
166.7368421052632,164.7428571428572,166.8181818181818,167.5166666666667,167.4782608695652,167.6666666666667,167.1730769230769,168.2107142857143,167.3749999999999,172.5000000000001
167.1052631578947,165.1142857142857,167.0909090909091,167.7833333333334,167.9565217391305,168,167.7884615384615,168.5964285714286,167.8749999999999,172.8333333333334
167.4736842105263,165.4857142857143,167.3636363636364,168.05,168.4347826086957,168.3333333333333,168.3235294117647,168.9821428571429,168.3749999999999,173.1666666666667
167.8421052631579,165.8571428571429,167.6363636363637,168.3518518518519,168.9130434782609,168.6666666666667,168.6176470588236,169.3399047140279,168.8749999999999,173.5000000000001
168.2105263157895,166.2285714285715,167.9090909090909,168.7592592592593,169.3913043478261,169,168.9117647058824,169.672331650024,169.375,173.8416666666667
168.5789473684211,166.6,168.1818181818182,169.1666666666667,169.8557692307693,169.3333333333334,169.2058823529412,170.0047585860202,169.8333333333333,174.2083333333334
168.9473684210527,166.9714285714286,168.6,169.5740740740741,170.2788461538462,169.6666666666667,169.5,170.3371855220163,170.1666666666666,174.575
169.3157894736842,167.3235294117647,169.0666666666667,169.9814814814815,170.7019230769231,170,169.7941176470588,170.6696124580125,170.4999999999999,174.9416666666667
169.6842105263158,167.6176470588235,169.5333333333334,170.3888888888889,171.1250000000001,170.3333333333333,170.0882352941177,171.0020393940086,170.8333333333333,175.3083333333334
170.0526315789474,167.9117647058824,170,170.7962962962963,171.548076923077,170.6666666666667,170.3823529411765,171.3344663300048,171.1666666666666,175.675
170.421052631579,168.2058823529412,170.4666666666667,171.2037037037037,171.9711538461539,171.0875,170.6764705882353,171.666893266001,171.4999999999999,176.0416666666667
170.7894736842105,168.5,170.9333333333333,171.6111111111111,172.3942307692308,171.5375,171.078125,172.078125,171.8333333333333,176.4083333333334
171.1578947368421,168.7941176470588,171.4,172.0185185185185,172.8173076923077,171.9875,171.515625,172.515625,172.1666666666666,176.775
171.5357142857143,169.0882352941177,171.828125,172.425925925926,173.2403846153847,172.4375,171.953125,172.953125,172.4999999999999,177.1416666666667
171.9166666666667,169.3823529411765,172.140625,172.8333333333334,173.6634615384616,172.8875,172.390625,173.390625,172.8333333333333,177.5083333333334
172.2976190476191,169.6764705882353,172.453125,173.2407407407408,174.0865384615385,173.3375,172.828125,173.828125,173.1666666666666,177.8750000000001
172.6785714285714,170.0357142857143,172.765625,173.6481481481482,174.5096153846154,173.7875,173.265625,174.265625,173.5,178.2416666666667
173.0595238095239,170.4166666666667,173.078125,174.0227272727273,174.9326923076923,174.2375,173.703125,174.703125,173.8333333333333,178.6083333333334
173.4404761904762,170.7976190476191,173.390625,174.3863636363637,175.3362068965518,174.6875,174.140625,175.140625,174.1666666666666,178.9750000000001
173.8214285714286,171.1785714285714,173.703125,174.75,175.6810344827587,175.1375,174.5588235294118,175.5331632653061,174.5874999999999,179.3333333333334
174.202380952381,171.5595238095239,174.015625,175.1136363636364,176.0258620689656,175.53125,174.9705882352941,175.9107142857143,175.0375,179.6666666666667
174.5833333333333,171.9404761904762,174.3375,175.4772727272727,176.3706896551725,175.90625,175.3823529411765,176.2882653061225,175.4875,180.0000000000001
174.9642857142857,172.3214285714286,174.6875,175.8409090909091,176.7155172413794,176.28125,175.7941176470588,176.6658163265306,175.9374999999999,180.3333333333334
175.3452380952381,172.702380952381,175.0375,176.2045454545455,177.0603448275862,176.65625,176.2058823529412,177.0433673469388,176.3875,180.6666666666667
175.7261904761905,173.0833333333334,175.3875,176.5681818181818,177.4051724137932,177.02,176.6176470588236,177.4209183673469,176.8375,181.0000000000001
176.1071428571429,173.4642857142858,175.7375,176.9318181818182,177.7500000000001,177.38,177.0294117647059,177.7984693877551,177.2875,181.3333333333334
176.4880952380952,173.8625,176.0875,177.2954545454546,178.0948275862069,177.74,177.4411764705882,178.1760204081633,177.7375,181.6666666666667
176.8690476190476,174.3125,176.4375,177.6590909090909,178.4396551724138,178.1,177.8421052631579,178.5535714285714,178.1875,182.0000000000001
177.25,174.7625,176.7875,178.0086206896552,178.7844827586208,178.46,178.2105263157895,178.9311224489796,178.6375,182.3333333333334
177.6309523809524,175.2125,177.1375,178.3534482758621,179.1293103448276,178.82,178.5789473684211,179.3086734693878,179.0263157894736,182.6666666666667
178.0119047619048,175.6625,177.4875,178.698275862069,179.4741379310345,179.18,178.9473684210527,179.6862244897959,179.3947368421052,183.0000000000001
178.3928571428571,176.1125,177.8534482758621,179.0431034482759,179.8189655172414,179.54,179.3157894736842,180.0637755102041,179.7631578947368,183.3333333333334
178.7738095238095,176.5625,178.2672413793103,179.3879310344828,180.1637931034483,179.9,179.6842105263158,180.4413265306123,180.1315789473684,183.6666666666667
179.1547619047619,177.0125,178.6810344827586,179.7327586206897,180.5277777777779,180.26,180.0526315789474,180.8188775510204,180.5,184.0000000000001
179.4715909090909,177.4625,179.0948275862069,180.0775862068966,180.8981481481482,180.62,180.421052631579,181.1964285714286,180.8684210526316,184.3369565217392
179.7670454545455,177.9125,179.5086206896552,180.4224137931035,181.2685185185186,180.98,180.7894736842105,181.5739795918367,181.2368421052631,184.6847826086957
180.0625,178.3421052631579,179.9224137931035,180.7672413793104,181.6388888888889,181.3333333333333,181.1578947368421,181.9515306122449,181.6052631578947,185.0326086956522
180.3579545454546,178.7105263157895,180.3362068965517,181.1120689655173,182.0092592592593,181.6666666666667,181.5454545454546,182.3290816326531,181.9736842105263,185.3804347826087
180.6534090909091,179.0789473684211,180.75,181.4568965517242,182.3796296296297,182,181.939393939394,182.7066326530612,182.3421052631579,185.7282608695653
180.9488636363636,179.4473684210527,181.1637931034483,181.801724137931,182.7500000000001,182.3333333333334,182.3333333333333,183.0841836734694,182.7105263157894,186.0760869565218
181.2443181818182,179.8157894736842,181.5775862068966,182.146551724138,183.1203703703704,182.6666666666667,182.7272727272727,183.4617346938776,183.078947368421,186.4239130434783
181.5397727272727,180.1842105263158,181.9913793103449,182.4913793103449,183.4907407407408,183,183.1212121212122,183.8392857142857,183.4473684210526,186.7717391304348
181.8352272727273,180.5526315789474,182.4051724137931,182.8260869565217,183.8611111111111,183.3333333333334,183.5151515151516,184.2168367346939,183.8157894736842,187.1195652173913
182.1306818181818,180.921052631579,182.8189655172414,183.1304347826087,184.2314814814815,183.6666666666667,183.9090909090909,184.594387755102,184.1842105263158,187.4673913043479
182.4261363636364,181.2894736842105,183.2327586206897,183.4347826086957,184.6018518518519,184,184.3030303030303,184.9719387755102,184.5526315789473,187.8152173913044
182.7215909090909,181.6578947368421,183.646551724138,183.7391304347826,184.9722222222223,184.3333333333334,184.6969696969697,185.3140001498043,184.9210526315789,188.1630434782609
183.0170454545455,182.0178571428572,183.9375,184.0434782608696,185.3289473684211,184.6666666666667,185.0909090909091,185.6064256689699,185.2894736842105,188.4444444444445
183.3125,182.375,184.1875,184.3478260869566,185.6447368421053,185.0625000000001,185.4848484848485,185.8988511881355,185.6578947368421,188.7037037037038
183.6079545454546,182.7321428571429,184.4375,184.6521739130435,185.9605263157895,185.4791666666667,185.8787878787879,186.1912767073011,186,188.962962962963
183.9034090909091,183.0892857142857,184.6875,184.9565217391305,186.2763157894738,185.8958333333334,186.2727272727273,186.4837022264667,186.3333333333333,189.2222222222223
184.1988636363637,183.4464285714286,184.9375,185.2608695652174,186.5921052631579,186.3125,186.6666666666667,186.7761277456323,186.6666666666666,189.4814814814815
184.4943181818182,183.8035714285714,185.1875,185.5652173913044,186.9078947368421,186.7291666666667,187.0606060606061,187.0685532647979,186.9999999999999,189.7407407407408
184.7897727272727,184.1607142857143,185.4375,185.8695652173913,187.2236842105264,187.1458333333334,187.4545454545455,187.3609787839634,187.3333333333333,190.0000000000001
185.0852272727273,184.6,185.6875,186.1739130434783,187.5394736842106,187.5625,187.82,187.653404303129,187.6666666666666,190.2592592592593
185.3806818181818,185.0666666666667,185.9705882352941,186.55,187.8552631578948,187.9791666666667,188.1,187.9458298222946,188,190.5185185185186
185.6761363636364,185.5333333333334,186.264705882353,186.95,188.171052631579,188.3958333333333,188.3800000000001,188.2382553414602,188.3333333333333,190.7777777777778
186.0178571428571,186,186.5588235294118,187.35,188.514705882353,188.8125,188.66,188.5306808606258,188.6666666666666,191.0370370370371
186.375,186.4666666666667,186.8529411764706,187.75,188.8676470588236,189.2291666666667,188.9400000000001,188.8690476190476,188.9230769230769,191.2962962962963
186.7321428571429,186.9333333333334,187.1470588235294,188.15,189.2205882352941,189.6458333333333,189.22,189.3452380952381,189.1538461538461,191.5555555555556
187.0892857142857,187.4,187.4411764705883,188.55,189.5735294117648,190.03125,189.5,189.8214285714286,189.3846153846154,191.8055555555556
187.4464285714286,187.8035714285714,187.7352941176471,188.95,189.9264705882354,190.40625,189.78,190.297619047619,189.6153846153846,192.0277777777778
187.8035714285714,188.0178571428572,188.0294117647059,189.35,190.2794117647059,190.78125,190.06,190.7738095238095,189.8461538461538,192.25
188.1607142857143,188.2321428571429,188.3846153846154,189.75,190.6323529411765,191.15625,190.34,191.25,190.076923076923,192.4722222222222
188.5178571428572,188.4464285714286,188.9230769230769,190.15,190.9852941176471,191.53125,190.62,191.7261904761905,190.35,192.6944444444445
188.875,188.6607142857143,189.4615384615385,190.55,191.3333333333334,191.9062500000001,190.9,192.2023809523809,190.75,192.9166666666667
189.2321428571429,188.875,190,190.95,191.6666666666667,192.28125,191.18,192.6785714285714,191.15,193.1388888888889
189.5892857142858,189.0892857142858,190.5384615384615,191.35,192.0000000000001,192.65625,191.5588235294118,193.1547619047619,191.55,193.3611111111111
189.9464285714286,189.3020833333334,191.0769230769231,191.75,192.3333333333334,193.03125,191.9705882352942,193.6309523809524,191.95,193.5833333333333
190.3035714285714,189.5104166666667,191.6153846153846,192.15,192.6666666666667,193.40625,192.3823529411765,193.9499999999999,192.35,193.8333333333333
190.6607142857143,189.71875,192.0263157894737,192.5208333333333,193.0000000000001,193.78125,192.7941176470588,194.2166666666666,192.7499999999999,194.1666666666667
190.9583333333334,189.9270833333334,192.3947368421053,192.8819444444445,193.3333333333334,194.15625,193.2058823529412,194.4833333333333,193.1499999999999,194.5
191.2361111111111,190.1354166666667,192.7631578947368,193.2430555555556,193.6666666666667,194.4642857142857,193.6176470588236,194.7499999999999,193.4868421052631,194.8333333333334
191.5138888888889,190.34375,193.1315789473684,193.6041666666667,194.0000000000001,194.7500000000001,194.0294117647059,195.0166666666666,193.8026315789473,195.1666666666667
191.7916666666667,190.5520833333334,193.5,193.9652777777778,194.3088235294118,195.0357142857143,194.4411764705882,195.2833333333333,194.1184210526316,195.5
192.0694444444445,190.7604166666667,193.8684210526316,194.3263888888889,194.5441176470589,195.3214285714286,194.8392857142858,195.55,194.4342105263158,195.8333333333333
192.3472222222223,190.96875,194.2368421052632,194.6875,194.7794117647059,195.6071428571429,195.1964285714286,195.8333333333333,194.7499999999999,196.1666666666667
192.625,191.1770833333334,194.6052631578947,195.0486111111111,195.014705882353,195.8928571428572,195.5535714285714,196.1666666666666,195.0657894736842,196.7
192.9027777777778,191.3854166666667,194.9736842105263,195.4097222222223,195.2500000000001,196.1785714285714,195.9107142857143,196.5,195.3815789473684,197.3
193.1805555555556,191.59375,195.3269230769231,195.7708333333334,195.4852941176471,196.4642857142858,196.2678571428572,196.8333333333333,195.6973684210526,197.9
193.4886363636364,191.8275862068966,195.6346153846154,196.1319444444445,195.7205882352941,196.7500000000001,196.625,197.1666666666666,196.0131578947368,198.5
193.8068181818182,192.1379310344828,195.9423076923077,196.4930555555556,195.9558823529412,197.0357142857143,196.9821428571429,197.4999999999999,196.3229166666666,199.1
194.125,192.448275862069,196.25,196.8541666666667,196.1911764705883,197.3260869565217,197.3500000000001,197.8333333333333,196.6145833333333,199.7
194.4431818181819,192.7586206896552,196.5576923076923,197.2152777777778,196.5588235294118,197.6304347826087,197.75,198.1666666666666,196.90625,200.3
194.7613636363637,193.0689655172414,196.8653846153846,197.5763888888889,196.9705882352942,197.9347826086957,198.15,198.4999999999999,197.1979166666667,200.7878787878788
195.0795454545455,193.3793103448276,197.173076923077,197.9375,197.3823529411765,198.2391304347827,198.55,198.8333333333333,197.4895833333333,200.939393939394
195.3977272727273,193.6896551724138,197.484375,198.2986111111111,197.7941176470589,198.5434782608696,198.95,199.1666666666666,197.78125,201.0909090909091
195.7159090909091,194,197.796875,198.6597222222223,198.2058823529412,198.8478260869566,199.35,199.4999999999999,198.0729166666667,201.2424242424242
196.0340909090909,194.3103448275862,198.109375,199.0078125,198.6176470588236,199.1521739130435,199.75,199.8333333333333,198.3645833333333,201.3939393939394
196.3522727272727,194.6206896551724,198.421875,199.3515625,199.0294117647059,199.4565217391304,200.15,200.1666666666666,198.65625,201.5454545454546
196.6704545454546,194.9310344827586,198.734375,199.6953125,199.4411764705883,199.7608695652174,200.45,200.5,198.9479166666667,201.6969696969697
196.9230769230769,195.2413793103448,199.046875,200.0390625,199.8214285714286,200.0652173913044,200.7166666666667,200.8315217391304,199.2395833333334,201.8484848484849
197.1538461538462,195.551724137931,199.359375,200.3828125,200.1071428571429,200.3695652173913,200.9833333333333,201.1576086956521,199.53125,202
197.3846153846154,195.8620689655173,199.671875,200.7265625,200.3928571428572,200.6739130434783,201.25,201.4836956521739,199.8189655172414,202.1515151515152
197.6153846153846,196.1724137931035,199.875,201.0703125,200.6785714285714,201.03125,201.5166666666667,201.8097826086956,200.0948275862069,202.3030303030303
197.8461538461539,196.6666666666667,200.0416666666667,201.4140625,200.9642857142857,201.40625,201.7833333333334,202.1358695652173,200.3706896551724,202.4545454545455
198.0769230769231,197.2222222222223,200.2083333333333,201.7578125,201.25,201.78125,202.05,202.4619565217391,200.646551724138,202.6060606060607
198.328125,197.7777777777778,200.375,202.1015625,201.5357142857143,202.1562500000001,202.3333333333333,202.7880434782608,200.9224137931035,202.7575757575758
198.640625,198.3333333333334,200.5416666666667,202.4453125000001,201.9166666666667,202.5312500000001,202.6666666666667,203.1141304347826,201.198275862069,202.9090909090909
198.953125,198.85,200.7083333333333,202.7890625,202.5833333333333,202.90625,203,203.4402173913043,201.4741379310345,203.0606060606061
199.265625,199.25,201.125,203.1328125,203.25,203.28125,203.3333333333334,203.7663043478261,201.75,203.2121212121212
199.578125,199.65,201.625,203.4765625,203.9166666666667,203.65625,203.6666666666667,204.0923913043478,202.0258620689656,203.4456521739131
199.8906250000001,200.05,202.125,203.8203125,204.5833333333334,204.03125,204,204.4184782608696,202.301724137931,203.7065217391305
200.203125,200.45,202.625,204.1640625,204.8863636363637,204.40625,204.3333333333334,204.7445652173913,202.5775862068966,203.9673913043479
200.515625,200.8125000000001,203.125,204.5657894736842,205.0681818181818,204.78125,204.6666666666667,205.070652173913,202.8534482758621,204.2282608695652
200.8203125,201.0625,203.625,204.9868421052632,205.25,205.15625,205,205.3967391304348,203.1293103448276,204.4891304347826
201.1015625,201.3125,203.9807692307693,205.4078947368421,205.4318181818182,205.4642857142857,205.3333333333334,205.7228260869565,203.4051724137931,204.75
201.3828125,201.5625,204.2884615384616,205.8289473684211,205.6136363636364,205.75,205.6666666666667,206.0489130434782,203.6810344827587,205.0108695652174
201.6640625,201.8125,204.5961538461539,206.25,205.859375,206.0357142857143,206.0178571428572,206.3749999999999,203.9827586206897,205.2717391304348
201.9453125,202.0625,204.9038461538462,206.671052631579,206.296875,206.3214285714286,206.375,206.7010869565217,204.2931034482759,205.5326086956522
202.2265625000001,202.3269230769231,205.2115384615385,207.0921052631579,206.734375,206.6071428571429,206.7321428571429,207.0271739130434,204.6034482758621,205.7934782608696
202.5078125,202.6346153846154,205.5192307692308,207.5131578947368,207.171875,206.8928571428572,207.0892857142857,207.3532608695652,204.9137931034483,206.054347826087
202.7890625,202.9423076923077,205.8125,207.9342105263158,207.609375,207.1785714285714,207.4464285714286,207.6793478260869,205.2241379310345,206.34375
203.0703125,203.25,206.0625,208.3020833333334,208.0468750000001,207.4642857142857,207.8035714285714,208.0054347826087,205.5344827586207,206.71875
203.3515625,203.5576923076923,206.3125000000001,208.5104166666667,208.484375,207.75,208.1607142857143,208.3369565217391,205.8448275862069,207.09375
203.6328125000001,203.8653846153846,206.5625,208.71875,208.921875,208.0357142857143,208.53125,208.6847826086956,206.1551724137931,207.46875
203.9140625,204.173076923077,206.8125,208.9270833333334,209.2916666666667,208.3214285714286,208.90625,209.0326086956522,206.4655172413793,207.84375
204.1953125,204.390625,207.0625,209.1354166666667,209.4583333333334,208.6071428571429,209.28125,209.3804347826087,206.7758620689656,208.2187500000001
204.4765625,204.578125,207.3125000000001,209.34375,209.6250000000001,208.8928571428571,209.65625,209.7282608695652,207.0862068965517,208.59375
204.7578125,204.765625,207.5625,209.5520833333334,209.7916666666667,209.1785714285714,210.03125,210.0760869565217,207.396551724138,208.96875
205.0390625,204.953125,207.8125,209.7604166666667,209.9583333333334,209.5147058823529,210.40625,210.4239130434782,207.7068965517242,209.2708333333334
205.2763157894737,205.140625,208.0625,209.96875,210.125,209.8676470588235,210.78125,210.7717391304348,208.0172413793104,209.3541666666667
205.3815789473685,205.328125,208.375,210.1770833333334,210.3194444444445,210.2205882352941,211.15625,211.1195652173913,208.3095238095238,209.4375000000001
205.4868421052632,205.515625,208.875,210.3854166666667,210.5972222222223,210.5735294117647,211.3333333333333,211.4673913043478,208.5476190476191,209.5208333333334
205.5921052631579,205.703125,209.375,210.59375,210.875,210.9264705882353,211.4444444444444,211.8152173913043,208.7857142857143,209.6041666666667
205.6973684210527,205.984375,209.85,210.8214285714286,211.1527777777778,211.2794117647059,211.5555555555556,212.1630434782608,209.0238095238095,209.6875
205.8026315789474,206.296875,210.25,211.1071428571429,211.4305555555556,211.6323529411765,211.6666666666667,212.5108695652173,209.2619047619048,209.8636363636364
205.9078947368421,206.6093750000001,210.65,211.3928571428572,211.7083333333334,211.9852941176471,211.875,212.8586956521739,209.5,210.3181818181818
206.0131578947369,206.921875,211.05,211.6785714285714,211.9861111111111,212.34,212.375,213.2065217391304,209.7380952380953,210.7727272727273
206.1184210526316,207.234375,211.45,211.9642857142858,212.2638888888889,212.7,212.875,213.5543478260869,209.9761904761905,211.2272727272727
206.2236842105263,207.546875,211.8035714285715,212.2500000000001,212.5416666666667,213.06,213.375,213.9021739130434,210.2142857142857,211.6818181818182
206.4519230769231,207.859375,212.0178571428572,212.5357142857143,212.8888888888889,213.42,213.875,214.2499999999999,210.452380952381,212.1363636363637
206.7211538461539,208.171875,212.2321428571429,212.8214285714286,213.4444444444445,213.78,214.375,214.4722222222222,210.6904761904762,212.4375
206.9903846153846,208.5000000000001,212.4464285714286,213.1071428571429,214,214.14,214.8035714285714,214.6944444444444,210.9375,212.6875
207.2596153846154,208.8333333333333,212.6607142857143,213.3928571428572,214.5555555555556,214.5,215.0178571428571,214.9166666666666,211.1875,212.9375000000001
207.5288461538462,209.1666666666667,212.875,213.6785714285715,215.1111111111111,214.86,215.2321428571429,215.1388888888889,211.4375,213.1875
207.798076923077,209.5000000000001,213.0892857142857,213.9642857142858,215.3863636363637,215.22,215.4464285714286,215.45,211.6875000000001,213.4375
208.0673076923077,209.8333333333334,213.3214285714286,214.25,215.5681818181818,215.58,215.6607142857143,215.8499999999999,211.9375000000001,213.6875
208.3365384615385,210.1666666666667,213.6071428571429,214.5357142857143,215.75,215.94,215.875,216.2499999999999,212.1875,213.9375
208.6057692307693,210.5,213.8928571428572,214.8181818181818,215.9318181818182,216.3,216.0892857142857,216.6499999999999,212.4375,214.1875
208.875,210.8333333333334,214.1785714285714,215.0909090909091,216.1136363636364,216.66,216.3611111111111,217.0499999999999,212.6875,214.4166666666667
209.1442307692308,211.1666666666667,214.4642857142857,215.3636363636364,216.3157894736842,217,216.8055555555555,217.2884615384615,212.9375,214.6388888888889
209.4134615384616,211.5,214.75,215.6363636363637,216.5789473684211,217.3333333333333,217.25,217.3653846153846,213.1875,214.8611111111111
209.6826923076923,211.8214285714286,215.0357142857143,215.9090909090909,216.8421052631579,217.6666666666667,217.6944444444445,217.4423076923076,213.4375,215.0833333333334
209.9318181818182,212.1071428571429,215.3333333333334,216.1818181818182,217.1052631578948,218,218.1388888888889,217.5192307692307,213.6875,215.3026315789474
210.1742424242424,212.3928571428572,215.6666666666667,216.4545454545455,217.3684210526316,218.3333333333333,218.3571428571429,217.5961538461538,213.9473684210527,215.5131578947369
210.4166666666667,212.6785714285715,216.0000000000001,216.7272727272727,217.6315789473684,218.6666666666667,218.5,217.6730769230768,214.2105263157895,215.7236842105264
210.6590909090909,212.9642857142857,216.3333333333334,217,217.8947368421053,218.9166666666667,218.6428571428572,217.7499999999999,214.4736842105264,215.9342105263158
210.9015151515152,213.25,216.6666666666667,217.2727272727273,218.1578947368421,219.1388888888889,218.7857142857143,218.0833333333333,214.7368421052632,216.1447368421053
211.1439393939394,213.5357142857143,217,217.5454545454546,218.421052631579,219.3611111111111,218.9285714285714,218.4166666666666,215,216.3552631578948
211.3863636363637,213.8214285714286,217.3333333333334,217.8189655172414,218.6842105263158,219.5833333333333,219.0714285714286,218.7499999999999,215.2631578947369,216.5657894736842
211.6287878787879,214.1071428571429,217.6666666666667,218.0948275862069,219.0961538461539,219.8055555555555,219.2142857142857,219.0833333333333,215.5263157894737,216.7763157894737
211.8712121212122,214.3928571428572,218.0000000000001,218.3706896551724,219.5576923076923,220.0277777777778,219.5909090909091,219.4166666666666,215.7894736842105,216.9868421052632
212.1136363636364,214.6785714285715,218.3333333333334,218.646551724138,220.0192307692308,220.25,220.0454545454546,219.7499999999999,216.0526315789474,217.1973684210527
212.3560606060606,214.9782608695652,218.6666666666667,218.9224137931035,220.4807692307693,220.4722222222222,220.5,220.0833333333333,216.3229166666667,217.4034090909091
212.5984848484849,215.2826086956522,219,219.198275862069,220.9423076923077,220.6944444444444,220.9545454545455,220.3833333333333,216.6145833333334,217.6079545454546
212.8409090909091,215.5869565217392,219.3166666666667,219.4741379310345,221.4038461538462,220.99,221.4090909090909,220.65,216.90625,217.8125
213.0833333333334,215.8913043478261,219.5833333333334,219.75,221.8125,221.31,221.8181818181818,220.9166666666666,217.1979166666667,218.0170454545455
213.3257575757576,216.1956521739131,219.85,220.0258620689656,222.0625,221.63,222.0909090909091,221.1833333333333,217.4895833333334,218.2215909090909
213.5681818181818,216.5000000000001,220.1166666666667,220.301724137931,222.3125,221.95,222.3636363636363,221.4499999999999,217.78125,218.4261363636364
213.8139534883721,216.804347826087,220.3833333333334,220.5775862068966,222.5625000000001,222.27,222.6363636363636,221.7166666666666,218.0729166666667,218.6306818181818
214.0697674418605,217.1086956521739,220.65,220.8534482758621,222.8125,222.59,222.9090909090909,221.9833333333333,218.3645833333334,218.8352272727273
214.3255813953489,217.4130434782609,220.9166666666667,221.1293103448276,223.0625000000001,222.91,223.1818181818182,222.2499999999999,218.6562500000001,219.0397727272727
214.5813953488372,217.7173913043479,221.1833333333334,221.4051724137931,223.3125,223.23,223.55,222.5166666666666,218.9479166666667,219.2443181818182
214.8372093023256,218.0217391304348,221.4807692307693,221.6810344827586,223.5625,223.55,223.95,222.7833333333333,219.2395833333334,219.4488636363637
215.093023255814,218.3108108108108,221.7884615384616,221.99,223.8152173913044,223.87,224.35,223.0499999999999,219.53125,219.6534090909091
215.3488372093023,218.5540540540541,222.0961538461539,222.31,224.0760869565217,224.19,224.75,223.3166666666666,219.8125,219.8579545454546
215.6046511627907,218.7972972972973,222.4038461538462,222.63,224.3369565217392,224.51,225.15,223.5833333333333,220.0625,220.0625000000001
215.8604651162791,219.0405405405406,222.7115384615385,222.95,224.5978260869566,224.801724137931,225.55,223.8499999999999,220.3125,220.2670454545455
216.1162790697675,219.2837837837838,223.0192307692308,223.27,224.8586956521739,225.0086206896552,225.95,224.1166666666666,220.5625,220.4715909090909
216.3720930232558,219.5270270270271,223.2727272727273,223.59,225.1195652173913,225.2155172413793,226.2738095238095,224.3499999999999,220.8125,220.6761363636364
216.6279069767442,219.7702702702703,223.3636363636364,223.91,225.3804347826087,225.4224137931034,226.3690476190476,224.55,221.0625000000001,220.8806818181819
216.8837209302326,220.0135135135135,223.4545454545454,224.23,225.6413043478261,225.6293103448276,226.4642857142857,224.7499999999999,221.3125000000001,221.0852272727273
217.139534883721,220.2567567567568,223.5454545454546,224.55,225.9021739130435,225.8362068965517,226.5595238095238,224.9499999999999,221.5625,221.2897727272727
217.3953488372093,220.5,223.6363636363637,224.87,226.1630434782609,226.0431034482758,226.6547619047619,225.1499999999999,221.8125,221.4943181818182
217.6511627906977,220.7432432432433,223.7272727272727,225.19,226.4239130434783,226.25,226.75,225.35,222.0625000000001,221.6988636363637
217.9069767441861,220.9864864864865,224,225.51,226.6847826086957,226.4568965517241,226.8452380952381,225.5499999999999,222.3125000000001,221.8671875
218.1627906976744,221.2297297297297,224.3333333333334,225.8382352941176,226.8750000000001,226.6637931034483,226.9404761904762,225.7499999999999,222.5625000000001,222.0234375
218.4186046511628,221.472972972973,224.6666666666667,226.1911764705882,227.0416666666667,226.8706896551724,227.0357142857143,225.9499999999999,222.8125,222.1796875
218.6744186046512,221.7162162162163,225,226.5441176470588,227.2083333333334,227.0775862068965,227.1309523809524,226.1499999999999,223.0625,222.3359375
218.9302325581396,221.9594594594595,225.3333333333334,226.8970588235294,227.375,227.2844827586207,227.2261904761905,226.3499999999999,223.3125,222.4921875000001
219.1860465116279,222.2027027027027,225.6666666666667,227.25,227.5416666666667,227.4913793103448,227.5227272727273,226.55,223.5625,222.6484375000001
219.4375,222.445945945946,226,227.6029411764706,227.7083333333334,227.698275862069,227.8863636363637,226.7499999999999,223.8012820512821,222.8046875000001
219.6875,222.6891891891892,226.3157894736842,227.9558823529412,228,228.0714285714286,228.25,226.9499999999999,224.0064102564103,222.9609375
219.9375,222.8804347826087,226.5789473684211,228.3088235294118,228.3333333333334,228.5,228.6136363636363,227.1499999999999,224.2115384615385,223.1171875
220.1875,223.054347826087,226.8421052631579,228.6617647058824,228.6666666666667,228.9285714285714,228.9772727272727,227.4038461538461,224.4166666666667,223.2734375000001
220.4375000000001,223.2282608695652,227.1052631578948,228.9078947368421,229,229.3571428571428,229.3166666666667,227.7115384615384,224.6217948717949,223.4296875000001
220.6875000000001,223.4021739130435,227.3684210526316,229.1184210526316,229.3333333333334,229.7857142857143,229.5833333333333,228.0192307692307,224.8269230769231,223.5859375
220.9375,223.5760869565217,227.6315789473684,229.328947368421,229.6666666666667,230.2142857142857,229.85,228.326923076923,225.0320512820513,223.7421875
221.1875,223.75,227.8947368421053,229.5394736842105,229.8125,230.6428571428571,230.1166666666666,228.6346153846153,225.2371794871795,223.8984375
221.4375,223.9239130434783,228.1578947368421,229.75,229.8958333333334,230.9473684210526,230.3833333333333,228.9423076923076,225.4423076923077,224.0546875
221.6875000000001,224.0978260869566,228.421052631579,229.9605263157895,229.9791666666667,231.2105263157895,230.65,229.2499999999999,225.6474358974359,224.2109375
221.9375000000001,224.2717391304348,228.6842105263158,230.171052631579,230.0625000000001,231.4736842105263,230.9166666666667,229.5833333333333,225.8525641025641,224.5961538461539
222.1875,224.4456521739131,228.9107142857143,230.3815789473684,230.1458333333333,231.7368421052632,231.1833333333333,229.9166666666666,226.0576923076923,225.0576923076923
222.4375,224.6195652173913,229.125,230.5921052631579,230.2291666666667,232,231.3653846153846,230.2499999999999,226.2628205128206,225.5192307692308
222.6875,224.8017241379311,229.3392857142858,230.8333333333333,230.625,232.2631578947368,231.5192307692308,230.5833333333333,226.4679487179488,225.9807692307693
222.9375,225.0086206896552,229.5535714285714,231.1666666666667,231.125,232.5263157894737,231.6730769230769,230.9166666666666,226.673076923077,226.4423076923077
223.1875,225.2155172413794,229.7678571428572,231.5,231.625,232.7894736842105,231.8269230769231,231.2499999999999,226.8782051282051,226.9038461538462
223.3888888888889,225.4224137931035,229.9821428571429,231.8333333333333,232.125,233.0526315789474,231.9807692307692,231.5833333333333,227.0833333333333,227.2794117647059
223.5740740740741,225.6293103448276,230.1964285714286,232.1666666666667,232.625,233.2857142857143,232.1346153846154,231.8472222222222,227.2884615384616,227.3970588235294
223.7592592592593,225.8362068965517,230.4807692307693,232.5,232.9107142857143,233.4285714285714,232.3392857142857,232.0416666666666,227.4935897435898,227.514705882353
223.9444444444445,226.0431034482759,230.7884615384616,232.8043478260869,233.125,233.5714285714286,232.6964285714286,232.2361111111111,227.698717948718,227.6323529411765
224.1296296296297,226.25,231.0961538461539,233.0217391304348,233.3392857142858,233.7142857142857,233.0535714285714,232.4305555555555,227.975,227.75
224.3148148148148,226.4568965517242,231.4038461538462,233.2391304347826,233.5535714285714,233.8571428571429,233.4107142857143,232.6249999999999,228.275,227.8676470588235
224.5,226.6637931034483,231.7115384615385,233.4565217391304,233.7678571428572,234,233.7678571428571,232.8194444444444,228.575,227.9852941176471
224.6851851851852,226.8706896551724,232.0192307692308,233.6739130434783,233.9821428571429,234.1428571428572,234.125,233.0138888888888,228.875,228.1029411764706
224.8703703703704,227.0775862068966,232.2916666666667,233.8913043478261,234.1964285714286,234.2857142857143,234.4821428571428,233.2083333333333,229.175,228.2205882352941
225.0555555555556,227.2844827586207,232.4583333333334,234.1086956521739,234.296875,234.4285714285714,234.8035714285714,233.4027777777777,229.475,228.484375
225.2407407407408,227.4913793103449,232.625,234.3260869565217,234.359375,234.5714285714286,235.0178571428571,233.5972222222222,229.775,228.796875
225.425925925926,227.698275862069,232.7916666666667,234.5434782608696,234.4218750000001,234.7142857142857,235.2321428571428,233.7916666666666,230.075,229.1093750000001
225.6111111111111,227.8942307692308,232.9583333333334,234.7608695652174,234.484375,234.890625,235.4464285714286,233.986111111111,230.375,229.421875
225.79,228.0865384615385,233.125,234.9782608695652,234.5468750000001,235.078125,235.6607142857143,234.1805555555555,230.675,229.7343750000001
225.95,228.2788461538462,233.2916666666667,235.1956521739131,234.6093750000001,235.265625,235.875,234.3749999999999,230.975,230.0468750000001
226.11,228.4711538461539,233.4583333333334,235.3625,234.671875,235.453125,236.0892857142857,234.5694444444444,231.275,230.359375
226.27,228.6634615384615,233.625,235.5125,234.734375,235.640625,236.325,234.7638888888888,231.575,230.671875
226.43,228.8557692307693,233.8235294117647,235.6625,235.125,235.828125,236.625,234.9583333333333,231.875,230.84
226.59,229.048076923077,234.1176470588236,235.8125,235.6250000000001,236.015625,236.925,235.1527777777777,232.175,230.96
226.75,229.2403846153846,234.4117647058824,235.9625,236.1250000000001,236.203125,237.225,235.4999999999999,232.4090909090909,231.08
226.91,229.4326923076923,234.7058823529412,236.1125,236.625,236.5,237.525,235.9999999999999,232.6212121212122,231.2
227.0700000000001,229.625,235,236.2625,236.8181818181819,236.8333333333333,237.775,236.4999999999999,232.8333333333334,231.3200000000001
227.23,229.8173076923077,235.2941176470588,236.4125,236.9090909090909,237.1666666666667,237.875,236.8382352941176,233.0454545454546,231.4400000000001
227.39,230.0096153846154,235.5882352941177,236.5625,237,237.5,237.975,237.0147058823529,233.2575757575758,231.56
227.55,230.2019230769231,235.8823529411765,236.7125,237.0909090909092,237.8333333333333,238.075,237.1911764705882,233.469696969697,231.68
227.71,230.4166666666667,236.1764705882353,236.890625,237.1818181818182,238.1666666666667,238.175,237.3676470588235,233.6818181818182,231.8
227.8382352941177,230.6388888888889,236.4375,237.078125,237.2727272727273,238.25,238.275,237.5441176470588,233.8939393939394,231.92
227.9558823529412,230.8611111111111,236.6875,237.265625,237.3636363636364,238.25,238.375,237.7205882352941,234.1060606060606,232.04
228.0735294117648,231.0833333333334,236.9375000000001,237.453125,237.4545454545455,238.25,238.475,237.8970588235293,234.3181818181819,232.1600000000001
228.1911764705883,231.3055555555556,237.1875,237.640625,237.5454545454546,238.25,238.575,238.0735294117646,234.5303030303031,232.2857142857143
228.3088235294118,231.5277777777778,237.4375000000001,237.828125,237.6363636363637,238.25,238.675,238.2499999999999,234.7424242424242,232.4285714285715
228.4264705882353,231.75,237.6875000000001,238.015625,237.7272727272727,238.25,238.8035714285714,238.8055555555555,234.9545454545455,232.5714285714286
228.5441176470588,231.9722222222223,237.9375,238.203125,237.9078947368421,238.25,239.0178571428571,239.3611111111111,235.1666666666667,232.7142857142857
228.6617647058824,232.1944444444445,238.1875,238.4166666666667,238.1184210526316,238.25,239.2321428571429,239.9166666666666,235.3787878787879,232.8571428571429
228.7794117647059,232.4166666666667,238.34375,238.6388888888889,238.3289473684211,238.25,239.4464285714286,240.4722222222222,235.5909090909091,233
228.8970588235294,232.6388888888889,238.46875,238.8611111111111,238.5394736842105,238.25,239.6607142857143,240.7954545454545,235.796875,233.1428571428572
229.014705882353,232.8611111111111,238.5937500000001,239.0833333333333,238.75,238.3928571428571,239.875,240.8863636363636,235.984375,233.2857142857143
229.1323529411765,233.0833333333334,238.71875,239.3055555555555,238.9605263157895,238.5833333333333,240.0892857142857,240.9772727272727,236.1718750000001,233.4285714285714
229.25,233.301724137931,238.8437500000001,239.5277777777778,239.171052631579,238.7738095238095,240.4,241.0681818181818,236.3593750000001,233.5714285714286
229.3676470588235,233.5086206896552,238.9687500000001,239.75,239.3815789473684,238.9642857142857,241,241.1590909090908,236.546875,233.7142857142857
229.4852941176471,233.7155172413794,239.09375,239.9722222222222,239.5921052631579,239.1547619047619,241.6,241.2499999999999,236.7343750000001,233.8571428571429
229.6029411764706,233.9224137931035,239.21875,240.1944444444445,239.765625,239.3452380952381,241.75,241.45,236.921875,234
229.7205882352941,234.1293103448276,239.34375,240.3863636363636,239.828125,239.5357142857143,241.75,241.6499999999999,237.109375,234.1428571428572
229.9473684210527,234.3362068965518,239.46875,240.5681818181818,239.8906250000001,239.7261904761905,241.75,241.85,237.3125,234.3235294117647
230.2105263157895,234.5431034482759,239.5937500000001,240.75,239.9531250000001,239.9166666666667,241.75,242.0499999999999,237.5625,234.6176470588235
230.4736842105263,234.75,239.71875,240.9318181818182,240.015625,240.1071428571429,241.75,242.2499999999999,237.8125000000001,234.9117647058824
230.7368421052632,234.9568965517242,239.8437500000001,241.1136363636364,240.0781250000001,240.2777777777778,241.75,242.45,238.0625000000001,235.2058823529412
231,235.1637931034483,239.9687500000001,241.2954545454546,240.140625,240.3888888888889,241.75,242.65,238.3125,235.5
231.2631578947368,235.3706896551724,240.09375,241.4772727272727,240.203125,240.5,241.75,242.85,238.5625,235.7941176470588
231.5263157894737,235.5775862068966,240.21875,241.6590909090909,240.2916666666667,240.6111111111111,241.7941176470588,243.05,238.8125000000001,236.0882352941177
231.7894736842105,235.7844827586207,240.4,241.8409090909091,240.4583333333334,240.7222222222222,241.9705882352941,243.2499999999999,239.0625000000001,236.3823529411765
232.0526315789474,235.9913793103449,240.6,242.0227272727273,240.625,240.8333333333333,242.1470588235294,243.4499999999999,239.3125,236.6764705882353
232.2884615384615,236.198275862069,240.8,242.2045454545455,240.7916666666667,240.9444444444445,242.3235294117647,243.6499999999999,239.5625,236.8486842105263
232.4423076923077,236.3804347826087,241,242.2894736842105,240.9583333333333,241.0555555555555,242.5,243.9166666666666,239.8235294117647,236.9802631578948
232.5961538461538,236.554347826087,241.2,242.3421052631579,241.125,241.1666666666667,242.6764705882353,244.2499999999999,240.1176470588235,237.1118421052632
232.75,236.7282608695652,241.375,242.3947368421053,241.2916666666667,241.2777777777778,242.8529411764706,244.5833333333333,240.4117647058824,237.2434210526316
232.9038461538462,236.9021739130435,241.5416666666667,242.4473684210526,241.4583333333333,241.3888888888889,243.0294117647059,244.9166666666666,240.7058823529412,237.375
233.0576923076923,237.0760869565217,241.7083333333333,242.5,241.625,241.5,243.2058823529412,245.2499999999999,241,237.5065789473684
233.2115384615385,237.25,242.0714285714286,242.5526315789474,241.7916666666667,241.6111111111111,243.4078947368421,245.1524390243902,241.2941176470588,237.6381578947369
233.3653846153846,237.4239130434783,242.5,242.6052631578947,241.9583333333333,241.7222222222222,243.6184210526316,245.0548780487805,241.5882352941177,237.7697368421053
233.5192307692308,237.5978260869566,242.9285714285714,242.6578947368421,242.125,241.8333333333334,243.828947368421,244.9573170731707,241.8823529411765,237.9013157894737
233.6730769230769,237.7717391304348,243.2857142857143,242.7105263157895,242.2916666666667,241.9444444444445,244.0394736842105,244.859756097561,242.1764705882353,238.0328947368421
233.8269230769231,237.9456521739131,243.4285714285714,242.7976190476191,242.4583333333333,242.0555555555556,244.25,244.7621951219512,242.3,238.1644736842105
233.9807692307692,238.1195652173913,243.5714285714286,242.9880952380952,242.625,242.1666666666667,244.4605263157895,244.6646341463415,242.3666666666667,238.296052631579
234.1346153846154,238.2870370370371,243.7142857142857,243.1785714285714,242.7916666666666,242.2894736842105,244.671052631579,244.5670731707317,242.4333333333333,238.4276315789474
234.2794117647059,238.4351851851852,243.8571428571428,243.3690476190476,242.9583333333333,242.4473684210527,244.8815789473684,244.469512195122,242.5,238.5592105263158
234.3970588235294,238.5833333333333,244,243.5595238095238,243.125,242.6052631578948,245.0921052631579,244.3719512195122,242.5666666666667,238.6907894736842
234.514705882353,238.7314814814815,244.1428571428571,243.75,243.2692307692307,242.7631578947369,245.2826086956522,244.2743902439025,242.6333333333333,238.8223684210526
234.6323529411765,238.8796296296296,244.2954545454545,243.9404761904762,243.3461538461538,242.921052631579,245.4130434782609,244.8676470588236,242.7,238.9539473684211
234.75,239.0277777777778,244.4772727272727,244.1309523809524,243.4230769230768,243.0789473684211,245.5434782608696,245.6911764705883,242.8181818181818,239.0855263157895
234.8676470588235,239.1759259259259,244.6590909090909,244.3214285714286,243.4999999999999,243.2368421052632,245.6739130434783,246.514705882353,243.0909090909091,239.2171052631579
234.9852941176471,239.3240740740741,244.8409090909091,244.5119047619048,243.576923076923,243.3947368421053,245.8043478260869,247.3382352941176,243.3636363636364,239.34375
235.1029411764706,239.4722222222222,245.0227272727273,244.702380952381,243.6538461538461,243.5526315789474,245.9347826086957,247.7916666666666,243.6363636363637,239.46875
235.2205882352941,239.6203703703704,245.2045454545454,244.828947368421,243.7307692307692,243.7105263157895,246.0652173913044,247.8749999999999,243.9090909090909,239.59375
235.4375,239.7685185185185,245.1818181818182,244.9342105263158,243.8303571428571,243.8571428571429,246.1956521739131,247.9583333333333,244.1818181818182,239.71875
235.6875000000001,239.9166666666667,245.0909090909091,245.0394736842105,243.9375,244,246.3260869565217,248.0416666666666,244.3076923076923,239.84375
235.9375,240.0648148148148,245,245.1447368421053,244.0446428571428,244.1428571428572,246.4565217391304,248.1249999999999,244.3846153846154,239.96875
236.1875,240.2129629629629,244.9090909090909,245.25,244.1517857142857,244.2857142857143,246.5869565217392,248.2083333333333,244.4615384615385,240.09375
236.4375,240.3571428571428,244.8181818181818,245.3552631578947,244.2589285714285,244.4285714285715,246.7173913043479,248.35,244.5384615384615,240.21875
236.6875,240.5,244.7833333333333,245.4605263157895,244.3660714285714,244.5714285714286,246.7941176470588,248.55,244.6153846153846,240.4545454545455
236.8,240.6428571428571,244.9166666666666,245.5657894736842,244.4732142857142,244.7142857142857,246.8529411764706,248.7499999999999,244.6923076923077,240.7272727272727
236.8666666666667,240.7857142857143,245.05,245.671052631579,244.5803571428571,244.8571428571429,246.9117647058824,248.95,244.7692307692308,241
236.9333333333333,240.9285714285714,245.1833333333333,245.75,244.6874999999999,245,246.9705882352941,249.1499999999999,244.8461538461538,241.2727272727273
237,241.0714285714286,245.3166666666667,245.75,244.7946428571428,245.1428571428572,247.0294117647059,249.35,244.9230769230769,241.5454545454545
237.0666666666667,241.2142857142857,245.45,245.75,244.9017857142857,245.2708333333334,247.0882352941177,249.55,245,241.7692307692307
237.1333333333333,241.3571428571428,245.5833333333333,245.75,245.0089285714285,245.3541666666667,247.1470588235294,249.7499999999999,245.0769230769231,241.8461538461539
237.2,241.5,245.7166666666666,245.75,245.1160714285714,245.4375,247.2058823529412,249.8981481481481,245.1538461538462,241.9230769230769
237.3055555555556,241.6428571428571,245.8684210526316,245.75,245.2232142857142,245.5208333333334,247.2777777777778,250.0462962962962,245.2307692307692,242
237.5277777777778,241.7857142857143,246.0263157894737,245.75,245.2767857142857,245.6041666666667,247.3888888888889,250.1944444444444,245.4107142857143,242.0769230769231
237.75,241.9285714285714,246.1842105263158,245.75,245.3125,245.6875000000001,247.5000000000001,250.3425925925926,245.625,242.1538461538461
237.9722222222222,242.0714285714286,246.3421052631579,245.75,245.3482142857142,245.7708333333334,247.6111111111112,250.4907407407407,245.8392857142857,242.2307692307692
238.1944444444445,242.2142857142857,246.5,245.75,245.3839285714285,245.8541666666667,247.7222222222222,250.6388888888889,246.0535714285714,242.3076923076923
238.4166666666667,242.3571428571428,246.6578947368421,245.75,245.4196428571428,245.9375000000001,247.8333333333334,250.787037037037,246.2678571428572,242.3846153846154
238.6388888888889,242.5,246.8157894736842,245.75,245.4553571428571,246.0208333333334,247.9444444444445,250.9351851851852,246.4821428571429,242.4615384615385
238.8611111111111,242.6428571428571,246.9736842105263,245.8214285714286,245.4910714285714,246.1041666666667,248.0555555555556,251.0833333333333,246.6964285714286,242.5384615384615
239.0833333333333,242.7794117647059,247.1315789473684,245.9166666666667,245.5267857142857,246.1875,248.1666666666667,251.2314814814814,246.8333333333333,242.6153846153846
239.2794117647059,242.8970588235294,247.2763157894737,246.0119047619048,245.5625,246.2833333333334,248.2777777777778,251.3796296296296,246.9444444444444,242.6923076923077
239.3970588235294,243.0147058823529,247.3815789473684,246.1071428571429,245.5982142857142,246.4166666666667,248.3888888888889,251.5277777777777,247.0555555555555,242.8269230769231
239.514705882353,243.1323529411765,247.4868421052632,246.202380952381,245.6339285714285,246.55,248.5,251.6759259259259,247.1666666666667,243.1346153846154
239.6323529411765,243.2499999999999,247.5921052631579,246.2976190476191,245.6696428571428,246.6833333333334,248.6111111111112,251.8,247.2777777777778,243.4423076923077
239.75,243.3676470588235,247.6973684210526,246.3928571428572,245.7053571428571,246.8166666666667,248.7222222222223,251.9,247.3888888888889,243.75
239.8676470588235,243.485294117647,247.8026315789474,246.4880952380952,245.7410714285714,246.95,248.8310810810811,251.9999999999999,247.5,244.0576923076923
239.985294117647,243.6029411764706,247.9078947368421,246.5833333333333,245.8709677419355,247.0833333333333,248.9391891891892,252.1,247.6111111111111,244.3653846153846
240.1029411764706,243.7205882352941,248.0131578947368,246.6785714285714,246.0322580645161,247.2166666666667,249.0472972972973,252.1999999999999,247.7222222222222,244.6730769230769
240.2205882352941,243.7499999999999,248.1184210526316,246.7767857142857,246.1935483870968,247.31,249.1554054054054,252.3,247.8333333333333,244.7826086956522
240.328947368421,243.7499999999999,248.2236842105263,246.8839285714286,246.3548387096774,247.39,249.2635135135135,252.3999999999999,247.9444444444445,244.8260869565217
240.4342105263158,243.7499999999999,248.296875,246.9910714285714,246.516129032258,247.47,249.3716216216217,252.4999999999999,248.0555555555555,244.8695652173913
240.5394736842105,243.7499999999999,248.359375,247.0982142857143,246.6774193548387,247.55,249.4797297297298,252.5999999999999,248.1666666666667,244.9130434782609
240.6447368421053,243.7499999999999,248.421875,247.2053571428572,246.8387096774194,247.63,249.5878378378379,252.7,248.2833333333333,244.9565217391304
240.75,243.7499999999999,248.484375,247.3125,247,247.71,249.695945945946,252.7763157894736,248.4166666666667,245
240.8552631578947,243.7499999999999,248.546875,247.4196428571429,247.1612903225806,247.79,249.8040540540541,252.828947368421,248.55,245.0434782608696
240.9605263157895,243.8749999999999,248.609375,247.5267857142857,247.3225806451613,247.87,249.9121621621622,252.8815789473684,248.6833333333333,245.0869565217391
241.0657894736842,244.0416666666666,248.671875,247.6339285714286,247.4838709677419,247.95,250.0202702702703,252.9342105263157,248.8166666666667,245.1304347826087
241.1710526315789,244.2083333333333,248.734375,247.7410714285714,247.6451612903226,248.03,250.1283783783784,252.9868421052631,248.95,245.1739130434783
241.25,244.375,248.75,247.8482142857143,247.8064516129032,248.11,250.2364864864865,253.0394736842105,249.0833333333333,245.2173913043478
241.25,244.5416666666666,248.75,247.9553571428571,247.9677419354838,248.19,250.3445945945946,253.0921052631579,249.2166666666667,245.3026315789474
241.25,244.7083333333333,248.75,248.0625,248.1290322580645,248.296875,250.4527027027027,253.1447368421052,249.35,245.5131578947368
241.25,244.875,248.75,248.1696428571429,248.2727272727273,248.484375,250.5608108108109,253.1973684210526,249.4833333333333,245.7236842105263
241.25,245.0416666666666,248.75,248.2826086956522,248.3636363636363,248.6718750000001,250.6689189189189,253.2499999999999,249.6166666666667,245.9342105263158
241.25,245.2083333333333,248.75,248.4130434782609,248.4545454545454,248.8593750000001,250.7708333333334,253.324074074074,249.75,246.1447368421053
241.25,245.375,248.75,248.5434782608696,248.5454545454545,249.0468750000001,250.8541666666667,253.3981481481481,249.8833333333333,246.3552631578947
241.25,245.5416666666666,248.75,248.6739130434783,248.6363636363636,249.2343750000001,250.9375,253.4722222222222,250.0166666666667,246.5657894736842
241.2765957446809,245.7083333333333,248.7840909090909,248.8043478260869,248.7272727272727,249.421875,251.0208333333334,253.5462962962962,250.15,246.7763157894737
241.3829787234042,245.8152173913043,248.9204545454546,248.9347826086957,248.8181818181818,249.609375,251.1041666666667,253.6203703703703,250.2619047619048,246.9868421052632
241.4893617021277,245.9021739130435,249.0568181818182,249.0652173913044,248.9090909090909,249.7678571428572,251.1875,253.6944444444444,250.3095238095238,247.1973684210526
241.5957446808511,245.9891304347826,249.1931818181818,249.1956521739131,249,249.8392857142858,251.2708333333334,253.7685185185185,250.3571428571429,247.296875
241.7021276595745,246.0760869565217,249.3295454545454,249.3260869565217,249.0909090909091,249.9107142857143,251.3541666666667,253.8425925925926,250.4047619047619,247.359375
241.8085106382979,246.1630434782608,249.4659090909091,249.4565217391304,249.1818181818181,249.9821428571429,251.4375,253.9166666666666,250.4523809523809,247.421875
241.9148936170213,246.25,249.6022727272727,249.5869565217392,249.2727272727273,250.0535714285714,251.5208333333334,253.9907407407407,250.5,247.484375
242.0212765957447,246.3369565217391,249.7386363636364,249.7173913043478,249.3636363636363,250.1250000000001,251.6041666666667,254.0648148148148,250.547619047619,247.546875
242.1276595744681,246.4239130434782,249.875,249.75,249.4545454545454,250.1964285714286,251.6875,254.1388888888889,250.5952380952381,247.609375
242.2340425531915,246.5108695652174,250.0113636363636,249.75,249.5454545454545,250.2678571428572,251.7361111111111,254.2129629629629,250.6428571428571,247.671875
242.3404255319149,246.5978260869565,250.1477272727273,249.75,249.6363636363636,250.3392857142858,251.6805555555556,254.2954545454545,250.6904761904762,247.734375
242.4468085106383,246.6847826086956,250.28125,249.75,249.7272727272727,250.4107142857143,251.625,254.3863636363636,250.7380952380952,247.5833333333333
242.5531914893617,246.7608695652173,250.40625,249.75,249.775,250.4821428571429,251.5694444444445,254.4772727272727,250.7857142857143,247.3611111111111
242.6595744680851,246.8043478260869,250.53125,249.75,249.8083333333333,250.5535714285715,251.5138888888889,254.5681818181818,250.8333333333333,247.1388888888889
242.7659574468085,246.8478260869565,250.65625,249.75,249.8416666666666,250.625,251.4583333333334,254.6590909090908,250.8809523809524,246.9166666666667
242.8723404255319,246.8913043478261,250.78125,249.7738095238095,249.875,250.6964285714286,251.4027777777778,254.7499999999999,250.9285714285714,246.7741935483871
242.9787234042553,246.9347826086956,250.90625,249.8690476190476,249.9083333333333,250.7777777777778,251.3472222222223,254.8409090909091,250.9761904761905,246.8709677419355
243.0851063829787,246.9782608695652,251.03125,249.9642857142857,249.9416666666666,250.8888888888889,251.2916666666667,254.9318181818181,251.0238095238095,246.9677419354839
243.1914893617021,247.0217391304348,251.15625,250.0595238095239,249.975,251,251.2777777777778,255.0227272727272,251.0714285714286,247.0645161290323
243.2978723404255,247.0652173913043,251.25,250.1547619047619,250.0083333333333,251.1111111111111,251.3888888888889,255.1136363636363,251.1190476190476,247.1612903225806
243.4042553191489,247.1086956521739,251.25,250.25,250.0416666666666,251.2222222222223,251.5000000000001,255.2045454545454,251.1666666666667,247.258064516129
243.5106382978723,247.1521739130434,251.25,250.3452380952381,250.075,251.3333333333334,251.6111111111111,255.2142857142857,251.2142857142857,247.3548387096774
243.6170212765958,247.195652173913,251.25,250.4404761904762,250.1083333333333,251.4444444444445,251.7222222222223,255.1428571428571,251.2708333333333,247.4516129032258
243.7234042553191,247.2391304347826,251.25,250.5357142857143,250.1416666666667,251.5555555555556,251.8333333333334,255.0714285714285,251.3541666666667,247.5483870967742
243.8055555555555,247.2767857142857,251.25,250.6309523809524,250.175,251.6666666666667,251.9444444444445,254.9999999999999,251.4375,247.6451612903226
243.8796296296296,247.3125,251.25,250.7261904761905,250.2083333333333,251.7569444444445,252.0555555555556,254.9285714285714,251.5208333333334,247.741935483871
243.9537037037037,247.3482142857142,251.25,250.7928571428571,250.2416666666666,251.7847222222223,252.1666666666667,254.8571428571428,251.6041666666667,247.8387096774194
244.0277777777778,247.3839285714286,251.25,250.85,250.3076923076923,251.8125000000001,252.2685185185186,254.7857142857142,251.6875,247.9354838709677
244.1018518518518,247.4196428571428,251.2875,250.9071428571429,250.3846153846154,251.8402777777778,252.3425925925926,254.7916666666666,251.7708333333333,248.0322580645161
244.1759259259259,247.4553571428571,251.3375,250.9642857142857,250.4615384615384,251.8680555555556,252.4166666666667,254.8749999999999,251.8541666666667,248.1290322580645
244.25,247.4910714285714,251.3875,251.0214285714286,250.5384615384615,251.8958333333334,252.4907407407408,254.9583333333333,251.9375,248.2258064516129
244.3240740740741,247.5267857142857,251.4375,251.0785714285714,250.6153846153846,251.9236111111111,252.5648148148148,255.0416666666666,252.0208333333333,248.2720588235294
244.3981481481482,247.5625,251.4875,251.1357142857142,250.6923076923077,251.9513888888889,252.6388888888889,255.1249999999999,252.1041666666667,248.3014705882353
244.4722222222222,247.5982142857142,251.5375,251.1928571428571,250.7692307692307,251.9791666666667,252.712962962963,255.2083333333333,252.1875,248.3308823529412
244.5462962962963,247.6339285714286,251.5875,251.25,250.8461538461538,252.0069444444445,252.7870370370371,255.2916666666666,252.2708333333334,248.3602941176471
244.6203703703704,247.6696428571428,251.6375,251.3071428571428,250.9230769230769,252.0347222222222,252.8611111111111,255.3749999999999,252.3541666666667,248.3897058823529
244.6944444444445,247.7053571428571,251.6875,251.3642857142857,251,252.0625,252.9351851851852,255.4583333333333,252.4375,248.4191176470588
244.7575757575758,247.7410714285714,251.7375,251.4214285714286,251.076923076923,252.0902777777778,253.0092592592593,255.5416666666666,252.5208333333334,248.4485294117647
244.7878787878788,247.8152173913043,251.7840909090909,251.4785714285714,251.1538461538461,252.1180555555556,253.0833333333334,255.6249999999999,252.6041666666667,248.4779411764706
244.8181818181818,247.9021739130435,251.8295454545454,251.5357142857143,251.2307692307692,252.1458333333334,253.1574074074074,255.7083333333333,252.6875,248.5073529411765
244.8484848484848,247.9891304347826,251.875,251.5928571428571,251.2916666666666,252.1736111111111,253.2314814814815,255.7499999999999,252.7727272727273,248.5367647058823
244.8787878787879,248.0760869565217,251.9204545454546,251.65,251.3472222222222,252.2013888888889,253.3076923076923,255.7499999999999,252.8636363636364,248.5661764705882
244.9090909090909,248.1630434782608,251.9659090909091,251.7071428571429,251.4027777777778,252.2291666666667,253.3846153846154,255.7499999999999,252.9545454545455,248.5955882352941
244.9393939393939,248.25,252.0113636363637,251.7619047619048,251.4583333333333,252.258064516129,253.4615384615385,255.7499999999999,253.0454545454546,248.625
244.9696969696969,248.3369565217391,252.0568181818182,251.8095238095238,251.5138888888889,252.2903225806452,253.5384615384615,255.7499999999999,253.1363636363637,248.6544117647059
245,248.4239130434783,252.1022727272727,251.8571428571429,251.5694444444444,252.3225806451613,253.6153846153846,255.7499999999999,253.2272727272727,248.6838235294118
245.030303030303,248.5108695652174,252.1477272727273,251.9047619047619,251.6249999999999,252.3548387096774,253.6923076923077,255.7499999999999,253.3181818181819,248.7132352941177
245.0606060606061,248.5978260869565,252.1931818181818,251.952380952381,251.6805555555555,252.3870967741936,253.7272727272727,255.7499999999999,253.4090909090909,248.7426470588235
245.0909090909091,248.6847826086956,252.2386363636363,252,251.7361111111111,252.4193548387097,253.6363636363637,255.7499999999999,253.5,248.8269230769231
245.1212121212121,248.7430555555555,252.2840909090909,252.047619047619,251.7916666666666,252.4516129032258,253.5454545454546,255.7499999999999,253.5909090909091,248.9294871794872
245.1515151515152,248.7152777777777,252.3295454545455,252.0952380952381,251.8472222222222,252.483870967742,253.4545454545455,255.7499999999999,253.6818181818182,249.0320512820513
245.1818181818182,248.6875,252.375,252.1428571428571,251.9027777777777,252.5161290322581,253.3636363636364,255.7499999999999,253.75,249.1346153846154
245.2121212121212,248.6597222222222,252.4204545454545,252.1904761904762,251.9583333333333,252.5483870967742,253.2727272727273,255.7499999999999,253.75,249.2371794871795
245.2424242424242,248.6319444444444,252.4659090909091,252.2380952380952,252.0138888888889,252.5806451612904,253.2708333333333,255.7499999999999,253.75,249.3397435897436
245.1923076923077,248.6041666666666,252.5113636363636,252.3333333333333,252.0694444444444,252.6129032258065,253.2986111111111,255.7499999999999,253.75,249.4423076923077
245.1153846153846,248.5763888888889,252.5568181818182,252.4444444444445,252.125,252.6451612903226,253.3263888888889,255.7499999999999,253.75,249.5448717948718
245.0384615384615,248.5486111111111,252.6022727272727,252.5555555555555,252.1805555555555,252.6774193548387,253.3541666666667,255.7499999999999,253.75,249.6474358974359
244.9615384615385,248.5208333333333,252.6477272727273,252.6666666666667,252.2361111111111,252.7096774193549,253.3819444444445,255.7499999999999,253.75,249.75
244.8846153846154,248.4930555555555,252.6931818181818,252.7777777777778,252.296875,252.741935483871,253.4097222222222,255.7499999999999,253.75,249.8525641025641
244.8076923076923,248.4652777777778,252.7386363636363,252.8888888888889,252.359375,252.75,253.4375,255.7499999999999,253.75,249.9551282051282
244.7307692307692,248.4375,252.7928571428571,253,252.421875,252.75,253.4652777777778,255.7499999999999,253.75,250.0576923076923
244.6538461538462,248.4097222222222,252.85,253.1111111111111,252.484375,252.75,253.4930555555556,255.7499999999999,253.8275862068966,250.1602564102564
244.5769230769231,248.3819444444444,252.9071428571428,253.2222222222222,252.5468749999999,252.75,253.5208333333334,255.7499999999999,253.9310344827587,250.2628205128205
244.5,248.3541666666666,252.9642857142857,253.3333333333333,252.6093749999999,252.75,253.5486111111111,255.7499999999999,254.0344827586207,250.3653846153846
244.4230769230769,248.3263888888889,253.0214285714286,253.4444444444445,252.6718749999999,252.75,253.5763888888889,255.7499999999999,254.1379310344828,250.4679487179487
244.3461538461538,248.2986111111111,253.0785714285715,253.5555555555555,252.7343749999999,252.75,253.6041666666667,255.7499999999999,254.2413793103449,250.5705128205128
244.2692307692308,248.2708333333333,253.1357142857143,253.6666666666667,252.7968749999999,252.75,253.6319444444445,255.7499999999999,254.3448275862069,250.6730769230769
244.2894736842105,248.25,253.1928571428572,253.741935483871,252.8593749999999,252.75,253.6597222222223,255.7499999999999,254.448275862069,250.7555555555555
244.3421052631579,248.25,253.25,253.7096774193548,252.9218749999999,252.75,253.6875,255.7499999999999,254.5517241379311,250.7777777777778
244.3947368421053,248.25,253.3071428571428,253.6774193548387,252.9843749999999,252.75,253.7152777777778,255.7499999999999,254.6551724137931,250.8
244.4473684210527,248.25,253.3642857142857,253.6451612903226,253.046875,252.75,253.7430555555556,255.7499999999999,254.7586206896552,250.8222222222222
244.5,248.25,253.4214285714286,253.6129032258065,253.109375,252.75,253.7297297297298,255.7499999999999,254.8620689655173,250.8444444444444
244.5526315789474,248.25,253.4785714285715,253.5806451612903,253.171875,252.75,253.7027027027027,255.7499999999999,254.9655172413794,250.8666666666667
244.6052631578947,248.25,253.5357142857143,253.5483870967742,253.234375,252.75,253.6756756756757,255.7499999999999,255.0689655172414,250.8888888888889
244.6578947368421,248.25,253.5928571428572,253.516129032258,253.2325581395349,252.75,253.6486486486486,255.7499999999999,255.1724137931035,250.9111111111111
244.7105263157895,248.25,253.65,253.483870967742,253.2093023255813,252.75,253.6216216216216,255.7499999999999,255.25,250.9333333333333
244.7638888888889,248.25,253.7071428571429,253.4516129032258,253.1860465116279,252.75,253.5945945945946,255.7499999999999,255.25,250.9555555555556
244.8194444444445,248.25,253.75,253.4193548387097,253.1627906976744,252.75,253.5675675675676,255.7499999999999,255.25,250.9777777777778
244.875,248.25,253.75,253.3870967741935,253.1395348837209,252.75,253.5405405405406,255.7499999999999,255.25,251
244.9305555555555,248.25,253.75,253.3548387096774,253.1162790697674,252.75,253.5135135135135,255.7499999999999,255.25,251.0222222222222
244.9861111111111,248.25,253.75,253.3225806451613,253.0930232558139,252.75,253.4864864864865,255.7499999999999,255.25,251.0444444444444
245.0416666666667,248.25,253.75,253.2903225806452,253.0697674418604,252.75,253.4594594594595,255.7499999999999,255.25,251.0666666666667
245.0972222222222,248.2391304347826,253.75,253.258064516129,253.0465116279069,252.75,253.4324324324324,255.7499999999999,255.25,251.0888888888889
245.1527777777778,248.195652173913,253.7386363636364,253.2758620689655,253.0232558139535,252.75,253.4054054054054,255.7499999999999,255.25,251.1111111111111
245.2083333333333,248.1521739130434,253.6931818181818,253.3103448275862,253,252.75,253.3783783783784,255.7499999999999,255.25,251.1333333333334
245.2638888888889,248.1086956521739,253.6477272727273,253.3448275862069,252.9767441860465,252.7450980392157,253.3513513513514,255.7499999999999,255.25,251.1555555555555
245.3194444444445,248.0652173913043,253.6022727272727,253.3793103448276,252.953488372093,252.7254901960785,253.3243243243244,255.7499999999999,255.25,251.1777777777778
245.375,248.0217391304348,253.5568181818182,253.4137931034483,252.9302325581395,252.7058823529412,253.2972972972973,255.7499999999999,255.25,251.2
245.4305555555555,247.9782608695652,253.5113636363636,253.448275862069,252.906976744186,252.686274509804,253.2702702702703,255.7499999999999,255.25,251.2222222222222
245.4861111111111,247.9347826086956,253.4659090909091,253.4827586206897,252.8837209302325,252.6666666666667,253.2592592592593,255.7499999999999,255.25,251.2444444444444
245.5416666666667,247.8913043478261,253.4204545454546,253.5172413793103,252.860465116279,252.6470588235294,253.2962962962963,255.7857142857142,255.2412280701755,251.2159090909091
245.5972222222222,247.8478260869565,253.375,253.551724137931,252.8372093023256,252.6274509803922,253.3333333333334,255.8214285714286,255.2061403508772,251.1704545454546
245.6527777777778,247.8043478260869,253.3295454545454,253.5862068965517,252.8139534883721,252.6078431372549,253.3703703703704,255.8571428571428,255.171052631579,251.125
245.7083333333333,247.7608695652174,253.2840909090909,253.6206896551724,252.7906976744186,252.5882352941177,253.4074074074074,255.8928571428571,255.1359649122807,251.0795454545454
245.7565789473684,247.7857142857143,253.2583333333333,253.6551724137931,252.7674418604651,252.5686274509804,253.4444444444445,255.9285714285713,255.1008771929825,251.0340909090909
245.7828947368421,247.8333333333333,253.2916666666667,253.6896551724138,252.7586206896551,252.5490196078431,253.4814814814815,255.9642857142857,255.0657894736842,250.9886363636363
245.8092105263158,247.8809523809524,253.325,253.7241379310345,252.7931034482758,252.5294117647059,253.5185185185185,255.9999999999999,255.030701754386,250.9431818181818
245.8355263157895,247.9285714285714,253.3583333333333,253.741935483871,252.8275862068965,252.5098039215686,253.5555555555556,256.0357142857142,254.9956140350877,250.8977272727273
245.8618421052632,247.9761904761905,253.3916666666667,253.7096774193548,252.8620689655172,252.4901960784314,253.5925925925926,256.0714285714285,254.9605263157895,250.8522727272727
245.8881578947368,248.0238095238095,253.425,253.6774193548387,252.8965517241379,252.4705882352941,253.6296296296296,256.1071428571428,254.9254385964912,250.8068181818182
245.9144736842105,248.0714285714285,253.4583333333333,253.6451612903226,252.9310344827586,252.4509803921569,253.6666666666667,256.1428571428571,254.890350877193,250.7613636363637
245.9407894736842,248.1190476190476,253.4916666666667,253.6129032258065,252.9655172413793,252.4313725490196,253.7037037037038,256.1785714285714,254.8552631578947,250.7159090909091
245.9671052631579,248.1666666666666,253.525,253.5806451612903,253,252.4117647058824,253.7407407407408,256.2142857142857,254.8201754385966,250.6704545454546
245.9934210526316,248.2142857142857,253.5583333333333,253.5483870967742,253.0344827586207,252.3921568627451,253.75,256.2499999999999,254.7850877192983,250.625
246.0197368421053,248.2767857142857,253.5916666666667,253.516129032258,253.0689655172413,252.3725490196079,253.75,256.2142857142857,254.75,250.5795454545454
246.046052631579,248.3839285714285,253.625,253.483870967742,253.103448275862,252.3529411764706,253.75,256.1785714285714,254.7149122807018,250.5340909090909
246.0723684210526,248.4910714285714,253.6583333333333,253.4516129032258,253.1379310344827,252.3333333333334,253.75,256.1428571428571,254.6798245614036,250.4886363636364
246.0986842105263,248.5982142857142,253.6916666666667,253.4193548387097,253.1724137931034,252.3137254901961,253.75,256.1071428571428,254.6447368421053,250.4431818181818
246.125,248.7053571428571,253.725,253.3870967741935,253.2068965517241,252.2941176470589,253.75,256.0714285714285,254.6096491228071,250.3977272727273
246.1513157894737,248.8124999999999,253.734375,253.3548387096774,253.2413793103448,252.2745098039216,253.75,256.0357142857142,254.5745614035088,250.3522727272727
246.1776315789474,248.9196428571428,253.671875,253.3225806451613,253.1666666666666,252.2549019607843,253.75,255.9999999999999,254.5394736842105,250.3068181818182
246.2039473684211,249.0267857142857,253.609375,253.2903225806452,253.0555555555555,252.25,253.75,255.9642857142857,254.5043859649123,250.2613636363636
246.2302631578947,249.1339285714286,253.546875,253.258064516129,252.9444444444444,252.25,253.75,255.9285714285714,254.4692982456141,250.2159090909091
246.2569444444445,249.2410714285714,253.484375,253.2302631578947,252.8333333333333,252.25,253.75,255.8928571428571,254.4342105263158,250.1704545454546
246.2847222222222,249.3482142857142,253.421875,253.2039473684211,252.7222222222222,252.25,253.75,255.8571428571428,254.3991228070176,250.125
246.3125,249.4553571428571,253.359375,253.1776315789474,252.6111111111111,252.25,253.75,255.8214285714285,254.3640350877193,250.0795454545454
246.3402777777778,249.5625,253.296875,253.1513157894737,252.5,252.25,253.75,255.7857142857142,254.3289473684211,250.0340909090909
246.3680555555555,249.6696428571428,253.25,253.125,252.3888888888889,252.25,253.75,255.7499999999999,254.2938596491228,249.9886363636364
246.3958333333333,249.7403846153846,253.25,253.0986842105263,252.2777777777777,252.25,253.6818181818182,255.55,254.2587719298246,249.9431818181818
246.4236111111111,249.7019230769231,253.25,253.0723684210526,252.1666666666666,252.25,253.4090909090909,255.35,254.2272727272727,249.8977272727273
246.4513888888889,249.6634615384615,253.25,253.0460526315789,252.0555555555555,252.25,253.1363636363637,255.1499999999999,254.1969696969697,249.8522727272727
246.4791666666667,249.625,253.25,253.0197368421053,251.9444444444444,252.25,252.8636363636364,254.9499999999999,254.1666666666667,249.8068181818182
246.5069444444445,249.5865384615385,253.25,252.9934210526316,251.8333333333333,252.25,252.5909090909091,254.7499999999999,254.1363636363637,249.7613636363637
246.5347222222222,249.5480769230769,253.25,252.9671052631579,251.74,252.25,252.3181818181818,254.55,254.1060606060607,249.72
246.5625,249.5096153846154,253.25,252.9407894736842,251.7,252.25,252.1666666666667,254.3499999999999,254.0757575757576,249.68
246.5902777777778,249.4711538461538,253.25,252.9144736842105,251.66,252.25,252.0555555555556,254.3124999999999,254.0454545454546,249.64
246.6180555555555,249.4326923076923,253.25,252.8881578947368,251.62,252.25,251.9444444444445,254.4374999999999,254.0151515151516,249.6
246.6458333333333,249.3942307692307,253.25,252.8618421052632,251.58,252.25,251.8333333333333,254.5624999999999,253.9848484848485,249.56
246.6736111111111,249.3557692307692,253.25,252.8355263157895,251.54,252.25,251.7916666666667,254.6874999999999,253.9545454545455,249.52
246.7013888888889,249.3173076923077,253.25,252.8092105263158,251.5,252.25,251.9583333333333,254.8124999999999,253.9242424242425,249.48
246.7291666666667,249.2788461538461,253.25,252.7828947368421,251.46,252.25,252.1250000000001,254.9374999999999,253.8939393939394,249.44
246.7441860465116,249.2380952380952,253.25,252.7565789473684,251.42,252.25,252.2916666666667,255.0624999999999,253.8636363636364,249.4
246.7209302325581,249.1904761904762,253.25,252.735,251.38,252.25,252.4583333333334,255.1874999999999,253.8333333333334,249.36
246.6976744186047,249.1428571428571,253.25,252.715,251.34,252.25,252.625,255.2249999999999,253.8030303030303,249.32
246.6744186046512,249.0952380952381,253.25,252.695,251.3,252.25,252.7619047619048,255.175,253.7727272727273,249.28
246.6511627906977,249.047619047619,253.25,252.675,251.26,252.2,252.8095238095238,255.1249999999999,253.7261904761905,249.24
246.6279069767442,249,253.25,252.655,251.25,252.1333333333334,252.8571428571429,255.0749999999999,253.6309523809524,249.2
246.6046511627907,248.9523809523809,253.25,252.635,251.25,252.0666666666667,252.9047619047619,255.025,253.5357142857143,249.16
246.5813953488372,248.9047619047619,253.2094594594595,252.615,251.25,252,252.952380952381,254.975,253.4404761904762,249.12
246.5581395348837,248.8571428571428,253.1554054054054,252.595,251.25,251.9333333333334,253,254.925,253.3452380952381,249.08
246.5348837209302,248.8095238095238,253.1013513513513,252.575,251.25,251.8666666666667,253.0476190476191,254.8749999999999,253.25,249.04
246.5116279069767,248.7619047619047,253.0472972972973,252.555,251.25,251.8,253.0952380952381,254.8249999999999,253.1547619047619,249
246.4883720930233,248.7788461538461,252.9932432432432,252.535,251.25,251.7386363636364,253.1428571428572,254.7749999999999,253.0595238095239,248.96
246.4651162790698,248.8173076923077,252.9391891891892,252.515,251.25,251.6931818181819,253.1904761904762,254.7261904761904,252.9642857142857,248.92
246.4418604651163,248.8557692307692,252.8851351351351,252.495,251.25,251.6477272727273,253.2380952380953,254.6785714285714,252.8690476190476,248.88
246.4186046511628,248.8942307692307,252.8310810810811,252.475,251.25,251.6022727272727,253.1666666666667,254.6309523809523,252.7738095238096,248.84
246.3953488372093,248.9326923076923,252.777027027027,252.455,251.25,251.5568181818182,253.0555555555556,254.5833333333333,252.6666666666667,248.8
246.3720930232558,248.9711538461538,252.722972972973,252.435,251.25,251.5113636363637,252.9444444444445,254.5357142857142,252.5555555555556,248.76
246.3488372093023,249.0096153846154,252.6689189189189,252.415,251.25,251.4659090909091,252.8333333333334,254.4880952380952,252.4444444444445,248.6513157894737
246.3255813953488,249.0480769230769,252.6148648648649,252.395,251.25,251.4204545454546,252.7222222222222,254.4404761904761,252.3333333333334,248.5197368421053
246.3023255813953,249.0865384615384,252.5608108108108,252.375,251.25,251.375,252.6111111111111,254.3928571428571,252.2222222222222,248.3881578947368
246.2790697674419,249.125,252.5067567567568,252.355,251.25,251.3295454545455,252.5,254.345238095238,252.1111111111111,248.2565789473684
246.2558139534884,249.1634615384615,252.4527027027027,252.335,251.25,251.2840909090909,252.3888888888889,254.297619047619,252,248.125
246.203125,249.201923076923,252.3986486486486,252.315,251.25,251.2439024390244,252.2777777777778,254.2499999999999,251.8888888888889,247.9934210526316
246.140625,249.2403846153846,252.3445945945946,252.295,251.25,251.219512195122,252.1666666666667,254.1465517241379,251.7777777777778,247.8618421052632
246.078125,249.25,252.2905405405405,252.275,251.25,251.1951219512195,252.0555555555556,254.0431034482758,251.6666666666667,247.7302631578947
246.015625,249.25,252.25625,252.255,251.25,251.1707317073171,251.9444444444445,253.9396551724138,251.5555555555556,247.5986842105263
245.953125,249.25,252.28125,252.25,251.25,251.1463414634147,251.8333333333334,253.8362068965517,251.4444444444445,247.4671052631579
245.890625,249.25,252.30625,252.25,251.25,251.1219512195122,251.7375,253.7327586206896,251.3333333333334,247.3355263157895
245.828125,249.25,252.33125,252.25,251.25,251.0975609756098,251.6875,253.6293103448276,251.2222222222222,247.203947368421
245.765625,249.25,252.35625,252.25,251.25,251.0731707317074,251.6375,253.5258620689654,251.1111111111111,247.0723684210526
245.7714285714286,249.25,252.38125,252.25,251.25,251.0487804878049,251.5875,253.4224137931034,251,246.9407894736842
245.8,249.25,252.40625,252.25,251.25,251.0243902439025,251.5375,253.3189655172413,250.8888888888889,246.8092105263158
245.8285714285714,249.25,252.43125,252.25,251.25,251,251.4875,253.2155172413792,250.7777777777778,246.6776315789474
245.8571428571429,249.25,252.45625,252.25,251.2016129032258,250.9756097560976,251.4375000000001,253.1120689655172,250.6666666666667,246.546052631579
245.8857142857143,249.25,252.48125,252.25,251.1370967741935,250.9512195121952,251.3875,253.0086206896551,250.5555555555556,246.4144736842105
245.9142857142857,249.25,252.50625,252.25,251.0725806451613,250.9268292682927,251.3375,252.9051724137931,250.4444444444445,246.2828947368421
245.9428571428572,249.25,252.53125,252.25,251.008064516129,250.9024390243903,251.2875,252.801724137931,250.3333333333333,246.25
245.9714285714286,249.2171052631579,252.55625,252.25,250.9435483870968,250.8780487804878,251.2403846153846,252.7272727272727,250.2211538461538,246.25
246,249.0855263157895,252.58125,252.25,250.8790322580645,250.8536585365854,251.2019230769231,252.6818181818181,250.1057692307692,246.25
246.0285714285714,248.953947368421,252.60625,252.25,250.8145161290322,250.829268292683,251.1634615384615,252.6363636363636,249.9903846153846,246.25
246.0571428571428,248.8223684210527,252.63125,252.25,250.75,250.8048780487805,251.125,252.5909090909091,249.875,246.25
246.0857142857143,248.6907894736842,252.65625,252.25,250.6854838709677,250.7804878048781,251.0865384615385,252.5454545454544,249.7596153846154,246.25
246.1142857142857,248.5592105263158,252.68125,252.25,250.6209677419355,250.7560975609756,251.048076923077,252.4999999999999,249.6442307692308,246.25
246.1428571428572,248.4276315789474,252.70625,252.25,250.5564516129032,250.6951219512195,251.0096153846154,252.4545454545454,249.5288461538461,246.25
246.1714285714285,248.296052631579,252.73125,252.25,250.4919354838709,250.6219512195122,250.9711538461539,252.4090909090909,249.4134615384615,246.25
246.2,248.1644736842105,252.7583333333333,252.25,250.4274193548387,250.5487804878049,250.9326923076923,252.3636363636363,249.2980769230769,246.25
246.2285714285714,248.0328947368421,252.7916666666667,252.25,250.3629032258064,250.4756097560976,250.8942307692308,252.3181818181818,249.1826923076923,246
246.2421875,247.9366197183099,252.825,252.1907894736842,250.2983870967742,250.4024390243903,250.8557692307693,252.2727272727272,249.0673076923077,245.6666666666667
246.2109375,247.8521126760564,252.8583333333333,252.1118421052632,250.2307692307692,250.329268292683,250.8173076923077,252.1630434782608,248.9519230769231,245.3333333333334
246.1796875,247.7676056338029,252.8916666666667,252.0328947368421,250.1538461538461,250.2560975609756,250.7788461538462,251.9891304347826,248.8365384615385,245
246.1484375,247.6830985915493,252.925,251.953947368421,250.076923076923,250.1829268292683,250.6875,251.8152173913043,248.7282608695652,244.6666666666667
246.1171875,247.5985915492958,252.9583333333333,251.875,250,250.109756097561,250.4375,251.641304347826,248.6413043478261,244.3333333333334
246.0859375,247.5140845070423,252.9916666666666,251.796052631579,249.9230769230769,250.0365853658537,250.1875000000001,251.4673913043478,248.554347826087,244.0000000000001
246.0546875,247.4295774647887,253.025,251.7171052631579,249.8461538461538,249.9634146341464,249.9375000000001,251.2934782608695,248.4673913043478,243.734375
246.0234375,247.3450704225352,253.0583333333333,251.6381578947368,249.7692307692307,249.8902439024391,249.6875000000001,251.1195652173913,248.3804347826087,243.671875
245.9921875,247.2605633802817,253.0916666666667,251.5592105263158,249.6923076923077,249.8170731707317,249.4375,250.945652173913,248.2934782608696,243.609375
245.9609375,247.1760563380282,253.125,251.4802631578947,249.6153846153846,249.7439024390244,249.21875,250.7717391304348,248.2065217391304,243.546875
245.9296875,247.0915492957747,253.1583333333333,251.4013157894737,249.5384615384615,249.6707317073171,249.0937500000001,250.5978260869564,248.1195652173913,243.484375
245.8984375,247.0339992668622,253.1916666666667,251.3223684210527,249.4615384615384,249.5975609756098,248.9687500000001,250.4239130434782,248.0326086956522,243.421875
245.8671875,247.0805535190616,253.225,251.2434210526316,249.3846153846154,249.5243902439025,248.84375,250.2499999999999,247.945652173913,243.359375
245.8359375,247.127107771261,253.2177419354839,251.1644736842105,249.3076923076923,249.4512195121952,248.7368421052632,250.1,247.8586956521739,243.296875
245.8046875,247.1736620234604,253.0887096774193,251.0855263157895,249.2222222222222,249.3780487804878,248.6842105263158,249.95,247.7717391304348,243.2
245.7734375,247.2202162756598,252.9596774193548,251.0065789473684,249.1111111111111,249.3048780487805,248.6315789473685,249.8,247.6634615384615,243
245.73,247.2667705278593,252.8306451612903,250.9276315789474,249,249.2395833333334,248.5789473684211,249.6499999999999,247.5480769230769,242.8
245.65,247.3133247800587,252.7016129032258,250.8486842105263,248.8888888888889,249.1979166666667,248.5263157894737,249.4999999999999,247.4326923076923,242.6
245.57,247.3598790322581,252.5725806451613,250.7697368421053,248.7777777777777,249.15625,248.4736842105264,249.35,247.3173076923077,242.4
245.49,247.4064332844575,252.4435483870968,250.75,248.6666666666666,249.1145833333334,248.421052631579,249.1999999999999,247.201923076923,242.2
245.41,247.4529875366569,252.3145161290323,250.75,248.5555555555555,249.0729166666667,248.3684210526316,249.05,247.0865384615385,242
245.33,247.4995417888563,252.1854838709677,250.75,248.4444444444444,249.03125,248.3157894736842,248.8999999999999,246.9711538461538,241.8
245.25,247.5460960410558,252.0564516129032,250.75,248.3333333333333,248.9895833333334,248.2631578947368,248.7499999999999,246.8557692307692,241.6
245.17,247.5926502932551,251.9274193548387,250.75,248.2727272727273,248.9479166666667,248.1750000000001,248.6730769230768,246.7403846153846,241.4
245.09,247.6392045454546,251.7983870967742,250.75,248.3636363636363,248.9062500000001,248.075,248.5961538461538,246.625,241.2
245.01,247.685758797654,251.6693548387097,250.75,248.4545454545454,248.8645833333334,247.975,248.5192307692307,246.5096153846154,241
244.93,247.7323130498534,251.5403225806452,250.75,248.5454545454545,248.8229166666667,247.8750000000001,248.4423076923076,246.3942307692308,240.8
244.85,247.7788673020528,251.4112903225806,250.75,248.6363636363636,248.7812500000001,247.775,248.3653846153846,246.2788461538462,240.6
244.77,247.8254215542522,251.2822580645161,250.75,248.7272727272727,248.7395833333334,247.675,248.2884615384615,246.1,240.4
244.7151162790698,247.8719758064516,251.22,250.75,248.5249999999999,248.6979166666667,247.575,248.2099999999999,245.9,240.2
244.6686046511628,247.918530058651,251.18,250.75,248.225,248.6562500000001,247.475,248.1299999999999,245.7,240
244.6220930232558,247.9650843108505,251.14,250.75,247.925,248.6145833333334,247.375,248.05,245.5,239.8
244.5755813953488,247.9807692307693,251.1,250.75,247.6249999999999,248.5729166666667,247.275,247.9699999999999,245.3,239.6
244.5290697674419,247.9038461538462,251.06,250.7321428571429,247.3249999999999,248.5312500000001,247.1071428571429,247.8899999999999,245.1,239.4
244.4825581395349,247.8269230769231,251.02,250.6607142857143,247.2874999999999,248.4895833333333,246.9166666666667,247.8099999999999,244.9,239.2023809523809
244.4360465116279,247.75,250.98,250.5892857142857,247.3374999999999,248.4479166666667,246.7261904761905,247.7299999999999,244.7045454545455,239.0119047619048
244.3895348837209,247.673076923077,250.94,250.5178571428571,247.3875,248.40625,246.5357142857143,247.6499999999999,244.5227272727273,238.8214285714286
244.3430232558139,247.5961538461539,250.9,250.4464285714286,247.4374999999999,248.3645833333334,246.3452380952381,247.5699999999999,244.3409090909091,238.6309523809524
244.296511627907,247.5192307692308,250.86,250.375,247.4875,248.3229166666667,246.1547619047619,247.49,244.1590909090909,238.4404761904762
244.25,247.5882352941177,250.82,250.3035714285714,247.5374999999999,248.28125,245.9642857142857,247.4099999999999,243.9772727272727,238.25
244.203488372093,247.7058823529412,250.78,250.2321428571429,247.5874999999999,248.2162162162163,245.7738095238095,247.33,243.7954545454546,238.0595238095238
244.1569767441861,247.8235294117648,250.7236842105263,250.1607142857143,247.6374999999999,248.0810810810811,245.5833333333334,247.2499999999999,243.6136363636364,237.8690476190476
244.110465116279,247.9411764705883,250.6184210526316,250.0892857142857,247.6874999999999,247.945945945946,245.3928571428572,247.0681818181818,243.4318181818182,237.6785714285714
244.0639534883721,248.0588235294118,250.5131578947368,250.0178571428571,247.7375,247.8108108108108,245.2361111111111,246.8863636363636,243.25,237.4880952380952
244.0174418604651,248.1764705882353,250.4078947368421,249.9464285714286,247.675,247.6756756756757,245.1805555555556,246.7045454545454,243.0681818181818,237.297619047619
243.9709302325581,248.2941176470588,250.3026315789474,249.875,247.5749999999999,247.5405405405406,245.125,246.5227272727272,242.8863636363636,237.109375
243.9244186046512,248.4117647058824,250.1973684210527,249.8035714285714,247.4749999999999,247.4054054054054,245.0694444444445,246.340909090909,242.7142857142857,236.921875
243.8779069767442,248.45,250.0921052631579,249.7321428571429,247.3749999999999,247.2702702702703,245.0138888888889,246.1249999999999,242.5714285714286,236.7343749999999
243.8313953488372,248.2500000000001,249.9868421052632,249.6607142857143,247.2749999999999,247.1351351351352,244.9583333333334,245.8749999999999,242.4285714285714,236.546875
243.7848837209302,248.05,249.8815789473684,249.5892857142857,247.175,247,244.9027777777778,245.6249999999999,242.2857142857143,236.3593749999999
243.6973684210526,247.85,249.7763157894737,249.5178571428571,247.0749999999999,246.8648648648649,244.8472222222223,245.3749999999999,242.1428571428572,236.1718749999999
243.4868421052632,247.65,249.75,249.4464285714286,246.9749999999999,246.7297297297297,244.7916666666667,245.1249999999999,242,235.984375
243.2763157894737,247.45,249.75,249.375,246.8749999999999,246.5945945945946,244.7272727272727,244.8749999999999,241.8571428571429,235.796875
243.0657894736842,247.25,249.75,249.3035714285714,246.7749999999999,246.4594594594595,244.6363636363637,244.6847826086956,241.7142857142857,235.5921052631579
242.8552631578947,247.05,249.75,249.21875,246.7,246.3243243243244,244.5454545454546,244.5543478260869,241.5714285714286,235.3815789473684
242.6447368421053,247.0681818181818,249.75,249.09375,246.6333333333333,246.1891891891892,244.4545454545455,244.4239130434782,241.4285714285714,235.1710526315789
242.4342105263158,247.1590909090909,249.75,248.96875,246.5666666666666,246.0540540540541,244.3636363636364,244.2934782608695,241.2857142857143,234.9605263157895
242.2236842105263,247.25,249.75,248.84375,246.4999999999999,245.918918918919,244.2727272727273,244.1630434782608,241.0454545454546,234.75
242.0131578947368,247.3409090909091,249.75,248.71875,246.4333333333333,245.7837837837838,244.2058823529412,244.0326086956521,240.7727272727273,234.5394736842105
241.8026315789474,247.4318181818182,249.75,248.59375,246.3666666666666,245.75,244.1470588235294,243.9021739130434,240.5,234.328947368421
241.6923076923077,247.5235849056604,249.75,248.46875,246.2999999999999,245.75,244.0882352941177,243.7717391304348,240.2272727272728,234.1184210526316
241.6153846153846,247.6179245283019,249.6785714285714,248.34375,246.1944444444444,245.75,244.0294117647059,243.641304347826,239.9545454545454,233.9078947368421
241.5384615384615,247.7122641509434,249.5833333333333,248.21875,245.9722222222222,245.75,243.9705882352941,243.5108695652173,239.6818181818182,233.7142857142857
241.4615384615385,247.8066037735849,249.4880952380952,248.09375,245.7499999999999,245.75,243.9117647058824,243.3804347826086,239.4090909090909,233.5714285714285
241.3846153846154,247.9009433962264,249.3928571428571,247.96875,245.5277777777777,245.75,243.8529411764706,243.2499999999999,239.1363636363637,233.4285714285714
241.3076923076923,247.995283018868,249.2976190476191,247.84375,245.3055555555555,245.75,243.7941176470589,243.05,238.8636363636364,233.2857142857142
241.2307692307692,248.0896226415094,249.202380952381,247.7333333333333,245.2499999999999,245.75,243.7352941176471,242.85,238.5909090909091,233.1428571428571
241.1538461538461,247.1590909090909,249.1071428571429,247.6666666666667,245.2499999999999,245.75,243.6764705882353,242.6499999999999,238.3181818181818,233
241.0769230769231,245.9932432432433,249.0119047619048,247.6,245.2499999999999,245.75,243.6176470588236,242.4499999999999,238.15625,232.8571428571428
241,245.9662162162163,248.9166666666667,247.5333333333333,245.2499999999999,245.75,243.5588235294118,242.2499999999999,238.03125,232.7142857142857
240.9230769230769,245.9391891891892,248.8214285714286,247.4666666666666,245.2499999999999,245.75,243.5,242.05,237.9062500000001,232.5714285714286
240.8461538461539,245.9121621621622,248.675,247.4,245.2499999999999,245.6923076923077,243.4411764705883,241.8499999999999,237.78125,232.4285714285714
240.7692307692308,245.8851351351351,248.375,247.3333333333333,245.2361111111111,245.6153846153846,243.3823529411765,241.6499999999999,237.6562500000001,232.2857142857143
240.703125,245.9444444444445,248.075,247.2666666666666,245.1805555555555,245.5384615384615,243.3235294117648,241.4499999999999,237.5312500000001,232.15625
240.640625,246.0555555555555,247.775,247.1,245.1249999999999,245.4615384615385,243.264705882353,241.2499999999999,237.40625,232.03125
240.578125,246.1666666666667,247.475,246.9,245.0694444444444,245.3846153846153,243.25,241.1730769230768,237.28125,231.9062499999999
240.515625,246.2777777777778,247.1666666666667,246.6999999999999,245.0138888888888,245.3076923076923,243.25,241.0961538461538,237.0357142857143,231.78125
240.453125,246.3448275862069,246.8333333333333,246.4999999999999,244.9583333333333,245.2307692307692,243.25,241.0192307692307,236.7500000000001,231.6562499999999
240.390625,246.1034482758621,246.5,246.3,244.9027777777777,245.1538461538461,243.25,240.9423076923076,236.4642857142857,231.5312499999999
240.328125,245.8620689655173,246.1666666666667,246.1,244.8472222222222,245.076923076923,243.25,240.8653846153846,236.1785714285714,231.40625
240.265625,245.6206896551724,245.8333333333333,245.8999999999999,244.7916666666666,244.9999999999999,243.25,240.7884615384615,235.8928571428572,231.28125
