161.8088235294117,164,168,168.8928571428572,170,169.875,168.8888888888889,163,159,150
162.0441176470588,164.1875,168.1363636363637,169,170.1428571428571,170,169,163.125,159.1521739130435,150.4444444444444
162.2794117647058,164.375,168.2727272727273,169.1071428571429,170.2857142857143,170.125,169.1111111111111,163.25,159.3043478260869,150.8888888888889
162.5147058823529,164.5625,168.4090909090909,169.2142857142857,170.4285714285714,170.25,169.2222222222222,163.375,159.4565217391305,151.3333333333333
162.7499999999999,164.75,168.5454545454545,169.3214285714286,170.5714285714286,170.375,169.3333333333333,163.5,159.6086956521739,151.7777777777778
162.985294117647,164.9375,168.6818181818182,169.4285714285714,170.7142857142857,170.5,169.4444444444444,163.625,159.7608695652174,152.2222222222222
163.2205882352941,165.125,168.8181818181818,169.5357142857143,170.8571428571429,170.625,169.5555555555556,163.75,159.9130434782608,152.6666666666667
163.4558823529411,165.3125,168.9545454545455,169.6428571428571,171,170.75,169.6666666666667,163.875,160.0652173913044,153.1111111111111
163.6911764705882,165.5,169.0909090909091,169.75,171.1428571428571,170.875,169.7777777777778,164,160.2173913043478,153.5555555555556
163.9264705882352,165.6875,169.2272727272727,169.8571428571429,171.2857142857143,171,169.8888888888889,164.125,160.3695652173913,154
164.1617647058823,165.875,169.3636363636363,169.9642857142857,171.4285714285714,171.125,170,164.25,160.5217391304348,154.1111111111111
164.3970588235294,166.0625,169.5,170.0714285714286,171.5714285714286,171.25,170.1111111111111,164.375,160.6739130434783,154.2222222222222
164.6323529411764,166.25,169.6363636363636,170.1785714285714,171.7142857142857,171.375,170.2222222222222,164.5,160.8260869565217,154.3333333333333
164.8676470588235,166.4375,169.7727272727273,170.2857142857143,171.8571428571429,171.5,170.3333333333333,164.625,160.9782608695652,154.4444444444445
165.1029411764706,166.625,169.9090909090909,170.3928571428571,172,171.625,170.4444444444445,164.75,161.1304347826087,154.5555555555555
165.3382352941176,166.8125,170.0454545454545,170.5,172.1428571428571,171.75,170.5555555555555,164.875,161.2826086956522,154.6666666666667
165.5735294117647,167,170.1818181818182,170.6071428571429,172.2857142857143,171.875,170.6666666666667,165,161.4347826086957,154.7777777777778
165.780303030303,167.1875,170.3181818181818,170.7142857142857,172.4285714285714,172,170.7777777777778,165.1724137931035,161.5869565217391,154.8888888888889
165.9015151515151,167.375,170.4545454545454,170.8214285714286,172.5714285714286,172.1011235955056,170.8888888888889,165.3448275862069,161.7391304347826,155
166.0227272727272,167.5625,170.5909090909091,170.9285714285714,172.7142857142857,172.2022471910112,171,165.5172413793103,161.8913043478261,155.3
166.1439393939393,167.75,170.7272727272727,171.0357142857143,172.8571428571429,172.3033707865169,171.1111111111111,165.6896551724138,162.0434782608696,155.6
166.2651515151514,167.9375,170.8636363636364,171.1428571428571,173,172.4044943820225,171.2222222222222,165.8620689655173,162.195652173913,155.9
166.3863636363636,168.125,171,171.25,173.1578947368421,172.5056179775281,171.3333333333333,166.0344827586207,162.3478260869565,156.2
166.5075757575757,168.3125,171.1153846153846,171.3571428571429,173.3157894736842,172.6067415730337,171.4444444444445,166.2068965517241,162.5,156.5
166.6287878787878,168.5,171.2307692307693,171.4642857142857,173.4736842105263,172.7078651685393,171.5555555555555,166.3793103448276,162.6521739130435,156.8
166.7499999999999,168.6875,171.3461538461538,171.5714285714286,173.6315789473684,172.808988764045,171.6666666666667,166.551724137931,162.804347826087,157.1
166.8712121212121,168.875,171.4615384615385,171.6785714285714,173.7894736842105,172.9101123595506,171.7777777777778,166.7241379310345,162.9565217391304,157.4
166.9924242424242,169.0625,171.5769230769231,171.7857142857143,173.9473684210526,173.0112359550562,171.8888888888889,166.8965517241379,163.1086956521739,157.7
167.1136363636363,169.25,171.6923076923077,171.8928571428571,174.1052631578947,173.1123595505618,172,167.0689655172414,163.2608695652174,158
167.2348484848484,169.4375,171.8076923076923,172,174.2631578947368,173.2134831460674,172.1111111111111,167.2413793103448,163.4130434782609,158.1923076923077
167.3560606060606,169.625,171.9230769230769,172.1111111111111,174.421052631579,173.314606741573,172.2222222222222,167.4137931034483,163.5652173913043,158.3846153846154
167.4772727272727,169.8125,172.0384615384615,172.2222222222222,174.578947368421,173.4157303370787,172.3333333333333,167.5862068965517,163.7173913043478,158.5769230769231
167.5984848484848,170,172.1538461538462,172.3333333333333,174.7368421052632,173.5168539325843,172.4444444444444,167.7586206896552,163.8695652173913,158.7692307692307
167.7196969696969,170.1621621621622,172.2692307692308,172.4444444444445,174.8947368421053,173.6179775280899,172.5555555555555,167.9310344827586,164.0217391304348,158.9615384615385
167.8873239436619,170.3243243243243,172.3846153846154,172.5555555555555,175.0526315789474,173.7191011235955,172.6666666666667,168.1034482758621,164.1739130434783,159.1538461538462
168.0704225352112,170.4864864864865,172.5,172.6666666666667,175.2105263157895,173.8202247191011,172.7777777777778,168.2758620689655,164.3260869565217,159.3461538461538
168.2535211267605,170.6486486486486,172.6153846153846,172.7777777777778,175.3684210526316,173.9213483146067,172.8888888888889,168.448275862069,164.4782608695652,159.5384615384615
168.4366197183098,170.8108108108108,172.7307692307692,172.8888888888889,175.5263157894737,174.0224719101124,173,168.6206896551724,164.6304347826087,159.7307692307692
168.6197183098591,170.972972972973,172.8461538461538,173,175.6842105263158,174.123595505618,173.1111111111111,168.7931034482759,164.7826086956522,159.9230769230769
168.8028169014084,171.1351351351351,172.9615384615385,173.1111111111111,175.8421052631579,174.2247191011236,173.2222222222222,168.9655172413793,164.9347826086956,160.1153846153846
168.9859154929577,171.2972972972973,173.0769230769231,173.2222222222222,176,174.3258426966292,173.3333333333333,169.1379310344827,165.0869565217392,160.3076923076923
169.169014084507,171.4594594594595,173.1923076923077,173.3333333333333,176.1,174.4269662921348,173.4444444444445,169.3103448275862,165.2391304347826,160.5
169.3521126760563,171.6216216216216,173.3076923076923,173.4444444444445,176.2,174.5280898876404,173.5555555555555,169.4827586206897,165.3913043478261,160.6923076923077
169.5352112676056,171.7837837837838,173.4230769230769,173.5555555555555,176.3,174.6292134831461,173.6666666666667,169.6551724137931,165.5434782608696,160.8846153846154
169.7183098591549,171.9459459459459,173.5384615384615,173.6666666666667,176.4,174.7303370786517,173.7777777777778,169.8275862068965,165.6956521739131,161.0769230769231
169.9014084507042,172.1081081081081,173.6538461538461,173.7777777777778,176.5,174.8314606741573,173.8888888888889,170,165.8478260869565,161.2692307692308
170.0845070422535,172.2702702702703,173.7692307692307,173.8888888888889,176.6,174.9325842696629,174,170.0851063829787,166,161.4615384615385
170.2676056338028,172.4324324324324,173.8846153846154,174,176.7,175.0337078651685,174.0847457627119,170.1702127659575,166.1463414634146,161.6538461538462
170.4507042253521,172.5945945945946,174,174.1111111111111,176.8,175.1348314606742,174.1694915254237,170.2553191489362,166.2926829268293,161.8461538461538
170.6338028169014,172.7567567567568,174.1428571428571,174.2222222222222,176.9,175.2359550561798,174.2542372881356,170.3404255319149,166.4390243902439,162.0384615384615
170.8169014084507,172.9189189189189,174.2857142857143,174.3333333333333,177,175.3370786516854,174.3389830508474,170.4255319148936,166.5853658536585,162.2307692307693
171,173.0810810810811,174.4285714285714,174.4444444444444,177.1,175.438202247191,174.4237288135593,170.5106382978723,166.7317073170732,162.4230769230769
171.2,173.2432432432432,174.5714285714286,174.5555555555555,177.2,175.5393258426966,174.5084745762712,170.5957446808511,166.8780487804878,162.6153846153846
171.4,173.4054054054054,174.7142857142857,174.6666666666667,177.3,175.6404494382023,174.5932203389831,170.6808510638298,167.0243902439024,162.8076923076923
171.6,173.5675675675676,174.8571428571429,174.7777777777778,177.4,175.7415730337079,174.6779661016949,170.7659574468085,167.1707317073171,163
171.8,173.7297297297297,175,174.8888888888889,177.5,175.8426966292135,174.7627118644068,170.8510638297872,167.3170731707317,163.16
172,173.8918918918919,175.1428571428571,175,177.6,175.9438202247191,174.8474576271187,170.9361702127659,167.4634146341463,163.32
172.2,174.0540540540541,175.2857142857143,175.1333333333334,177.7,176.0449438202247,174.9322033898305,171.0212765957447,167.609756097561,163.48
172.4,174.2162162162162,175.4285714285714,175.2666666666667,177.8,176.1460674157303,175.0169491525424,171.1063829787234,167.7560975609756,163.64
172.6,174.3783783783784,175.5714285714286,175.4,177.9,176.2471910112359,175.1016949152542,171.1914893617021,167.9024390243902,163.8
172.8,174.5405405405405,175.7142857142857,175.5333333333334,178,176.3483146067416,175.1864406779661,171.2765957446809,168.0487804878049,163.96
173,174.7027027027027,175.8571428571428,175.6666666666667,178,176.4494382022472,175.271186440678,171.3617021276596,168.1951219512195,164.12
173.2,174.8648648648649,176,175.8,178,176.5505617977528,175.3559322033898,171.4468085106383,168.3414634146341,164.28
173.4,175.027027027027,176.1428571428572,175.9333333333333,178,176.6516853932584,175.4406779661017,171.531914893617,168.4878048780488,164.44
173.6,175.1891891891892,176.2857142857143,176.0666666666667,178,176.7528089887641,175.5254237288136,171.6170212765957,168.6341463414634,164.6
173.8,175.3513513513514,176.4285714285714,176.2,178,176.8539325842697,175.6101694915254,171.7021276595745,168.7804878048781,164.76
174,175.5135135135135,176.5714285714286,176.3333333333333,178,176.9550561797753,175.6949152542373,171.7872340425532,168.9268292682927,164.92
174.2,175.6756756756757,176.7142857142857,176.4666666666667,178,177.0561797752809,175.7796610169491,171.8723404255319,169.0731707317073,165.08
174.4,175.8378378378378,176.8571428571428,176.6,178,177.1573033707865,175.864406779661,171.9574468085107,169.219512195122,165.24
174.6,176,177,176.7333333333333,178,177.2584269662921,175.9491525423729,172.0425531914894,169.3658536585366,165.4
174.8,176.1296296296296,177.1428571428572,176.8666666666666,178,177.3595505617977,176.0338983050847,172.1276595744681,169.5121951219512,165.56
175,176.2592592592593,177.2857142857143,177,178,177.4606741573034,176.1186440677966,172.2127659574468,169.6585365853659,165.72
175.1232876712329,176.3888888888889,177.4285714285714,177.0869565217391,178,177.561797752809,176.2033898305085,172.2978723404256,169.8048780487805,165.88
175.2465753424657,176.5185185185185,177.5714285714286,177.1739130434783,178,177.6629213483146,176.2881355932203,172.3829787234042,169.9512195121951,166.04
175.3698630136986,176.6481481481482,177.7142857142857,177.2608695652174,178,177.7640449438202,176.3728813559322,172.468085106383,170.0975609756098,166.2
175.4931506849315,176.7777777777778,177.8571428571429,177.3478260869565,178,177.8651685393259,176.4576271186441,172.5531914893617,170.2439024390244,166.36
175.6164383561644,176.9074074074074,178,177.4347826086956,178.1153846153846,177.9662921348315,176.542372881356,172.6382978723404,170.390243902439,166.52
175.7397260273972,177.037037037037,178.1315789473684,177.5217391304348,178.2307692307692,178.0674157303371,176.6271186440678,172.7234042553191,170.5365853658537,166.68
175.8630136986301,177.1666666666667,178.2631578947368,177.6086956521739,178.3461538461539,178.1685393258427,176.7118644067797,172.8085106382979,170.6829268292683,166.84
175.986301369863,177.2962962962963,178.3947368421053,177.695652173913,178.4615384615385,178.2696629213483,176.7966101694915,172.8936170212766,170.8292682926829,167
176.1095890410959,177.4259259259259,178.5263157894737,177.7826086956522,178.5769230769231,178.3707865168539,176.8813559322034,172.9787234042553,170.9756097560976,167.16
176.2328767123287,177.5555555555555,178.6578947368421,177.8695652173913,178.6923076923077,178.4719101123596,176.9661016949153,173.0638297872341,171.1219512195122,167.32
176.3561643835616,177.6851851851852,178.7894736842105,177.9565217391304,178.8076923076923,178.5730337078652,177.0508474576271,173.1489361702128,171.2682926829268,167.48
176.4794520547945,177.8148148148148,178.921052631579,178.0434782608696,178.9230769230769,178.6741573033708,177.135593220339,173.2340425531915,171.4146341463415,167.64
176.6027397260274,177.9444444444445,179.0526315789474,178.1304347826087,179.0384615384615,178.7752808988764,177.2203389830509,173.3191489361702,171.5609756097561,167.8
176.7260273972602,178.0740740740741,179.1842105263158,178.2173913043478,179.1538461538462,178.876404494382,177.3050847457627,173.4042553191489,171.7073170731707,167.96
176.8493150684931,178.2037037037037,179.3157894736842,178.3043478260869,179.2692307692308,178.9775280898876,177.3898305084746,173.4893617021277,171.8536585365854,168.12
176.972602739726,178.3333333333333,179.4473684210526,178.3913043478261,179.3846153846154,179.0786516853933,177.4745762711864,173.5744680851064,172,168.28
177.0958904109588,178.462962962963,179.578947368421,178.4782608695652,179.5,179.1797752808989,177.5593220338983,173.6595744680851,172.1212121212121,168.44
177.2191780821917,178.5925925925926,179.7105263157895,178.5652173913044,179.6153846153846,179.2808988764045,177.6440677966102,173.7446808510638,172.2424242424242,168.6
177.3421052631578,178.7222222222222,179.8421052631579,178.6521739130435,179.7307692307692,179.3820224719101,177.728813559322,173.8297872340426,172.3636363636363,168.76
177.4649122807017,178.8518518518518,179.9736842105263,178.7391304347826,179.8461538461538,179.4831460674157,177.8135593220339,173.9148936170213,172.4848484848485,168.92
177.5877192982456,178.9814814814815,180.1052631578947,178.8260869565217,179.9615384615385,179.5842696629213,177.8983050847457,174,172.6060606060606,169.08
177.7105263157894,179.1111111111111,180.2368421052632,178.9130434782609,180.0769230769231,179.685393258427,177.9830508474576,174.1111111111111,172.7272727272727,169.24
177.8333333333333,179.2407407407407,180.3684210526316,179,180.1923076923077,179.7865168539326,178.0677966101695,174.2222222222222,172.8484848484848,169.4
177.9561403508771,179.3703703703704,180.5,179.0869565217391,180.3076923076923,179.8876404494382,178.1525423728814,174.3333333333333,172.969696969697,169.56
178.078947368421,179.5,180.6315789473684,179.1739130434783,180.4230769230769,179.9887640449438,178.2372881355932,174.4444444444445,173.0909090909091,169.72
178.2017543859649,179.6296296296296,180.7631578947368,179.2608695652174,180.5384615384615,180.0898876404494,178.3220338983051,174.5555555555555,173.2121212121212,169.88
178.3245614035087,179.7592592592592,180.8947368421053,179.3478260869565,180.6538461538462,180.191011235955,178.4067796610169,174.6666666666667,173.3333333333333,170.04
178.4473684210526,179.8888888888889,181.0263157894737,179.4347826086957,180.7692307692308,180.2921348314607,178.4915254237288,174.7777777777778,173.4545454545455,170.2
178.5701754385964,180.0185185185185,181.1578947368421,179.5217391304348,180.8846153846154,180.3932584269663,178.5762711864407,174.8888888888889,173.5757575757576,170.36
178.6929824561403,180.1481481481482,181.2894736842105,179.6086956521739,181,180.4943820224719,178.6610169491525,175,173.6969696969697,170.52
178.8157894736842,180.2777777777778,181.421052631579,179.6956521739131,181.0285714285714,180.5955056179775,178.7457627118644,175.1111111111111,173.8181818181818,170.68
178.938596491228,180.4074074074074,181.5526315789473,179.7826086956522,181.0571428571428,180.6966292134831,178.8305084745762,175.2222222222222,173.9393939393939,170.84
179.0614035087719,180.537037037037,181.6842105263158,179.8695652173913,181.0857142857143,180.7977528089888,178.9152542372881,175.3333333333333,174.0606060606061,171
179.1842105263157,180.6666666666667,181.8157894736842,179.9565217391304,181.1142857142857,180.8988764044944,179,175.4444444444445,174.1818181818182,171.0769230769231
179.3070175438596,180.7962962962963,181.9473684210527,180.0434782608696,181.1428571428571,181,179.0649350649351,175.5555555555555,174.3030303030303,171.1538461538462
179.4298245614034,180.9259259259259,182.078947368421,180.1304347826087,181.1714285714286,181.0337078651685,179.1298701298701,175.6666666666667,174.4242424242424,171.2307692307692
179.5526315789473,181.0555555555555,182.2105263157895,180.2173913043478,181.2,181.0674157303371,179.1948051948052,175.7777777777778,174.5454545454546,171.3076923076923
179.6754385964912,181.1851851851852,182.3421052631579,180.3043478260869,181.2285714285714,181.1011235955056,179.2597402597403,175.8888888888889,174.6666666666667,171.3846153846154
179.798245614035,181.3148148148148,182.4736842105263,180.3913043478261,181.2571428571429,181.1348314606741,179.3246753246753,176,174.7878787878788,171.4615384615385
179.9210526315789,181.4444444444445,182.6052631578947,180.4782608695652,181.2857142857143,181.1685393258427,179.3896103896104,176.1111111111111,174.9090909090909,171.5384615384615
180.0438596491227,181.5740740740741,182.7368421052632,180.5652173913043,181.3142857142857,181.2022471910113,179.4545454545454,176.2222222222222,175.030303030303,171.6153846153846
180.1666666666666,181.7037037037037,182.8684210526316,180.6521739130435,181.3428571428572,181.2359550561798,179.5194805194805,176.3333333333333,175.1515151515152,171.6923076923077
180.2894736842105,181.8333333333333,183,180.7391304347826,181.3714285714286,181.2696629213483,179.5844155844156,176.4444444444444,175.2727272727273,171.7692307692308
180.4122807017543,181.962962962963,183.0604026845637,180.8260869565217,181.4,181.3033707865168,179.6493506493507,176.5555555555555,175.3939393939394,171.8461538461538
180.5350877192982,182.0925925925926,183.1208053691275,180.9130434782609,181.4285714285714,181.3370786516854,179.7142857142857,176.6666666666667,175.5151515151515,171.9230769230769
180.6578947368421,182.2222222222222,183.1812080536913,181,181.4571428571429,181.3707865168539,179.7792207792208,176.7777777777778,175.6363636363637,172
180.7586206896551,182.3518518518518,183.241610738255,181.0547945205479,181.4857142857143,181.4044943820225,179.8441558441558,176.8888888888889,175.7575757575758,172.0769230769231
180.7931034482758,182.4814814814815,183.3020134228188,181.1095890410959,181.5142857142857,181.438202247191,179.9090909090909,177,175.8787878787879,172.1538461538461
180.8275862068965,182.6111111111111,183.3624161073826,181.1643835616439,181.5428571428571,181.4719101123596,179.9740259740259,177.1111111111111,176,172.2307692307692
180.8620689655172,182.7407407407407,183.4228187919463,181.2191780821918,181.5714285714286,181.5056179775281,180.038961038961,177.2222222222222,176.04,172.3076923076923
180.8965517241379,182.8703703703704,183.4832214765101,181.2739726027397,181.6,181.5393258426966,180.1038961038961,177.3333333333333,176.08,172.3846153846154
180.9310344827586,183,183.5436241610738,181.3287671232877,181.6285714285714,181.5730337078652,180.1688311688312,177.4444444444445,176.12,172.4615384615385
180.9655172413792,183.0545454545454,183.6040268456376,181.3835616438356,181.6571428571428,181.6067415730337,180.2337662337662,177.5555555555555,176.16,172.5384615384615
180.9999999999999,183.1090909090909,183.6644295302013,181.4383561643835,181.6857142857143,181.6404494382023,180.2987012987013,177.6666666666667,176.2,172.6153846153846
181.0344827586206,183.1636363636363,183.7248322147651,181.4931506849315,181.7142857142857,181.6741573033708,180.3636363636364,177.7777777777778,176.24,172.6923076923077
181.0689655172413,183.2181818181818,183.7852348993288,181.5479452054794,181.7428571428571,181.7078651685393,180.4285714285714,177.8888888888889,176.28,172.7692307692307
181.103448275862,183.2727272727273,183.8456375838926,181.6027397260274,181.7714285714286,181.7415730337079,180.4935064935065,178,176.32,172.8461538461538
181.1379310344827,183.3272727272727,183.9060402684564,181.6575342465753,181.8,181.7752808988764,180.5584415584416,178.1111111111111,176.36,172.9230769230769
181.1724137931034,183.3818181818182,183.9664429530201,181.7123287671233,181.8285714285714,181.8089887640449,180.6233766233766,178.2222222222222,176.4,173
181.2068965517241,183.4363636363636,184.0268456375839,181.7671232876712,181.8571428571429,181.8426966292135,180.6883116883117,178.3333333333333,176.44,173.135593220339
181.2413793103448,183.4909090909091,184.0872483221476,181.8219178082192,181.8857142857143,181.876404494382,180.7532467532467,178.4444444444445,176.48,173.271186440678
181.2941176470588,183.5454545454546,184.1476510067114,181.8767123287671,181.9142857142857,181.9101123595505,180.8181818181818,178.5555555555555,176.52,173.406779661017
181.3529411764705,183.6,184.2080536912752,181.9315068493151,181.9428571428572,181.9438202247191,180.8831168831169,178.6666666666667,176.56,173.5423728813559
181.4117647058823,183.6545454545455,184.2684563758389,181.986301369863,181.9714285714286,181.9775280898876,180.948051948052,178.7777777777778,176.6,173.6779661016949
181.4705882352941,183.7090909090909,184.3288590604026,182.041095890411,182,182.0112359550562,181.012987012987,178.8888888888889,176.64,173.8135593220339
181.5294117647058,183.7636363636364,184.3892617449664,182.0958904109589,182.0789473684211,182.0449438202247,181.0779220779221,179,176.68,173.9491525423729
181.5882352941176,183.8181818181818,184.4496644295302,182.1506849315068,182.1578947368421,182.0786516853933,181.1428571428572,179.0357142857143,176.72,174.0847457627119
181.6470588235294,183.8727272727273,184.5100671140939,182.2054794520548,182.2368421052632,182.1123595505618,181.2077922077922,179.0714285714286,176.76,174.2203389830509
181.7058823529411,183.9272727272727,184.5704697986577,182.2602739726028,182.3157894736842,182.1460674157303,181.2727272727273,179.1071428571429,176.8,174.3559322033898
181.7647058823529,183.9818181818182,184.6308724832214,182.3150684931507,182.3947368421053,182.1797752808989,181.3376623376623,179.1428571428572,176.84,174.4915254237288
181.8235294117646,184.0363636363637,184.6912751677852,182.3698630136986,182.4736842105263,182.2134831460674,181.4025974025974,179.1785714285714,176.88,174.6271186440678
181.8823529411764,184.0909090909091,184.7516778523489,182.4246575342466,182.5526315789473,182.2471910112359,181.4675324675325,179.2142857142857,176.92,174.7627118644068
181.9411764705882,184.1454545454545,184.8120805369127,182.4794520547945,182.6315789473684,182.2808988764045,181.5324675324675,179.25,176.96,174.8983050847457
181.9999999999999,184.2,184.8724832214765,182.5342465753425,182.7105263157895,182.314606741573,181.5974025974026,179.2857142857143,177,175.0338983050847
182.0588235294117,184.2545454545455,184.9328859060402,182.5890410958904,182.7894736842105,182.3483146067416,181.6623376623377,179.3214285714286,177.1379310344828,175.1694915254237
182.1176470588235,184.3090909090909,184.993288590604,182.6438356164384,182.8684210526316,182.3820224719101,181.7272727272727,179.3571428571428,177.2758620689655,175.3050847457627
182.1764705882352,184.3636363636364,185.0536912751678,182.6986301369863,182.9473684210526,182.4157303370786,181.7922077922078,179.3928571428572,177.4137931034483,175.4406779661017
182.235294117647,184.4181818181818,185.1140939597315,182.7534246575343,183.0263157894737,182.4494382022472,181.8571428571428,179.4285714285714,177.551724137931,175.5762711864407
182.2499999999999,184.4727272727273,185.1744966442953,182.8082191780822,183.1052631578947,182.4831460674157,181.9220779220779,179.4642857142857,177.6896551724138,175.7118644067797
182.2499999999999,184.5272727272727,185.234899328859,182.8630136986301,183.1842105263158,182.5168539325843,181.987012987013,179.5,177.8275862068966,175.8474576271187
182.2499999999999,184.5818181818182,185.2325581395348,182.9178082191781,183.2631578947368,182.5505617977528,182.051948051948,179.5357142857143,177.9655172413793,175.9830508474576
182.2499999999999,184.6363636363636,185.2093023255813,182.972602739726,183.3421052631579,182.5842696629213,182.1168831168831,179.5714285714286,178.1034482758621,176.1186440677966
182.2499999999999,184.6909090909091,185.1860465116278,183.027397260274,183.421052631579,182.6179775280899,182.1818181818182,179.6071428571429,178.2413793103448,176.2542372881356
182.2499999999999,184.7454545454545,185.1627906976744,183.0821917808219,183.5,182.6516853932584,182.2467532467533,179.6428571428571,178.3793103448276,176.3898305084746
182.2499999999999,184.8,185.1395348837209,183.1369863013699,183.578947368421,182.685393258427,182.3116883116883,179.6785714285714,178.5172413793103,176.5254237288136
182.2499999999999,184.8545454545454,185.1162790697674,183.1917808219178,183.6578947368421,182.7191011235955,182.3766233766234,179.7142857142857,178.6551724137931,176.6610169491526
182.2499999999999,184.9090909090909,185.0930232558139,183.2465753424657,183.7368421052632,182.7528089887641,182.4415584415584,179.75,178.7931034482759,176.7966101694915
182.2499999999999,184.9636363636364,185.0697674418604,183.3013698630137,183.8157894736842,182.7865168539326,182.5064935064935,179.7857142857143,178.9310344827586,176.9322033898305
182.2499999999999,185.0181818181818,185.046511627907,183.3561643835616,183.8947368421053,182.8202247191011,182.5714285714286,179.8214285714286,179.0689655172414,177.0677966101695
182.2499999999999,185.0727272727273,185.0232558139535,183.4109589041096,183.9736842105263,182.8539325842697,182.6363636363636,179.8571428571429,179.2068965517241,177.2033898305085
182.2499999999999,185.1272727272727,185,183.4657534246575,184.0526315789474,182.8876404494382,182.7012987012987,179.8928571428571,179.3448275862069,177.3389830508474
182.2499999999999,185.1818181818182,185.037037037037,183.5205479452055,184.1315789473684,182.9213483146067,182.7662337662338,179.9285714285714,179.4827586206897,177.4745762711864
182.2499999999999,185.2363636363636,185.0740740740741,183.5753424657534,184.2105263157895,182.9550561797753,182.8311688311688,179.9642857142857,179.6206896551724,177.6101694915254
182.2499999999999,185.2909090909091,185.1111111111111,183.6301369863014,184.2894736842105,182.9887640449438,182.8961038961039,180,179.7586206896552,177.7457627118644
182.2499999999999,185.3454545454545,185.1481481481481,183.6849315068493,184.3684210526316,183.0224719101124,182.961038961039,180.0857142857143,179.8965517241379,177.8813559322034
182.2499999999999,185.4,185.1851851851852,183.7397260273973,184.4473684210526,183.0561797752809,183.025974025974,180.1714285714286,180.0344827586207,178.0169491525424
182.2499999999999,185.4545454545454,185.2222222222222,183.7945205479452,184.5263157894737,183.0898876404494,183.0909090909091,180.2571428571428,180.1724137931035,178.1525423728814
182.2499999999999,185.5090909090909,185.2592592592593,183.8493150684932,184.6052631578947,183.123595505618,183.1558441558442,180.3428571428571,180.3103448275862,178.2881355932203
182.2499999999999,185.5636363636364,185.2962962962963,183.9041095890411,184.6842105263158,183.1573033707865,183.2207792207792,180.4285714285714,180.448275862069,178.4237288135593
182.2499999999999,185.6181818181818,185.3333333333333,183.958904109589,184.7631578947368,183.191011235955,183.2857142857143,180.5142857142857,180.5862068965517,178.5593220338983
182.2499999999999,185.6727272727273,185.3703703703704,184.013698630137,184.8421052631579,183.2247191011236,183.3506493506493,180.6,180.7241379310345,178.6949152542373
182.2499999999999,185.7272727272727,185.4074074074074,184.068493150685,184.921052631579,183.2584269662921,183.4155844155844,180.6857142857143,180.8620689655172,178.8305084745763
182.2499999999999,185.7818181818182,185.4444444444445,184.1232876712329,185,183.2921348314607,183.4805194805195,180.7714285714286,181,178.9661016949153
182.2499999999999,185.8363636363636,185.4814814814815,184.1780821917808,185,183.3258426966292,183.5454545454546,180.8571428571429,181,179.1016949152542
182.2499999999999,185.8909090909091,185.5185185185185,184.2328767123288,185,183.3595505617978,183.6103896103896,180.9428571428572,181,179.2372881355932
182.2499999999999,185.9454545454545,185.5555555555555,184.2876712328767,185,183.3932584269663,183.6753246753247,181.0285714285714,181,179.3728813559322
182.2499999999999,186,185.5925925925926,184.3424657534247,185,183.4269662921348,183.7402597402597,181.1142857142857,181,179.5084745762712
182.2628205128205,186.0046511627907,185.6296296296296,184.3972602739726,185,183.4606741573034,183.8051948051948,181.2,181,179.6440677966102
182.3141025641025,186.0093023255814,185.6666666666667,184.4520547945206,185,183.4943820224719,183.8701298701299,181.2857142857143,181,179.7796610169491
182.3653846153846,186.0139534883721,185.7037037037037,184.5068493150685,185,183.5280898876404,183.9350649350649,181.3714285714286,181,179.9152542372881
182.4166666666666,186.0186046511628,185.7407407407407,184.5616438356165,185,183.561797752809,184,181.4571428571429,181,180.0508474576271
182.4679487179486,186.0232558139535,185.7777777777778,184.6164383561644,185,183.5955056179775,184.0142857142857,181.5428571428571,181,180.1864406779661
182.5192307692307,186.0279069767442,185.8148148148148,184.6712328767123,185,183.6292134831461,184.0285714285714,181.6285714285714,181,180.3220338983051
182.5705128205128,186.0325581395349,185.8518518518518,184.7260273972603,185,183.6629213483146,184.0428571428571,181.7142857142857,181,180.4576271186441
182.6217948717948,186.0372093023256,185.8888888888889,184.7808219178082,185,183.6966292134832,184.0571428571429,181.8,181,180.5932203389831
182.6730769230768,186.0418604651163,185.9259259259259,184.8356164383562,185,183.7303370786517,184.0714285714286,181.8857142857143,181,180.728813559322
182.7243589743589,186.046511627907,185.962962962963,184.8904109589041,185,183.7640449438202,184.0857142857143,181.9714285714286,181,180.864406779661
182.775641025641,186.0511627906977,186,184.9452054794521,185,183.7977528089888,184.1,182.0571428571428,181,181
182.826923076923,186.0558139534883,185.9918699186992,185,185,183.8314606741573,184.1142857142857,182.1428571428571,181,181
182.8782051282051,186.0604651162791,185.9837398373984,185.016393442623,185,183.8651685393258,184.1285714285714,182.2285714285714,181,181
182.9294871794871,186.0651162790697,185.9756097560976,185.0327868852459,185,183.8988764044944,184.1428571428571,182.3142857142857,181,181
182.9807692307692,186.0697674418604,185.9674796747967,185.0491803278689,185,183.9325842696629,184.1571428571428,182.4,181,181
183.0320512820512,186.0744186046512,185.9593495934959,185.0655737704918,185,183.9662921348315,184.1714285714286,182.4857142857143,181.1333333333334,181
183.0833333333333,186.0790697674418,185.9512195121951,185.0819672131148,185,184,184.1857142857143,182.5714285714286,181.2666666666667,181
183.1346153846153,186.0837209302325,185.9430894308943,185.0983606557377,185,184.0188679245283,184.2,182.6571428571429,181.4,181
183.1858974358974,186.0883720930232,185.9349593495935,185.1147540983607,185,184.0377358490566,184.2142857142857,182.7428571428572,181.5333333333333,181
183.2371794871794,186.0930232558139,185.9268292682927,185.1311475409836,185,184.0566037735849,184.2285714285714,182.8285714285714,181.6666666666667,181
183.29,186.0976744186046,185.9186991869919,185.1475409836065,185,184.0754716981132,184.2428571428571,182.9142857142857,181.8,181
183.3433333333333,186.1023255813953,185.910569105691,185.1639344262295,185,184.0943396226415,184.2571428571429,183,181.9333333333333,181
183.3966666666666,186.106976744186,185.9024390243902,185.1803278688524,185,184.1132075471698,184.2714285714286,183.0357142857143,182.0666666666667,181
183.4499999999999,186.1116279069767,185.8943089430894,185.1967213114754,185,184.1320754716981,184.2857142857143,183.0714285714286,182.2,181
183.5033333333333,186.1162790697674,185.8861788617886,185.2131147540983,185,184.1509433962264,184.3,183.1071428571429,182.3333333333333,181
183.5566666666666,186.1209302325581,185.8780487804878,185.2295081967213,185,184.1698113207547,184.3142857142857,183.1428571428571,182.4666666666666,181
183.61,186.1255813953488,185.869918699187,185.2459016393443,185,184.188679245283,184.3285714285715,183.1785714285714,182.6,181
183.6633333333333,186.1302325581395,185.8617886178861,185.2622950819672,185,184.2075471698113,184.3428571428572,183.2142857142857,182.7333333333333,181
183.7166666666666,186.1348837209302,185.8536585365853,185.2786885245902,185,184.2264150943396,184.3571428571428,183.25,182.8666666666666,181
183.7699999999999,186.1395348837209,185.8455284552845,185.2950819672131,185,184.2452830188679,184.3714285714286,183.2857142857143,183,181
183.8233333333333,186.1441860465116,185.8373983739837,185.311475409836,185,184.2641509433962,184.3857142857143,183.3214285714286,183.0476190476191,181.1153846153846
183.8766666666666,186.1488372093023,185.8292682926829,185.327868852459,185,184.2830188679245,184.4,183.3571428571428,183.0952380952381,181.2307692307692
183.9299999999999,186.153488372093,185.8211382113821,185.3442622950819,185.0285714285714,184.3018867924528,184.4142857142857,183.3928571428572,183.1428571428571,181.3461538461538
183.9833333333333,186.1581395348837,185.8130081300812,185.3606557377049,185.0571428571428,184.3207547169811,184.4285714285714,183.4285714285714,183.1904761904762,181.4615384615385
184.0366666666666,186.1627906976744,185.8048780487804,185.3770491803278,185.0857142857143,184.3396226415094,184.4428571428572,183.4642857142857,183.2380952380952,181.5769230769231
184.09,186.1674418604651,185.7967479674796,185.3934426229508,185.1142857142857,184.3584905660377,184.4571428571429,183.5,183.2857142857143,181.6923076923077
184.1433333333333,186.1720930232558,185.7886178861788,185.4098360655738,185.1428571428572,184.3773584905661,184.4714285714286,183.5357142857143,183.3333333333333,181.8076923076923
184.1966666666666,186.1767441860464,185.780487804878,185.4262295081967,185.1714285714286,184.3962264150943,184.4857142857143,183.5714285714286,183.3809523809524,181.9230769230769
184.2499999999999,186.1813953488372,185.7723577235772,185.4426229508196,185.2,184.4150943396227,184.5,183.6071428571429,183.4285714285714,182.0384615384615
184.3033333333333,186.1860465116279,185.7642276422764,185.4590163934426,185.2285714285714,184.4339622641509,184.5142857142857,183.6428571428571,183.4761904761905,182.1538461538461
184.3566666666666,186.1906976744186,185.7560975609755,185.4754098360655,185.2571428571429,184.4528301886793,184.5285714285714,183.6785714285714,183.5238095238095,182.2692307692308
184.4099999999999,186.1953488372093,185.7520661157024,185.4918032786885,185.2857142857143,184.4716981132075,184.5428571428571,183.7142857142857,183.5714285714286,182.3846153846154
184.4633333333333,186.2,185.7603305785123,185.5081967213114,185.3142857142857,184.4905660377358,184.5571428571428,183.75,183.6190476190476,182.5
184.5166666666666,186.2046511627906,185.7685950413223,185.5245901639344,185.3428571428572,184.5094339622642,184.5714285714286,183.7857142857143,183.6666666666667,182.6153846153846
184.5699999999999,186.2093023255813,185.7768595041322,185.5409836065573,185.3714285714286,184.5283018867925,184.5857142857143,183.8214285714286,183.7142857142857,182.7307692307692
184.6233333333333,186.2139534883721,185.7851239669421,185.5573770491803,185.4,184.5471698113207,184.6,183.8571428571428,183.7619047619048,182.8461538461539
184.6766666666666,186.2186046511628,185.793388429752,185.5737704918032,185.4285714285714,184.5660377358491,184.6142857142857,183.8928571428572,183.8095238095238,182.9615384615385
184.73,186.2232558139534,185.8016528925619,185.5901639344262,185.4571428571429,184.5849056603773,184.6285714285714,183.9285714285714,183.8571428571429,183.0769230769231
184.7833333333333,186.2279069767442,185.8099173553719,185.6065573770491,185.4857142857143,184.6037735849057,184.6428571428571,183.9642857142857,183.9047619047619,183.1923076923077
184.8366666666666,186.2325581395348,185.8181818181818,185.6229508196721,185.5142857142857,184.6226415094339,184.6571428571428,184,183.952380952381,183.3076923076923
184.8899999999999,186.2372093023255,185.8264462809917,185.639344262295,185.5428571428571,184.6415094339623,184.6714285714286,184.0454545454545,184,183.4230769230769
184.9433333333333,186.2418604651162,185.8347107438016,185.655737704918,185.5714285714286,184.6603773584906,184.6857142857143,184.0909090909091,184.0810810810811,183.5384615384615
184.9966666666666,186.2465116279069,185.8429752066116,185.6721311475409,185.6,184.6792452830189,184.7,184.1363636363637,184.1621621621622,183.6538461538461
185.05,186.2575757575757,185.8512396694215,185.6885245901639,185.6285714285714,184.6981132075472,184.7142857142857,184.1818181818182,184.2432432432432,183.7692307692308
185.1033333333333,186.2878787878788,185.8595041322314,185.7049180327868,185.6571428571428,184.7169811320755,184.7285714285714,184.2272727272727,184.3243243243243,183.8846153846154
185.1566666666666,186.3181818181818,185.8677685950413,185.7213114754098,185.6857142857143,184.7358490566037,184.7428571428572,184.2727272727273,184.4054054054054,184
185.2099999999999,186.3484848484848,185.8760330578512,185.7377049180327,185.7142857142857,184.7547169811321,184.7571428571428,184.3181818181818,184.4864864864865,184.1153846153846
185.2692307692307,186.3787878787878,185.8842975206611,185.7338709677419,185.7428571428571,184.7735849056604,184.7714285714286,184.3636363636363,184.5675675675676,184.2307692307692
185.3461538461538,186.4090909090909,185.8925619834711,185.6693548387096,185.7714285714286,184.7924528301887,184.7857142857143,184.4090909090909,184.6486486486486,184.3461538461539
185.4230769230768,186.4393939393939,185.900826446281,185.6048387096774,185.8,184.811320754717,184.8,184.4545454545455,184.7297297297297,184.4615384615385
185.4999999999999,186.4696969696969,185.9090909090909,185.5403225806451,185.8285714285714,184.8301886792453,184.8142857142857,184.5,184.8108108108108,184.5769230769231
185.576923076923,186.4999999999999,185.9173553719008,185.4758064516128,185.8571428571429,184.8490566037736,184.8285714285715,184.5454545454545,184.8918918918919,184.6923076923077
185.6538461538461,186.530303030303,185.9256198347107,185.4112903225806,185.8857142857143,184.8679245283019,184.8428571428571,184.5909090909091,184.972972972973,184.8076923076923
185.7307692307692,186.560606060606,185.9338842975206,185.3467741935483,185.9142857142857,184.8867924528302,184.8571428571429,184.6363636363637,185.0540540540541,184.9230769230769
185.8076923076922,186.590909090909,185.9421487603306,185.282258064516,185.9428571428572,184.9056603773585,184.8714285714286,184.6818181818182,185.1351351351351,185.0384615384615
185.8846153846153,186.6212121212121,185.9504132231405,185.2177419354838,185.9714285714286,184.9245283018868,184.8857142857143,184.7272727272727,185.2162162162162,185.1538461538461
185.9615384615384,186.6515151515151,185.9586776859504,185.1532258064516,186,184.9433962264151,184.9,184.7727272727273,185.2972972972973,185.2692307692308
186.0384615384615,186.6818181818181,185.9669421487603,185.0887096774193,186,184.9622641509434,184.9142857142857,184.8181818181818,185.3783783783784,185.3846153846154
186.1153846153846,186.7121212121212,185.9752066115703,185.024193548387,186,184.9811320754717,184.9285714285714,184.8636363636363,185.4594594594595,185.5
186.1923076923076,186.7424242424242,185.9834710743802,184.9596774193548,186,185,184.9428571428571,184.9090909090909,185.5405405405405,185.6153846153846
186.2692307692307,186.7727272727272,185.9917355371901,184.8951612903225,186,185.0188679245283,184.9571428571429,184.9545454545454,185.6216216216216,185.7307692307692
186.3461538461538,186.8030303030303,186,184.8306451612902,186,185.0377358490566,184.9714285714286,185,185.7027027027027,185.8461538461538
186.4230769230769,186.8333333333333,186.010101010101,184.766129032258,186,185.0566037735849,184.9857142857143,185.0454545454546,185.7837837837838,185.9615384615385
186.4999999999999,186.8636363636363,186.020202020202,184.7850467289719,186,185.0754716981132,185,185.0909090909091,185.8648648648649,186.0769230769231
186.576923076923,186.8939393939393,186.030303030303,184.8317757009345,186,185.0943396226415,185.0444444444445,185.1363636363636,185.9459459459459,186.1923076923077
186.6538461538461,186.9242424242424,186.040404040404,184.8785046728971,186,185.1132075471698,185.0888888888889,185.1818181818182,186.027027027027,186.3076923076923
186.7307692307692,186.9545454545454,186.0505050505051,184.9252336448598,186,185.1320754716981,185.1333333333333,185.2272727272727,186.1081081081081,186.4230769230769
186.8076923076923,186.9848484848484,186.0606060606061,184.9719626168224,186,185.1509433962264,185.1777777777778,185.2727272727273,186.1891891891892,186.5384615384615
186.8846153846153,187.0151515151514,186.070707070707,185.018691588785,186,185.1698113207547,185.2222222222222,185.3181818181818,186.2702702702703,186.6538461538462
186.9615384615384,187.0454545454545,186.0808080808081,185.0654205607476,186,185.188679245283,185.2666666666667,185.3636363636364,186.3513513513514,186.7692307692308
187.0384615384615,187.0757575757575,186.0909090909091,185.1121495327102,186,185.2075471698113,185.3111111111111,185.4090909090909,186.4324324324324,186.8846153846154
187.1153846153846,187.1060606060605,186.1010101010101,185.1588785046729,186,185.2264150943396,185.3555555555556,185.4545454545455,186.5135135135135,187
187.1923076923076,187.1363636363636,186.1111111111111,185.2056074766355,186,185.2452830188679,185.4,185.5,186.5945945945946,187.0909090909091
187.2692307692307,187.1666666666666,186.1212121212121,185.2523364485981,186,185.2641509433962,185.4444444444444,185.5454545454545,186.6756756756757,187.1818181818182
187.3461538461538,187.1969696969697,186.1313131313131,185.2990654205607,186,185.2830188679245,185.4888888888889,185.5909090909091,186.7567567567567,187.2727272727273
187.4230769230768,187.2272727272727,186.1414141414141,185.3457943925233,186,185.3018867924528,185.5333333333334,185.6363636363636,186.8378378378378,187.3636363636364
187.4999999999999,187.2559523809524,186.1515151515151,185.392523364486,186,185.3207547169811,185.5777777777778,185.6818181818182,186.9189189189189,187.4545454545454
187.576923076923,187.2797619047619,186.1616161616161,185.4392523364486,186,185.3396226415094,185.6222222222222,185.7272727272727,187,187.5454545454545
187.6538461538461,187.3035714285714,186.1717171717171,185.4859813084112,186,185.3584905660377,185.6666666666667,185.7727272727273,187.0540540540541,187.6363636363636
187.7307692307692,187.3273809523809,186.1818181818181,185.5327102803738,186,185.3773584905661,185.7111111111111,185.8181818181818,187.1081081081081,187.7272727272727
187.8076923076923,187.3511904761904,186.1919191919191,185.5794392523364,186,185.3962264150944,185.7555555555556,185.8636363636364,187.1621621621622,187.8181818181818
187.8846153846153,187.3749999999999,186.2020202020202,185.6261682242991,186,185.4150943396226,185.8,185.9090909090909,187.2162162162162,187.9090909090909
187.9615384615384,187.3988095238095,186.2121212121212,185.6728971962617,186,185.4339622641509,185.8444444444444,185.9545454545455,187.2702702702703,188
188.0384615384615,187.422619047619,186.2222222222222,185.7196261682243,186,185.4528301886792,185.8888888888889,186,187.3243243243243,188.0909090909091
188.1153846153846,187.4464285714285,186.2323232323232,185.7663551401869,186,185.4716981132075,185.9333333333333,186.0277777777778,187.3783783783784,188.1818181818182
188.1923076923076,187.470238095238,186.2424242424242,185.8130841121495,186,185.4905660377358,185.9777777777778,186.0555555555555,187.4324324324324,188.2727272727273
188.2611940298507,187.4940476190476,186.2264150943396,185.8598130841121,186,185.5094339622642,186.0222222222222,186.0833333333333,187.4864864864865,188.3636363636364
188.3059701492537,187.5178571428571,186.1320754716981,185.9065420560748,186,185.5283018867925,186.0666666666667,186.1111111111111,187.5405405405405,188.4545454545454
188.3507462686567,187.5416666666666,186.0377358490566,185.9532710280374,186,185.5471698113208,186.1111111111111,186.1388888888889,187.5945945945946,188.5454545454546
188.3955223880596,187.5654761904761,185.9433962264151,186,186,185.5660377358491,186.1555555555556,186.1666666666667,187.6486486486486,188.6363636363636
188.4402985074626,187.5892857142857,185.8490566037736,186,186,185.5849056603774,186.2,186.1944444444445,187.7027027027027,188.7272727272727
188.4850746268656,187.6130952380952,185.754716981132,186,186,185.6037735849056,186.2444444444444,186.2222222222222,187.7567567567568,188.8181818181818
188.5298507462686,187.6369047619047,185.6603773584905,186,186,185.6226415094339,186.2888888888889,186.25,187.8108108108108,188.9090909090909
188.5746268656716,187.6607142857142,185.566037735849,186,186,185.6415094339623,186.3333333333333,186.2777777777778,187.8648648648649,189
188.6194029850746,187.6845238095237,185.4716981132075,186,186,185.6603773584906,186.3777777777778,186.3055555555555,187.9189189189189,189.0909090909091
188.6641791044775,187.7083333333333,185.377358490566,186,186,185.6792452830189,186.4222222222222,186.3333333333333,187.972972972973,189.1818181818182
188.7089552238805,187.7321428571428,185.2830188679245,186,186,185.6981132075472,186.4666666666667,186.3611111111111,188.027027027027,189.2727272727273
188.7537313432835,187.7559523809523,185.188679245283,186,186,185.7169811320755,186.5111111111111,186.3888888888889,188.0810810810811,189.3636363636364
188.7985074626865,187.7797619047619,185.0943396226415,186,186,185.7358490566038,186.5555555555556,186.4166666666667,188.1351351351351,189.4545454545454
188.8432835820895,187.8035714285714,185,186,186,185.7547169811321,186.6,186.4444444444445,188.1891891891892,189.5454545454546
188.8880597014925,187.8273809523809,185,186,186,185.7735849056604,186.6444444444444,186.4722222222222,188.2432432432432,189.6363636363636
188.9328358208955,187.8511904761904,185,186,186,185.7924528301887,186.6888888888889,186.5,188.2972972972973,189.7272727272727
188.9776119402985,187.8749999999999,185,186,186,185.811320754717,186.7333333333333,186.5277777777778,188.3513513513514,189.8181818181818
189.0223880597014,187.8988095238095,185,186,186,185.8301886792453,186.7777777777778,186.5555555555555,188.4054054054054,189.9090909090909
189.0671641791044,187.922619047619,185,186,186,185.8490566037736,186.8222222222222,186.5833333333333,188.4594594594595,190
189.1119402985074,187.9464285714285,185,186,186,185.8679245283019,186.8666666666667,186.6111111111111,188.5135135135135,190.0909090909091
189.1567164179104,187.970238095238,185,186,186,185.8867924528302,186.9111111111111,186.6388888888889,188.5675675675676,190.1818181818182
189.2014925373134,187.9940476190476,185,186,186,185.9056603773585,186.9555555555555,186.6666666666667,188.6216216216216,190.2727272727273
189.2462686567164,188.0178571428571,185,186,186,185.9245283018868,187,186.6944444444445,188.6756756756757,190.3636363636364
189.2910447761193,188.0416666666666,185,186,186,185.9433962264151,186.9967845659164,186.7222222222222,188.7297297297297,190.4545454545455
189.3358208955223,188.0654761904761,185,186,186,185.9622641509434,186.9935691318328,186.75,188.7837837837838,190.5454545454545
189.3805970149253,188.0892857142857,185,186,186,185.9811320754717,186.9903536977492,186.7777777777778,188.8378378378378,190.6363636363636
189.4253731343283,188.1130952380952,185,186,186,186,186.9871382636656,186.8055555555555,188.8918918918919,190.7272727272727
189.4701492537313,188.1369047619047,185,186,186,185.9772727272727,186.983922829582,186.8333333333333,188.9459459459459,190.8181818181818
189.5149253731343,188.1607142857142,185,186,186,185.9545454545454,186.9807073954984,186.8611111111111,189,190.9090909090909
189.5597014925372,188.1845238095237,185,186,186,185.9318181818182,186.9774919614148,186.8888888888889,189.05,191
189.6044776119402,188.2083333333333,185,186,186,185.9090909090909,186.9742765273312,186.9166666666667,189.1,191.0487804878049
189.6492537313432,188.2321428571428,185,186,186,185.8863636363637,186.9710610932476,186.9444444444445,189.15,191.0975609756098
189.6940298507462,188.2463768115941,185,186,186,185.8636363636364,186.967845659164,186.9722222222222,189.2,191.1463414634146
189.7388059701492,188.2318840579709,185,186,186,185.8409090909091,186.9646302250804,187,189.25,191.1951219512195
189.7611940298507,188.2173913043478,185,186,186,185.8181818181818,186.9614147909968,187.051282051282,189.3,191.2439024390244
189.776119402985,188.2028985507246,185,186,186,185.7954545454546,186.9581993569132,187.1025641025641,189.35,191.2926829268293
189.7910447761193,188.1884057971014,185,186,186,185.7727272727273,186.9549839228296,187.1538461538462,189.4,191.3414634146341
189.8059701492537,188.1739130434783,185,186,186,185.75,186.951768488746,187.2051282051282,189.45,191.390243902439
189.820895522388,188.159420289855,185,186,186,185.7272727272727,186.9485530546624,187.2564102564102,189.5,191.4390243902439
189.8358208955223,188.1449275362318,185,186,186,185.7045454545455,186.9453376205788,187.3076923076923,189.55,191.4878048780488
189.8507462686566,188.1304347826087,185,186,186,185.6818181818182,186.9421221864952,187.3589743589744,189.6,191.5365853658537
189.865671641791,188.1159420289855,185,186,186,185.6590909090909,186.9389067524116,187.4102564102564,189.65,191.5853658536585
189.8805970149253,188.1014492753623,185,186,185.9615384615385,185.6363636363636,186.935691318328,187.4615384615385,189.7,191.6341463414634
189.8955223880596,188.0869565217391,185,186,185.9230769230769,185.6136363636364,186.9324758842444,187.5128205128205,189.75,191.6829268292683
189.910447761194,188.0724637681159,185,186,185.8846153846154,185.5909090909091,186.9292604501608,187.5641025641025,189.8,191.7317073170732
189.9253731343283,188.0579710144928,185,186,185.8461538461538,185.5681818181818,186.9260450160772,187.6153846153846,189.85,191.780487804878
189.9402985074626,188.0434782608696,185,186,185.8076923076923,185.5454545454546,186.9228295819936,187.6666666666667,189.9,191.8292682926829
189.955223880597,188.0289855072464,185,186,185.7692307692308,185.5227272727273,186.91961414791,187.7179487179487,189.95,191.8780487804878
189.9701492537313,188.0144927536232,185,186,185.7307692307692,185.5,186.9163987138264,187.7692307692308,190,191.9268292682927
189.9850746268656,188,185,186,185.6923076923077,185.4772727272727,186.9131832797428,187.8205128205128,190.05,191.9756097560976
189.9999999999999,188.074074074074,185,186,185.6538461538461,185.4545454545454,186.9099678456592,187.8717948717949,190.1,192.0243902439024
190.0149253731342,188.1481481481482,185,186,185.6153846153846,185.4318181818182,186.9067524115756,187.9230769230769,190.15,192.0731707317073
190.0298507462686,188.2222222222222,185.3333333333333,186,185.5769230769231,185.4090909090909,186.903536977492,187.9743589743589,190.2,192.1219512195122
190.0447761194029,188.2962962962963,185.6666666666667,186,185.5384615384615,185.3863636363636,186.9003215434084,188.0256410256411,190.25,192.1707317073171
190.0597014925373,188.3703703703704,186,186,185.5,185.3636363636364,186.8971061093247,188.0769230769231,190.3,192.219512195122
190.0746268656716,188.4444444444445,186.0476190476191,186,185.4615384615385,185.3409090909091,186.8938906752412,188.1282051282051,190.35,192.2682926829268
190.0895522388059,188.5185185185185,186.0952380952381,186,185.4230769230769,185.3181818181818,186.8906752411576,188.1794871794872,190.4,192.3170731707317
190.1044776119402,188.5925925925926,186.1428571428572,186,185.3846153846154,185.2954545454546,186.8874598070739,188.2307692307692,190.45,192.3658536585366
190.1194029850746,188.6666666666667,186.1904761904762,186,185.3461538461539,185.2727272727273,186.8842443729903,188.2820512820513,190.5,192.4146341463415
190.1343283582089,188.7407407407408,186.2380952380952,186,185.3076923076923,185.25,186.8810289389068,188.3333333333333,190.55,192.4634146341463
190.1492537313432,188.8148148148148,186.2857142857143,186,185.2692307692308,185.2272727272727,186.8778135048232,188.3846153846154,190.6,192.5121951219512
190.1641791044775,188.8888888888889,186.3333333333333,186,185.2307692307692,185.2045454545454,186.8745980707395,188.4358974358974,190.65,192.5609756097561
190.1791044776119,188.9629629629629,186.3809523809524,186,185.1923076923077,185.1818181818182,186.8713826366559,188.4871794871795,190.7,192.609756097561
190.1940298507462,189.037037037037,186.4285714285714,186,185.1538461538462,185.1590909090909,186.8681672025724,188.5384615384615,190.75,192.6585365853659
190.2089552238805,189.1111111111111,186.4761904761905,186,185.1153846153846,185.1363636363636,186.8649517684887,188.5897435897436,190.8,192.7073170731707
190.2238805970149,189.1851851851852,186.5238095238095,186,185.0769230769231,185.1136363636363,186.8617363344052,188.6410256410256,190.85,192.7560975609756
190.2388059701492,189.2592592592592,186.5714285714285,186,185.0384615384615,185.0909090909091,186.8585209003215,188.6923076923077,190.9,192.8048780487805
190.2481203007518,189.3333333333333,186.6190476190476,186,185,185.0681818181818,186.855305466238,188.7435897435898,190.95,192.8536585365854
190.2406015037593,189.4074074074074,186.6666666666666,186,184.9166666666667,185.0454545454545,186.8520900321543,188.7948717948718,191,192.9024390243902
190.2330827067669,189.4814814814815,186.7142857142857,186,184.8333333333333,185.0227272727273,186.8488745980707,188.8461538461539,191.027027027027,192.9512195121951
190.2255639097744,189.5555555555555,186.7763157894736,186.0526315789474,184.75,185,186.8456591639871,188.8974358974359,191.0540540540541,193
190.2180451127819,189.6296296296296,186.8815789473684,186.1052631578947,184.6666666666667,185.025641025641,186.8424437299036,188.948717948718,191.0810810810811,193.04
190.2105263157894,189.7037037037037,186.9868421052631,186.1578947368421,184.5833333333333,185.0512820512821,186.8392282958199,189,191.1081081081081,193.08
190.2030075187969,189.7777777777778,187.0921052631579,186.2105263157895,184.5,185.0769230769231,186.8360128617363,189.051724137931,191.1351351351351,193.12
190.1954887218045,189.8518518518518,187.1973684210526,186.2631578947368,184.4166666666667,185.1025641025641,186.8327974276527,189.1034482758621,191.1621621621622,193.16
190.187969924812,189.9259259259259,187.3026315789474,186.3157894736842,184.3333333333333,185.1282051282051,186.8295819935691,189.1551724137931,191.1891891891892,193.2
190.1804511278195,190,187.4078947368421,186.3684210526316,184.25,185.1538461538462,186.8263665594855,189.2068965517241,191.2162162162162,193.24
190.172932330827,190.0140845070422,187.5131578947369,186.4210526315789,184.1666666666667,185.1794871794872,186.8231511254019,189.2586206896552,191.2432432432433,193.28
190.1654135338345,190.0281690140845,187.6184210526316,186.4736842105263,184.0833333333333,185.2051282051282,186.8199356913183,189.3103448275862,191.2702702702703,193.32
190.1578947368421,190.0422535211267,187.7236842105264,186.5263157894737,184,185.2307692307692,186.8167202572347,189.3620689655172,191.2972972972973,193.36
190.1503759398496,190.056338028169,187.8571428571429,186.5789473684211,184.0857142857143,185.2564102564103,186.8135048231511,189.4137931034483,191.3243243243243,193.4
190.1428571428571,190.0704225352113,188,186.6315789473684,184.1714285714286,185.2820512820513,186.8102893890675,189.4655172413793,191.3513513513514,193.44
190.1353383458646,190.0845070422535,188.1428571428572,186.6842105263158,184.2571428571429,185.3076923076923,186.8070739549839,189.5172413793103,191.3783783783784,193.48
190.1278195488721,190.0985915492957,188.2857142857143,186.7368421052632,184.3428571428572,185.3333333333333,186.8038585209003,189.5689655172414,191.4054054054054,193.52
190.1203007518797,190.112676056338,188.4285714285714,186.7894736842105,184.4285714285714,185.3589743589744,186.8006430868167,189.6206896551724,191.4324324324324,193.56
190.1127819548872,190.1267605633803,188.5714285714286,186.8421052631579,184.5142857142857,185.3846153846154,186.7974276527331,189.6724137931034,191.4594594594595,193.6
190.1052631578947,190.1408450704225,188.7142857142857,186.8947368421053,184.6,185.4102564102564,186.7942122186495,189.7241379310345,191.4864864864865,193.64
190.0977443609023,190.1549295774648,188.8571428571429,186.9473684210527,184.6857142857143,185.4358974358974,186.7909967845659,189.7758620689655,191.5135135135135,193.68
190.0902255639098,190.169014084507,189,187,184.7714285714286,185.4615384615385,186.7877813504823,189.8275862068965,191.5405405405405,193.72
190.0827067669173,190.1830985915493,188.9938650306748,187.0526315789474,184.8571428571428,185.4871794871795,186.7845659163987,189.8793103448276,191.5675675675676,193.76
190.0751879699248,190.1971830985915,188.9877300613497,187.1052631578947,184.9428571428571,185.5128205128205,186.7813504823151,189.9310344827586,191.5945945945946,193.8
190.0676691729323,190.2112676056337,188.9815950920245,187.1578947368421,185.0285714285714,185.5384615384615,186.7781350482315,189.9827586206897,191.6216216216216,193.84
190.0601503759398,190.225352112676,188.9754601226994,187.2105263157895,185.1142857142857,185.5641025641026,186.7749196141479,190.0344827586207,191.6486486486486,193.88
190.0526315789473,190.2394366197182,188.9693251533743,187.2631578947368,185.2,185.5897435897436,186.7717041800643,190.0862068965517,191.6756756756757,193.92
190.0451127819549,190.2499999999999,188.9631901840491,187.3157894736842,185.2857142857143,185.6153846153846,186.7684887459807,190.1379310344828,191.7027027027027,193.96
190.0375939849624,190.2499999999999,188.9570552147239,187.3684210526316,185.3714285714286,185.6410256410256,186.7652733118971,190.1896551724138,191.7297297297297,194
190.0300751879699,190.2499999999999,188.9509202453988,187.4210526315789,185.4571428571429,185.6666666666667,186.7620578778135,190.2413793103448,191.7567567567567,194.04
190.0225563909775,190.2499999999999,188.9447852760736,187.4736842105263,185.5428571428571,185.6923076923077,186.7588424437299,190.2931034482759,191.7837837837838,194.08
190.015037593985,190.2499999999999,188.9386503067485,187.5263157894737,185.6285714285714,185.7179487179487,186.7556270096463,190.3448275862069,191.8108108108108,194.12
190.0075187969925,190.2499999999999,188.9325153374233,187.5789473684211,185.7142857142857,185.7435897435898,186.7524115755627,190.396551724138,191.8378378378378,194.16
190,190.2499999999999,188.9263803680981,187.6315789473684,185.8,185.7692307692308,186.7491961414791,190.448275862069,191.8648648648649,194.2
189.9790794979079,190.2499999999999,188.920245398773,187.6842105263158,185.8857142857143,185.7948717948718,186.7459807073955,190.5,191.8918918918919,194.24
189.9581589958159,190.2499999999999,188.9141104294478,187.7368421052632,185.9714285714286,185.8205128205128,186.742791565318,190.551724137931,191.9189189189189,194.28
189.9372384937238,190.2499999999999,188.9079754601227,187.7894736842105,186.0571428571429,185.8461538461538,186.7713638239849,190.6034482758621,191.9459459459459,194.32
189.9163179916318,190.2499999999999,188.9018404907975,187.8421052631579,186.1428571428572,185.8717948717949,186.7999360826518,190.6551724137931,191.972972972973,194.36
189.8953974895397,190.2499999999999,188.8957055214724,187.8947368421053,186.2285714285714,185.8974358974359,186.8285083413186,190.7068965517241,192,194.4
189.8744769874477,190.2499999999999,188.8895705521472,187.9473684210526,186.3142857142857,185.9230769230769,186.8570805999855,190.7586206896552,192.04,194.44
189.8535564853557,190.2499999999999,188.8834355828221,188,186.4,185.948717948718,186.8856528586523,190.8103448275862,192.08,194.48
189.8326359832636,190.2499999999999,188.8773006134969,188,186.4857142857143,185.974358974359,186.9142251173192,190.8620689655172,192.12,194.52
189.8117154811716,190.2499999999999,188.8711656441718,188,186.5714285714286,186,186.9427973759861,190.9137931034483,192.16,194.56
189.7907949790795,190.2499999999999,188.8650306748466,188,186.6571428571428,186.0461538461539,186.9713696346529,190.9655172413793,192.2,194.6
189.7698744769874,190.2499999999999,188.8588957055214,188,186.7428571428571,186.0923076923077,186.9999418933198,191.0172413793103,192.24,194.64
189.7489539748954,190.2499999999999,188.8527607361963,188,186.8285714285714,186.1384615384615,187.0285141519867,191.0689655172414,192.28,194.68
189.7280334728033,190.2499999999999,188.8466257668711,188,186.9142857142857,186.1846153846154,187.0570864106535,191.1206896551724,192.32,194.72
189.7071129707113,190.2499999999999,188.840490797546,188,187,186.2307692307692,187.0856586693204,191.1724137931034,192.36,194.76
189.6861924686192,190.2499999999999,188.8343558282208,188,187.0263157894737,186.2769230769231,187.1142309279872,191.2241379310345,192.4,194.8
189.6652719665272,190.2499999999999,188.8282208588957,188,187.0526315789474,186.3230769230769,187.1428031866541,191.2758620689655,192.44,194.84
189.6443514644351,190.2499999999999,188.8220858895705,188,187.0789473684211,186.3692307692308,187.1713754453209,191.3275862068966,192.48,194.88
189.6234309623431,190.2499999999999,188.8159509202454,188,187.1052631578947,186.4153846153846,187.1999477039878,191.3793103448276,192.52,194.92
189.602510460251,190.2499999999999,188.8098159509202,188,187.1315789473684,186.4615384615385,187.2285199626547,191.4310344827586,192.56,194.96
189.581589958159,190.2499999999999,188.8036809815951,188,187.1578947368421,186.5076923076923,187.2570922213215,191.4827586206897,192.6,195
189.5606694560669,190.2499999999999,188.7975460122699,188,187.1842105263158,186.5538461538462,187.2856644799884,191.5344827586207,192.64,195
189.5397489539749,190.2499999999999,188.7914110429448,188,187.2105263157895,186.6,187.3142367386553,191.5862068965517,192.68,195
189.5188284518828,190.2499999999999,188.7852760736196,188,187.2368421052632,186.6461538461539,187.3428089973221,191.6379310344828,192.72,195
189.4979079497908,190.2499999999999,188.7791411042944,188,187.2631578947368,186.6923076923077,187.371381255989,191.6896551724138,192.76,195
189.4769874476987,190.2499999999999,188.7730061349693,188,187.2894736842105,186.7384615384615,187.3999535146558,191.7413793103448,192.8,195
189.4560669456067,190.2499999999999,188.7668711656441,188,187.3157894736842,186.7846153846154,187.4285257733227,191.7931034482759,192.84,195
189.4351464435146,190.2499999999999,188.760736196319,188,187.3421052631579,186.8307692307692,187.4570980319895,191.8448275862069,192.88,195
189.4142259414226,190.2499999999999,188.7546012269938,188,187.3684210526316,186.8769230769231,187.4856702906564,191.8965517241379,192.92,195
189.3933054393305,190.2499999999999,188.7545454545454,188,187.3947368421053,186.9230769230769,187.5142425493233,191.948275862069,192.96,195
189.3723849372385,190.2456140350877,188.7727272727272,188,187.421052631579,186.9692307692308,187.5428148079901,192,193,195
189.3514644351464,190.2397660818713,188.790909090909,188,187.4473684210526,187.0153846153846,187.571387066657,192,193.04,195
189.3305439330543,190.2339181286549,188.8090909090909,188,187.4736842105263,187.0615384615385,187.5999593253239,192,193.08,195
189.3096234309623,190.2280701754385,188.8272727272727,188,187.5,187.1076923076923,187.6285315839907,192,193.12,195
189.2887029288702,190.2222222222222,188.8454545454545,188,187.5263157894737,187.1538461538461,187.6571038426576,192,193.16,195
189.2677824267782,190.2163742690058,188.8636363636363,188,187.5526315789474,187.2,187.6856761013244,192,193.2,195
189.2468619246862,190.2105263157894,188.8818181818181,188,187.578947368421,187.2461538461538,187.7142483599913,192,193.24,195
189.2259414225941,190.204678362573,188.8999999999999,188,187.6052631578947,187.2923076923077,187.7428206186582,192,193.28,195
189.2050209205021,190.1988304093567,188.9181818181818,188,187.6315789473684,187.3384615384616,187.771392877325,192,193.32,195
189.18410041841,190.1929824561403,188.9363636363636,188,187.6578947368421,187.3846153846154,187.7999651359919,192,193.36,195
189.163179916318,190.1871345029239,188.9545454545454,188,187.6842105263158,187.4307692307692,187.8285373946587,192,193.4,195
189.1422594142259,190.1812865497076,188.9727272727272,188,187.7105263157895,187.4769230769231,187.8571096533256,192,193.44,195
189.1213389121338,190.1754385964912,188.990909090909,188,187.7368421052632,187.5230769230769,187.8856819119924,192,193.48,195
189.1004184100418,190.1695906432748,189.0090909090908,188,187.7631578947368,187.5692307692308,187.9142541706593,192,193.52,195
189.0794979079497,190.1637426900584,189.0272727272727,188,187.7894736842105,187.6153846153846,187.9428264293262,192,193.56,195
189.0585774058577,190.1578947368421,189.0454545454545,188,187.8157894736842,187.6615384615384,187.971398687993,192,193.6,195
189.0376569037657,190.1520467836257,189.0636363636363,188,187.8421052631579,187.7076923076923,187.9999709466599,192,193.64,195
189.0167364016736,190.1461988304093,189.0818181818181,188,187.8684210526316,187.7538461538462,188.0285432053267,192,193.68,195
188.9958158995815,190.1403508771929,189.1,188,187.8947368421053,187.8,188.0571154639936,192,193.72,195
188.9748953974895,190.1345029239766,189.1181818181818,188,187.921052631579,187.8461538461538,188.0856877226605,192,193.76,195
188.9539748953975,190.1286549707602,189.1363636363636,188,187.9473684210526,187.8923076923077,188.1142599813273,192,193.8,195
188.9330543933054,190.1228070175438,189.1545454545454,188.0833333333333,187.9736842105263,187.9384615384615,188.1428322399942,192,193.84,195
188.9121338912134,190.1169590643275,189.1727272727272,188.1666666666667,188,187.9846153846154,188.171404498661,192,193.88,195
188.8912133891213,190.1111111111111,189.190909090909,188.25,188.025641025641,188.0307692307692,188.1999767573279,192,193.92,195
188.8702928870292,190.1052631578947,189.2090909090909,188.3333333333333,188.0512820512821,188.0769230769231,188.2285490159948,192,193.96,195
188.8493723849372,190.0994152046783,189.2272727272727,188.4166666666667,188.0769230769231,188.1230769230769,188.2571212746616,192,194,195
188.8284518828451,190.093567251462,189.2454545454545,188.5,188.1025641025641,188.1692307692308,188.2856935333285,192,194.0053475935829,195
188.8075313807531,190.0877192982456,189.2794117647058,188.5833333333333,188.1282051282051,188.2153846153846,188.3142657919954,192,194.0106951871658,195
188.786610878661,190.0818713450292,189.3186274509804,188.6666666666667,188.1538461538461,188.2615384615385,188.3428380506622,192,194.0160427807486,195
188.765690376569,190.0760233918128,189.3578431372548,188.75,188.1794871794872,188.3076923076923,188.3714103093291,192,194.0213903743316,195
188.7453416149067,190.0701754385965,189.3970588235293,188.8333333333333,188.2051282051282,188.3538461538461,188.3999825679959,192,194.0267379679144,195
188.7267080745341,190.0643274853801,189.4362745098039,188.9166666666667,188.2307692307692,188.4,188.4285548266628,192,194.0320855614973,194.9756097560976
188.7080745341614,190.0584795321637,189.4754901960784,189,188.2564102564103,188.4461538461539,188.4571270853297,192,194.0374331550802,194.9512195121951
188.6894409937888,190.0526315789473,189.5147058823529,189,188.2820512820513,188.4923076923077,188.4856993439965,192,194.0427807486631,194.9268292682927
188.6708074534161,190.046783625731,189.5539215686274,189,188.3076923076923,188.5384615384615,188.5142716026634,192,194.048128342246,194.9024390243903
188.6521739130434,190.0409356725146,189.5931372549019,189,188.3333333333333,188.5846153846154,188.5428438613303,192,194.0534759358289,194.8780487804878
188.6335403726708,190.0350877192982,189.6323529411764,189,188.3589743589744,188.6307692307692,188.5714161199971,192,194.0588235294117,194.8536585365854
188.6149068322981,190.0292397660818,189.6715686274509,189,188.3846153846154,188.6769230769231,188.5999883786639,192,194.0641711229946,194.8292682926829
188.5962732919254,190.0233918128655,189.7107843137254,189,188.4102564102564,188.7230769230769,188.6285606373308,192,194.0695187165775,194.8048780487805
188.5776397515527,190.0175438596491,189.7499999999999,189,188.4358974358974,188.7692307692308,188.6571328959977,192,194.0748663101604,194.780487804878
188.5590062111801,190.0116959064327,189.7892156862745,189,188.4615384615385,188.8153846153846,188.6857051546645,192,194.0802139037433,194.7560975609756
188.5403726708074,190.0058479532163,189.8284313725489,189,188.4871794871795,188.8615384615385,188.7142774133314,192,194.0855614973262,194.7317073170732
188.5217391304348,190,189.8676470588235,189,188.5128205128205,188.9076923076923,188.7428496719983,192,194.0909090909091,194.7073170731707
188.5031055900621,189.9736842105263,189.906862745098,189.0434782608696,188.5384615384615,188.9538461538462,188.7714219306651,192,194.0962566844919,194.6829268292683
188.4844720496894,189.9473684210527,189.9460784313725,189.0869565217392,188.5641025641026,189,188.799994189332,192,194.1016042780748,194.6585365853659
188.4658385093167,189.9210526315789,189.985294117647,189.1304347826087,188.5897435897436,188.9857142857143,188.8285664479988,192,194.1069518716577,194.6341463414634
188.4472049689441,189.8947368421053,190.0245098039215,189.1739130434783,188.6153846153846,188.9714285714286,188.8571387066657,192,194.1122994652406,194.609756097561
188.4285714285714,189.8684210526316,190.063725490196,189.2173913043478,188.6410256410256,188.9571428571429,188.8857109653325,192,194.1176470588235,194.5853658536585
188.4099378881987,189.8421052631579,190.1029411764706,189.2608695652174,188.6666666666667,188.9428571428571,188.9142832239994,192,194.1229946524064,194.5609756097561
188.3913043478261,189.8157894736842,190.142156862745,189.304347826087,188.6923076923077,188.9285714285714,188.9428554826663,192,194.1283422459893,194.5365853658537
188.3726708074534,189.7894736842105,190.1813725490195,189.3478260869565,188.7179487179487,188.9142857142857,188.9714277413331,192,194.1336898395722,194.5121951219512
188.3287790216732,189.7631578947368,190.2205882352941,189.3913043478261,188.7435897435898,188.9,189,192,194.1390374331551,194.4878048780488
188.2755059835659,189.7368421052632,190.2558139534883,189.4347826086957,188.7692307692308,188.8857142857143,188.9861111111111,192,194.144385026738,194.4634146341463
188.2222329454585,189.7105263157895,190.2790697674418,189.4782608695652,188.7948717948718,188.8714285714286,188.9722222222222,192,194.1497326203208,194.4390243902439
188.1689599073512,189.6842105263158,190.3023255813953,189.5217391304348,188.8205128205128,188.8571428571429,188.9583333333333,192,194.1550802139037,194.4146341463415
188.1156868692439,189.6578947368421,190.3255813953488,189.5652173913043,188.8461538461538,188.8428571428571,188.9444444444445,192,194.1604278074866,194.390243902439
188.0624138311366,189.6315789473684,190.3488372093023,189.6086956521739,188.8717948717949,188.8285714285714,188.9305555555555,192,194.1657754010695,194.3658536585366
188.0091407930292,189.6052631578947,190.3720930232558,189.6521739130435,188.8974358974359,188.8142857142857,188.9166666666667,192,194.1711229946524,194.3414634146341
187.9558677549219,189.5789473684211,190.3953488372092,189.695652173913,188.9230769230769,188.8,188.9027777777778,192,194.1764705882352,194.3170731707317
187.9025947168146,189.5526315789474,190.4186046511628,189.7391304347826,188.948717948718,188.7857142857143,188.8888888888889,192,194.1818181818181,194.2926829268293
187.8493216787073,189.5263157894737,190.4418604651162,189.7826086956522,188.9743589743589,188.7714285714286,188.875,192,194.187165775401,194.2682926829268
187.7960486406,189.5,190.4651162790697,189.8260869565217,189,188.7571428571429,188.8611111111111,192,194.1925133689839,194.2439024390244
187.7427756024927,189.4736842105263,190.4883720930232,189.8695652173913,189,188.7428571428572,188.8472222222222,192,194.1978609625668,194.219512195122
187.6895025643853,189.4473684210526,190.5116279069767,189.9130434782609,189,188.7285714285714,188.8333333333333,192,194.2032085561497,194.1951219512195
187.636229526278,189.4210526315789,190.5348837209302,189.9565217391304,189,188.7142857142857,188.8194444444445,192,194.2085561497326,194.1707317073171
187.5829564881707,189.3947368421053,190.5581395348837,190,189,188.7,188.8055555555555,192,194.2139037433155,194.1463414634146
187.5296834500634,189.3684210526316,190.5813953488372,190,189,188.6857142857143,188.7916666666667,192,194.2192513368983,194.1219512195122
187.4764104119561,189.3421052631579,190.6046511627907,190,189,188.6714285714285,188.7777777777778,192,194.2245989304812,194.0975609756098
187.4231373738487,189.3157894736842,190.6279069767442,190,189,188.6571428571428,188.7638888888889,192,194.2299465240641,194.0731707317073
187.3698643357414,189.2894736842105,190.6511627906976,190,189,188.6428571428572,188.75,191.9642857142857,194.235294117647,194.0487804878049
187.3165912976341,189.2631578947368,190.6744186046511,190,189,188.6285714285714,188.7361111111111,191.9285714285714,194.2406417112299,194.0243902439024
187.2633182595268,189.2368421052632,190.6976744186046,190,189,188.6142857142857,188.7222222222222,191.8928571428572,194.2459893048128,194
187.1932773109243,189.2105263157895,190.7209302325581,190,189,188.6,188.7083333333333,191.8571428571429,194.2390109890109,193.9655172413793
187.1176470588235,189.1842105263158,190.7441860465116,190,189,188.5857142857143,188.6944444444445,191.8214285714286,194.1950549450549,193.9310344827586
187.0420168067226,189.1578947368421,190.7674418604651,190,189,188.5714285714286,188.6805555555555,191.7857142857143,194.1510989010988,193.8965517241379
186.9663865546218,189.1315789473684,190.7906976744186,190,189,188.5571428571428,188.6666666666667,191.75,194.1071428571428,193.8620689655172
186.890756302521,189.1052631578947,190.8139534883721,190,189,188.5428571428571,188.6527777777778,191.7142857142857,194.0631868131867,193.8275862068965
186.8151260504201,189.0789473684211,190.8372093023256,190,189,188.5285714285714,188.6388888888889,191.6785714285714,194.0192307692307,193.7931034482759
186.7394957983193,189.0526315789474,190.8604651162791,190,189,188.5142857142857,188.625,191.6428571428571,193.9752747252747,193.7586206896552
186.6638655462185,189.0263157894737,190.8837209302326,190,189,188.5,188.6111111111111,191.6071428571429,193.9313186813186,193.7241379310345
186.5882352941176,189,190.906976744186,190,189,188.4857142857143,188.5972222222222,191.5714285714286,193.8873626373626,193.6896551724138
186.5126050420168,188.9230769230769,190.9302325581395,190,189,188.4714285714286,188.5833333333333,191.5357142857143,193.8434065934065,193.6551724137931
186.4369747899159,188.8461538461538,190.953488372093,190,189,188.4571428571429,188.5694444444445,191.5,193.7994505494505,193.6206896551724
186.3613445378151,188.7692307692308,190.9767441860465,190,189,188.4428571428572,188.5555555555555,191.4642857142857,193.7554945054945,193.5862068965517
186.2857142857142,188.6923076923077,191,190,189,188.4285714285714,188.5416666666667,191.4285714285714,193.7115384615384,193.551724137931
186.2100840336134,188.6153846153846,190.9798657718121,190,189,188.4142857142857,188.5277777777778,191.3928571428572,193.6675824175824,193.5172413793103
186.1344537815126,188.5384615384615,190.9597315436241,190,189,188.4,188.5138888888889,191.3571428571428,193.6236263736263,193.4827586206897
186.0588235294117,188.4615384615385,190.9395973154362,190,189,188.3857142857143,188.5,191.3214285714286,193.5796703296703,193.448275862069
185.9831932773109,188.3846153846154,190.9194630872483,190,189,188.3714285714286,188.4861111111111,191.2857142857143,193.5357142857142,193.4137931034483
185.90756302521,188.3076923076923,190.8993288590604,190,189,188.3571428571429,188.4722222222222,191.25,193.4917582417582,193.3793103448276
185.8319327731092,188.2307692307692,190.8791946308725,190,189,188.3428571428572,188.4583333333333,191.2142857142857,193.4478021978022,193.3448275862069
185.7563025210084,188.1538461538461,190.8590604026846,190,189,188.3285714285714,188.4444444444445,191.1785714285714,193.4038461538461,193.3103448275862
185.6806722689075,188.0769230769231,190.8389261744966,190,189,188.3142857142857,188.4305555555555,191.1428571428571,193.35989010989,193.2758620689655
185.6050420168067,188,190.8187919463087,190,189,188.3,188.4166666666667,191.1071428571429,193.315934065934,193.2413793103448
185.5294117647059,187.9230769230769,190.7986577181208,190,189,188.2857142857143,188.4027777777778,191.0714285714286,193.2719780219779,193.2068965517241
185.453781512605,187.8461538461539,190.7785234899329,190,189,188.2714285714286,188.3888888888889,191.0357142857143,193.2280219780219,193.1724137931034
185.3781512605042,187.7692307692308,190.7583892617449,190,189,188.2571428571429,188.375,191,193.1840659340659,193.1379310344828
185.3025210084033,187.6923076923077,190.738255033557,190,189,188.2428571428571,188.3611111111111,190.9285714285714,193.1401098901098,193.1034482758621
185.2268907563025,187.6153846153846,190.7181208053691,190,189,188.2285714285714,188.3472222222222,190.8571428571429,193.0961538461538,193.0689655172414
185.1512605042017,187.5384615384615,190.6979865771812,190,189,188.2142857142857,188.3333333333333,190.7857142857143,193.0521978021977,193.0344827586207
185.0756302521008,187.4615384615385,190.6778523489933,190,189,188.2,188.3194444444444,190.7142857142857,193.0082417582417,193
185,187.3846153846154,190.6577181208053,190,189,188.1857142857143,188.3055555555555,190.6428571428571,192.9642857142857,192.8888888888889
184.8965517241379,187.3076923076923,190.6375838926174,190,189,188.1714285714286,188.2916666666667,190.5714285714286,192.9203296703296,192.7777777777778
184.7931034482759,187.2307692307692,190.6174496644295,190,189,188.1571428571428,188.2777777777778,190.5,192.8763736263736,192.6666666666667
184.6896551724138,187.1538461538461,190.5973154362416,190,189,188.1428571428571,188.2638888888889,190.4285714285714,192.8324175824175,192.5555555555555
184.5862068965517,187.0769230769231,190.5771812080537,190,189,188.1285714285714,188.25,190.3571428571429,192.7884615384615,192.4444444444445
184.4827586206897,187,190.5570469798657,190,189,188.1142857142857,188.2361111111111,190.2857142857143,192.7445054945054,192.3333333333333
184.3793103448276,186.9230769230769,190.5369127516778,190,189,188.1,188.2222222222222,190.2142857142857,192.7005494505494,192.2222222222222
184.2758620689655,186.8461538461539,190.5167785234899,190,189,188.0857142857143,188.2083333333333,190.1428571428571,192.6565934065933,192.1111111111111
184.1724137931034,186.7692307692308,190.496644295302,190,189,188.0714285714286,188.1944444444445,190.0714285714286,192.6126373626373,192
184.0689655172414,186.6923076923077,190.476510067114,190,189,188.0571428571429,188.1805555555555,190,192.5686813186813,191.8888888888889
183.9655172413793,186.6153846153846,190.4563758389261,190,189,188.0428571428571,188.1666666666667,189.9285714285714,192.5247252747252,191.7777777777778
183.8620689655172,186.5384615384615,190.4362416107382,190,189,188.0285714285714,188.1527777777778,189.8571428571429,192.4807692307692,191.6666666666667
183.7586206896552,186.4615384615385,190.4161073825503,190,189,188.0142857142857,188.1388888888889,189.7857142857143,192.4368131868131,191.5555555555555
183.6551724137931,186.3846153846154,190.3959731543624,189.95,189,188,188.125,189.7142857142857,192.3928571428571,191.4444444444445
183.551724137931,186.3076923076923,190.3758389261745,189.9,189,188,188.1111111111111,189.6428571428571,192.348901098901,191.3333333333333
183.448275862069,186.2307692307692,190.3557046979865,189.85,189,188,188.0972222222222,189.5714285714286,192.304945054945,191.2222222222222
183.3448275862069,186.1538461538462,190.3355704697986,189.8,189,188,188.0833333333333,189.5,192.2609890109889,191.1111111111111
183.2413793103448,186.0769230769231,190.3154362416107,189.75,189,188,188.0694444444445,189.4285714285714,192.215909090909,191
183.1379310344828,186,190.2953020134227,189.7,189,188,188.0555555555555,189.3571428571429,192.1704545454545,190.8888888888889
183.0344827586207,185.9444444444445,190.2751677852348,189.65,189,188,188.0416666666667,189.2857142857143,192.1249999999999,190.7777777777778
182.9310344827586,185.8888888888889,190.2550335570469,189.6,189,188,188.0277777777778,189.2142857142857,192.0795454545454,190.6666666666667
182.8275862068966,185.8333333333333,190.204081632653,189.55,189,188,188.0138888888889,189.1428571428571,192.0340909090908,190.5555555555555
182.7241379310345,185.7777777777778,190.1428571428571,189.5,189,188,188,189.0714285714286,191.9886363636363,190.4444444444445
182.6206896551724,185.7222222222222,190.0816326530612,189.45,189,188,187.9705882352941,189,191.9431818181818,190.3333333333333
182.5172413793103,185.6666666666667,190.0204081632652,189.4,189,188,187.9411764705882,188.9705882352941,191.8977272727272,190.2222222222222
182.4137931034483,185.6111111111111,189.9591836734693,189.35,189,188,187.9117647058823,188.9411764705882,191.8522727272727,190.1111111111111
182.3103448275862,185.5555555555555,189.8979591836734,189.3,189,188,187.8823529411765,188.9117647058823,191.8068181818181,190
182.2068965517241,185.5,189.8367346938775,189.25,189,188,187.8529411764706,188.8823529411765,191.7613636363636,189.8888888888889
182.1034482758621,185.4444444444445,189.7755102040816,189.2,189,188,187.8235294117647,188.8529411764706,191.6951219512194,189.7777777777778
182,185.3888888888889,189.7142857142857,189.15,189,188,187.7941176470588,188.8235294117647,191.6219512195122,189.6666666666667
181.8865979381443,185.3333333333333,189.6530612244897,189.1,189,188,187.7647058823529,188.7941176470588,191.5487804878048,189.5555555555555
181.7731958762886,185.2777777777778,189.5918367346938,189.05,189,188,187.7352941176471,188.7647058823529,191.4756097560975,189.4444444444445
181.659793814433,185.2222222222222,189.5306122448979,189,189,188,187.7058823529412,188.7352941176471,191.4024390243902,189.3333333333333
181.5463917525773,185.1666666666667,189.469387755102,189.0454545454545,189,188,187.6764705882353,188.7058823529412,191.3292682926829,189.2222222222222
181.4329896907217,185.1111111111111,189.4081632653061,189.0909090909091,189,188,187.6470588235294,188.6764705882353,191.2560975609755,189.1111111111111
181.3195876288659,185.0555555555555,189.3469387755102,189.1363636363636,189,188,187.6176470588235,188.6470588235294,191.1829268292682,189
181.2061855670103,185,189.2857142857142,189.1818181818182,189,188,187.5882352941177,188.6176470588235,191.1097560975609,188.8888888888889
181.0927835051546,184.9444444444445,189.2244897959183,189.2272727272727,189,188,187.5588235294118,188.5882352941177,191.0365853658536,188.7777777777778
180.979381443299,184.8888888888889,189.1632653061224,189.2727272727273,189,188,187.5294117647059,188.5588235294118,190.9634146341463,188.6666666666667
180.8659793814433,184.8333333333333,189.1020408163265,189.3181818181818,189,188,187.5,188.5294117647059,190.890243902439,188.5555555555555
180.7525773195876,184.7777777777778,189.0408163265306,189.3636363636364,189,188,187.4705882352941,188.5,190.8170731707316,188.4444444444445
180.6391752577319,184.7222222222222,188.9795918367347,189.4090909090909,189,188,187.4411764705882,188.4705882352941,190.7439024390243,188.3333333333333
180.5257731958762,184.6666666666667,188.9183673469387,189.4545454545454,189,188,187.4117647058823,188.4411764705882,190.670731707317,188.2222222222222
180.4123711340206,184.6111111111111,188.8571428571428,189.5,189,188,187.3823529411765,188.4117647058823,190.5975609756097,188.1111111111111
180.2989690721649,184.5555555555555,188.7959183673469,189.5454545454546,189,188,187.3529411764706,188.3823529411765,190.5243902439024,188
180.1855670103092,184.5,188.734693877551,189.5909090909091,189,188,187.3235294117647,188.3529411764706,190.4512195121951,187.8888888888889
180.0721649484536,184.4444444444445,188.6734693877551,189.6363636363636,189,188,187.2941176470588,188.3235294117647,190.3780487804877,187.7777777777778
179.9587628865979,184.3888888888889,188.6122448979592,189.6818181818182,189,188,187.2647058823529,188.2941176470588,190.3048780487804,187.6666666666667
179.8453608247422,184.3333333333333,188.5510204081633,189.7272727272727,189,188,187.2352941176471,188.2647058823529,190.2356687898089,187.5555555555555
179.7319587628866,184.2777777777778,188.4897959183673,189.7727272727273,189,188,187.2058823529412,188.2352941176471,190.1783439490445,187.4444444444445
179.6185567010309,184.2222222222222,188.4285714285714,189.8181818181818,189,188,187.1764705882353,188.2058823529412,190.1210191082802,187.3333333333333
179.5051546391752,184.1666666666667,188.3673469387755,189.8636363636364,189,188,187.1470588235294,188.1764705882353,190.0636942675159,187.2222222222222
179.3917525773196,184.1111111111111,188.3061224489796,189.9090909090909,189,188,187.1176470588235,188.1470588235294,190.0063694267515,187.1111111111111
179.2783505154638,184.0555555555555,188.2448979591837,189.9545454545455,189,188,187.0882352941177,188.1176470588235,189.9490445859872,187
179.1509433962264,184,188.1836734693877,190,188.9655172413793,188,187.0588235294118,188.0882352941177,189.8917197452229,186.8484848484849
179.0188679245283,183.9032258064516,188.1224489795918,189.9166666666667,188.9310344827586,188,187.0294117647059,188.0588235294118,189.8343949044586,186.6969696969697
178.8867924528302,183.8064516129032,188.0612244897959,189.8333333333333,188.8965517241379,188,187,188.0294117647059,189.7770700636942,186.5454545454546
178.754716981132,183.7096774193548,188,189.75,188.8620689655172,188,186.9782608695652,188,189.7197452229299,186.3939393939394
178.6226415094339,183.6129032258064,187.875,189.6666666666667,188.8275862068966,188,186.9565217391304,187.9411764705882,189.6624203821656,186.2424242424242
178.4905660377358,183.5161290322581,187.75,189.5833333333333,188.7931034482759,188,186.9347826086957,187.8823529411765,189.6050955414012,186.0909090909091
178.3584905660377,183.4193548387097,187.625,189.5,188.7586206896552,188,186.9130434782609,187.8235294117647,189.5477707006369,185.9393939393939
178.2264150943396,183.3225806451613,187.5,189.4166666666667,188.7241379310345,188,186.8913043478261,187.7647058823529,189.4904458598726,185.7878787878788
178.0943396226414,183.2258064516129,187.375,189.3333333333333,188.6896551724138,188,186.8695652173913,187.7058823529412,189.4331210191083,185.6363636363636
177.9622641509433,183.1290322580645,187.25,189.25,188.6551724137931,188,186.8478260869565,187.6470588235294,189.3757961783439,185.4848484848485
177.8301886792452,183.0322580645161,187.125,189.1666666666667,188.6206896551724,188,186.8260869565217,187.5882352941177,189.3184713375796,185.3333333333333
177.6981132075471,182.9354838709677,187,189.0833333333333,188.5862068965517,188,186.804347826087,187.5294117647059,189.2611464968153,185.1818181818182
177.566037735849,182.8387096774194,186.875,189,188.551724137931,188,186.7826086956522,187.4705882352941,189.2038216560509,185.030303030303
177.4339622641509,182.741935483871,186.75,188.9166666666667,188.5172413793103,187.9466666666667,186.7608695652174,187.4117647058823,189.1464968152866,184.8787878787879
177.3018867924528,182.6451612903226,186.625,188.8333333333333,188.4827586206897,187.8933333333333,186.7391304347826,187.3529411764706,189.0891719745223,184.7272727272727
177.1698113207547,182.5483870967742,186.5,188.75,188.448275862069,187.84,186.7173913043478,187.2941176470588,189.0318471337579,184.5757575757576
177.0377358490566,182.4516129032258,186.375,188.6666666666667,188.4137931034483,187.7866666666667,186.695652173913,187.2352941176471,188.9745222929936,184.4242424242424
176.9056603773584,182.3548387096774,186.25,188.5833333333333,188.3793103448276,187.7333333333333,186.6739130434783,187.1764705882353,188.9171974522293,184.2727272727273
176.7735849056603,182.258064516129,186.125,188.5,188.3448275862069,187.68,186.6521739130435,187.1176470588235,188.8598726114649,184.1212121212121
176.6415094339622,182.1612903225806,186,188.4166666666667,188.3103448275862,187.6266666666667,186.6304347826087,187.0588235294118,188.8025477707006,183.969696969697
176.5094339622641,182.0645161290323,185.875,188.3333333333333,188.2758620689655,187.5733333333333,186.6086956521739,187,188.7452229299363,183.8181818181818
176.377358490566,181.9677419354839,185.75,188.25,188.2413793103448,187.52,186.5869565217391,186.9411764705882,188.687898089172,183.6666666666667
176.2452830188679,181.8709677419355,185.625,188.1666666666667,188.2068965517241,187.4666666666667,186.5652173913044,186.8823529411765,188.6305732484076,183.5151515151515
176.1132075471698,181.7741935483871,185.5,188.0833333333333,188.1724137931034,187.4133333333333,186.5434782608696,186.8235294117647,188.5732484076433,183.3636363636364
175.9811320754716,181.6774193548387,185.375,188,188.1379310344828,187.36,186.5217391304348,186.7647058823529,188.515923566879,183.2121212121212
175.8490566037735,181.5806451612903,185.25,187.921568627451,188.1034482758621,187.3066666666667,186.5,186.7058823529412,188.4585987261146,183.0606060606061
175.6973684210526,181.483870967742,185.125,187.843137254902,188.0689655172414,187.2533333333333,186.4782608695652,186.6470588235294,188.4012738853503,182.9090909090909
175.4868421052631,181.3870967741936,185,187.7647058823529,188.0344827586207,187.2,186.4565217391304,186.5882352941177,188.343949044586,182.7575757575758
175.2763157894736,181.2903225806452,184.875,187.6862745098039,188,187.1466666666666,186.4347826086957,186.5294117647059,188.2866242038216,182.6060606060606
175.0657894736842,181.1935483870968,184.75,187.6078431372549,187.953488372093,187.0933333333333,186.4130434782609,186.4705882352941,188.2292993630573,182.4545454545454
174.8552631578947,181.0967741935484,184.625,187.5294117647059,187.906976744186,187.04,186.3913043478261,186.4117647058823,188.171974522293,182.3030303030303
174.6447368421052,181,184.5,187.4509803921569,187.8604651162791,186.9866666666667,186.3695652173913,186.3529411764706,188.1146496815287,182.1515151515152
174.4342105263158,180.945945945946,184.375,187.3725490196078,187.8139534883721,186.9333333333333,186.3478260869565,186.2941176470588,188.0573248407643,182
174.2236842105262,180.8918918918919,184.25,187.2941176470588,187.7674418604651,186.88,186.3260869565217,186.2352941176471,188,181.8235294117647
174.0131578947368,180.8378378378378,184.125,187.2156862745098,187.7209302325581,186.8266666666667,186.304347826087,186.1764705882353,187.7575757575758,181.6470588235294
173.8026315789473,180.7837837837838,184,187.1372549019608,187.6744186046512,186.7733333333333,186.2826086956522,186.1176470588235,187.5151515151515,181.4705882352941
173.5921052631578,180.7297297297297,183.948275862069,187.0588235294118,187.6279069767442,186.72,186.2608695652174,186.0588235294118,187.2727272727273,181.2941176470588
173.3815789473684,180.6756756756757,183.8965517241379,186.9803921568627,187.5813953488372,186.6666666666667,186.2391304347826,186,187.0303030303031,181.1176470588235
173.1710526315789,180.6216216216216,183.8448275862069,186.9019607843137,187.5348837209303,186.6133333333333,186.2173913043478,186,186.7878787878788,180.9411764705882
172.9605263157894,180.5675675675676,183.7931034482758,186.8235294117647,187.4883720930233,186.56,186.195652173913,186,186.5454545454546,180.7647058823529
172.7499999999999,180.5135135135135,183.7413793103448,186.7450980392157,187.4418604651163,186.5066666666667,186.1739130434783,186,186.3030303030303,180.5882352941177
172.5394736842105,180.4594594594595,183.6896551724138,186.6666666666667,187.3953488372093,186.4533333333333,186.1521739130435,186,186.0606060606061,180.4117647058823
172.328947368421,180.4054054054054,183.6379310344827,186.5882352941177,187.3488372093023,186.4,186.1304347826087,186,185.8181818181818,180.2352941176471
172.1184210526315,180.3513513513514,183.5862068965517,186.5098039215686,187.3023255813953,186.3466666666667,186.1086956521739,186,185.5757575757576,180.0588235294118
171.9078947368421,180.2972972972973,183.5344827586206,186.4313725490196,187.2558139534884,186.2933333333333,186.0869565217391,186,185.3333333333333,179.8823529411765
171.6973684210526,180.2432432432432,183.4827586206896,186.3529411764706,187.2093023255814,186.24,186.0652173913043,186,185.0909090909091,179.7058823529412
171.4868421052631,180.1891891891892,183.4310344827586,186.2745098039215,187.1627906976744,186.1866666666667,186.0434782608696,186,184.8484848484848,179.5294117647059
171.2763157894736,180.1351351351351,183.3793103448275,186.1960784313726,187.1162790697674,186.1333333333333,186.0217391304348,186,184.6060606060606,179.3529411764706
171.0657894736842,180.0810810810811,183.3275862068965,186.1176470588235,187.0697674418605,186.08,186,186,184.3636363636364,179.1764705882353
170.8552631578947,180.027027027027,183.2758620689655,186.0392156862745,187.0232558139535,186.0266666666667,185.9782608695652,186,184.1212121212121,179
