155.9999999999999,156.9999999999999,158.9999999999999,159.754716981132,160.9557522123893,161.076923076923,161.6666666666666,155.9599999999999,158.0128205128204,158.7894736842104
156.1499999999999,156.9999999999999,159.0399999999999,159.7735849056603,161.0353982300884,161.1758241758241,161.7777777777777,156.0799999999999,158.1153846153845,158.9473684210525
156.2999999999999,156.9999999999999,159.0799999999999,159.7924528301886,161.1150442477875,161.2622950819671,161.8888888888888,156.1999999999999,158.2179487179486,159.1052631578946
156.4499999999999,157.0833333333332,159.1199999999999,159.8113207547169,161.1946902654867,161.3114754098359,161.9999999999999,156.3199999999999,158.3205128205127,159.2631578947367
156.5999999999999,157.1666666666666,159.1599999999999,159.8301886792452,161.2743362831858,161.3606557377048,162.111111111111,156.4399999999999,158.4230769230768,159.4210526315788
156.7499999999999,157.2499999999999,159.1999999999999,159.8490566037735,161.3539823008849,161.4098360655737,162.2222222222221,156.5599999999999,158.5256410256409,159.5789473684209
156.8999999999999,157.3333333333332,159.2399999999999,159.8679245283018,161.433628318584,161.4590163934425,162.3333333333333,156.6799999999999,158.628205128205,159.736842105263
157.0499999999999,157.4166666666665,159.2799999999999,159.8867924528301,161.5132743362831,161.5081967213114,162.4444444444444,156.7999999999999,158.7307692307691,159.8947368421051
157.1999999999999,157.4999999999999,159.3199999999999,159.9056603773584,161.5929203539822,161.5573770491802,162.5555555555555,156.9199999999999,158.8333333333332,160.0526315789473
157.3499999999999,157.5833333333332,159.3599999999999,159.9245283018867,161.6725663716813,161.6065573770491,162.6666666666666,157.0399999999999,158.9358974358973,160.2105263157894
157.4999999999999,157.6666666666666,159.3999999999999,159.943396226415,161.7522123893805,161.6557377049179,162.7777777777777,157.1599999999999,159.0384615384614,160.3684210526315
157.6499999999999,157.7499999999999,159.4399999999999,159.9622641509433,161.8318584070796,161.7049180327868,162.8888888888888,157.2799999999999,159.1410256410255,160.5263157894736
157.7999999999999,157.8333333333332,159.4799999999999,159.9811320754716,161.9115044247787,161.7540983606556,162.9999999999999,157.3999999999999,159.2435897435896,160.6842105263157
157.9499999999999,157.9166666666666,159.5199999999999,159.9999999999999,161.9911504424778,161.8032786885245,163.1111111111111,157.5199999999999,159.3461538461537,160.8421052631578
158.0999999999999,157.9999999999999,159.5599999999999,160.0841121495326,162.0707964601769,161.8524590163933,163.2222222222222,157.6399999999999,159.4487179487178,160.9999999999999
158.2499999999999,158.1666666666665,159.5999999999999,160.1682242990653,162.150442477876,161.9016393442622,163.2666666666666,157.7599999999999,159.5512820512819,161.0476190476189
158.3999999999999,158.3333333333332,159.6399999999999,160.252336448598,162.2300884955752,161.950819672131,163.2888888888888,157.8799999999999,159.653846153846,161.095238095238
158.5499999999999,158.4999999999999,159.6799999999999,160.3364485981307,162.2638888888888,161.9999999999999,163.3111111111111,157.9999999999999,159.7564102564101,161.1428571428571
158.6999999999999,158.6666666666666,159.7199999999999,160.4205607476634,162.2824074074074,162.0714285714284,163.3333333333333,158.2999999999999,159.8589743589743,161.1904761904761
158.8499999999999,158.8333333333332,159.7599999999999,160.5046728971961,162.3009259259259,162.1428571428571,163.3555555555555,158.5999999999999,159.9615384615383,161.2380952380951
158.9999999999999,158.9999999999999,159.7999999999999,160.5887850467289,162.3194444444444,162.2142857142856,163.3777777777777,158.8999999999999,160.0641025641025,161.2857142857142
159.1249999999999,159.1666666666666,159.8399999999999,160.6728971962616,162.3379629629629,162.2857142857142,163.3999999999999,159.1999999999999,160.1666666666665,161.3333333333332
159.2499999999999,159.3333333333332,159.8799999999999,160.7570093457943,162.3564814814814,162.3571428571427,163.4222222222222,159.4999999999999,160.2692307692307,161.3809523809523
159.3749999999999,159.4999999999999,159.9199999999999,160.841121495327,162.3749999999999,162.4285714285713,163.4444444444444,159.7999999999999,160.3717948717947,161.4285714285713
159.4999999999999,159.6666666666666,159.9599999999999,160.9252336448597,162.3935185185184,162.4999999999999,163.4666666666666,160.0999999999999,160.4743589743589,161.4761904761904
159.6249999999999,159.8333333333332,159.9999999999999,161.0093457943924,162.412037037037,162.5714285714285,163.4888888888888,160.3999999999999,160.576923076923,161.5238095238094
159.7499999999999,159.9999999999999,160.0714285714285,161.0934579439252,162.4305555555555,162.6428571428571,163.5111111111111,160.6999999999999,160.6794871794871,161.5714285714284
159.8749999999999,159.9189189189188,160.142857142857,161.1775700934579,162.449074074074,162.7142857142856,163.5333333333333,160.9999999999999,160.7820512820512,161.6190476190475
159.9999999999999,159.8378378378378,160.2142857142856,161.2616822429906,162.4675925925925,162.7857142857142,163.5555555555555,161.0833333333332,160.8846153846153,161.6666666666665
160.1249999999999,159.7567567567567,160.2857142857142,161.3457943925233,162.486111111111,162.8571428571428,163.5777777777777,161.1666666666665,160.9871794871794,161.7142857142856
160.2499999999999,159.6756756756756,160.3571428571427,161.429906542056,162.5046296296296,162.9285714285714,163.5999999999999,161.2499999999999,161.0897435897435,161.7619047619046
160.3749999999999,159.5945945945945,160.4285714285713,161.5140186915887,162.5231481481481,162.9999999999999,163.6222222222222,161.3333333333332,161.1923076923076,161.8095238095237
160.4999999999999,159.5135135135134,160.4999999999999,161.5981308411214,162.5416666666666,163.0724637681159,163.6444444444444,161.4166666666665,161.2948717948717,161.8571428571427
160.6249999999999,159.4324324324324,160.5714285714284,161.6822429906541,162.5601851851851,163.1449275362318,163.6666666666666,161.4999999999999,161.3974358974358,161.9047619047618
160.7499999999999,159.3513513513513,160.642857142857,161.7663551401868,162.5787037037036,163.2173913043478,163.6888888888888,161.5833333333332,161.4999999999999,161.9523809523808
160.8749999999999,159.2702702702702,160.7142857142856,161.8504672897196,162.5972222222222,163.2898550724637,163.7111111111111,161.6666666666665,161.6055900621117,161.9999999999999
160.9999999999999,159.3749999999999,160.7857142857142,161.9345794392523,162.6157407407407,163.3623188405796,163.7333333333333,161.7499999999999,161.7111801242235,162.1666666666665
161.2592592592591,159.5416666666666,160.8571428571427,162.018691588785,162.6342592592592,163.4347826086956,163.7555555555555,161.8333333333332,161.8167701863353,162.3333333333332
161.5185185185184,159.7083333333333,160.9285714285713,162.1028037383177,162.6527777777777,163.5072463768115,163.7777777777777,161.9166666666665,161.9223602484471,162.4999999999999
161.7777777777777,159.7864077669902,160.9999999999999,162.1869158878504,162.6712962962962,163.5797101449274,163.8,161.9999999999999,162.0279503105589,162.6666666666666
162.0370370370369,159.8349514563106,161.0624999999999,162.2559523809523,162.6898148148148,163.6521739130434,163.8222222222222,162.0555555555554,162.1335403726707,162.8333333333332
162.2962962962962,159.883495145631,161.1249999999999,162.2797619047618,162.7083333333333,163.7246376811593,163.8444444444444,162.111111111111,162.2391304347825,162.9999999999999
162.5555555555554,159.9320388349514,161.1874999999999,162.3035714285714,162.7268518518518,163.7971014492753,163.8666666666666,162.1666666666666,162.3447204968943,163.1666666666666
162.7083333333332,159.9805825242718,161.2499999999999,162.3273809523809,162.7453703703703,163.8695652173912,163.8888888888889,162.2222222222221,162.4503105590061,163.3333333333333
162.5416666666666,160.0291262135922,161.3124999999999,162.3511904761904,162.7575757575757,163.9420289855071,163.9111111111111,162.2777777777777,162.5559006211179,163.4999999999999
162.3749999999999,160.0776699029125,161.3749999999999,162.3749999999999,162.7676767676767,164.0144927536231,163.9333333333333,162.3333333333333,162.6614906832297,163.6666666666666
162.2083333333332,160.1262135922329,161.4374999999999,162.3988095238095,162.7777777777777,164.086956521739,163.9555555555555,162.3888888888888,162.7670807453415,163.8333333333333
162.0416666666665,160.1747572815533,161.4999999999999,162.422619047619,162.7878787878787,164.1594202898549,163.9777777777777,162.4444444444443,162.8726708074533,163.9999999999999
161.8749999999999,160.2233009708737,161.5624999999999,162.4464285714285,162.7979797979797,164.2318840579709,163.9999999999999,162.4999999999999,162.9782608695651,164.1666666666666
161.7083333333332,160.2718446601941,161.6249999999999,162.470238095238,162.8080808080808,164.2409638554216,163.9629629629629,162.5555555555555,163.0838509316769,164.3333333333333
161.5416666666666,160.3203883495145,161.6874999999999,162.4940476190475,162.8181818181818,164.2289156626505,163.9259259259259,162.611111111111,163.1894409937887,164.4999999999999
161.3749999999999,160.3689320388349,161.7499999999999,162.5178571428571,162.8282828282828,164.2168674698794,163.8888888888888,162.6666666666666,163.2950310559005,164.6666666666666
161.2602739726026,160.4174757281552,161.8124999999999,162.5416666666666,162.8383838383838,164.2048192771083,163.8518518518518,162.7222222222222,163.4006211180123,164.8333333333333
161.3013698630136,160.4660194174756,161.8749999999999,162.5654761904761,162.8484848484848,164.1927710843372,163.8148148148148,162.7777777777777,163.5062111801241,164.9999999999999
161.3424657534246,160.514563106796,161.9374999999999,162.5892857142857,162.8585858585858,164.1807228915662,163.7777777777777,162.8333333333333,163.6118012422359,165.0624999999999
161.3835616438355,160.5631067961164,161.9999999999999,162.6130952380952,162.8686868686868,164.1686746987951,163.7407407407407,162.8888888888888,163.7173913043478,165.1249999999999
161.4246575342464,160.6116504854368,162.0588235294117,162.6369047619047,162.8787878787878,164.156626506024,163.7037037037036,162.9444444444444,163.8229813664595,165.1874999999999
161.4657534246574,160.6601941747572,162.1176470588234,162.6607142857142,162.8888888888888,164.1445783132529,163.6666666666666,162.9999999999999,163.9285714285713,165.2499999999999
161.5068493150684,160.7087378640776,162.1764705882352,162.6845238095237,162.8989898989898,164.1325301204818,163.6296296296296,162.9090909090908,164.0341614906831,165.3124999999999
161.5479452054793,160.7572815533979,162.235294117647,162.7083333333333,162.9090909090908,164.1204819277108,163.5925925925925,162.8181818181818,164.139751552795,165.3749999999999
161.5890410958903,160.8058252427184,162.2941176470587,162.7321428571428,162.9191919191919,164.1084337349397,163.5555555555555,162.7272727272726,164.2453416149067,165.4374999999999
161.6301369863012,160.8543689320387,162.3529411764705,162.7391304347826,162.9292929292929,164.0963855421686,163.5185185185185,162.6363636363636,164.3509316770185,165.4999999999999
161.6712328767122,160.9029126213591,162.4117647058823,162.695652173913,162.9393939393939,164.0843373493975,163.4814814814814,162.5454545454544,164.4565217391304,165.5624999999999
161.7123287671232,160.9514563106795,162.470588235294,162.6521739130434,162.9494949494949,164.0722891566264,163.4444444444444,162.4545454545454,164.5621118012422,165.6249999999999
161.7534246575341,160.9999999999999,162.5294117647058,162.6086956521739,162.9595959595959,164.0602409638554,163.4074074074073,162.3636363636363,164.667701863354,165.6874999999999
161.7945205479451,161.0447761194029,162.5882352941176,162.5652173913043,162.9696969696969,164.0481927710842,163.3703703703703,162.2727272727272,164.7732919254658,165.7499999999999
161.8356164383561,161.0895522388059,162.6470588235293,162.5217391304347,162.9797979797979,164.0361445783132,163.3333333333333,162.1818181818181,164.8788819875776,165.8124999999999
161.876712328767,161.1343283582088,162.7058823529411,162.4782608695651,162.9898989898989,164.0240963855421,163.2962962962962,162.090909090909,164.9844720496894,165.8749999999999
161.917808219178,161.1791044776118,162.7647058823529,162.4347826086956,162.9999999999999,164.012048192771,163.2592592592592,161.9999999999999,165.0900621118012,165.9374999999999
161.9589041095889,161.2238805970148,162.8235294117646,162.391304347826,162.9354838709677,163.9999999999999,163.2222222222222,162.1874999999999,165.195652173913,165.9999999999999
161.9999999999999,161.2686567164178,162.8823529411764,162.3478260869564,162.8709677419354,163.9583333333333,163.1851851851851,162.3749999999999,165.3012422360248,166.1666666666666
162.0714285714285,161.3134328358208,162.9411764705882,162.3043478260869,162.8064516129031,163.9166666666666,163.1481481481481,162.5624999999999,165.4068322981366,166.3333333333333
162.1428571428571,161.3582089552238,162.9999999999999,162.2608695652173,162.7419354838709,163.8749999999999,163.1111111111111,162.7499999999999,165.5124223602484,166.4999999999999
162.2142857142856,161.4029850746268,162.9523809523809,162.2173913043477,162.6774193548386,163.8333333333333,163.074074074074,162.9374999999999,165.6180124223602,166.6666666666666
162.2857142857142,161.4477611940298,162.9047619047618,162.1739130434782,162.6129032258064,163.7916666666666,163.037037037037,163.1249999999999,165.723602484472,166.8333333333333
162.3571428571427,161.4925373134328,162.8571428571428,162.1304347826086,162.5483870967741,163.7499999999999,162.9999999999999,163.3124999999999,165.7758620689655,166.9999999999999
162.4285714285713,161.5373134328357,162.8095238095237,162.086956521739,162.4838709677419,163.7083333333333,163.090909090909,163.4999999999999,165.8103448275861,167.1666666666666
162.4999999999999,161.5820895522387,162.7619047619047,162.0434782608694,162.4193548387096,163.6666666666666,163.1818181818181,163.6874999999999,165.8448275862068,167.3333333333333
162.5714285714285,161.6268656716417,162.7142857142856,161.9999999999999,162.3548387096774,163.6249999999999,163.2727272727272,163.8749999999999,165.8793103448275,167.4999999999999
162.6428571428571,161.6716417910447,162.6666666666666,161.8695652173912,162.2903225806451,163.5833333333333,163.3636363636363,164.0624999999999,165.9137931034482,167.6666666666666
162.7142857142856,161.7164179104477,162.6190476190475,161.7391304347825,162.2258064516128,163.5416666666666,163.4545454545454,164.2499999999999,165.9482758620689,167.8333333333333
162.7857142857142,161.7333333333333,162.5714285714285,161.6086956521738,162.1612903225806,163.4999999999999,163.5454545454545,164.4374999999999,165.9827586206896,167.9999999999999
162.8571428571428,161.6666666666666,162.5238095238094,161.4782608695651,162.0967741935483,163.4583333333333,163.6363636363636,164.6249999999999,166.0172413793103,168.0454545454545
162.9285714285714,161.5999999999999,162.4761904761904,161.3478260869564,162.032258064516,163.4166666666666,163.7272727272727,164.8124999999999,166.051724137931,168.090909090909
162.9999999999999,161.5333333333333,162.4285714285713,161.2173913043477,161.9677419354838,163.3749999999999,163.8181818181818,164.9999999999999,166.0862068965517,168.1363636363636
163.0666666666666,161.4666666666666,162.3809523809523,161.086956521739,161.9032258064515,163.3333333333333,163.9090909090908,165.1874999999999,166.1206896551724,168.1818181818181
163.1333333333333,161.3999999999999,162.3333333333332,160.9565217391303,161.8387096774193,163.2916666666666,163.9999999999999,165.3749999999999,166.155172413793,168.2272727272727
163.1999999999999,161.3333333333333,162.2857142857142,160.8260869565216,161.774193548387,163.2499999999999,163.9999999999999,165.5624999999999,166.1896551724138,168.2727272727272
163.2666666666666,161.2666666666666,162.2380952380951,160.6956521739129,161.7096774193547,163.2083333333333,163.9999999999999,165.7499999999999,166.2241379310344,168.3181818181818
163.3333333333333,161.1999999999999,162.1904761904761,160.5652173913043,161.6451612903225,163.1666666666666,163.9999999999999,165.9374999999999,166.3883495145631,168.3636363636363
163.3999999999999,161.1333333333333,162.142857142857,160.4347826086955,161.5806451612902,163.1249999999999,163.9999999999999,166.1249999999999,166.9417475728155,168.4090909090908
163.4666666666666,161.0666666666666,162.095238095238,160.3043478260868,161.516129032258,163.0833333333333,163.9999999999999,166.3124999999999,167.4951456310679,168.4545454545454
163.5333333333333,160.9999999999999,162.0476190476189,160.1739130434781,161.4516129032257,163.0416666666666,163.9999999999999,166.4999999999999,167.7222222222221,168.4999999999999
163.5999999999999,160.9333333333333,161.9999999999999,160.0434782608694,161.3870967741934,162.9999999999999,163.9999999999999,166.6874999999999,167.8333333333333,168.5454545454545
163.6666666666666,160.8666666666666,161.9499999999999,159.9130434782608,161.3225806451612,162.9565217391304,163.9999999999999,166.8749999999999,167.9444444444444,168.590909090909
163.7333333333333,160.8,161.8999999999999,159.7826086956521,161.2580645161289,162.9130434782608,163.9999999999999,167.0624999999999,168.0555555555555,168.6363636363636
163.8,160.7999999999999,161.8499999999999,159.6521739130434,161.1935483870967,162.8695652173913,163.9999999999999,167.2499999999999,168.1666666666666,168.6818181818181
163.8666666666666,160.9999999999999,161.7999999999999,159.5217391304347,161.1290322580644,162.8260869565217,163.9999999999999,167.4374999999999,168.2777777777777,168.7272727272727
163.9333333333333,161.2,161.7499999999999,159.391304347826,161.0645161290321,162.7826086956521,163.9999999999999,167.6249999999999,168.3888888888888,168.7727272727272
163.9999999999999,161.3999999999999,161.6999999999999,159.2608695652173,160.9999999999999,162.7391304347825,163.9999999999999,167.8124999999999,168.4999999999999,168.8181818181818
164.0714285714285,161.5999999999999,161.6499999999999,159.1304347826086,160.9545454545454,162.695652173913,163.9999999999999,167.9999999999999,168.6111111111111,168.8636363636363
164.1428571428571,161.8,161.5999999999999,158.9999999999999,160.9090909090908,162.6521739130434,163.9999999999999,168.090909090909,168.7222222222222,168.9090909090908
164.2142857142857,161.9999999999999,161.5499999999999,158.9411764705881,160.8636363636363,162.6086956521739,163.9999999999999,168.1818181818181,168.8333333333333,168.9545454545454
164.2857142857142,162.1999999999999,161.4999999999999,158.8823529411764,160.8181818181817,162.5652173913043,163.9999999999999,168.2727272727272,168.9444444444444,168.9999999999999
164.3571428571428,162.3999999999999,161.4499999999999,158.8235294117646,160.7727272727272,162.5217391304347,163.9999999999999,168.3636363636363,169.0555555555555,169.1599999999999
164.4285714285714,162.5999999999999,161.3999999999999,158.7647058823528,160.7272727272726,162.4782608695651,163.9999999999999,168.4545454545454,169.1666666666666,169.32
164.4999999999999,162.8,161.3499999999999,158.7058823529411,160.6818181818181,162.4347826086956,163.9999999999999,168.5454545454545,169.2777777777777,169.4799999999999
164.5714285714285,162.9999999999999,161.2999999999999,158.6470588235293,160.6363636363635,162.391304347826,163.9999999999999,168.6363636363636,169.3888888888888,169.6399999999999
164.6428571428571,163.1999999999999,161.2499999999999,158.5882352941175,160.590909090909,162.3478260869564,163.9999999999999,168.7272727272727,169.4999999999999,169.8
164.7142857142857,163.2499999999999,161.1999999999999,158.5294117647058,160.5454545454544,162.3043478260869,163.9999999999999,168.8181818181818,169.6228070175438,169.96
164.7857142857142,163.2499999999999,161.1499999999999,158.470588235294,160.4999999999999,162.2608695652173,163.9999999999999,168.9090909090908,169.7456140350877,170.1199999999999
164.8571428571428,163.2499999999999,161.0999999999999,158.4117647058822,160.4545454545453,162.2173913043477,163.9999999999999,168.9999999999999,169.8684210526315,170.2799999999999
164.9285714285714,163.2499999999999,161.0499999999999,158.3529411764705,160.4090909090908,162.1739130434781,163.9999999999999,169.095238095238,169.9912280701754,170.4399999999999
164.9999999999999,163.2499999999999,160.9999999999999,158.2941176470587,160.3636363636363,162.1304347826086,163.9752066115702,169.1904761904761,170.1140350877192,170.5999999999999
165.0447761194029,163.2499999999999,160.9130434782608,158.235294117647,160.3181818181817,162.086956521739,163.9504132231404,169.2857142857142,170.2368421052631,170.7599999999999
165.0895522388059,163.2499999999999,160.8260869565216,158.1764705882352,160.2727272727272,162.0434782608694,163.9256198347107,169.3809523809524,170.359649122807,170.9199999999999
165.1343283582089,163.2232142857142,160.7391304347825,158.1176470588234,160.2272727272726,161.9999999999999,163.9008264462809,169.4761904761904,170.4824561403508,171.08
165.1791044776119,163.1160714285714,160.6521739130434,158.0588235294117,160.1818181818181,161.8823529411764,163.8760330578512,169.5714285714285,170.6052631578947,171.24
165.2238805970148,163.0089285714285,160.5652173913042,157.9999999999999,160.1363636363635,161.7647058823528,163.8512396694214,169.6666666666666,170.7280701754385,171.3999999999999
165.2686567164178,162.9017857142856,160.4782608695651,157.9411764705881,160.090909090909,161.6470588235293,163.8264462809917,169.7505964257829,170.8508771929824,171.5599999999999
165.3134328358208,162.7946428571428,160.391304347826,157.8823529411764,160.0454545454544,161.5294117647057,163.8016528925619,169.7897653335646,170.9736842105263,171.7199999999999
165.3582089552238,162.6874999999999,160.3043478260869,157.8235294117646,159.9999999999999,161.4117647058822,163.7768595041322,169.8289342413464,171.0964912280701,171.8799999999999
165.4029850746268,162.5803571428571,160.2173913043477,157.7647058823528,159.8333333333332,161.2941176470587,163.7520661157024,169.8681031491281,171.219298245614,172.04
165.4477611940297,162.4732142857142,160.1304347826086,157.705882352941,159.6666666666665,161.1764705882352,163.7272727272727,169.9072720569098,171.1899999999999,172.1999999999999
165.4925373134327,162.3660714285714,160.0434782608694,157.6470588235293,159.4999999999999,161.0588235294117,163.7024793388429,169.9464409646915,171.11,172.3599999999999
165.5373134328357,162.2589285714285,159.9565217391303,157.5882352941175,159.3333333333332,160.9411764705881,163.6776859504131,169.9856098724733,171.0299999999999,172.52
165.5820895522387,162.1517857142857,159.8695652173912,157.5294117647058,159.1666666666665,160.8235294117646,163.6528925619834,170.024778780255,170.9499999999999,172.6799999999999
165.6268656716417,162.0446428571428,159.7826086956521,157.470588235294,158.9999999999999,160.7058823529411,163.6280991735537,170.0639476880367,170.8699999999999,172.8399999999999
165.6716417910447,161.9374999999999,159.6956521739129,157.4117647058822,158.8333333333332,160.5882352941175,163.6033057851239,170.1031165958184,170.79,172.9999999999999
165.7164179104477,161.8303571428571,159.6086956521738,157.3529411764705,158.6666666666666,160.470588235294,163.5785123966942,170.1422855036002,170.7099999999999,172.9999999999999
165.7380952380951,161.7213114754098,159.5217391304347,157.2941176470587,158.4999999999999,160.3529411764705,163.5537190082644,170.1814544113819,170.6299999999999,172.9999999999999
165.6904761904761,161.6065573770491,159.4347826086955,157.235294117647,158.3333333333332,160.235294117647,163.5289256198346,170.2206233191636,170.55,172.9999999999999
165.642857142857,161.4918032786885,159.3478260869564,157.1764705882352,158.1666666666666,160.1176470588234,163.5041322314049,170.2499999999999,170.4699999999999,172.9999999999999
165.595238095238,161.3770491803278,159.2608695652173,157.1176470588234,157.9999999999999,159.9999999999999,163.4793388429752,170.2499999999999,170.3899999999999,172.9999999999999
165.5476190476189,161.2622950819672,159.1739130434782,157.0588235294117,157.8333333333332,159.8823529411764,163.4545454545454,170.2499999999999,170.3099999999999,172.9999999999999
165.4999999999999,161.1475409836065,159.086956521739,156.9999999999999,157.6666666666666,159.7647058823528,163.4297520661156,170.2499999999999,170.2656249999999,172.9999999999999
165.4523809523808,161.0327868852458,158.9999999999999,156.8571428571427,157.4999999999999,159.6470588235293,163.4049586776859,170.2499999999999,170.3281249999999,172.9999999999999
165.4047619047618,160.9180327868851,158.8985507246376,156.7142857142856,157.3333333333332,159.5294117647058,163.3801652892561,170.2499999999999,170.3906249999999,172.9999999999999
165.3571428571427,160.8032786885245,158.7971014492753,156.5714285714284,157.1666666666666,159.4117647058822,163.3553719008264,170.2499999999999,170.4531249999999,172.9999999999999
165.3095238095237,160.6885245901638,158.6956521739129,156.4285714285713,156.9999999999999,159.2941176470587,163.3305785123966,170.2499999999999,170.5156249999999,172.9999999999999
165.2619047619046,160.5737704918032,158.5942028985506,156.2857142857142,156.8333333333332,159.1764705882352,163.3057851239669,170.2499999999999,170.5781249999999,172.9999999999999
165.1686746987951,160.4590163934425,158.4927536231883,156.142857142857,156.6666666666666,159.0588235294117,163.2809917355372,170.2499999999999,170.6406249999999,172.9999999999999
165.0602409638553,160.3442622950819,158.391304347826,155.9999999999999,156.4999999999999,158.9411764705881,163.2561983471074,170.2285714285713,170.7031249999999,172.9999999999999
164.9518072289156,160.2295081967212,158.2898550724637,155.8571428571427,156.3333333333332,158.8235294117646,163.2135922330096,170.2,170.7656249999999,173.076923076923
164.8433734939758,160.1147540983605,158.1884057971013,155.7142857142856,156.1666666666665,158.705882352941,163.1650485436892,170.1714285714285,170.8281249999999,173.1538461538461
164.7349397590361,159.9999999999999,158.086956521739,155.5714285714284,155.9999999999999,158.5882352941175,163.1165048543689,170.1428571428571,170.8906249999999,173.2307692307692
164.6265060240963,159.8333333333332,157.9855072463767,155.4285714285713,155.8636363636362,158.470588235294,163.0679611650485,170.1142857142856,170.9531249999999,173.3076923076923
164.5180722891565,159.6666666666665,157.8840579710144,155.2857142857142,155.7272727272726,158.3529411764705,163.0194174757281,170.0857142857142,171.0156249999999,173.3846153846154
164.4096385542168,159.4999999999999,157.7826086956521,155.142857142857,155.590909090909,158.235294117647,162.9708737864077,170.0571428571428,171.0781249999999,173.4615384615384
164.301204819277,159.3333333333332,157.6811594202897,154.9999999999999,155.4545454545453,158.1176470588234,162.9223300970873,170.0285714285714,171.1406249999999,173.5384615384615
164.1927710843373,159.1666666666666,157.5797101449274,154.9047619047618,155.3181818181817,157.9999999999999,162.8737864077669,169.9999999999999,171.2031249999999,173.6153846153846
164.0843373493975,158.9999999999999,157.4782608695651,154.8095238095237,155.1818181818181,157.9310344827585,162.8252427184465,169.9999999999999,171.2611111111111,173.6923076923077
163.9759036144578,158.8333333333332,157.3768115942028,154.7142857142856,155.0454545454544,157.8620689655171,162.7766990291261,169.9999999999999,171.3055555555555,173.7692307692307
163.867469879518,158.6666666666666,157.2753623188405,154.6190476190475,154.9090909090908,157.7931034482758,162.7281553398057,169.9999999999999,171.3499999999999,173.8461538461538
163.7590361445782,158.4999999999999,157.1590909090908,154.5238095238094,154.7727272727271,157.7241379310344,162.6796116504854,169.9999999999999,171.3944444444444,173.9230769230769
163.6506024096385,158.3333333333332,157.0378787878787,154.4285714285713,154.6363636363635,157.655172413793,162.631067961165,169.9999999999999,171.4388888888888,173.9999999999999
163.5421686746987,158.1666666666666,156.9166666666665,154.3333333333332,154.4999999999999,157.5862068965516,162.5825242718446,169.9999999999999,171.4833333333333,174.047619047619
163.433734939759,157.9999999999999,156.7954545454544,154.2380952380951,154.3636363636363,157.5172413793102,162.5339805825242,169.9999999999999,171.5277777777777,174.095238095238
163.3253012048192,157.8333333333332,156.6742424242423,154.142857142857,154.2272727272726,157.4482758620688,162.4854368932038,169.9999999999999,171.5722222222222,174.1428571428571
163.2168674698795,157.6666666666665,156.5530303030302,154.0476190476189,154.090909090909,157.3793103448275,162.4368932038834,169.9999999999999,171.6166666666666,174.1904761904761
163.1084337349397,157.4999999999999,156.431818181818,153.9523809523808,153.9545454545453,157.3103448275861,162.388349514563,169.9999999999999,171.661111111111,174.2380952380952
162.9999999999999,157.3333333333332,156.3106060606059,153.8571428571427,153.8181818181817,157.2413793103447,162.3398058252426,169.9999999999999,171.7055555555555,174.2857142857142
162.9444444444444,157.1666666666665,156.1893939393938,153.7619047619046,153.6818181818181,157.1724137931033,162.2912621359222,169.9999999999999,171.7499999999999,174.3333333333333
162.8888888888888,156.9999999999999,156.0681818181817,153.6666666666665,153.5454545454544,157.103448275862,162.2427184466019,169.9999999999999,171.7944444444444,174.3809523809523
162.8333333333333,156.8817204301074,155.9469696969696,153.5714285714284,153.4090909090908,157.0344827586206,162.1941747572814,169.9999999999999,171.8388888888888,174.4285714285714
162.7777777777777,156.7634408602149,155.8257575757575,153.4761904761904,153.2727272727272,156.9655172413792,162.1456310679611,169.9999999999999,171.8833333333333,174.4761904761904
162.7222222222221,156.6451612903225,155.7045454545453,153.3809523809523,153.1363636363635,156.8965517241378,162.0970873786407,169.9999999999999,171.9277777777777,174.5238095238095
162.6666666666666,156.52688172043,155.5833333333332,153.2857142857142,152.9999999999999,156.8275862068965,162.0485436893203,169.9999999999999,171.9722222222222,174.5714285714285
162.611111111111,156.4086021505375,155.4621212121211,153.1904761904761,152.8421052631578,156.7586206896551,161.9999999999999,169.9999999999999,172.0166666666666,174.6190476190476
162.5555555555555,156.2903225806451,155.340909090909,153.095238095238,152.6842105263157,156.6896551724137,161.9032258064515,169.9999999999999,172.061111111111,174.6666666666666
162.4999999999999,156.1720430107526,155.2142857142856,152.9999999999999,152.5263157894736,156.6206896551723,161.8064516129031,169.9999999999999,172.1055555555555,174.7142857142857
162.4444444444443,156.0537634408601,155.0714285714284,152.9230769230768,152.3684210526315,156.5517241379309,161.7096774193547,169.9999999999999,172.1499999999999,174.7619047619047
162.3888888888888,155.9354838709677,154.9285714285713,152.8461538461537,152.2105263157894,156.4827586206895,161.6129032258063,169.9999999999999,172.1944444444444,174.8095238095238
162.3333333333333,155.8172043010752,154.7857142857142,152.7692307692307,152.0526315789473,156.4137931034481,161.516129032258,169.9999999999999,172.2388888888888,174.8571428571428
162.2777777777777,155.6989247311827,154.642857142857,152.6923076923076,151.8947368421052,156.3448275862068,161.4193548387096,169.9999999999999,172.2720588235293,174.9047619047618
162.2222222222221,155.5806451612902,154.4999999999999,152.6153846153845,151.7368421052631,156.2758620689654,161.3225806451612,169.9999999999999,172.3014705882352,174.9523809523809
162.1666666666666,155.4623655913978,154.3571428571427,152.5384615384614,151.578947368421,156.206896551724,161.2258064516128,169.9999999999999,172.3308823529411,174.9999999999999
162.111111111111,155.3440860215053,154.2142857142856,152.4615384615383,151.4210526315789,156.1379310344826,161.1290322580644,169.9999999999999,172.360294117647,175.0454545454545
162.0555555555555,155.2258064516128,154.0714285714285,152.3846153846153,151.2631578947368,156.0689655172413,161.032258064516,169.9999999999999,172.3897058823529,175.090909090909
161.9999999999999,155.1075268817204,153.9285714285713,152.3076923076922,151.1052631578947,155.9999999999999,160.9354838709676,169.9999999999999,172.4191176470588,175.1363636363636
161.9333333333332,154.9892473118279,153.7857142857142,152.2307692307691,150.9473684210525,155.8333333333332,160.8387096774192,169.9999999999999,172.4485294117646,175.1818181818181
161.8666666666666,154.8709677419354,153.642857142857,152.153846153846,150.7894736842105,155.6666666666666,160.7419354838709,169.9999999999999,172.4779411764705,175.2272727272727
161.7999999999999,154.752688172043,153.4999999999999,152.076923076923,150.8303571428571,155.4999999999999,160.6451612903224,169.9999999999999,172.5073529411764,175.2727272727272
161.7333333333332,154.6344086021505,153.3571428571427,151.9999999999999,150.9374999999999,155.3333333333332,160.5483870967741,169.9999999999999,172.5367647058823,175.3181818181818
161.6666666666666,154.516129032258,153.236111111111,151.9999999999999,151.0446428571428,155.1666666666666,160.4516129032257,169.9999999999999,172.5661764705882,175.3636363636363
161.5999999999999,154.3978494623655,153.1805555555555,151.9999999999999,151.1517857142857,154.9999999999999,160.3548387096773,169.9999999999999,172.5955882352941,175.4090909090908
161.5333333333332,154.2795698924731,153.1249999999999,151.9999999999999,151.2589285714285,154.8333333333332,160.2580645161289,169.9999999999999,172.6249999999999,175.4545454545454
161.4666666666666,154.1796874999999,153.0694444444443,151.9999999999999,151.3660714285714,154.6666666666665,160.1612903225805,169.9999999999999,172.6544117647058,175.4999999999999
161.3999999999999,154.0859374999999,153.0138888888888,151.9999999999999,151.4732142857142,154.4999999999999,160.0645161290321,169.9999999999999,172.6838235294117,175.5454545454545
161.3333333333332,153.9921874999999,152.9583333333332,151.9999999999999,151.5803571428571,154.3333333333332,159.9677419354838,169.9999999999999,172.7132352941176,175.590909090909
161.2666666666666,153.8984374999999,152.9027777777777,151.9999999999999,151.6874999999999,154.1666666666665,159.8709677419354,169.9999999999999,172.7426470588235,175.6363636363636
161.1999999999999,153.8046874999999,152.8472222222221,151.9999999999999,151.7946428571428,153.9999999999999,159.774193548387,169.9999999999999,172.7720588235294,175.6818181818181
161.1333333333332,153.7109374999999,152.7916666666666,151.9999999999999,151.9017857142857,154.0714285714284,159.6774193548386,169.9999999999999,172.8014705882352,175.7272727272727
161.0666666666665,153.6171874999999,152.736111111111,151.9999999999999,152.0089285714285,154.1428571428571,159.5806451612902,169.9999999999999,172.8308823529411,175.7727272727272
160.9999999999999,153.5234374999999,152.6805555555554,151.9999999999999,152.1160714285714,154.2142857142856,159.4838709677418,169.9999999999999,172.860294117647,175.8181818181818
161.1538461538461,153.4296874999999,152.6249999999999,151.9999999999999,152.2232142857142,154.2857142857142,159.3870967741934,169.9629629629629,172.8897058823529,175.8636363636363
161.3076923076922,153.3359374999999,152.5694444444443,152.0666666666665,152.2325581395348,154.3571428571427,159.290322580645,169.9259259259259,172.9191176470588,175.9090909090908
161.4615384615384,153.2421874999999,152.5138888888888,152.1333333333332,152.2093023255813,154.4285714285713,159.1935483870967,169.8888888888888,172.9485294117646,175.9545454545454
161.6153846153845,153.1484374999999,152.4583333333332,152.1999999999999,152.1860465116278,154.4999999999999,159.0967741935483,169.8518518518518,172.9779411764705,175.9999999999999
161.7692307692307,153.0546874999999,152.4027777777777,152.2666666666666,152.1627906976744,154.5714285714284,158.9999999999999,169.8148148148148,173.0073529411764,175.6666666666666
161.9230769230768,152.9609374999999,152.3472222222221,152.3333333333332,152.1395348837208,154.642857142857,158.8571428571427,169.7777777777777,173.0367647058823,175.3333333333333
162.076923076923,152.8671874999999,152.2916666666665,152.3999999999999,152.1162790697674,154.7142857142856,158.7142857142856,169.7407407407407,173.0661764705882,174.9999999999999
162.2307692307692,152.7734374999999,152.2888888888888,152.4666666666666,152.0930232558139,154.7857142857142,158.5714285714285,169.7037037037036,173.0955882352941,174.6666666666666
162.3846153846153,152.5833333333333,152.4444444444443,152.5333333333332,152.0697674418604,154.8571428571427,158.4285714285713,169.6666666666666,173.1249999999999,174.3333333333333
162.5384615384615,152.3611111111111,152.5999999999999,152.5999999999999,152.0465116279069,154.9285714285713,158.2857142857142,169.6296296296296,173.1544117647058,173.9999999999999
162.6923076923076,152.1388888888888,152.7555555555554,152.6666666666665,152.0232558139534,154.9999999999999,158.142857142857,169.5925925925925,173.1838235294117,173.6666666666666
162.8461538461538,151.9166666666666,152.911111111111,152.7333333333332,151.9999999999999,154.6956521739129,157.9999999999999,169.5555555555555,173.2132352941176,173.3333333333333
162.9999999999999,151.9285714285714,153.0666666666665,152.7999999999999,151.9999999999999,154.391304347826,157.8571428571427,169.5185185185185,173.2426470588235,172.9999999999999
162.5714285714285,152.6428571428571,153.2222222222221,152.8666666666666,151.9999999999999,154.086956521739,157.7142857142856,169.4814814814814,173.0192307692307,172.9999999999999
162.1428571428571,153.3571428571428,153.3777777777777,152.9333333333332,151.9999999999999,153.7826086956521,157.5714285714284,169.4444444444444,172.7115384615384,172.9999999999999
161.7142857142856,154.0714285714285,153.5333333333332,152.9999999999999,151.9999999999999,153.4782608695651,157.4285714285713,169.4074074074073,172.4038461538461,172.9999999999999
161.2857142857142,154.3076923076922,153.6888888888888,153.2857142857142,151.9999999999999,153.2413793103447,157.2857142857142,169.3703703703703,172.0961538461538,172.9999999999999
160.8571428571427,154.3846153846153,153.8444444444443,153.5714285714285,151.9999999999999,153.206896551724,157.142857142857,169.3333333333333,171.7884615384615,172.9999999999999
160.7058823529411,154.4615384615384,153.9999999999999,153.8571428571427,151.9999999999999,153.1724137931033,156.9999999999999,169.2962962962962,171.4807692307692,172.9999999999999
160.6470588235293,154.5384615384615,154.076923076923,154.142857142857,151.9999999999999,153.1379310344826,156.8571428571427,169.2592592592592,171.2499999999999,172.9999999999999
160.5882352941175,154.6153846153846,154.153846153846,154.4285714285713,151.9999999999999,153.103448275862,156.7142857142856,169.2222222222222,171.2499999999999,172.9999999999999
160.5294117647058,154.6923076923077,154.2307692307691,154.7142857142856,151.9999999999999,153.0689655172413,156.5714285714284,169.1851851851851,171.2499999999999,172.9999999999999
160.470588235294,154.6666666666666,154.3076923076922,154.9999999999999,151.9999999999999,153.0344827586206,156.4285714285713,169.1481481481481,171.2499999999999,172.9999999999999
160.4117647058823,154.3333333333333,154.3846153846153,155.2857142857142,151.9999999999999,152.9999999999999,156.2857142857142,169.1111111111111,171.2499999999999,172.9999999999999
160.3529411764705,153.9999999999999,154.4615384615383,155.5714285714284,151.9999999999999,152.8999999999999,156.142857142857,169.074074074074,171.2499999999999,172.9999999999999
160.2941176470587,153.6666666666666,154.5384615384614,155.8571428571427,151.9999999999999,152.7999999999999,155.9999999999999,169.037037037037,171.2499999999999,172.9999999999999
160.235294117647,153.3333333333333,154.6153846153845,156.1428571428571,151.9999999999999,152.6999999999999,155.8888888888888,168.9999999999999,171.2499999999999,173.1818181818181
160.1764705882352,152.9999999999999,154.6923076923076,156.4285714285713,152.2222222222221,152.5999999999999,155.7777777777777,168.9999999999999,171.2499999999999,173.3636363636363
160.1176470588234,152.76,154.7692307692307,156.7142857142856,152.4444444444443,152.4999999999999,155.6666666666666,168.9999999999999,171.2499999999999,173.5454545454545
160.0588235294116,152.7999999999999,154.8461538461538,156.9999999999999,152.6666666666665,152.3999999999999,155.5555555555554,168.9999999999999,171.2499999999999,173.7272727272727
159.9999999999999,152.8399999999999,154.9230769230768,157.2857142857142,152.8888888888888,152.2999999999999,155.4444444444443,168.9999999999999,171.2499999999999,173.9090909090908
159.9333333333332,152.8799999999999,154.9999999999999,157.5714285714285,153.111111111111,152.1999999999999,155.3333333333332,168.9999999999999,171.2499999999999,174.090909090909
159.8666666666666,152.9199999999999,155.076923076923,157.8571428571427,153.3333333333332,152.0999999999999,155.2222222222221,168.9999999999999,171.2499999999999,174.2727272727272
159.7999999999999,152.9599999999999,155.153846153846,158.1428571428571,153.5555555555555,151.9999999999999,155.111111111111,168.9999999999999,171.2499999999999,174.4545454545454
159.7333333333332,152.9999999999999,155.2307692307691,158.4285714285713,153.7777777777777,152.0588235294117,154.9999999999999,168.9999999999999,171.2499999999999,174.6363636363636
159.6666666666666,153.1228070175437,155.4342105263157,158.7142857142856,153.9999999999999,152.1176470588234,154.8888888888888,168.9999999999999,171.2499999999999,174.8181818181818
159.5999999999999,153.2456140350876,155.6798245614034,158.9999999999999,154.2222222222221,152.1764705882352,154.7777777777777,168.9999999999999,171.2499999999999,174.9999999999999
159.5333333333332,153.3684210526315,155.9254385964911,159.5454545454544,154.4444444444443,152.2352941176469,154.6666666666665,168.9999999999999,171.2499999999999,174.9999999999999
159.4666666666666,153.4912280701753,156.1710526315788,160.090909090909,154.6666666666665,152.2941176470587,154.5555555555554,168.9999999999999,171.2499999999999,174.9999999999999
159.3999999999999,153.6140350877192,156.4166666666666,160.6363636363635,154.8888888888888,152.3529411764705,154.4444444444443,168.9999999999999,171.2499999999999,174.9999999999999
159.3333333333332,153.7368421052631,156.6622807017543,161.1818181818181,155.111111111111,152.4117647058822,154.3333333333332,168.9999999999999,171.2499999999999,174.9999999999999
159.2666666666665,153.8596491228069,156.907894736842,161.7272727272726,155.3333333333332,152.470588235294,154.2222222222221,168.9999999999999,171.2499999999999,174.9999999999999
159.1999999999999,153.9824561403508,157.1535087719298,162.2727272727272,155.5555555555555,152.5294117647058,154.111111111111,168.9999999999999,171.2499999999999,174.9999999999999
159.1333333333332,154.1052631578947,157.3991228070175,162.8181818181817,155.7777777777777,152.5882352941175,153.9999999999999,168.9999999999999,171.2499999999999,174.9999999999999
159.0666666666665,154.2280701754385,157.6447368421052,163.3636363636363,155.9999999999999,152.6470588235293,153.9374999999999,168.9999999999999,171.2499999999999,174.9999999999999
158.9999999999999,154.3508771929824,157.8903508771929,163.9090909090908,156.2749999999999,152.7058823529411,153.8749999999999,168.9999999999999,171.3749999999999,174.9999999999999
158.9615384615383,154.4736842105262,158.1359649122807,164.4545454545454,156.5499999999999,152.7647058823528,153.8124999999999,168.9999999999999,171.8749999999999,174.9999999999999
158.9230769230768,154.5964912280701,158.3815789473684,164.9999999999999,156.8249999999999,152.8235294117646,153.7499999999999,168.9999999999999,172.2470588235294,174.9999999999999
158.8846153846153,154.719298245614,158.6271929824561,165.4999999999999,157.0999999999999,152.8823529411764,153.6874999999999,168.9999999999999,172.235294117647,175.090909090909
158.8461538461537,154.9107142857142,158.945652173913,165.9999999999999,157.3749999999999,152.9411764705881,153.6249999999999,168.9999999999999,172.2235294117646,175.1818181818181
158.8076923076922,155.1249999999999,159.3369565217391,166.4999999999999,157.6499999999999,152.9999999999999,153.5624999999999,168.9999999999999,172.2117647058823,175.2727272727272
158.7692307692307,155.3392857142857,159.7282608695652,166.9999999999999,157.9249999999999,153.0399999999999,153.4999999999999,168.9999999999999,172.1999999999999,175.3636363636363
158.7307692307691,155.5535714285714,160.1195652173913,167.4999999999999,158.1999999999999,153.0799999999999,153.4374999999999,168.9999999999999,172.1882352941176,175.4545454545454
158.6923076923076,155.7678571428571,160.5108695652173,167.9999999999999,158.4749999999999,153.1199999999999,153.3749999999999,168.9999999999999,172.1764705882352,175.5454545454545
158.653846153846,155.9821428571428,160.9021739130434,168.4999999999999,158.7499999999999,153.1599999999999,153.3124999999999,168.9999999999999,172.1647058823529,175.6363636363636
158.6153846153845,156.1964285714285,161.2934782608695,168.9999999999999,158.9722222222222,153.1999999999999,153.2499999999999,168.9999999999999,172.1529411764706,175.7272727272727
158.576923076923,156.0833333333333,161.6847826086956,169.4999999999999,159.1944444444444,153.2399999999999,153.1874999999999,168.9999999999999,172.1411764705882,175.8181818181818
158.5384615384614,155.8611111111111,162.0760869565217,169.9999999999999,159.4166666666666,153.2799999999999,153.1249999999999,168.9999999999999,172.1294117647058,175.9090909090908
158.4999999999999,155.6388888888888,162.4673913043478,170.8620689655171,159.6388888888888,153.3199999999999,153.0624999999999,168.9999999999999,172.1176470588235,175.9999999999999
158.4615384615383,155.4166666666666,162.8586956521739,171.7241379310344,159.8611111111111,153.3599999999999,152.9999999999999,168.9999999999999,172.1058823529411,176.090909090909
158.4230769230768,155.1944444444444,163.2499999999999,172.5862068965516,160.0833333333333,153.3999999999999,152.9999999999999,168.9999999999999,172.0941176470588,176.1818181818181
158.3846153846153,154.9722222222222,163.5166666666666,173.4482758620689,160.3055555555555,153.4399999999999,152.9999999999999,168.9999999999999,172.0823529411764,176.2727272727272
158.3461538461537,154.7499999999999,163.7833333333333,174.3103448275861,160.5277777777777,153.4799999999999,152.9999999999999,168.9999999999999,172.0705882352941,176.3636363636363
158.3076923076922,154.5277777777777,164.05,175.1724137931034,160.7499999999999,153.5199999999999,152.9999999999999,168.9999999999999,172.0588235294117,176.4545454545454
158.2692307692307,154.3055555555555,164.3166666666666,176.0344827586206,160.9722222222222,153.5599999999999,152.9999999999999,168.9999999999999,172.0470588235294,176.5454545454545
158.2307692307691,154.2909090909091,164.5833333333333,176.8124999999999,161.1944444444444,153.5999999999999,152.9999999999999,168.9999999999999,172.035294117647,176.6363636363636
158.1923076923076,154.3454545454545,164.8499999999999,177.5624999999999,161.8421052631578,153.6399999999999,152.9999999999999,168.9999999999999,172.0235294117647,176.7272727272727
158.153846153846,154.3999999999999,165.1166666666666,178.3124999999999,162.6315789473684,153.6799999999999,152.9999999999999,168.9999999999999,172.0117647058823,176.8181818181818
158.1153846153845,154.4545454545454,165.4423076923077,179.0624999999999,163.4210526315789,153.7199999999999,152.9999999999999,169.0416666666666,171.9999999999999,176.9090909090908
158.076923076923,154.5090909090908,165.826923076923,179.8124999999999,164.2105263157894,153.7599999999999,152.9999999999999,169.0833333333333,171.9882352941176,176.9999999999999
158.0384615384614,154.5636363636363,166.2115384615384,180.5624999999999,164.9999999999999,153.7999999999999,152.9999999999999,169.1249999999999,171.9764705882353,176.8333333333333
157.9999999999999,154.6181818181817,166.5961538461538,181,165.4782608695652,153.8399999999999,152.9999999999999,169.1666666666666,171.9647058823529,176.6666666666666
158.090909090909,154.6727272727272,166.9807692307692,181.3333333333333,165.9565217391304,153.8799999999999,152.9999999999999,169.2083333333333,171.9529411764705,176.5
158.1818181818181,154.7272727272726,167.3653846153846,181.6666666666666,166.4347826086956,153.9199999999999,152.9999999999999,169.2499999999999,171.9411764705882,176.3333333333333
158.2727272727271,154.7818181818181,167.7499999999999,181.9999999999999,166.9130434782608,153.9599999999999,152.9999999999999,169.2916666666666,171.9294117647058,176.1666666666666
158.3636363636363,154.8363636363635,166.6249999999999,182.2499999999999,167.391304347826,153.9999999999999,152.9999999999999,169.3333333333333,171.9176470588235,175.9999999999999
158.4545454545454,154.890909090909,165.4999999999999,182.2499999999999,167.7999999999999,154.0454545454544,152.9999999999999,169.3749999999999,171.9058823529411,175.8333333333333
158.5454545454544,154.9454545454545,164.3749999999999,182.2499999999999,167.9999999999999,154.090909090909,152.9999999999999,169.4166666666666,171.8941176470587,175.6666666666666
158.6363636363635,154.9999999999999,163.2499999999999,182.2499999999999,168.1999999999999,154.1363636363635,152.9999999999999,169.4583333333333,171.8823529411764,175.4999999999999
158.7272727272726,154.9444444444443,163.5978260869565,182.2499999999999,168.3999999999999,154.1818181818181,152.9999999999999,169.4999999999999,171.8705882352941,175.3333333333333
158.8181818181817,154.8888888888888,163.9456521739129,182.2499999999999,168.5999999999999,154.2272727272726,152.9577464788731,169.5416666666666,171.8588235294117,175.1666666666666
158.9090909090908,154.8333333333332,164.2934782608695,182.2499999999999,168.8,154.2727272727271,152.9154929577464,169.5833333333333,171.8470588235294,174.9999999999999
158.9999999999999,154.7777777777777,164.641304347826,182.3863636363636,168.9999999999999,154.3181818181817,152.8732394366196,169.6249999999999,171.835294117647,174.8333333333333
158.9499999999999,154.7222222222221,164.9891304347825,182.5681818181818,169.1428571428571,154.3636363636363,152.8309859154928,169.6666666666666,171.8235294117646,174.6666666666666
158.8999999999999,154.6666666666665,165.2195121951218,182.7499999999999,169.2857142857142,154.4090909090908,152.7887323943661,169.7083333333333,171.8117647058823,174.4999999999999
158.8499999999999,154.611111111111,165.0975609756097,182.9318181818181,169.4285714285714,154.4545454545453,152.7464788732393,169.7499999999999,171.8,174.3333333333333
158.7999999999999,154.5555555555554,164.9756097560975,183.1136363636363,169.5714285714285,154.4999999999999,152.7042253521126,169.7916666666666,171.7882352941176,174.1666666666666
158.7499999999999,154.4999999999999,164.8536585365853,182.9999999999999,169.7142857142857,154.5454545454544,152.6619718309858,169.8333333333333,171.7764705882352,173.9999999999999
158.6999999999999,154.4444444444443,164.7317073170731,181.9999999999999,169.5431034482758,154.590909090909,152.6197183098591,169.8749999999999,171.7647058823529,174.0624999999999
158.6499999999999,154.3888888888888,164.6097560975609,180.9999999999999,169.2672413793103,154.6363636363635,152.5774647887323,169.9166666666666,171.7529411764705,174.1249999999999
158.5999999999999,154.3333333333332,164.4878048780487,180.675,168.9913793103448,154.6818181818181,152.5352112676055,169.9583333333333,171.7792207792207,174.1874999999999
158.5499999999999,154.2777777777777,164.3658536585365,180.5749999999999,168.7155172413792,154.7272727272726,152.4929577464788,169.9999999999999,171.8181818181818,174.2499999999999
158.4999999999999,154.2222222222221,164.2439024390243,180.4749999999999,168.4396551724138,154.7727272727272,152.450704225352,169.9999999999999,171.8571428571428,174.3124999999999
158.4499999999999,154.1666666666665,164.1219512195121,180.3749999999999,168.1637931034482,154.8181818181817,152.4084507042253,169.9999999999999,171.8961038961039,174.3749999999999
158.3999999999999,154.111111111111,163.9999999999999,180.2749999999999,167.8879310344827,154.8636363636362,152.3661971830985,169.9999999999999,171.9350649350649,174.4374999999999
158.3499999999999,154.0555555555555,163.3809523809523,178.7499999999999,167.542697573865,154.9090909090908,152.3239436619718,169.9999999999999,171.9740259740259,174.4999999999999
158.2999999999999,153.9999999999999,162.7619047619047,177.1874999999999,167.128092721595,154.9545454545454,152.281690140845,169.9999999999999,172.012987012987,174.5624999999999
158.2499999999999,153.9374999999999,162.1428571428571,176.9374999999999,166.713487869325,154.9999999999999,152.2830188679245,169.9999999999999,172.051948051948,174.6249999999999
158.1999999999999,153.8749999999999,161.5238095238094,176.6874999999999,166.2988830170549,154.8947368421052,152.4150943396226,169.9999999999999,172.090909090909,174.6874999999999
158.1499999999999,153.8124999999999,160.9047619047618,176.4374999999999,165.8842781647849,154.7894736842104,152.5471698113207,169.9999999999999,172.1298701298701,174.7499999999999
158.0999999999999,153.7499999999999,160.5593220338982,175.9642857142857,165.4696733125149,154.6842105263157,152.6792452830188,169.9999999999999,172.1688311688311,174.8124999999999
158.0499999999999,153.6874999999999,160.3050847457626,174.8214285714285,165.055068460245,154.5789473684209,152.8113207547169,169.9999999999999,172.2077922077922,174.8749999999999
157.9999999999999,153.6249999999999,160.050847457627,173.6785714285714,164.6249999999999,154.4736842105262,152.943396226415,169.9999999999999,172.2467532467532,174.9374999999999
158.1724137931033,153.5624999999999,159.7966101694914,172.5357142857142,164.1874999999999,154.3684210526315,153.0754716981131,169.9999999999999,172.2857142857142,175
158.3448275862068,153.4999999999999,159.5423728813558,171.5882352941176,163.7499999999999,154.2631578947367,153.2075471698112,169.9999999999999,172.3246753246753,175.095238095238
158.5172413793102,153.4374999999999,159.2767884264883,170.7058823529411,163.3124999999999,154.157894736842,153.3396226415093,169.9999999999999,172.3636363636363,175.1904761904761
158.6896551724137,153.3749999999999,158.9158186512757,169.8235294117646,162.8749999999999,154.0526315789473,153.4716981132075,169.9999999999999,172.4025974025973,175.2857142857142
158.8620689655171,153.3124999999999,158.5548488760631,168.9411764705882,162.4374999999999,153.9473684210525,153.6037735849056,169.9999999999999,172.4415584415584,175.3809523809523
159.0344827586206,153.2499999999999,158.1938791008504,167.8235294117646,161.9999999999999,153.8421052631578,153.7358490566037,169.9999999999999,172.4805194805194,175.4761904761904
159.206896551724,153.1874999999999,157.8329093256378,166.470588235294,161.6176470588234,153.736842105263,153.8679245283018,169.9999999999999,172.5194805194805,175.5714285714285
158.9687499999999,153.1249999999999,157.4719395504252,165.1176470588235,161.235294117647,153.6315789473683,153.9999999999999,169.9999999999999,172.5584415584415,175.6666666666666
158.5937499999999,153.0624999999999,157.1109697752126,163.7647058823529,160.8529411764705,153.5263157894736,154.074074074074,169.9999999999999,172.5974025974025,175.7619047619047
158.2187499999999,152.9999999999999,156.7499999999999,162.576923076923,160.470588235294,153.4210526315788,154.148148148148,169.9999999999999,172.6363636363636,175.8571428571428
157.8437499999999,152.9285714285713,158.0833333333333,161.8846153846153,160.0882352941176,153.3157894736841,154.2222222222221,169.9999999999999,172.6753246753246,175.9523809523809
157.8749999999999,152.8571428571427,159.4166666666666,161.1923076923076,159.7058823529411,153.2105263157894,154.2962962962962,169.9999999999999,172.7142857142857,176.047619047619
158.0416666666665,152.7857142857142,160.7499999999999,160.4999999999999,159.3235294117646,153.1052631578946,154.3703703703703,170.1052631578947,172.7532467532467,176.1428571428571
158.2083333333332,152.7142857142856,160.3653846153846,159.8076923076923,158.9411764705882,152.9999999999999,154.4444444444443,170.2105263157894,172.7922077922077,176.2380952380952
158.4999999999999,152.642857142857,159.9807692307692,159.1153846153846,158.5681818181818,152.9411764705881,154.5185185185184,170.3157894736842,172.8311688311688,176.3333333333333
158.8333333333332,152.5714285714284,159.5961538461538,158.4230769230769,158.2045454545454,152.8823529411764,154.5925925925925,170.4210526315789,172.8701298701298,176.4285714285714
159.1666666666665,152.4999999999999,159.2115384615384,157.8260869565217,157.840909090909,152.8235294117646,154.6666666666666,170.5263157894736,172.9090909090908,176.5238095238095
159.4999999999999,152.4285714285713,158.826923076923,157.2608695652173,157.4772727272727,152.7647058823528,154.7407407407406,170.6315789473684,172.9480519480519,176.6190476190476
159.8333333333332,152.3571428571427,158.4423076923077,156.6956521739129,157.1136363636363,152.705882352941,154.8148148148147,170.7368421052631,172.9870129870129,176.7142857142856
160.1666666666665,152.2857142857142,158.0576923076923,156.1304347826086,156.7499999999999,152.6470588235293,154.8888888888888,170.8421052631578,173.025974025974,176.8095238095238
160.4999999999999,152.2142857142856,157.6730769230768,155.5652173913043,156.5899999999999,152.5882352941175,154.9629629629629,170.9283891690682,173.064935064935,176.9047619047619
160.8333333333332,152.1428571428571,157.2884615384615,154.9999999999999,156.4299999999999,152.5294117647058,155.0370370370369,171.0048180835734,173.103896103896,176.9999999999999
161.1666666666665,152.0714285714285,156.9038461538461,154.6249999999999,156.27,152.470588235294,155.111111111111,171.0812469980787,173.1428571428571,176.9999999999999
161.086956521739,151.9999999999999,156.5192307692307,154.2499999999999,156.11,152.4117647058823,155.1851851851851,171.157675912584,173.1818181818181,176.9999999999999
160.8695652173912,151.9499999999999,156.1346153846153,153.8749999999999,155.9499999999999,152.3529411764705,155.2592592592592,171.2341048270893,173.2207792207791,176.9999999999999
160.6521739130434,151.8999999999999,155.7499999999999,153.4999999999999,155.79,152.2941176470587,155.3333333333332,171.3105337415946,173.3749999999999,176.9999999999999
160.4347826086955,151.8499999999999,155.6018518518518,153.1249999999999,155.5445205479452,152.235294117647,155.4074074074073,171.3869626560999,173.8749999999999,176.9999999999999
160.2173913043477,151.7999999999999,155.4537037037036,152.7499999999999,155.2705479452054,152.1764705882352,155.4814814814814,171.4633915706051,174.3749999999999,176.9999999999999
159.9999999999999,151.7499999999999,155.3055555555555,152.3749999999999,154.9965753424657,152.1176470588234,155.5555555555554,171.5398204851104,174.7427745664739,176.9999999999999
159.9767441860464,151.6999999999999,155.1574074074073,151.9999999999999,154.722602739726,152.0588235294117,155.6296296296295,171.6162493996157,174.7138728323699,176.9999999999999
159.9534883720929,151.6499999999999,155.0092592592592,151.6249999999999,154.4486301369863,151.9999999999999,155.7037037037036,171.692678314121,174.6849710982658,176.9999999999999
159.9302325581394,151.5999999999999,154.861111111111,151.2499999999999,154.1746575342465,151.9411764705881,155.7777777777777,171.7532467532467,174.6560693641618,176.9999999999999
159.906976744186,151.5499999999999,154.6999999999999,151.6136363636363,153.9006849315068,151.8823529411764,155.8518518518517,171.7662337662337,174.6271676300577,176.9999999999999
159.8837209302325,151.4999999999999,154.4999999999999,151.9772727272727,153.6267123287671,151.8235294117646,155.9259259259258,171.7792207792207,174.5982658959537,176.9999999999999
159.8604651162789,151.4499999999999,154.2999999999999,152.340909090909,153.3527397260274,151.7647058823528,155.9999999999999,171.7922077922077,174.5693641618496,176.9999999999999
159.8372093023255,151.3999999999999,154.0999999999999,152.7045454545454,153.0787671232876,151.6562499999999,156.090909090909,171.8051948051947,174.5404624277456,176.9999999999999
159.813953488372,151.3499999999999,153.8999999999999,153.0681818181818,152.8047945205479,151.5312499999999,156.1818181818181,171.8181818181818,174.5115606936416,176.9999999999999
159.7906976744185,151.2999999999999,153.6999999999999,153.1547619047618,152.5308219178082,151.4062499999999,156.2727272727272,171.8311688311688,174.4826589595375,176.9999999999999
159.767441860465,151.2499999999999,153.4999999999999,152.9642857142857,152.2568493150685,151.2812499999999,156.3636363636363,171.8441558441558,174.4537572254335,176.9999999999999
159.735294117647,151.1999999999999,153.2999999999999,152.7738095238095,151.9828767123287,151.1562499999999,156.4545454545454,171.8571428571428,174.4248554913294,176.9999999999999
159.6764705882352,151.1499999999999,153.0999999999999,152.5833333333333,151.708904109589,151.0312499999999,156.5454545454544,171.8701298701298,174.3959537572254,176.9999999999999
159.6176470588234,151.0999999999999,152.8999999999999,152.3928571428571,151.4349315068492,150.9062499999999,156.6363636363635,171.8831168831168,174.3670520231213,176.9999999999999
159.5588235294117,151.0499999999999,152.6999999999999,152.2023809523809,151.1609589041095,150.7812499999999,156.7272727272726,171.8961038961039,174.3381502890173,176.9615384615384
159.4999999999999,150.9999999999999,152.4999999999999,152.0119047619047,150.8869863013698,150.6562499999999,156.8181818181817,171.9090909090908,174.3092485549132,176.9230769230769
159.4411764705881,151.0416666666666,152.2999999999999,151.8214285714285,150.7166666666666,150.5312499999999,156.9090909090908,171.9220779220779,174.2803468208092,176.8846153846153
159.3823529411764,151.0833333333332,152.0999999999999,151.6309523809523,150.6499999999999,150.4062499999999,156.9999999999999,171.9350649350649,174.2514450867051,176.8461538461538
159.3235294117646,151.1249999999999,151.8999999999999,151.4404761904761,150.5833333333333,150.2812499999999,157.090909090909,171.9480519480519,174.2225433526011,176.8076923076923
159.2647058823528,151.1666666666666,151.7166666666666,151.2499999999999,150.5166666666666,150.1562499999999,157.1818181818181,171.9610389610389,174.193641618497,176.7692307692307
159.5227272727272,151.2083333333332,151.5833333333332,151.17,150.45,150.0312499999999,157.2727272727271,171.9740259740259,174.164739884393,176.7307692307692
159.8863636363635,151.2499999999999,151.4499999999999,151.0899999999999,150.3833333333333,149.9062499999999,157.3636363636363,171.9870129870129,174.135838150289,176.6923076923076
160.2499999999999,151.2916666666665,151.3166666666665,151.0099999999999,150.3166666666666,149.7812499999999,157.4545454545453,171.9999999999999,174.1069364161849,176.6538461538461
160.6136363636363,151.3333333333332,151.1833333333332,150.9299999999999,150.2499999999999,149.6923076923076,157.5454545454544,171.9999999999999,174.0780346820809,176.6153846153846
160.9772727272726,151.3749999999999,151.0499999999999,150.8499999999999,150.1833333333333,149.6153846153845,157.6363636363635,171.9999999999999,174.0491329479768,176.576923076923
161.2608695652173,151.4166666666665,150.9166666666665,150.77,150.1166666666666,149.5384615384614,157.7272727272726,171.9999999999999,174.0202312138728,176.5384615384615
161.3043478260868,151.4583333333332,150.7833333333332,150.6899999999999,150.05,149.4615384615383,157.8181818181817,171.9999999999999,173.9913294797687,176.4999999999999
161.3478260869564,151.4999999999999,150.6499999999999,150.61,149.9833333333333,149.3846153846152,157.9090909090908,171.9999999999999,173.9624277456647,176.4615384615384
161.391304347826,151.5416666666666,150.5166666666666,150.5299999999999,149.9166666666666,149.3076923076922,157.9999999999999,171.9999999999999,173.9335260115606,176.4230769230768
161.4347826086955,151.5833333333332,150.3833333333332,150.4499999999999,149.85,149.2307692307691,158.0967741935483,171.9999999999999,173.9046242774566,176.3846153846153
161.4782608695651,151.6249999999999,150.2499999999999,150.3699999999999,149.7833333333333,149.153846153846,158.1935483870967,171.9999999999999,173.8757225433525,176.3461538461538
161.5217391304347,151.6666666666666,150.1166666666666,150.29,149.7166666666666,149.076923076923,158.290322580645,171.9999999999999,173.8468208092485,176.3076923076922
161.5652173913042,151.7083333333332,149.9833333333332,150.1842105263158,149.6499999999999,148.9999999999999,158.3870967741934,171.9999999999999,173.8179190751445,176.2692307692307
161.6086956521738,151.7499999999999,149.8499999999999,150.0526315789473,149.5833333333333,149.1249999999999,158.4838709677418,171.9999999999999,173.7890173410404,176.2307692307692
161.6521739130434,151.7916666666666,149.754716981132,149.9210526315789,149.5166666666666,149.2499999999999,158.5806451612902,171.9999999999999,173.7601156069364,176.1923076923076
161.6956521739129,151.8333333333332,149.7735849056603,149.7894736842104,149.45,149.3749999999999,158.6774193548386,171.9999999999999,173.7312138728323,176.1538461538461
161.7391304347825,151.8749999999999,149.7924528301886,149.657894736842,149.3833333333333,149.4999999999999,158.774193548387,171.9999999999999,173.7023121387282,176.1153846153846
161.820754716981,151.9166666666666,149.8113207547169,149.5263157894736,149.3166666666666,149.6249999999999,158.8709677419354,171.9999999999999,173.6734104046242,176.076923076923
161.9150943396225,151.9583333333332,149.8301886792452,149.3947368421052,149.2499999999999,149.7499999999999,158.9677419354838,171.9999999999999,173.6445086705202,176.0384615384615
162.009433962264,151.9999999999999,149.8490566037735,149.2631578947367,149.306338028169,149.8749999999999,159.0645161290321,171.9999999999999,173.6156069364161,175.9999999999999
162.1037735849056,152.0588235294117,149.8679245283018,149.1315789473683,149.362676056338,149.9999999999999,159.1612903225805,171.9999999999999,173.5867052023121,176.0666666666666
162.198113207547,152.1176470588234,149.8867924528301,148.9999999999999,149.419014084507,150.0967741935483,159.2580645161289,171.9999999999999,173.557803468208,176.1333333333333
162.2924528301886,152.1764705882352,149.9056603773584,148.7499999999999,149.475352112676,150.1935483870967,159.3548387096773,171.9999999999999,173.528901734104,176.1999999999999
162.3867924528301,152.2352941176469,149.9245283018867,148.4999999999999,149.531690140845,150.290322580645,159.4516129032257,171.9999999999999,173.4999999999999,176.2666666666666
162.4811320754716,152.2941176470587,149.943396226415,148.2499999999999,149.588028169014,150.3870967741934,159.5483870967741,171.9999999999999,173.4473684210526,176.3333333333333
162.5754716981131,152.3529411764705,149.9622641509433,147.9999999999999,149.644366197183,150.4838709677418,159.6451612903224,171.9915966386554,173.3947368421052,176.3999999999999
162.6698113207546,152.4117647058822,149.9811320754716,147.7499999999999,149.7007042253521,150.5806451612902,159.7419354838709,171.9831932773108,173.3421052631579,176.4666666666666
162.7641509433961,152.470588235294,149.9999999999999,147.4999999999999,149.7570422535211,150.6774193548386,159.8387096774192,171.9747899159663,173.2894736842105,176.5333333333333
162.8584905660376,152.5294117647058,150.0499999999999,147.2499999999999,149.8133802816901,150.7321428571427,159.9354838709676,171.9663865546218,173.2368421052631,176.5999999999999
162.9528301886791,152.5882352941175,150.0999999999999,146.9999999999999,149.8697183098591,150.6607142857142,160.032258064516,171.9579831932773,173.1842105263158,176.6666666666666
163.0471698113207,152.6470588235293,150.1499999999999,147.0555555555554,149.9260563380281,150.5892857142856,160.1290322580644,171.9495798319327,173.1315789473684,176.7333333333333
163.1415094339621,152.7058823529411,150.1999999999999,147.111111111111,149.9823943661971,150.517857142857,160.2258064516128,171.9411764705882,173.078947368421,176.8
163.2358490566037,152.7647058823528,150.2499999999999,147.1666666666665,150.0387323943661,150.4464285714285,160.3225806451612,171.9327731092436,173.0263157894736,176.8666666666666
163.3301886792452,152.8235294117646,150.2999999999999,147.2222222222221,150.0950704225351,150.3749999999999,160.4193548387096,171.9243697478991,172.9736842105262,176.9333333333333
163.4245283018867,152.8823529411764,150.3499999999999,147.2777777777777,150.1514084507041,150.3035714285713,160.5161290322579,171.9159663865546,172.9210526315789,176.9999999999999
163.5188679245282,152.9411764705881,150.3999999999999,147.3333333333332,150.2077464788732,150.4374999999998,160.6129032258063,171.90756302521,172.8684210526315,176.9032258064516
163.6132075471697,152.9999999999999,150.4499999999999,147.3888888888888,150.2640845070422,151.1874999999999,160.7096774193547,171.8991596638655,172.8157894736842,176.8064516129032
163.7075471698112,153.1666666666665,150.4999999999999,147.4444444444443,150.3204225352112,151.9374999999998,160.8064516129031,171.890756302521,172.7631578947368,176.7096774193548
163.8018867924527,153.3333333333332,150.5499999999999,147.4999999999999,150.3767605633802,152.6874999999998,160.9032258064515,171.8823529411764,172.7105263157894,176.6129032258064
163.8962264150942,153.4999999999999,150.5999999999999,147.5555555555554,150.4330985915493,153.2641509433961,160.9999999999999,171.8739495798319,172.6578947368421,176.516129032258
163.9905660377357,153.6666666666665,150.6499999999999,147.611111111111,150.4894366197182,153.320754716981,161.0624999999999,171.8655462184873,172.6052631578947,176.4193548387096
164.0849056603772,153.8333333333332,150.6999999999999,147.6666666666666,150.5457746478873,153.3773584905659,161.1249999999999,171.8571428571428,172.5526315789473,176.3225806451612
164.1792452830187,153.9999999999999,150.7499999999999,147.7222222222221,150.6021126760563,153.4339622641508,161.1874999999999,171.8487394957983,172.4999999999999,176.2258064516128
164.2727272727271,154.1666666666665,150.7999999999999,147.7777777777777,150.6584507042253,153.4905660377357,161.2499999999999,171.8403361344537,172.4473684210526,176.1290322580645
164.3636363636363,154.3333333333332,150.8499999999999,147.8333333333332,150.7147887323943,153.5471698113206,161.3124999999999,171.8319327731092,172.3947368421052,176.0322580645161
164.4545454545454,154.4999999999999,150.8999999999999,147.8888888888888,150.7711267605633,153.6037735849056,161.3749999999999,171.8235294117646,172.3421052631578,175.9354838709677
164.5454545454544,154.6666666666666,150.9499999999999,147.9444444444443,150.8274647887323,153.6603773584905,161.4374999999999,171.8151260504201,172.2894736842105,175.8387096774193
164.6363636363635,154.8333333333332,150.9999999999999,147.9999999999999,150.8838028169014,153.7169811320754,161.4999999999999,171.8067226890756,172.2426470588235,175.7419354838709
164.7272727272726,154.9999999999999,151.153846153846,148.1627906976743,150.9401408450703,153.7735849056602,161.5624999999999,171.798319327731,172.2132352941176,175.6451612903225
164.8181818181817,155.1666666666666,151.3076923076922,148.3255813953487,150.9964788732394,153.8301886792452,161.6249999999999,171.7899159663865,172.1838235294117,175.5483870967741
164.9090909090908,155.3333333333332,151.4615384615383,148.4883720930231,151.0528169014084,153.8867924528301,161.6874999999999,171.781512605042,172.1544117647058,175.4516129032257
164.9999999999999,155.4999999999999,151.6153846153845,148.6511627906976,151.1091549295774,153.943396226415,161.7499999999999,171.7731092436974,172.1249999999999,175.3548387096774
165.090909090909,155.6666666666665,151.7692307692307,148.813953488372,151.1654929577464,153.9999999999999,161.8124999999999,171.7647058823529,172.0955882352941,175.258064516129
165.1818181818181,155.8333333333332,151.9230769230768,148.9767441860464,151.2218309859154,154.0666666666665,161.8749999999999,171.7563025210084,172.0661764705882,175.1612903225806
165.2727272727272,155.9999999999999,152.076923076923,149.1395348837208,151.310606060606,154.1333333333332,161.9374999999999,171.7293233082706,172.0367647058823,175.0645161290322
165.3636363636363,156.1150442477875,152.2307692307691,149.3023255813953,151.4318181818181,154.1999999999999,161.9999999999999,171.6466165413533,172.0073529411764,174.9677419354838
165.4545454545454,156.2300884955751,152.3846153846153,149.4651162790697,151.5530303030303,154.2666666666665,162.0624999999999,171.563909774436,171.9779411764705,174.8709677419354
165.5454545454544,156.3451327433627,152.5384615384614,149.6279069767441,151.6742424242424,154.3333333333332,162.1249999999999,171.4812030075187,171.9485294117646,174.774193548387
165.6363636363636,156.4601769911503,152.6923076923076,149.7999999999999,151.7954545454545,154.3999999999999,162.1874999999999,171.3984962406014,171.9191176470588,174.6774193548387
165.7272727272727,156.575221238938,152.8461538461537,149.9999999999999,151.9166666666666,154.4666666666666,162.2499999999999,171.3157894736842,171.8897058823529,174.5806451612902
165.8181818181818,156.6902654867256,152.9999999999999,150.1999999999999,152.0378787878787,154.5333333333332,162.3124999999999,171.2330827067669,171.860294117647,174.4838709677419
165.9090909090908,156.8053097345132,153.153846153846,150.3999999999999,152.1590909090908,154.5999999999999,162.3749999999999,171.1503759398495,171.8308823529411,174.3870967741935
165.9999999999999,156.9203539823008,153.3076923076922,150.5999999999999,152.280303030303,154.6666666666665,162.4374999999999,171.0676691729323,171.8014705882352,174.2903225806451
165.8648648648648,157.0353982300884,153.4615384615383,150.7999999999999,152.4015151515151,154.7333333333332,162.4999999999999,170.984962406015,171.7720588235294,174.1935483870967
165.7297297297297,157.150442477876,153.6153846153845,150.9999999999999,152.5227272727272,154.7894736842104,162.5624999999999,170.9022556390977,171.7280701754385,174.0967741935483
165.5945945945945,157.2654867256636,153.7692307692307,151.1999999999999,152.6439393939393,154.8421052631578,162.6249999999999,170.8195488721804,171.6403508771929,173.9999999999999
165.4594594594594,157.3805309734512,153.9230769230768,151.3999999999999,152.7651515151514,154.8947368421051,162.6874999999999,170.7368421052631,171.5526315789473,173.8636363636363
165.3243243243242,157.4955752212389,154.076923076923,151.5999999999999,152.8863636363636,154.9473684210525,162.7499999999999,170.6541353383458,171.4649122807017,173.7272727272727
165.1891891891891,157.6106194690265,154.2307692307691,151.7999999999999,153.0075757575757,154.9999999999999,162.8124999999999,170.5714285714285,171.3771929824561,173.590909090909
165.0540540540539,157.7256637168141,154.3846153846153,151.9999999999999,153.1287878787878,155.0526315789473,162.8749999999999,170.4887218045112,171.2894736842105,173.4545454545454
164.9189189189188,157.8407079646017,154.5384615384614,152.0999999999999,153.2499999999999,155.1052631578946,162.9374999999999,170.4060150375939,171.2017543859648,173.3181818181818
164.7837837837837,157.9557522123893,154.6923076923076,152.1999999999999,153.2083333333333,155.157894736842,162.9999999999999,170.3233082706766,171.1140350877193,173.1818181818181
165.0312499999999,158.0707964601769,154.8461538461537,152.2999999999999,153.1666666666666,155.2105263157894,163.090909090909,170.2406015037593,171.0263157894736,173.0454545454545
165.4062499999999,158.1858407079645,154.9999999999999,152.3999999999999,153.1249999999999,155.2631578947367,163.1818181818181,170.1578947368421,170.938596491228,172.9090909090908
165.7812499999999,158.3008849557521,155.111111111111,152.4999999999999,153.0833333333333,155.3157894736841,163.2727272727272,170.0751879699247,170.8508771929824,172.7727272727272
166.1562499999999,158.4159292035397,155.2222222222221,152.5999999999999,153.0416666666666,155.3684210526315,163.3636363636363,169.9924812030075,170.7631578947368,172.6363636363636
166.5312499999999,158.5309734513274,155.3333333333332,152.6999999999999,152.9999999999999,155.4210526315788,163.4545454545454,169.9097744360902,170.6754385964912,172.4999999999999
166.9062499999999,158.646017699115,155.4444444444443,152.7999999999999,152.9583333333333,155.4736842105262,163.5454545454545,169.8270676691729,170.5877192982456,172.3636363636363
167.2812499999999,158.7610619469026,155.5555555555555,152.8999999999999,152.9166666666666,155.5263157894736,163.6363636363636,169.7443609022556,170.4999999999999,172.2272727272727
167.6562499999999,158.8761061946902,155.6666666666666,152.9999999999999,152.8749999999999,155.5789473684209,163.7272727272727,169.6616541353383,170.4122807017543,172.090909090909
167.8181818181817,158.9911504424778,155.7777777777777,153.1818181818181,152.8333333333333,155.6315789473683,163.8181818181818,169.578947368421,170.3245614035087,171.9545454545454
167.9090909090908,159.1061946902654,155.8888888888888,153.3636363636362,152.7916666666666,155.6842105263157,163.9090909090908,169.4962406015037,170.2368421052631,171.8181818181818
167.9999999999999,159.221238938053,155.9999999999999,153.5454545454544,152.7499999999999,155.7368421052631,163.9999999999999,169.4135338345864,170.1491228070175,171.6818181818181
168.090909090909,159.3297872340425,156.111111111111,153.7272727272726,152.8981481481481,155.8135593220338,164.090909090909,169.3308270676691,170.0614035087719,171.5454545454545
168.1818181818181,159.4361702127659,156.2222222222221,153.9090909090908,153.0462962962962,155.8983050847457,164.1818181818181,169.2481203007519,169.9736842105263,171.4090909090908
168.2727272727272,159.5425531914893,156.3333333333332,154.090909090909,153.1944444444444,155.9830508474575,164.2931034482758,169.1654135338345,169.8859649122807,171.2727272727272
168.3636363636362,159.6489361702127,156.4444444444443,154.2727272727272,153.3425925925926,156.0677966101694,164.4655172413792,169.0827067669173,169.798245614035,171.1363636363636
168.4545454545453,159.7553191489361,156.5555555555554,154.4545454545453,153.4907407407407,156.1525423728812,164.6379310344827,168.9999999999999,169.7105263157894,170.9999999999999
168.5454545454544,159.8617021276595,156.6666666666665,154.6363636363635,153.6388888888888,156.2372881355931,164.8103448275862,169.0384615384615,169.6228070175438,170.9130434782608
168.6363636363635,159.9680851063829,156.7777777777777,154.8181818181817,153.787037037037,156.322033898305,164.9827586206896,169.076923076923,169.5350877192982,170.8260869565217
168.7272727272726,160.0744680851063,156.8888888888888,154.9999999999999,153.9351851851851,156.4067796610169,165.1551724137931,169.1153846153846,169.4473684210526,170.7391304347826
168.8181818181817,160.1808510638297,156.9999999999999,155.157894736842,154.0833333333333,156.4915254237287,165.3275862068965,169.1538461538461,169.359649122807,170.6521739130434
168.9090909090908,160.2872340425531,157.111111111111,155.3157894736841,154.2314814814814,156.5762711864406,165.4999999999999,169.1923076923076,169.2719298245614,170.5652173913043
168.9999999999999,160.3936170212766,157.2222222222221,155.4736842105262,154.3796296296296,156.6610169491524,165.6724137931034,169.2307692307692,169.2499999999999,170.4782608695651
169.090909090909,160.4999999999999,157.3333333333332,155.6315789473683,154.5277777777777,156.7457627118643,165.8448275862068,169.2692307692307,169.2499999999999,170.391304347826
169.1818181818181,160.6063829787233,157.4444444444443,155.7894736842104,154.6759259259259,156.8305084745762,166.0172413793103,169.3076923076923,169.2499999999999,170.3043478260869
169.2410714285713,160.7127659574468,157.5555555555554,155.9473684210525,154.83,156.915254237288,166.1896551724137,169.3461538461538,169.2499999999999,170.2173913043478
169.205357142857,160.8191489361702,157.6666666666666,156.1052631578946,154.99,156.9999999999999,166.3620689655172,169.3846153846154,169.2499999999999,170.1304347826086
169.1696428571427,160.9255319148936,157.7777777777777,156.2631578947367,155.1499999999999,157.1363636363635,166.5344827586206,169.4230769230768,169.2499999999999,170.0434782608695
169.1339285714284,161.031914893617,157.8888888888888,156.4210526315788,155.3099999999999,157.2727272727271,166.7068965517241,169.4615384615384,169.2499999999999,169.9565217391304
169.0982142857142,161.1382978723404,157.9999999999999,156.5789473684209,155.4699999999999,157.4090909090908,166.3214285714285,169.4999999999999,169.2499999999999,169.8695652173913
169.0624999999999,161.2446808510638,158.1249999999999,156.7368421052631,155.6299999999999,157.5454545454544,165.7499999999999,169.5384615384615,169.2499999999999,169.7826086956521
169.0267857142856,161.3510638297872,158.2499999999999,156.8947368421051,155.79,157.6818181818181,165.1785714285714,169.576923076923,169.2499999999999,169.695652173913
168.9910714285713,161.4574468085106,158.3749999999999,157.0526315789473,155.9499999999999,157.8181818181817,164.7187499999999,169.6153846153846,169.2499999999999,169.6086956521739
168.955357142857,161.563829787234,158.4999999999999,157.2105263157894,156.11,157.9545454545454,164.5937499999999,169.6538461538461,169.2499999999999,169.5217391304347
168.9196428571427,161.6702127659574,158.6249999999999,157.3684210526314,156.2699999999999,158.090909090909,164.4687499999999,169.6923076923076,169.2499999999999,169.4347826086956
168.8839285714285,161.7794117647058,158.7499999999999,157.5263157894736,156.4299999999999,158.2272727272726,164.3437499999999,169.7307692307692,169.2499999999999,169.3478260869565
168.8482142857142,161.8970588235293,158.8749999999999,157.6842105263157,156.5899999999999,158.3636363636363,164.2702702702702,169.7692307692307,169.2499999999999,169.2608695652173
168.8124999999999,162.0147058823529,158.9999999999999,157.8421052631578,156.7499999999999,158.4999999999999,164.3513513513513,169.8076923076923,169.2499999999999,169.1739130434782
168.7767857142856,162.1323529411764,159.1249999999999,157.9999999999999,156.9785714285714,158.6363636363635,164.4324324324324,169.8461538461538,169.2499999999999,169.0869565217391
168.754716981132,162.2499999999999,159.2499999999999,158.2307692307691,157.2071428571428,158.7727272727272,164.5135135135135,169.8846153846153,169.2124999999999,168.9999999999999
168.7735849056603,162.3676470588235,159.3749999999999,158.4615384615383,157.4357142857142,158.9090909090908,164.5945945945946,169.9230769230769,169.1624999999999,168.7999999999999
168.7924528301886,162.485294117647,159.4999999999999,158.6923076923076,157.6642857142857,159.0454545454544,164.6756756756756,169.9615384615384,169.1125,168.6
168.8113207547169,162.6029411764705,159.6249999999999,158.9230769230768,157.8928571428571,159.1818181818181,164.7567567567567,169.9999999999999,169.0624999999999,168.3999999999999
168.8301886792452,162.7205882352941,159.7499999999999,159.153846153846,158.1214285714285,159.3181818181817,164.8378378378378,169.8965517241379,169.0124999999999,168.2
168.8490566037735,162.8382352941176,159.8749999999999,159.3846153846153,158.35,159.4545454545453,164.9189189189188,169.7931034482758,168.9624999999999,167.9999999999999
168.8679245283018,162.9558823529411,159.9999999999999,159.6153846153845,158.5785714285714,159.590909090909,164.9999999999999,169.6896551724138,168.9124999999999,167.7999999999999
168.8867924528301,163.0735294117646,160.1249999999999,159.8461538461537,158.8071428571428,159.7272727272726,164.9999999999999,169.5862068965517,168.8625,167.5999999999999
168.9056603773584,163.1911764705882,160.2499999999999,160.076923076923,159.0357142857142,159.8636363636363,164.9999999999999,169.4827586206896,168.8124999999999,167.3999999999999
168.9245283018867,163.3088235294117,160.3749999999999,160.3076923076922,159.2642857142856,159.9999999999999,164.9999999999999,169.3793103448275,168.7624999999999,167.1999999999999
168.943396226415,163.4264705882352,160.4999999999999,160.5384615384614,159.4928571428571,160.1272727272726,164.9999999999999,169.2758620689655,168.576923076923,166.9999999999999
168.9622641509433,163.5441176470588,160.6249999999999,160.7692307692307,159.7214285714285,160.2545454545453,164.9999999999999,169.1724137931034,168.3461538461538,166.8
168.9811320754716,163.6617647058823,160.7499999999999,160.9999999999999,159.9499999999999,160.3818181818181,164.9999999999999,169.0689655172413,168.1153846153845,166.5999999999999
168.9999999999999,163.7794117647058,160.8749999999999,161.1176470588234,160.1785714285714,160.5090909090908,164.9999999999999,168.9655172413792,167.8846153846153,166.3999999999999
169.0588235294117,163.8970588235293,160.9999999999999,161.2352941176469,160.4071428571428,160.6363636363635,164.9999999999999,168.8620689655172,167.6538461538461,166.1999999999999
169.1176470588235,164.0147058823529,161.1470588235293,161.3529411764705,160.6357142857142,160.7636363636363,164.9999999999999,168.7586206896551,167.4230769230768,165.9999999999999
169.1764705882352,164.1323529411764,161.2941176470587,161.470588235294,160.7908163265305,160.890909090909,164.9999999999999,168.6551724137931,167.2368421052631,165.8
169.235294117647,164.2499999999999,161.4411764705881,161.5882352941175,160.8724489795918,161.0181818181817,164.9999999999999,168.551724137931,167.1842105263157,165.5999999999999
169.2941176470588,164.3676470588235,161.5882352941175,161.7058823529411,160.954081632653,161.1454545454544,164.9999999999999,168.4482758620689,167.1315789473684,165.3999999999999
169.3529411764705,164.485294117647,161.735294117647,161.8235294117646,161.0357142857142,161.2727272727272,164.9999999999999,168.3448275862068,167.078947368421,165.2
169.4117647058823,164.6029411764705,161.8823529411764,161.9411764705881,161.1173469387755,161.3999999999999,164.9999999999999,168.2413793103448,167.0263157894736,164.9999999999999
169.4705882352941,164.7205882352941,162.0294117647058,162.0588235294117,161.1989795918367,161.5272727272726,164.9999999999999,168.1379310344827,166.9736842105262,164.9130434782608
169.5294117647058,164.8028169014084,162.1764705882352,162.1764705882352,161.2806122448979,161.6545454545453,164.9999999999999,168.0344827586206,166.9210526315789,164.8260869565217
169.5882352941176,164.8732394366197,162.3235294117646,162.2941176470588,161.3622448979591,161.767857142857,164.9999999999999,167.9310344827585,166.8684210526315,164.7391304347825
169.6470588235294,164.9436619718309,162.470588235294,162.4117647058823,161.4438775510204,161.8392857142856,164.9999999999999,167.8275862068965,166.8157894736842,164.6521739130434
169.7058823529411,165.0140845070422,162.6176470588234,162.5294117647058,161.5255102040816,161.9107142857142,164.9999999999999,167.7241379310344,166.7631578947368,164.5652173913043
169.7647058823529,165.0845070422534,162.7647058823528,162.6470588235294,161.6071428571428,161.9821428571427,164.9999999999999,167.6206896551724,166.6785714285714,164.4782608695651
169.8235294117646,165.1549295774647,162.9117647058823,162.7647058823529,161.688775510204,162.0535714285713,164.9615384615384,167.5172413793103,166.5833333333333,164.391304347826
169.8823529411764,165.225352112676,163.0588235294117,162.8823529411764,161.7642857142856,162.1249999999999,164.9230769230769,167.4137931034482,166.4880952380952,164.3043478260869
169.9411764705882,165.2957746478873,163.2058823529411,162.9999999999999,161.8214285714285,162.1964285714285,164.8846153846153,167.3103448275862,166.3928571428571,164.2173913043478
169.9999999999999,165.3661971830985,163.3529411764705,163.2499999999999,161.8785714285714,162.267857142857,164.8461538461538,167.2068965517241,166.297619047619,164.1304347826087
170.0617283950617,165.4366197183098,163.4999999999999,163.4999999999999,161.9357142857142,162.3392857142856,164.8076923076922,167.103448275862,166.2023809523809,164.0434782608695
170.1234567901234,165.5070422535211,163.6470588235293,163.7499999999999,161.9928571428571,162.4107142857142,164.7692307692307,166.9999999999999,166.1071428571428,163.9565217391304
170.1851851851851,165.5774647887324,163.7941176470587,163.9999999999999,162.0499999999999,162.4821428571427,164.7307692307692,166.9615384615384,166.0119047619047,163.8695652173913
170.2469135802469,165.6478873239436,163.9411764705881,164.2499999999999,162.1071428571428,162.5535714285713,164.6923076923076,166.9230769230769,165.9166666666666,163.7826086956521
170.3086419753086,165.7183098591549,164.0882352941176,164.4999999999999,162.1642857142857,162.6249999999999,164.6538461538461,166.8846153846153,165.8214285714285,163.695652173913
170.3703703703703,165.7887323943661,164.235294117647,164.7499999999999,162.2214285714285,162.6964285714285,164.6153846153846,166.8461538461538,165.7345679012345,163.6086956521739
170.432098765432,165.8591549295774,164.3823529411764,164.9999999999999,162.2785714285714,162.6041666666665,164.576923076923,166.8076923076922,165.6728395061728,163.5217391304347
170.4938271604938,165.9295774647887,164.5294117647058,165.2499999999999,162.3357142857142,162.0208333333332,164.5384615384615,166.7692307692307,165.6111111111111,163.4347826086956
170.5555555555555,165.9999999999999,164.6764705882352,165.4999999999999,162.3928571428571,161.4374999999999,164.4999999999999,166.7307692307692,165.5493827160493,163.3478260869565
170.6172839506172,166.0689655172413,164.8235294117646,165.7499999999999,162.4499999999999,160.8541666666666,164.4615384615384,166.6923076923076,165.4876543209876,163.2608695652173
170.6790123456789,166.1379310344827,164.970588235294,165.9999999999999,162.5071428571428,160.2708333333332,164.4230769230768,166.6538461538461,165.4259259259259,163.1739130434782
170.7407407407406,166.2068965517241,165.1176470588235,166.0857142857142,162.5642857142857,159.6874999999999,164.3846153846153,166.6153846153846,165.3641975308641,163.0869565217391
170.8024691358024,166.2758620689654,165.2647058823529,166.1714285714285,162.6214285714285,159.3076923076922,164.3461538461538,166.576923076923,165.3024691358024,162.9999999999999
170.8641975308641,166.3448275862068,165.4117647058823,166.2571428571428,162.6785714285714,159.5384615384614,164.3076923076922,166.5384615384615,165.2407407407407,162.9444444444444
170.9259259259258,166.4137931034482,165.5588235294117,166.3428571428571,162.7357142857142,159.7692307692307,164.2692307692307,166.4999999999999,165.1790123456789,162.8888888888888
170.9876543209876,166.4827586206896,165.7058823529411,166.4285714285714,162.85,159.9999999999999,164.2307692307692,166.4615384615384,165.1172839506172,162.8333333333333
171.0493827160493,166.551724137931,165.8529411764705,166.5142857142856,162.9833333333333,160.2307692307691,164.1923076923077,166.4230769230768,165.0555555555555,162.7777777777777
171.111111111111,166.6206896551724,165.9999999999999,166.5999999999999,163.1166666666666,160.4615384615383,164.1538461538461,166.3846153846153,164.9938271604938,162.7222222222222
171.1728395061727,166.6896551724137,166.1351351351351,166.6857142857142,163.2499999999999,160.6923076923076,164.1153846153846,166.3461538461538,164.932098765432,162.6666666666666
171.2345679012345,166.7586206896551,166.2702702702702,166.7999999999999,163.3833333333333,160.5357142857142,164.076923076923,166.3076923076923,164.8703703703703,162.611111111111
171.1599999999999,166.8275862068965,166.4054054054053,166.9999999999999,163.5166666666666,160.2499999999999,164.0384615384615,166.2692307692307,164.8086419753086,162.5555555555555
171.0399999999999,166.8965517241379,166.5405405405405,167.1999999999999,163.6499999999999,159.9642857142856,163.9999999999999,166.2307692307692,164.7469135802469,162.4999999999999
170.9199999999999,166.9655172413792,166.6756756756756,167.3999999999999,163.7321428571428,159.6785714285713,163.931506849315,166.1923076923076,164.6851851851851,162.4444444444443
170.7999999999999,167.0344827586206,166.8108108108107,167.5999999999999,163.6607142857142,159.392857142857,163.8630136986301,166.1538461538461,164.6234567901234,162.3888888888888
170.6799999999999,167.103448275862,166.9459459459459,167.8,163.5892857142857,159.1071428571427,163.7945205479451,166.1153846153846,164.5617283950617,162.3333333333332
170.5599999999999,167.1724137931034,167.081081081081,167.9999999999999,163.5178571428571,158.8214285714284,163.7260273972602,166.076923076923,164.4999999999999,162.2777777777777
170.4399999999999,167.2413793103448,167.2162162162161,167.7777777777777,163.4464285714285,158.7659574468084,163.6575342465753,166.0384615384615,164.4629629629629,162.2222222222221
170.3199999999999,167.3103448275862,167.2799999999999,167.5555555555555,163.3749999999999,158.7872340425531,163.5890410958904,165.9999999999999,164.4259259259259,162.1666666666666
170.1999999999999,167.3793103448275,167.3199999999999,167.3333333333333,163.3035714285714,158.8085106382977,163.5205479452054,165.6999999999999,164.3888888888888,162.111111111111
170.0799999999999,167.4482758620689,167.3599999999999,167.111111111111,163.2321428571428,158.8297872340424,163.4520547945205,165.3999999999999,164.3518518518518,162.0555555555554
169.9599999999999,167.5172413793103,167.3999999999999,166.8888888888889,163.1607142857142,158.8510638297871,163.3835616438355,165.0999999999999,164.3148148148148,161.9999999999999
169.8399999999999,167.5862068965517,167.4399999999999,166.6666666666666,163.0892857142857,158.8723404255318,163.3150684931506,164.7999999999999,164.2777777777777,161.8837209302324
169.7199999999999,167.6551724137931,167.4799999999999,166.4444444444444,163.0178571428571,158.8936170212765,163.2465753424657,164.4999999999999,164.2105263157894,161.767441860465
169.5999999999999,167.7241379310344,167.5199999999999,166.2222222222221,162.9464285714285,158.9148936170212,163.1780821917808,164.1999999999999,164.0526315789473,161.6511627906976
169.4799999999999,167.7931034482758,167.5599999999999,165.9999999999999,162.8749999999999,158.9361702127658,163.1095890410958,163.8999999999999,163.8947368421052,161.5348837209301
169.3599999999999,167.8620689655172,167.5999999999999,166.3749999999999,162.8035714285714,158.9574468085105,163.0410958904109,163.5999999999999,163.7368421052631,161.4186046511627
169.2399999999999,167.9310344827586,167.6399999999999,166.7499999999999,162.7638888888888,158.9787234042552,162.972602739726,163.3,163.578947368421,161.3023255813953
169.1199999999999,167.9999999999999,167.6799999999999,167.1249999999999,162.8194444444444,158.9999999999999,162.904109589041,162.9999999999999,163.4210526315789,161.1860465116278
168.9999999999999,168.054054054054,167.7199999999999,167.4999999999999,162.8749999999999,159.1818181818181,162.8356164383561,162.6999999999999,163.2631578947368,161.0697674418604
168.7777777777777,168.108108108108,167.7261904761904,167.8749999999999,162.9305555555555,159.3636363636362,162.7671232876712,162.3999999999999,163.1052631578947,160.9534883720929
168.5555555555555,168.1621621621621,167.6309523809523,168.2499999999999,162.986111111111,159.5454545454544,162.6346153846153,162.0999999999999,162.9473684210525,160.8372093023255
168.3333333333333,168.2162162162161,167.5357142857142,168.6249999999999,163.0416666666666,159.7272727272726,162.4807692307692,161.7999999999999,162.7894736842104,160.7045454545454
168.111111111111,168.2702702702702,167.4404761904761,168.9999999999999,163.0972222222222,159.9090909090908,162.326923076923,161.4999999999999,162.7499999999999,160.5227272727272
167.8888888888889,168.3243243243243,167.345238095238,168.9259259259259,163.1527777777777,160.090909090909,162.1730769230768,161.1999999999999,162.7499999999999,160.340909090909
167.6666666666666,168.3783783783783,167.2499999999999,168.8518518518518,163.2083333333333,160.2727272727272,162.0192307692307,160.8999999999999,162.7499999999999,160.1590909090909
167.4444444444444,168.4324324324324,167.1547619047618,168.7777777777777,163.2732558139534,160.4545454545453,161.8653846153846,160.5999999999999,162.7499999999999,159.9772727272727
167.2222222222221,168.4864864864864,167.0595238095237,168.7037037037036,163.3662790697674,160.6363636363635,161.7115384615384,160.2999999999999,162.7499999999999,159.7954545454545
166.9999999999999,168.5405405405405,166.9642857142856,168.6296296296296,163.4593023255813,160.8181818181817,161.5576923076923,159.9999999999999,162.7499999999999,159.6136363636363
167.1176470588235,168.5945945945945,166.8690476190475,168.5555555555555,163.5523255813953,160.9999999999999,161.4038461538461,159.8823529411764,162.7166666666666,159.4318181818181
167.235294117647,168.6486486486486,166.7738095238094,168.4814814814814,163.6453488372092,161.1428571428571,161.2499999999999,159.7647058823528,162.5833333333333,159.2499999999999
167.3529411764705,168.7027027027027,166.6899999999999,168.4074074074073,163.7383720930232,161.2857142857142,161.0961538461538,159.6470588235293,162.4499999999999,159.0681818181818
167.4705882352941,168.7567567567567,166.6099999999999,168.3333333333333,163.8313953488371,161.4285714285713,160.9423076923076,159.5294117647058,162.3166666666666,158.8863636363636
167.5882352941176,168.8108108108108,166.5299999999999,168.2592592592592,163.9244186046511,161.5714285714284,160.7884615384615,159.4117647058822,162.1833333333333,158.7499999999999
167.7058823529411,168.8648648648648,166.4499999999999,168.1851851851851,164.0174418604651,161.7142857142856,160.6346153846153,159.2941176470587,162.05,158.7499999999999
167.8235294117646,168.9189189189189,166.3699999999999,168.1111111111111,164.110465116279,161.8571428571427,160.4807692307692,159.1764705882352,161.9166666666666,158.7499999999999
167.9411764705882,168.9729729729729,166.2899999999999,168.037037037037,164.203488372093,161.9999999999999,160.326923076923,159.0588235294117,161.7833333333333,158.7499999999999
