167.9473684210526,171.6764705882352,172.7586206896551,173.6874999999999,171.9843749999999,174.2941176470588,171.1999999999999,175.6666666666666,168.3243243243242,165.9999999999999
167.8947368421052,171.8529411764705,173.0689655172413,173.7499999999999,172.2968749999999,174.3529411764705,170.8399999999999,175.9999999999999,168.5135135135134,166.3939393939393
167.8421052631578,172.0294117647058,173.3793103448275,173.8124999999999,172.6093749999999,174.4117647058823,170.8,176.3333333333333,168.7027027027026,166.7878787878787
167.7894736842105,172.2058823529411,173.6896551724138,173.8749999999999,172.9218749999999,174.4705882352941,170.8666666666666,176.6666666666666,168.681818181818,167.1818181818181
167.76,172.3823529411764,174,173.9374999999999,173.2343749999999,174.5294117647058,170.9333333333333,176.9999999999999,168.590909090909,167.5757575757575
167.8,172.5588235294117,173.9523809523809,173.9999999999999,173.5468749999999,174.5882352941176,170.9999999999999,177.3333333333333,168.4999999999999,167.9696969696969
167.8399999999999,172.735294117647,173.9047619047618,173.9999999999999,173.8593749999999,174.6470588235294,171.2857142857142,177.6666666666666,168.4090909090908,168.3636363636363
167.8799999999999,172.9117647058823,173.8571428571428,173.9999999999999,174.1718749999999,174.7058823529411,171.5714285714285,177.9130434782608,168.3181818181817,168.7575757575757
167.92,173.0384615384615,173.8095238095237,173.9999999999999,174.3499999999999,174.7647058823529,171.8571428571428,178.1304347826086,168.2708333333332,169.1515151515151
167.96,173.1153846153846,173.7619047619047,173.9999999999999,174.4833333333333,174.8235294117646,172.1428571428571,178.3478260869565,168.3541666666666,169.3382352941176
167.9999999999999,173.1923076923077,173.8863636363636,173.9999999999999,174.6166666666666,174.8823529411764,172.4285714285714,178.5652173913043,168.4374999999999,169.4558823529411
168.3714285714285,173.2692307692307,174.0681818181818,173.9999999999999,174.7499999999999,174.9411764705882,172.7142857142857,178.7826086956521,168.5208333333332,169.5735294117646
168.7428571428571,173.3461538461538,174.2499999999999,173.9999999999999,174.8833333333333,174.9999999999999,172.9999999999999,178.9999999999999,168.6041666666665,169.6911764705882
169.1142857142856,173.4230769230768,174.4318181818181,173.9999999999999,175.0166666666666,174.9818181818181,173.1666666666666,178.9032258064516,168.6874999999999,169.8088235294117
169.4857142857142,173.4999999999999,174.6136363636363,174.0714285714285,175.1499999999999,174.9636363636363,173.3333333333333,178.8064516129032,168.8529411764705,169.9264705882352
169.8571428571428,173.576923076923,174.8461538461538,174.1428571428571,175.2380952380952,174.9454545454545,173.4999999999999,178.7096774193548,169.2647058823528,170.0441176470588
170.2285714285714,173.6538461538461,175.2307692307692,174.2142857142857,175.1904761904761,174.9272727272727,173.6666666666666,178.6129032258064,169.6764705882352,170.1617647058823
170.5999999999999,173.7307692307692,175.6153846153846,174.2857142857142,175.1428571428571,174.9090909090909,173.8333333333333,178.516129032258,170.0882352941175,170.2903225806451
170.9714285714285,173.8076923076922,175.9999999999999,174.3571428571428,175.095238095238,174.890909090909,173.9999999999999,178.4193548387096,170.4999999999999,170.4516129032258
171.3103448275862,173.8846153846153,175.9142857142857,174.4285714285714,175.047619047619,174.8727272727272,174.1666666666666,178.3225806451612,170.9117647058823,170.6129032258064
171.551724137931,173.9615384615384,175.8285714285714,174.4999999999999,174.9999999999999,174.8545454545454,174.3333333333333,178.1428571428571,171.3235294117646,170.7741935483871
171.7931034482758,173.9571428571428,175.7428571428571,174.5714285714285,175.3333333333333,174.8363636363636,174.4999999999999,177.7142857142857,171.735294117647,170.9354838709677
172.0344827586206,173.8714285714285,175.6571428571428,174.5833333333333,175.6666666666666,174.8181818181818,174.6666666666666,177.2857142857142,172.1470588235293,171.0967741935484
172.2758620689655,173.7857142857142,175.5714285714285,174.407894736842,175.9999999999999,174.8,174.8333333333333,176.8571428571428,172.4107142857142,171.258064516129
172.5172413793103,173.6999999999999,175.4857142857142,174.2324561403508,176.3333333333333,174.7818181818181,174.9999999999999,176.4285714285714,172.6249999999999,171.4193548387096
172.7586206896551,173.6142857142856,175.3999999999999,174.0570175438596,176.6666666666666,174.7636363636363,174.9999999999999,175.9999999999999,172.8392857142856,171.5806451612903
172.9999999999999,173.5285714285714,175.3142857142857,173.8815789473684,176.6562499999999,174.8235294117646,174.9999999999999,175.6,173.0535714285713,171.7419354838709
173.3333333333333,173.4428571428571,175.3,173.825,176.5312499999999,175.1176470588235,174.9999999999999,175.2,173.267857142857,171.9032258064516
173.6666666666666,173.3571428571428,175.4999999999999,174.1249999999999,176.4062499999999,175.4117647058823,174.9999999999999,174.8,173.4821428571427,172.0645161290322
173.9999999999999,173.2714285714285,175.6999999999999,174.425,176.2812499999999,175.7058823529411,174.9999999999999,174.3999999999999,173.6964285714284,172.2258064516128
174.2307692307692,172.8749999999999,175.8999999999999,174.7249999999999,176.1562499999999,175.9999999999999,174.9999999999999,173.9999999999999,173.6774193548386,172.3870967741935
174.1538461538461,172.4636075949367,176.0999999999999,175.0249999999999,176.0312499999999,176.1176470588235,174.9999999999999,173.8799999999999,173.5806451612902,172.5483870967741
174.076923076923,172.4066455696202,175.8799999999999,175.3333333333333,175.9062499999999,176.235294117647,175.0999999999999,173.7599999999999,173.4838709677418,172.7096774193548
173.9999999999999,172.3496835443037,175.5999999999999,175.6666666666666,175.7812499999999,176.3529411764705,175.2,173.6399999999999,173.3870967741935,172.8709677419354
173.8,172.2927215189873,175.3199999999999,175.9999999999999,175.906976744186,176.4705882352941,175.3,173.5199999999999,173.2903225806451,173.0322580645161
173.6,172.2499999999999,175.4230769230769,176.3333333333333,176.1162790697674,176.5882352941176,175.3999999999999,173.3999999999999,173.1935483870967,173.1935483870967
173.3999999999999,172.2499999999999,175.6696428571428,176.6666666666666,176.3255813953488,176.7058823529411,175.4999999999999,173.2799999999999,173.0967741935483,173.3548387096774
173.1999999999999,172.2499999999999,176.0267857142857,176.9999999999999,176.5348837209302,176.8235294117647,175.6,173.3478260869565,172.9999999999999,173.516129032258
172.9999999999999,172.3636363636363,176.3839285714285,176.8205128205128,176.7441860465116,176.9411764705882,175.6999999999999,173.4782608695651,173.2183908045976,173.6774193548386
172.8,172.8181818181818,176.7410714285714,176.6410256410256,176.953488372093,177.0588235294117,175.7999999999999,173.6086956521739,173.4367816091954,173.8387096774193
172.5999999999999,173.2727272727272,176.9230769230768,176.4615384615384,177.1627906976744,177.1764705882352,175.8999999999999,173.7391304347825,173.655172413793,173.9999999999999
172.3999999999999,173.7272727272727,176.9999999999999,176.2820512820512,177.3720930232558,177.2941176470588,175.9999999999999,173.8695652173913,173.8735632183908,174.1666666666666
172.1999999999999,174.1818181818181,177.076923076923,176.102564102564,177.5813953488371,177.4117647058823,176.0714285714285,173.9999999999999,174.0919540229884,174.3333333333333
171.9999999999999,174.6363636363636,177.1538461538461,175.9230769230768,177.7906976744185,177.5294117647058,176.1428571428571,173.4615384615384,174.3103448275861,174.5
172.0999999999999,175.3124999999999,177.2307692307692,175.7435897435897,177.9999999999999,177.6470588235293,176.2142857142857,172.9230769230768,174.5287356321838,174.6666666666666
172.2,176.0624999999999,177.7857142857142,175.5641025641025,177.9655172413792,177.7647058823529,176.2857142857142,172.3846153846153,174.7471264367815,174.8333333333333
172.2999999999999,176.8124999999999,178.4999999999999,175.3846153846153,177.9310344827585,177.8823529411764,176.3571428571428,172.2499999999999,174.9655172413792,174.9999999999999
172.3999999999999,177.5624999999999,179.1160714285714,175.297619047619,177.8965517241379,177.9999999999999,176.4285714285714,172.3958333333333,175.1839080459769,175.1666666666666
172.4999999999999,177.9374999999999,179.0446428571428,175.4880952380952,177.8620689655172,177.8484848484848,176.4999999999999,172.9791666666666,175.4022988505746,175.3333333333333
172.6,178.1874999999999,178.9732142857142,175.6785714285714,177.8275862068965,177.6969696969697,176.5714285714285,173.5624999999999,175.6206896551723,175.4999999999999
172.6999999999999,178.4374999999999,178.9017857142857,175.8690476190476,177.7931034482758,177.5454545454545,176.6428571428571,174.1458333333333,175.83908045977,175.6666666666666
172.7999999999999,178.6130952380952,178.578947368421,176.0595238095237,177.7586206896551,177.3939393939393,176.7142857142857,174.7291666666666,176.0574712643677,175.8333333333333
172.8999999999999,178.5654761904761,178.1052631578947,176.2499999999999,177.8888888888888,177.2424242424242,176.7857142857142,175.3124999999999,176.2758620689654,175.9999999999999
172.9999999999999,178.5178571428571,177.8095238095237,176.4404761904761,178.074074074074,177.090909090909,176.8571428571428,175.8,176.4942528735631,176.1666666666666
173.2499999999999,178.470238095238,178.047619047619,176.6309523809523,178.2592592592592,176.9393939393939,176.9285714285714,175.9999999999999,176.7126436781608,176.3333333333333
173.4999999999999,178.422619047619,178.2857142857142,176.8214285714285,178.4444444444444,176.7878787878787,176.9999999999999,176.1999999999999,176.9310344827585,176.4999999999999
173.7499999999999,178.3749999999999,178.5238095238095,177.0119047619047,178.6296296296296,176.8059701492537,177.1333333333333,176.3999999999999,177.1494252873562,176.6666666666666
173.9999999999999,178.475,178.7619047619047,177.2023809523809,178.8148148148148,176.8805970149253,177.2666666666666,176.5999999999999,177.3678160919539,176.8333333333333
174.2499999999999,178.5749999999999,178.9999999999999,177.5263157894736,178.9999999999999,176.955223880597,177.3999999999999,176.8,177.5862068965516,176.9999999999999
174.4999999999999,178.675,179.2799999999999,177.8947368421052,179.1666666666666,177.0298507462686,177.5333333333333,176.9999999999999,177.7567567567567,177.1333333333333
174.7499999999999,178.7749999999999,179.5599999999999,178.2631578947368,179.3333333333333,177.1044776119402,177.6666666666666,176.9090909090908,177.7837837837837,177.2666666666666
174.9999999999999,178.8749999999999,179.8399999999999,178.6315789473684,179.4999999999999,177.1791044776119,177.8,176.8181818181818,177.8108108108107,177.3999999999999
175.4054054054054,179.0808823529411,180.1199999999999,178.9999999999999,179.6666666666666,177.2537313432835,177.9333333333333,176.7272727272727,177.8378378378378,177.5333333333333
175.8108108108108,179.2867647058823,180.3999999999999,178.8888888888888,179.8333333333333,177.3283582089552,178.0666666666666,176.6363636363636,177.8648648648648,177.6666666666666
176.2162162162162,179.4926470588235,180.6799999999999,178.7777777777777,179.9999999999999,177.4029850746268,178.1999999999999,176.5454545454545,177.8918918918918,177.8
176.6216216216216,179.6985294117647,180.6047244094487,178.6666666666666,180.1199999999999,177.4776119402985,178.3333333333333,176.4545454545454,177.9189189189188,177.9333333333333
177.027027027027,179.1406249999999,180.4110236220472,178.5555555555555,180.2399999999999,177.5522388059701,178.4666666666666,176.3636363636363,177.9459459459459,178.0666666666666
177.4324324324324,178.3281249999999,180.2173228346456,178.4444444444444,180.36,177.6268656716417,178.5999999999999,176.2727272727272,177.9729729729729,178.1999999999999
177.8378378378378,177.8749999999999,180.023622047244,178.3333333333333,180.48,177.7014925373134,178.7333333333333,176.1818181818181,177.9999999999999,178.3333333333333
178.2432432432432,177.5416666666666,179.8299212598425,178.2222222222222,180.5999999999999,177.776119402985,178.8666666666666,176.090909090909,178.081081081081,178.4666666666666
178.6486486486486,177.3125,179.7058823529411,178.1111111111111,180.7199999999999,177.8507462686566,178.9999999999999,175.9999999999999,178.1621621621621,178.5999999999999
178.7826086956521,177.1874999999999,179.7647058823529,177.9999999999999,180.6315789473684,177.9253731343283,179.0833333333333,176.391304347826,178.2432432432432,178.7333333333333
178.8260869565217,177.0624999999999,179.8235294117646,178.2,180.4736842105262,177.9999999999999,179.1666666666666,176.7826086956521,178.3243243243242,178.8666666666666
178.8695652173913,177.0454545454545,179.8823529411764,178.3999999999999,180.3157894736842,178.2653061224489,179.2499999999999,177.1739130434782,178.4054054054053,178.9999999999999
178.9130434782608,177.1363636363636,179.9411764705882,178.5999999999999,180.157894736842,178.5306122448979,179.3333333333333,177.5652173913043,178.4864864864864,178.96
178.9565217391304,177.2272727272727,179.9999999999999,178.8,179.9999999999999,178.7959183673469,179.4166666666666,177.9565217391304,178.5675675675675,178.9199999999999
178.9999999999999,177.3181818181818,179.8421052631578,178.9999999999999,179.8205128205128,179.0612244897959,179.4999999999999,178.3333333333333,178.6486486486485,178.8799999999999
178.7499999999999,177.4090909090908,179.6842105263157,179.1999999999999,179.6410256410256,179.3265306122448,179.5833333333333,178.6666666666666,178.7297297297296,178.8399999999999
178.4999999999999,177.4999999999999,179.5263157894736,179.3999999999999,179.4615384615384,179.5918367346938,179.6666666666666,178.9999999999999,178.5833333333332,178.8
178.2499999999999,177.590909090909,179.3684210526315,179.6,179.2820512820512,179.8571428571428,179.7499999999999,179.3333333333333,178.361111111111,178.7599999999999
177.9999999999999,177.6818181818181,179.1499999999999,179.7999999999999,179.102564102564,180.1224489795918,179.8333333333333,179.6666666666666,178.1388888888888,178.8709677419354
177.7499999999999,177.7727272727272,178.7499999999999,179.9999999999999,178.9230769230768,180.3877551020408,179.9166666666666,179.6521739130434,177.9166666666666,179.0322580645161
177.4999999999999,177.8636363636363,178.35,180.090909090909,178.7435897435897,180.6530612244897,179.9999999999999,179.5217391304347,177.796460176991,179.1935483870967
177.2499999999999,177.9545454545454,177.9499999999999,180.1818181818181,178.5641025641025,180.9183673469387,180.0999999999999,179.391304347826,177.9823008849556,179.3548387096774
176.9999999999999,178.0595238095238,177.55,180.2727272727272,178.3846153846153,181.1836734693877,180.2,179.2608695652173,178.1681415929202,179.516129032258
176.75,178.1785714285714,177.4642857142857,180.3636363636363,178.2499999999999,181.076923076923,180.3,179.1304347826086,178.3539823008848,179.6774193548387
176.5,178.297619047619,178.3214285714285,180.4545454545454,178.2499999999999,180.8461538461538,180.3999999999999,178.9999999999999,178.5398230088494,179.8387096774193
176.25,178.4166666666666,179.1785714285714,180.5454545454545,178.2499999999999,180.6153846153846,180.4999999999999,178.9999999999999,178.725663716814,179.9999999999999
176,178.5357142857142,180.0357142857142,180.6363636363636,178.2499999999999,180.3846153846153,180.6,178.9999999999999,178.9832352060671,180.1724137931034
175.9999999999999,178.7166666666666,179.9687499999999,180.7272727272727,178.2499999999999,180.1538461538461,180.6999999999999,178.9999999999999,179.5657120047898,180.3448275862068
175.9999999999999,179.0833333333333,179.5937499999999,180.8181818181818,178.3999999999999,179.9230769230768,180.7999999999999,178.9999999999999,180.1481888035125,180.5172413793103
175.9999999999999,179.4499999999999,179.2187499999999,180.9090909090908,178.6,179.6923076923076,180.8999999999999,178.9999999999999,180.7306656022352,180.6896551724137
175.9999999999999,179.8166666666666,178.8437499999999,180.9999999999999,178.8,179.4615384615384,180.9999999999999,178.9523809523809,181.3131424009579,180.8620689655172
175.9999999999999,180.09,178.9807692307692,180.7499999999999,178.9999999999999,179.2307692307692,180.8999999999999,178.9047619047619,181.6726261803191,181.0344827586206
175.9999999999999,180.2699999999999,179.2884615384615,180.4999999999999,179.1999999999999,178.9999999999999,180.8,178.8571428571428,181.363130901596,181.2068965517241
175.9999999999999,180.4499999999999,179.5961538461538,180.2499999999999,179.3999999999999,179.2571428571428,180.6999999999999,178.8095238095238,181.0536356228729,181.0869565217391
175.9999999999999,180.6299999999999,179.9038461538461,179.9999999999999,179.6,179.5142857142857,180.6,178.7619047619047,180.7441403441499,180.8695652173913
175.9999999999999,180.8099999999999,180.2115384615384,179.7499999999999,179.7999999999999,179.7714285714285,180.4999999999999,178.8,180.5840707964601,180.6521739130434
175.9999999999999,180.99,180.5192307692307,179.4999999999999,179.9999999999999,180.0285714285714,180.3999999999999,178.8666666666666,180.7699115044247,180.4347826086956
176.1333333333333,181.0766129032257,180.8124999999999,179.2499999999999,179.9062499999999,180.2857142857142,180.3,178.9333333333333,180.9557522123893,180.2173913043478
176.2666666666666,180.883064516129,181.0624999999999,178.9999999999999,179.8124999999999,180.5428571428571,180.2,178.9999999999999,181.1415929203539,179.9999999999999
176.3999999999999,180.6895161290322,181.3124999999999,179.2142857142857,179.7187499999999,180.8,180.0999999999999,179.1249999999999,181.3274336283185,180.030303030303
176.5333333333333,180.4959677419354,181.5624999999999,179.4285714285714,179.6249999999999,181.0571428571428,179.9999999999999,179.2499999999999,181.5132743362831,180.060606060606
176.6666666666666,180.3024193548387,181.8124999999999,179.6428571428571,179.5312499999999,181.2068965517241,180.0666666666666,179.3749999999999,181.6991150442477,180.090909090909
176.8,180.1088709677419,182.0625,179.8571428571428,179.4374999999999,181.0344827586206,180.1333333333333,179.4999999999999,181.8532222216213,180.1212121212121
176.9333333333333,179.9153225806451,182.1764705882352,180.0714285714285,179.3437499999999,180.8620689655172,180.2,179.6249999999999,181.9967066661619,180.1515151515151
177.0666666666666,179.7217741935483,181.8823529411764,180.2857142857142,179.2499999999999,180.6896551724137,180.2666666666666,179.7499999999999,182.1401911107024,180.1818181818181
177.1999999999999,179.5803571428571,181.5882352941176,180.4999999999999,179.425,180.5172413793103,180.3333333333333,179.8749999999999,182.283675555243,180.2121212121212
177.3333333333333,179.4910714285714,181.2941176470588,180.7142857142857,179.6,180.3448275862068,180.3999999999999,179.9999999999999,182.4271599997836,180.2424242424242
177.4666666666666,179.4017857142857,180.9999999999999,180.9285714285714,179.7749999999999,180.1724137931034,180.4666666666666,179.8333333333333,182.5706444443242,180.3846153846153
177.5999999999999,179.3124999999999,180.2857142857142,181.1428571428571,179.9499999999999,179.9999999999999,180.5333333333333,179.6666666666666,182.7141288888648,180.5641025641025
177.7333333333333,179.2232142857142,179.7499999999999,181.3571428571428,180.1249999999999,179.8421052631578,180.6,179.4999999999999,182.8120577027762,180.7435897435897
177.8666666666666,179.1339285714285,179.7499999999999,181.5714285714285,180.3,179.6842105263157,180.6666666666666,179.3333333333333,182.8948013064779,180.9230769230769
177.9999999999999,179.0446428571428,179.7499999999999,181.7857142857142,180.475,179.5263157894736,180.7333333333333,179.1666666666666,182.9775449101795,181.102564102564
178.2499999999999,179.0999999999999,179.7499999999999,181.9999999999999,180.6499999999999,179.3684210526315,180.7999999999999,178.9999999999999,183.0602885138812,181.2820512820512
178.4999999999999,179.2999999999999,179.7499999999999,181.6666666666666,180.825,179.2857142857142,180.8666666666666,179.1538461538461,183.1430321175829,181.4615384615384
178.7499999999999,179.4999999999999,179.7499999999999,181.3333333333333,180.9999999999999,179.4285714285714,180.9333333333333,179.3076923076922,183.2257757212846,181.6410256410256
178.9999999999999,179.7,179.7586206896551,180.9999999999999,180.8163265306122,179.5714285714285,180.9999999999999,179.4615384615384,183.3085193249863,181.8205128205128
179.2499999999999,179.8999999999999,179.7931034482758,180.6666666666666,180.6326530612244,179.7142857142857,181.0624999999999,179.6153846153846,183.391262928688,181.9999999999999
179.4999999999999,180.1,179.8275862068965,180.3333333333333,180.4489795918367,179.8571428571428,181.1249999999999,179.7692307692307,183.5011829300955,182.1489361702127
179.7499999999999,180.3,179.8620689655172,179.9999999999999,180.2653061224489,179.9999999999999,181.1874999999999,179.9230769230768,183.6209936612802,182.2978723404255
179.9999999999999,180.4999999999999,179.8965517241379,179.7708333333333,180.0816326530611,180.2222222222222,181.2499999999999,180.076923076923,183.7408043924649,182.4468085106382
180.2499999999999,180.7,179.9310344827586,179.8541666666666,179.8979591836734,180.4444444444444,181.3124999999999,180.2307692307692,183.8606151236496,182.595744680851
180.4999999999999,180.8999999999999,179.9655172413793,179.9374999999999,179.7142857142857,180.6666666666666,181.3749999999999,180.3846153846153,183.9804258548343,182.7446808510638
180.7499999999999,180.9999999999999,179.9999999999999,180.0208333333333,179.5306122448979,180.8888888888888,181.4374999999999,180.5384615384615,184.100236586019,182.8936170212766
180.9999999999999,180.9999999999999,179.8,180.1041666666666,179.3469387755101,181.1111111111111,181.4999999999999,180.6923076923076,184.2200473172037,183.0425531914893
181.1666666666666,180.9999999999999,179.5999999999999,180.1874999999999,179.1632653061224,181.3333333333333,181.5624999999999,180.8461538461538,183.9999999999999,183.1914893617021
181.3333333333333,180.9999999999999,179.3999999999999,180.2321428571428,178.9795918367346,181.5555555555555,181.6249999999999,180.9999999999999,183.6666666666666,183.3404255319149
181.4999999999999,180.9999999999999,179.1999999999999,180.1607142857142,178.7959183673469,181.7777777777777,181.6874999999999,181.1818181818181,183.3333333333332,183.4893617021276
181.6666666666666,180.9999999999999,178.9999999999999,180.0892857142857,178.8235294117647,181.9999999999999,181.7499999999999,181.3636363636363,183.3684210526314,183.6382978723404
181.8333333333333,180.9285714285714,178.8,180.0178571428571,178.9215686274509,181.8571428571428,181.8124999999999,181.5454545454545,183.5263157894736,183.7073170731707
181.9999999999999,180.7857142857142,178.9749999999999,179.9464285714285,179.0196078431372,181.7142857142857,181.8749999999999,181.7272727272727,183.6842105263157,183.5365853658536
181.6399999999999,180.6428571428571,179.2749999999999,179.8749999999999,179.1176470588235,181.5714285714285,181.9374999999999,181.9090909090908,183.8421052631578,183.3658536585365
181.2799999999999,180.4999999999999,179.5749999999999,179.8035714285714,179.2156862745097,181.4285714285714,181.9999999999999,182.090909090909,183.9999999999999,183.1951219512194
180.92,180.3571428571428,179.8749999999999,179.7169811320754,179.313725490196,181.2857142857142,182.090909090909,182.2727272727272,184.157894736842,183.0243902439024
180.5599999999999,180.2142857142857,180.1749999999999,179.5849056603773,179.4117647058823,181.1428571428571,182.1818181818181,182.4545454545454,184.3157894736841,182.8536585365853
180.1999999999999,180.0714285714285,180.1999999999999,179.4528301886792,179.5098039215686,180.9999999999999,182.2727272727272,182.6363636363636,184.4736842105262,182.6829268292682
179.8399999999999,180.0333333333333,180.1333333333333,179.3207547169811,179.6078431372548,180.8571428571428,182.3636363636363,182.8181818181818,184.6315789473683,182.5121951219512
179.6315789473684,180.1,180.0666666666666,179.188679245283,179.7058823529411,180.7142857142857,182.4545454545454,182.9999999999999,184.7333333333332,182.3414634146341
179.4736842105262,180.1666666666666,179.9999999999999,179.0566037735849,179.8039215686274,180.5714285714285,182.5454545454545,183.1111111111111,184.6666666666665,182.170731707317
179.3157894736842,180.2333333333333,179.8749999999999,178.9245283018867,179.9019607843137,180.4285714285714,182.6363636363636,183.2222222222222,184.5999999999999,181.9999999999999
179.1578947368421,180.3,179.7499999999999,178.7924528301886,179.9999999999999,180.2857142857142,182.7272727272727,183.3333333333333,184.5333333333332,182.2972972972972
178.9999999999999,180.3666666666666,179.6249999999999,178.6603773584905,179.8571428571428,180.1428571428571,182.8181818181818,183.4444444444444,184.4666666666666,182.5945945945945
179.4285714285714,180.4333333333333,179.4999999999999,178.5283018867924,179.7142857142857,179.9999999999999,182.9090909090909,183.5555555555555,184.3999999999999,182.8918918918918
179.8571428571428,180.4999999999999,179.3749999999999,178.3962264150943,179.5714285714285,179.8571428571428,182.9999999999999,183.6666666666666,184.3333333333333,183.1891891891891
180.2857142857142,180.5666666666666,179.2499999999999,178.2641509433962,179.4285714285714,179.7142857142856,183.0714285714285,183.7777777777777,184.2666666666666,183.4864864864864
180.7142857142857,180.6333333333333,179.1249999999999,178.132075471698,179.2857142857142,179.5714285714285,183.1428571428571,183.8888888888888,184.1999999999999,183.7837837837837
181.1428571428571,180.6999999999999,178.9999999999999,177.9999999999999,179.1428571428571,179.4285714285714,183.2142857142857,183.9999999999999,184.1333333333333,184.081081081081
181.5714285714285,180.7666666666666,178.7368421052631,177.9999999999999,178.9999999999999,179.2857142857142,183.2857142857142,184.1666666666666,184.0666666666666,184.3783783783783
181.9999999999999,180.8333333333333,178.4736842105262,177.9999999999999,178.8571428571428,179.1428571428571,183.3571428571428,184.3333333333333,183.9999999999999,184.6756756756756
182.1666666666666,180.8999999999999,178.2105263157894,177.9999999999999,178.7142857142857,178.9999999999999,183.4285714285714,184.4999999999999,184.081081081081,184.7999999999999
182.3333333333333,180.9666666666666,177.9473684210526,177.9999999999999,178.5714285714285,178.8571428571428,183.4999999999999,184.6666666666666,184.1621621621621,184.8666666666666
182.4999999999999,180.9687499999999,177.8235294117646,177.9999999999999,178.4285714285714,178.7142857142856,183.5714285714285,184.8333333333333,184.2432432432432,184.9333333333333
182.6666666666666,180.9062499999999,178.1176470588235,177.9999999999999,178.2857142857142,178.5714285714285,183.6428571428571,184.9999999999999,184.3243243243242,184.9999999999999
182.8333333333333,180.8437499999999,178.4117647058823,177.9999999999999,178.1428571428571,178.4285714285714,183.7142857142857,185.1666666666666,184.4054054054053,185.0666666666666
182.9999999999999,180.7812499999999,178.7058823529411,177.9999999999999,177.9999999999999,178.2857142857142,183.7857142857142,185.3333333333333,184.4864864864864,185.1333333333333
183.1666666666666,180.7187499999999,178.9999999999999,177.9999999999999,177.9019607843137,178.2941176470588,183.8571428571428,185.4999999999999,184.5675675675675,185.1999999999999
183.3333333333333,180.6562499999999,178.9999999999999,177.9999999999999,177.8039215686274,178.3529411764706,183.9285714285714,185.6666666666666,184.6486486486485,185.2343749999999
183.4999999999999,180.5937499999999,178.9999999999999,177.9999999999999,177.7058823529411,178.4117647058823,183.9999999999999,185.8333333333333,184.7297297297296,185.1718749999999
183.6666666666666,180.5312499999999,178.9999999999999,178.1,177.6078431372548,178.4705882352941,183.8181818181818,185.9999999999999,184.9999999999999,185.1093749999999
183.8333333333333,180.4687499999999,178.9999999999999,178.1999999999999,177.5098039215686,178.5294117647058,183.6363636363636,185.9999999999999,185.3333333333332,185.0468749999999
183.9999999999999,180.4062499999999,179.1666666666666,178.2999999999999,177.4117647058823,178.5882352941176,183.4545454545454,185.9999999999999,185.6666666666666,184.9843749999999
183.8571428571428,180.3437499999999,179.3333333333333,178.3999999999999,177.313725490196,178.6470588235294,183.2727272727272,185.9999999999999,185.9999999999999,184.9218749999999
183.7142857142857,180.2812499999999,179.4999999999999,178.4999999999999,177.2156862745097,178.7058823529411,183.090909090909,185.9999999999999,186.3333333333332,184.8593749999999
183.5714285714285,180.2187499999999,179.6666666666666,178.5999999999999,177.1176470588235,178.7647058823529,182.9090909090908,185.9999999999999,186.6666666666665,184.7968749999999
183.4285714285714,180.1562499999999,179.8333333333333,178.6999999999999,177.0196078431372,178.8235294117646,182.7272727272727,185.9999999999999,186.6666666666665,184.6969696969696
183.2857142857142,180.0937499999999,179.9999999999999,178.8,176.9215686274509,178.8823529411764,182.5454545454545,185.9999999999999,186.5555555555554,184.4848484848484
183.1428571428571,180.0312499999999,179.8387096774193,178.8999999999999,176.8235294117646,178.9411764705882,182.3636363636363,185.9999999999999,186.4444444444443,184.2727272727272
182.9999999999999,179.9499999999999,179.6774193548387,178.9999999999999,176.7755102040816,178.9999999999999,182.1818181818181,185.9999999999999,186.3333333333332,184.060606060606
182.8571428571428,179.8499999999999,179.516129032258,178.9166666666666,176.8775510204081,178.9166666666666,181.9999999999999,185.8749999999999,186.2222222222221,183.8484848484848
182.7142857142857,179.7499999999999,179.3548387096774,178.8333333333333,176.9795918367346,178.8333333333333,181.1818181818181,185.7499999999999,186.111111111111,183.6363636363636
182.5714285714285,179.6499999999999,179.1935483870967,178.7499999999999,177.0816326530611,178.7499999999999,180.3636363636363,185.6249999999999,185.9999999999999,183.4242424242424
182.4285714285714,179.55,179.0322580645161,178.6666666666666,177.1836734693877,178.6666666666666,179.7916666666666,185.4999999999999,185.8888888888888,183.2121212121211
182.2857142857142,179.4499999999999,178.8709677419354,178.5833333333333,177.2857142857142,178.5833333333333,179.9583333333333,185.3749999999999,185.7777777777777,182.9999999999999
182.1428571428571,179.3499999999999,178.7586206896551,178.4999999999999,177.3877551020408,178.4999999999999,180.1249999999999,185.2499999999999,185.6999999999999,183.2307692307692
181.9999999999999,179.2499999999999,178.7931034482758,178.4166666666666,177.4897959183673,178.4166666666666,180.3846153846153,185.1249999999999,185.6333333333332,183.4615384615384
181.8333333333333,179.1499999999999,178.8275862068965,178.3333333333333,177.5918367346938,178.3333333333333,180.9230769230769,184.9999999999999,185.5666666666665,183.6923076923076
181.6666666666666,179.0499999999999,178.8620689655172,178.2499999999999,177.6938775510203,178.2499999999999,181.4615384615384,184.8888888888888,185.4999999999999,183.9230769230769
181.4999999999999,178.9583333333333,178.8965517241379,178.1666666666666,177.7959183673469,178.1666666666666,181.9999999999999,184.7777777777777,185.4333333333332,184.1538461538461
181.3333333333333,178.8749999999999,178.9310344827586,178.0833333333333,177.8979591836734,178.0833333333333,182.0999999999999,184.6666666666666,185.3666666666666,184.3846153846153
181.1666666666666,178.7916666666666,178.9655172413792,177.9999999999999,177.9999999999999,177.9999999999999,182.2,184.5555555555555,185.2999999999999,184.6153846153846
180.9999999999999,178.7083333333333,178.9999999999999,178.1818181818181,178.090909090909,178.1506849315068,182.2999999999999,184.4444444444444,185.2682926829267,184.8461538461538
181.0499999999999,178.6249999999999,178.9999999999999,178.3636363636363,178.1818181818181,178.3013698630136,182.3999999999999,184.3333333333333,185.3414634146341,185.076923076923
181.0999999999999,178.5416666666666,178.9999999999999,178.5454545454545,178.2727272727272,178.4520547945205,182.4999999999999,184.3461538461538,185.4146341463414,185.3076923076923
181.1499999999999,178.4583333333333,178.9999999999999,178.7272727272727,178.3636363636363,178.6027397260274,182.6,184.7307692307692,185.4878048780487,185.5384615384615
181.1999999999999,178.3749999999999,178.9999999999999,178.9090909090908,178.4545454545454,178.7534246575342,182.7,185.1153846153846,185.560975609756,185.7692307692307
181.2499999999999,178.2916666666666,178.9999999999999,179.090909090909,178.5454545454545,178.904109589041,182.7999999999999,185.4999999999999,185.6341463414633,185.9999999999999
181.2999999999999,178.2083333333333,178.9999999999999,179.2727272727272,178.6363636363636,179.0547945205479,182.8999999999999,185.8846153846153,185.7073170731707,186.1999999999999
181.3499999999999,178.1249999999999,178.9999999999999,179.4545454545454,178.7272727272727,179.2054794520547,182.9999999999999,186.2692307692307,185.780487804878,186.3999999999999
181.3999999999999,178.0416666666666,178.9999999999999,179.6363636363636,178.8181818181818,179.3561643835616,183.0697674418604,186.6538461538461,185.8536585365853,186.5999999999999
181.45,178.0357142857142,178.8888888888888,179.8181818181818,178.9090909090908,179.5068493150685,183.1395348837209,186.5555555555555,185.9268292682926,186.8
181.4999999999999,178.1071428571428,178.7777777777777,179.9999999999999,178.9999999999999,179.6575342465753,183.2093023255813,186.2962962962962,185.9999999999999,186.9999999999999
181.55,178.1785714285714,178.6666666666666,179.9999999999999,178.9687499999999,179.8082191780821,183.2790697674418,186.037037037037,185.9714285714285,187.1999999999999
181.5999999999999,178.2499999999999,178.5555555555555,179.9999999999999,178.9374999999999,179.958904109589,183.3488372093023,185.7777777777777,185.9428571428571,187.0526315789473
181.6499999999999,178.3214285714285,178.4444444444444,179.9999999999999,178.9062499999999,180.1095890410958,183.4186046511628,185.5185185185185,185.9142857142856,186.7894736842105
181.6999999999999,178.3928571428571,178.3333333333333,179.9999999999999,178.8749999999999,180.2602739726027,183.4883720930232,185.2592592592592,185.8857142857142,186.5263157894736
181.7499999999999,178.4642857142857,178.2857142857142,179.9999999999999,178.8437499999999,180.4109589041095,183.5581395348837,184.9999999999999,185.8571428571428,186.2631578947368
181.8,178.5357142857142,178.4285714285714,179.9999999999999,178.8124999999999,180.5616438356164,183.6279069767441,184.8749999999999,185.8285714285713,185.9999999999999
181.85,178.6071428571428,178.5714285714285,179.9999999999999,178.7812499999999,180.7123287671232,183.6976744186046,184.7499999999999,185.7999999999999,186.3548387096774
181.8999999999999,178.6785714285714,178.7142857142857,179.9999999999999,178.7499999999999,180.5806451612902,183.7272727272727,184.6249999999999,185.7714285714285,186.7096774193548
181.95,178.7499999999999,178.8571428571428,179.7999999999999,178.8888888888888,180.3548387096774,183.6363636363636,184.4999999999999,185.8095238095237,187.0645161290322
181.9999999999999,178.8214285714285,178.9999999999999,179.6,179.0277777777777,180.1290322580645,183.5454545454545,184.3749999999999,186.047619047619,187.4193548387096
182.111111111111,178.8928571428571,179.3333333333333,179.3999999999999,179.1666666666666,179.9032258064515,183.4545454545454,184.2499999999999,186.2857142857142,187.774193548387
182.2222222222222,178.9642857142857,179.6666666666666,179.1999999999999,179.3055555555555,179.6774193548387,183.3636363636363,184.1249999999999,186.5238095238095,188.1290322580645
182.3333333333333,179.0277777777777,179.9999999999999,178.9999999999999,179.4444444444444,179.4516129032257,183.2727272727272,183.9999999999999,186.7619047619047,188.4838709677419
182.4444444444444,179.0833333333333,180.3333333333333,178.8,179.5833333333333,179.2258064516128,183.1818181818181,184.1999999999999,186.9999999999999,188.7678571428571
182.5555555555555,179.1388888888889,180.6666666666666,178.5999999999999,179.7222222222222,178.9999999999999,183.090909090909,184.3999999999999,186.9615384615384,188.8392857142857
182.6666666666666,179.1944444444444,180.9999999999999,178.3999999999999,179.8611111111111,179.2307692307692,182.9999999999999,184.6,186.9230769230768,188.9107142857142
182.7777777777777,179.2499999999999,180.8333333333333,178.2,179.9999999999999,179.4615384615384,182.8181818181818,184.8,186.8846153846153,188.9821428571428
182.8888888888888,179.3055555555555,180.6666666666666,177.9999999999999,179.9696969696969,179.6923076923076,182.6363636363636,184.9999999999999,186.8461538461538,189.0535714285714
182.9999999999999,179.361111111111,180.4999999999999,178.1,179.9393939393939,179.9230769230768,182.4545454545454,185.2,186.8076923076923,189.1249999999999
182.8999999999999,179.4166666666666,180.3333333333333,178.1999999999999,179.9090909090908,180.1538461538461,182.2727272727272,185.6249999999999,186.7692307692307,189.1964285714285
182.8,179.4722222222222,180.1666666666666,178.2999999999999,179.8787878787878,180.3846153846153,182.090909090909,186.1249999999999,186.7307692307692,189.1929824561403
182.6999999999999,179.5277777777777,179.9999999999999,178.3999999999999,179.8484848484848,180.6153846153846,181.9090909090908,186.6249999999999,186.6923076923076,188.9649122807017
182.6,179.5833333333333,179.8333333333333,178.4999999999999,179.8181818181818,180.8461538461538,181.7272727272727,187.1249999999999,186.6897918644306,188.7368421052631
182.4999999999999,179.6388888888888,179.6666666666666,178.5999999999999,179.7878787878787,181.076923076923,181.5454545454545,187.6249999999999,186.7932268044861,188.5087719298245
182.3999999999999,179.6944444444444,179.4999999999999,178.6999999999999,179.7575757575757,181.3076923076923,181.3636363636363,188.2187499999999,186.8966617445417,188.2807017543859
182.3,179.7499999999999,179.3333333333333,178.8,179.7894736842105,181.5384615384615,181.1818181818181,188.8437499999999,187.0000966845972,188.0526315789473
182.1999999999999,179.8055555555555,179.1666666666666,178.8999999999999,179.8421052631578,181.7692307692307,180.9999999999999,189.4687499999999,187.1035316246527,187.8245614035087
182.0999999999999,179.8611111111111,178.9999999999999,178.9999999999999,179.8947368421052,181.9999999999999,180.8999999999999,190.0937499999999,187.2069665647083,187.5964912280701
181.9999999999999,179.9166666666666,178.8749999999999,178.7499999999999,179.9473684210526,181.7999999999999,180.8,190.1290322580645,187.3104015047638,187.3684210526315
181.9508196721311,179.9722222222222,178.7499999999999,178.4999999999999,179.9999999999999,181.6,180.6999999999999,189.9677419354838,187.4138364448194,187.1403508771929
181.9016393442622,179.9666666666666,178.6249999999999,178.2499999999999,179.9090909090908,181.3999999999999,180.6,189.8064516129032,187.5172713848749,186.9122807017543
181.8524590163934,179.8999999999999,178.4999999999999,177.9999999999999,179.8181818181818,181.2,180.4999999999999,189.6451612903225,187.6207063249305,186.6842105263157
181.8032786885245,179.8333333333333,178.3749999999999,177.7499999999999,179.7272727272727,180.9999999999999,180.3999999999999,189.4838709677419,187.724141264986,186.4561403508771
181.7540983606557,179.7666666666666,178.2499999999999,177.4999999999999,179.6363636363636,180.8,180.3,189.3225806451613,187.5555555555554,186.2280701754385
181.7049180327868,179.6999999999999,178.1249999999999,177.25,179.5454545454545,180.5999999999999,180.2,189.1612903225806,187.2962962962962,185.9999999999999
181.655737704918,179.6333333333333,178,177,179.4545454545454,180.3999999999999,180.0999999999999,188.9999999999999,187.037037037037,185.8999999999999
181.6065573770491,179.5666666666666,178.3333333333333,177.1111111111111,179.3636363636363,180.2,179.9999999999999,188.625,186.7777777777777,185.8
181.5573770491803,179.4999999999999,178.6666666666666,177.2222222222221,179.2727272727272,179.9999999999999,180.0555555555555,188.25,186.5185185185184,185.6999999999999
181.5081967213114,179.4333333333333,178.9999999999999,177.3333333333333,179.1818181818181,180.0833333333333,180.1111111111111,187.8749999999999,186.2592592592592,185.6
181.4590163934426,179.3666666666666,179.3333333333333,177.4444444444444,179.090909090909,180.1666666666666,180.1666666666666,187.4999999999999,185.9999999999999,185.4999999999999
181.4098360655737,179.3,179.6666666666666,177.5555555555555,178.9999999999999,180.2499999999999,180.2222222222222,187.1249999999999,185.8571428571428,185.3999999999999
181.3606557377049,179.2333333333333,179.9999999999999,177.6666666666666,179.076923076923,180.3333333333333,180.2777777777777,186.7499999999999,185.7142857142856,185.2999999999999
181.311475409836,179.1666666666666,179.8333333333333,177.7777777777777,179.1538461538461,180.4166666666666,180.3333333333333,186.3749999999999,185.5714285714285,185.2
181.2622950819672,179.1,179.6666666666666,177.8888888888889,179.2307692307691,180.4999999999999,180.3888888888889,185.9999999999999,185.4285714285713,185.0999999999999
181.3225806451613,179.0333333333333,179.4999999999999,177.9999999999999,179.3076923076923,180.5833333333333,180.4444444444444,185.9696969696969,185.2857142857142,184.9999999999999
181.4193548387096,179.0555555555555,179.3333333333333,178.2343749999999,179.3846153846154,180.6666666666666,180.4999999999999,185.9393939393939,185.4009661835748,185.1428571428571
181.516129032258,179.1666666666666,179.1666666666666,178.4687499999999,179.4615384615384,180.7499999999999,180.5555555555555,185.9090909090909,185.6022544283413,185.2857142857142
181.6129032258064,179.2777777777777,178.9999999999999,178.7031249999999,179.5384615384615,180.8333333333333,180.6111111111111,185.8787878787878,185.8035426731078,185.4285714285714
181.7096774193548,179.3888888888889,179.1999999999999,178.9374999999999,179.6153846153846,180.9166666666666,180.6666666666666,185.8484848484848,186.0048309178743,185.5714285714285
181.8064516129032,179.4999999999999,179.3999999999999,179.1718749999999,179.6923076923076,180.9999999999999,180.7222222222222,185.8181818181818,186.2061191626408,185.7142857142857
181.9032258064515,179.6111111111111,179.5999999999999,179.4062499999999,179.7692307692307,181.1666666666666,180.7777777777777,185.7878787878787,186.4074074074074,185.8571428571428
181.9999999999999,179.7222222222221,179.7999999999999,179.6406249999999,179.8461538461538,181.3333333333333,180.8333333333333,185.7575757575757,186.4799999999999,185.9999999999999
182.0967741935483,179.8333333333333,179.9999999999999,179.8749999999999,179.9230769230768,181.4999999999999,180.8888888888888,185.8499999999999,186.52,186.1428571428571
182.1935483870967,179.9444444444444,180.1999999999999,180.0681818181818,179.9999999999999,181.6666666666666,180.9444444444444,185.9833333333333,186.5599999999999,186.2857142857142
182.2903225806451,180.05,180.3999999999999,180.2613636363636,180.090909090909,181.8333333333333,180.9999999999999,186.1166666666666,186.6,186.4285714285714
182.3870967741935,180.1499999999999,180.5999999999999,180.4545454545454,180.1818181818181,181.9999999999999,180.9090909090908,186.2499999999999,186.64,186.5714285714285
182.4838709677419,180.2499999999999,180.8,180.6477272727272,180.2727272727272,182.1666666666666,180.8181818181818,186.3833333333333,186.6799999999999,186.7142857142857
182.5806451612903,180.3499999999999,180.9999999999999,180.840909090909,180.3636363636363,182.3333333333333,180.7272727272727,186.5166666666666,186.72,186.8571428571428
182.6774193548386,180.4499999999999,181.1999999999999,181.0340909090908,180.4545454545454,182.4999999999999,180.6363636363636,186.6499999999999,186.7599999999999,187
182.7647058823529,180.55,181.3999999999999,181.2272727272727,180.5454545454545,182.6666666666666,180.5454545454545,186.6969696969696,186.8,187.1874999999999
182.8235294117646,180.6499999999999,181.5999999999999,181.4204545454545,180.6363636363636,182.8333333333333,180.4545454545454,186.4848484848484,186.8399999999999,187.3749999999999
182.8823529411764,180.7499999999999,181.7999999999999,181.6136363636363,180.7272727272727,182.9999999999999,180.3636363636363,186.2727272727272,186.8799999999999,187.5624999999999
182.9411764705882,180.8499999999999,181.9999999999999,181.8068181818181,180.8181818181818,182.7199999999999,180.2727272727272,186.060606060606,186.9199999999999,187.7499999999999
182.9999999999999,180.9499999999999,182.090909090909,181.9999999999999,180.9090909090908,182.4399999999999,180.1818181818181,185.8484848484848,186.96,187.9375
183.1,180.9999999999999,182.1818181818181,182.3846153846153,180.9999999999999,182.1599999999999,180.090909090909,185.6363636363636,186.9999999999999,188.1249999999999
183.1999999999999,180.9999999999999,182.2727272727272,182.7692307692307,180.7142857142857,181.8799999999999,179.9999999999999,185.4242424242424,187.037037037037,188.3124999999999
183.3,180.9999999999999,182.3636363636363,183.1538461538461,180.4285714285714,181.6,179.9999999999999,185.2121212121212,187.074074074074,188.4999999999999
183.3999999999999,180.9999999999999,182.4545454545454,183.5384615384615,180.1428571428571,181.3199999999999,179.9999999999999,184.9999999999999,187.111111111111,188.6874999999999
183.4999999999999,180.9999999999999,182.5454545454545,183.9230769230769,179.8571428571428,181.0192307692307,179.9999999999999,185.111111111111,187.1481481481481,188.8749999999999
183.5999999999999,180.9999999999999,182.6363636363636,184.3076923076923,179.5714285714285,180.7115384615384,179.9999999999999,185.2222222222222,187.1851851851851,189.0624999999999
183.6999999999999,180.9999999999999,182.7272727272727,184.6923076923076,179.2857142857142,180.4038461538461,179.9999999999999,185.3333333333333,187.2222222222222,189.2499999999999
183.8,180.9999999999999,182.8181818181818,185.076923076923,178.9999999999999,180.0961538461538,179.9999999999999,185.4444444444444,187.2592592592592,189.4374999999999
183.8999999999999,180.9999999999999,182.9090909090908,185.4615384615384,179.076923076923,179.7884615384615,179.9999999999999,185.5555555555555,187.2962962962962,189.6249999999999
183.9999999999999,180.9583333333333,182.9999999999999,185.8461538461538,179.1538461538461,179.4807692307692,179.9999999999999,185.6666666666666,187.3333333333333,189.8124999999999
183.7692307692307,180.8749999999999,182.8999999999999,186.2307692307692,179.2307692307691,179.2972972972973,179.9999999999999,185.7777777777777,187.3703703703703,189.9999999999999
183.5384615384615,180.7916666666666,182.8,186.6153846153846,179.3076923076923,179.4864864864864,179.9999999999999,185.8888888888889,187.4074074074074,189.9655172413792
183.3076923076923,180.7083333333333,182.6999999999999,186.9999999999999,179.3846153846154,179.6756756756756,179.8923076923076,185.9999999999999,187.4444444444444,189.9310344827586
183.076923076923,180.6249999999999,182.5999999999999,187.2222222222222,179.4615384615384,179.8648648648648,179.7846153846153,185.9230769230769,187.4814814814814,189.8965517241379
182.8461538461538,180.5416666666666,182.4999999999999,187.4444444444444,179.5384615384615,180.054054054054,179.676923076923,185.8461538461538,187.5185185185185,189.8620689655172
182.6153846153846,180.4583333333333,182.3999999999999,187.6666666666666,179.6153846153846,180.2432432432432,179.5692307692307,185.7692307692307,187.5555555555555,189.8275862068965
182.3846153846153,180.3749999999999,182.2999999999999,187.8888888888888,179.6923076923076,180.4324324324324,179.4615384615384,185.6923076923076,187.5925925925926,189.7931034482758
182.1538461538461,180.2916666666666,182.1999999999999,188.111111111111,179.7692307692307,180.6216216216216,179.3538461538461,185.6153846153846,187.6296296296296,189.7586206896551
181.9230769230768,180.2083333333333,182.0999999999999,188.3333333333333,179.8461538461538,180.8108108108108,179.2461538461538,185.5384615384615,187.6666666666666,189.576923076923
181.6923076923076,180.1249999999999,181.9999999999999,188.5555555555555,179.9230769230768,180.9999999999999,179.1384615384615,185.4615384615384,187.7037037037036,189.3461538461538
181.4615384615384,180.0416666666666,181.7142857142857,188.7777777777777,179.9999999999999,180.5882352941176,179.0307692307692,185.3846153846153,187.7407407407407,189.1153846153845
181.2307692307692,179.9090909090908,181.4285714285714,188.9999999999999,180.0833333333333,180.1764705882352,178.9230769230768,185.3076923076922,187.7777777777777,188.8846153846153
180.9999999999999,179.7272727272727,181.1428571428571,188.7272727272727,180.1666666666666,179.7647058823529,178.8153846153846,185.2307692307692,187.8148148148148,188.6538461538461
180.9999999999999,179.5454545454545,180.8571428571428,188.4545454545454,180.2499999999999,179.3529411764706,178.7076923076922,185.1538461538461,187.8518518518518,188.4230769230769
180.9999999999999,179.3636363636363,180.5714285714285,188.1818181818181,180.3333333333333,178.8749999999999,178.5999999999999,185.076923076923,187.8888888888888,188.3018867924528
180.9999999999999,179.1818181818181,180.2857142857142,187.9090909090909,180.4166666666666,178.3749999999999,178.4923076923076,184.9999999999999,187.9259259259259,188.5094339622641
180.9999999999999,178.9999999999999,179.9999999999999,187.6363636363636,180.4999999999999,177.8749999999999,178.3846153846153,185.2121212121211,187.9629629629629,188.7169811320754
180.9999999999999,178.8181818181818,179.9523809523809,187.3636363636363,180.5833333333333,177.3749999999999,178.276923076923,185.4242424242424,187.9999999999999,188.9245283018867
180.9999999999999,178.6363636363636,179.9047619047619,187.090909090909,180.6666666666666,176.8749999999999,178.3529411764706,185.6363636363636,188.0687022900763,189.132075471698
180.9999999999999,178.4545454545454,179.8571428571428,186.8181818181818,180.7499999999999,176.9166666666666,178.4901960784313,185.8484848484848,188.1374045801526,189.3396226415094
180.9999999999999,178.2727272727272,179.8095238095238,186.5454545454545,180.8333333333333,177.1388888888889,178.6274509803921,186.060606060606,188.206106870229,189.5471698113207
180.9999999999999,178.090909090909,179.7619047619047,186.2727272727272,180.9166666666666,177.3611111111111,178.7647058823529,186.2727272727272,188.2748091603053,189.754716981132
180.9999999999999,177.9333333333333,179.8076923076922,185.9999999999999,180.9999999999999,177.5833333333333,178.9019607843136,186.4848484848484,188.3435114503816,189.9622641509433
180.9999999999999,177.8,179.8846153846153,185.4545454545454,180.8947368421052,177.9166666666666,179.0392156862745,186.6969696969697,188.4122137404579,190.1698113207547
181.1111111111111,177.6666666666666,179.9615384615384,184.9090909090908,180.7894736842105,178.5833333333333,179.1764705882352,186.774193548387,188.4809160305343,190.377358490566
181.2222222222222,177.5333333333333,180.0384615384615,184.3636363636363,180.6842105263157,179.2499999999999,179.313725490196,186.8064516129032,188.5496183206106,190.5849056603773
181.3333333333333,177.3999999999999,180.1153846153845,183.8181818181818,180.578947368421,179.9166666666666,179.4509803921568,186.8387096774193,188.6183206106869,190.7924528301886
181.4444444444444,177.2666666666666,180.1923076923076,183.2727272727272,180.4736842105263,180.5833333333333,179.5882352941176,186.8709677419354,188.6870229007633,190.9999999999999
181.5555555555555,177.1333333333333,180.2749999999999,182.7272727272727,180.3684210526315,180.5999999999999,179.7254901960784,186.9032258064516,188.7557251908396,190.9444444444444
181.6666666666666,176.9999999999999,180.3749999999999,182.1818181818181,180.2631578947368,180.3999999999999,179.8627450980392,186.9354838709677,188.8244274809159,190.8888888888888
181.7777777777777,176.8666666666666,180.475,181.6363636363636,180.157894736842,180.1999999999999,179.9999999999999,186.9677419354838,188.8931297709923,190.8333333333333
181.8888888888888,176.7333333333333,180.5749999999999,181.090909090909,180.0526315789473,179.9999999999999,179.9166666666666,186.9999999999999,188.6810461159351,190.7777777777777
181.9999999999999,176.5999999999999,180.675,180.5454545454545,179.9473684210526,179.8,179.8333333333333,187.0833333333333,188.3443293827739,190.7222222222222
181.9830508474576,176.4666666666666,180.7058823529411,179.9999999999999,179.8421052631579,179.6,179.7499999999999,187.1666666666666,188.0076126496127,190.6666666666666
181.9661016949152,176.3333333333333,180.5294117647058,179.7499999999999,179.7368421052631,179.3999999999999,179.6666666666666,187.2499999999999,187.6708959164515,190.6111111111111
181.9491525423728,176.1999999999999,180.3529411764706,179.5,179.6315789473684,179.1999999999999,179.5833333333333,187.3333333333333,187.3341791832902,190.5555555555555
181.9322033898304,176.0666666666666,180.1764705882352,179.2499999999999,179.5263157894736,178.9999999999999,179.4999999999999,187.4166666666666,187.2499999999999,190.4999999999999
181.9152542372881,176.0999999999999,179.9999999999999,178.9999999999999,179.4210526315789,178.8,179.4166666666666,187.4999999999999,187.2499999999999,190.4444444444444
181.8983050847457,176.3,179.6666666666666,178.7499999999999,179.3157894736841,178.6,179.3333333333333,187.5833333333333,187.2499999999999,190.3888888888888
181.8813559322033,176.4999999999999,179.3333333333333,178.4999999999999,179.2105263157894,178.3999999999999,179.2499999999999,187.6666666666666,187.2499999999999,190.3333333333333
181.864406779661,176.6999999999999,178.9999999999999,178.2499999999999,179.1052631578947,178.2857142857142,179.1666666666666,187.7499999999999,187.2499999999999,190.2777777777777
181.8474576271186,176.8999999999999,178.6666666666666,177.9999999999999,178.9999999999999,178.4285714285714,179.0833333333333,187.8333333333333,187.2499999999999,190.2222222222222
181.8305084745762,177.0999999999999,178.3333333333333,177.7499999999999,179.0322580645161,178.5714285714285,178.9999999999999,187.9166666666666,187.2499999999999,190.1666666666666
181.8135593220338,177.3,178.175,177.4999999999999,179.0645161290322,178.7142857142857,179.0714285714285,187.9999999999999,187.2499999999999,190.1111111111111
181.7966101694915,177.4999999999999,178.0749999999999,177.2499999999999,179.0967741935483,178.8571428571428,179.1428571428571,187.7777777777777,187.2499999999999,190.0555555555555
181.7796610169491,177.6999999999999,177.9749999999999,176.9999999999999,179.1290322580645,178.9999999999999,179.2142857142856,187.5555555555555,187.2499999999999,189.9999999999999
181.7627118644067,177.8999999999999,177.8749999999999,177.0999999999999,179.1612903225806,179.1428571428571,179.2857142857142,187.3333333333333,187.3333333333332,189.9230769230769
181.7575757575757,178.0999999999999,177.7749999999999,177.2,179.1935483870967,179.2857142857142,179.3571428571428,187.1111111111111,187.6666666666666,189.8461538461538
181.7878787878787,178.2999999999999,177.7692307692307,177.2999999999999,179.2258064516128,179.4285714285714,179.4285714285714,186.8888888888888,187.9999999999999,189.7692307692307
181.8181818181818,178.4999999999999,177.7948717948717,177.3999999999999,179.2307692307692,179.5714285714285,179.4999999999999,186.6666666666666,188.3333333333332,189.6923076923076
181.8484848484848,178.7,177.8205128205128,177.4999999999999,179.1538461538461,179.7142857142856,179.5714285714285,186.4444444444444,188.6666666666665,189.6153846153846
181.8787878787878,178.8999999999999,177.8461538461538,177.6,179.076923076923,179.8571428571428,179.6428571428571,186.2222222222222,188.7499999999999,189.5384615384615
181.9090909090908,178.9999999999999,177.8717948717948,177.6999999999999,178.9999999999999,179.9999999999999,179.7142857142857,185.9999999999999,188.7499999999999,189.4615384615384
181.9393939393939,178.9999999999999,177.8974358974359,177.7999999999999,178.9230769230768,180.0537634408602,179.7857142857142,186.1666666666666,188.7499999999999,189.3846153846153
181.9696969696969,178.9999999999999,177.9230769230769,177.8999999999999,178.8461538461538,180.1075268817204,179.8571428571428,186.3333333333333,188.7499999999999,189.3076923076923
181.9999999999999,178.9999999999999,177.9487179487179,177.9999999999999,178.7692307692307,180.1612903225806,179.9285714285714,186.4999999999999,188.7499999999999,189.2307692307692
181.9999999999999,178.9999999999999,177.9743589743589,177.9999999999999,178.7016129032258,180.2150537634408,179.9999999999999,186.6666666666666,188.7499999999999,189.1538461538461
181.9999999999999,178.9999999999999,177.9999999999999,177.9999999999999,178.6370967741935,180.268817204301,179.8333333333333,186.8333333333333,188.7499999999999,189.076923076923
181.9999999999999,178.9999999999999,178.1267605633802,177.9999999999999,178.5725806451612,180.3225806451612,179.6666666666666,186.9999999999999,188.7499999999999,188.9999999999999
181.9999999999999,178.9999999999999,178.2535211267605,177.9999999999999,178.508064516129,180.3763440860214,179.4999999999999,187.1666666666666,188.7499999999999,189.0731707317073
181.9999999999999,178.9999999999999,178.3802816901408,177.9999999999999,178.4435483870967,180.4301075268817,179.3333333333333,187.3333333333333,188.7499999999999,189.1463414634146
181.9999999999999,178.9999999999999,178.5070422535211,177.9999999999999,178.3790322580645,180.4838709677419,179.1666666666666,187.4999999999999,188.7499999999999,189.2195121951219
181.9999999999999,178.9999999999999,178.6338028169014,177.9999999999999,178.3145161290322,180.5376344086021,178.9999999999999,187.6666666666666,188.7499999999999,189.2926829268292
181.9999999999999,178.9999999999999,178.7605633802816,177.7499999999999,178.2499999999999,180.5913978494623,178.8333333333333,187.8333333333333,188.7499999999999,189.3658536585365
181.9999999999999,178.9999999999999,178.8873239436619,177.4999999999999,178.1854838709677,180.6451612903225,178.6666666666666,187.9999999999999,188.715909090909,189.4390243902438
181.9999999999999,178.9999999999999,179.0140845070422,177.2499999999999,178.1209677419354,180.6989247311827,178.4999999999999,187.9999999999999,188.6704545454544,189.5121951219512
181.9999999999999,178.9999999999999,179.1408450704225,176.9999999999999,178.0564516129032,180.752688172043,178.3333333333333,187.9999999999999,188.6249999999999,189.5853658536585
182.1428571428571,178.9999999999999,179.2676056338028,176.7499999999999,177.9919354838709,180.8064516129032,178.1666666666666,187.9999999999999,188.5795454545454,189.6585365853658
182.2857142857142,178.9999999999999,179.394366197183,176.4999999999999,177.9274193548386,180.8602150537634,177.9999999999999,187.9999999999999,188.5340909090908,189.7317073170731
182.4285714285714,178.9999999999999,179.5211267605633,176.2499999999999,177.8629032258064,180.9139784946236,178.1999999999999,187.9999999999999,188.4886363636363,190
182.5714285714285,178.9999999999999,179.6478873239436,175.9999999999999,177.7983870967741,180.9677419354838,178.3999999999999,187.9999999999999,188.4431818181817,190.3333333333333
182.7142857142856,178.9999999999999,179.7746478873239,175.8292682926829,177.6699999999999,181.021505376344,178.5999999999999,187.9999999999999,188.3977272727272,190.6666666666666
182.8571428571428,178.9999999999999,179.9014084507042,175.6585365853658,177.35,181.0752688172043,178.8,187.9999999999999,188.3522727272726,190.9999999999999
182.9999999999999,179.0333333333333,180.0281690140845,175.4878048780487,177.0299999999999,181.1290322580645,178.9999999999999,187.9999999999999,188.3068181818181,191.1833333333333
182.9729729729729,179.0999999999999,180.1549295774647,175.3170731707316,176.71,181.1827956989247,179.1999999999999,187.7499999999999,188.2613636363635,190.9166666666666
182.9459459459459,179.1666666666666,180.2244897959183,175.1463414634146,176.3899999999999,181.2365591397849,179.3999999999999,187.4999999999999,188.2954545454544,190.6499999999999
182.9189189189188,179.2333333333333,180.1224489795918,174.9756097560975,176.07,181.2978723404255,179.5999999999999,187.2499999999999,188.3560606060605,190.3833333333333
182.8918918918918,179.2999999999999,180.0204081632653,174.8048780487804,175.7499999999999,181.3617021276595,179.8,186.9999999999999,188.4166666666666,190.1166666666666
182.8648648648648,179.3666666666666,179.9183673469387,174.6341463414633,175.4299999999999,181.4255319148936,179.9999999999999,186.7499999999999,188.4772727272726,189.85
182.8378378378378,179.4333333333333,179.8163265306122,174.4634146341463,175.11,181.4893617021276,180.2,186.4999999999999,188.5378787878787,189.5833333333333
182.8108108108108,179.4999999999999,179.7142857142856,174.2926829268292,174.79,181.5531914893616,180.3999999999999,186.2499999999999,188.5984848484847,189.3166666666666
182.7837837837837,179.5666666666666,179.6122448979591,174.3999999999999,174.4699999999999,181.6170212765957,180.5999999999999,185.9999999999999,188.6590909090908,188.6363636363636
182.7567567567567,179.6333333333333,179.5102040816326,174.6,174.1499999999999,181.6808510638297,180.8,185.9999999999999,188.7196969696969,187.8181818181818
182.5555555555555,179.6999999999999,179.4081632653061,174.7999999999999,173.83,181.7446808510638,180.9999999999999,185.9999999999999,188.7803030303029,186.9999999999999
182.2962962962962,179.7666666666666,179.3061224489795,174.9999999999999,173.6,181.8085106382978,180.9999999999999,185.9999999999999,188.840909090909,186.9999999999999
182.037037037037,179.8333333333333,179.204081632653,175.1999999999999,173.3999999999999,181.8723404255319,180.9999999999999,185.9999999999999,188.901515151515,186.9999999999999
181.7777777777777,179.8999999999999,179.1020408163265,175.3999999999999,173.1999999999999,181.9361702127659,180.9999999999999,185.9999999999999,188.9621212121211,186.9999999999999
181.5185185185185,179.9666666666666,178.9999999999999,175.5999999999999,172.9999999999999,181.9999999999999,180.9999999999999,185.9999999999999,189.0227272727271,186.9999999999999
181.2592592592592,179.8888888888889,178.9411764705882,175.7999999999999,173.5238095238095,181.8148148148148,180.9999999999999,185.9999999999999,189.0833333333332,186.9999999999999
180.9999999999999,179.6666666666666,178.8823529411764,175.9999999999999,174.047619047619,181.6296296296296,180.9090909090909,185.9999999999999,189.1439393939393,186.9999999999999
181.0833333333333,179.4444444444444,178.8235294117646,176.1999999999999,174.5714285714285,181.4444444444444,180.8181818181818,186.2499999999999,189.2045454545453,186.9999999999999
181.1666666666666,179.2222222222222,178.7647058823529,176.3076923076922,175.095238095238,181.2592592592592,180.7272727272727,186.4999999999999,189.1951219512194,186.9999999999999
181.2499999999999,178.9999999999999,178.7058823529411,176.3846153846153,175.6190476190476,181.074074074074,180.6363636363636,186.7499999999999,188.9756097560975,186.9999999999999
181.3333333333333,178.7777777777777,178.6470588235293,176.4615384615384,175.9107142857142,180.8888888888888,180.5454545454545,186.9999999999999,188.7560975609755,186.9999999999999
181.4166666666666,178.5555555555555,178.5882352941176,176.5384615384615,176.1249999999999,180.5882352941176,180.4545454545454,187.2499999999999,188.5365853658536,187.1724137931034
181.4999999999999,178.3333333333333,178.5294117647058,176.6153846153846,176.3392857142857,179.9411764705882,180.3636363636363,187.4999999999999,188.3170731707316,187.3448275862068
181.5833333333333,178.1111111111111,178.4705882352941,176.6923076923076,176.5535714285714,179.2941176470588,180.2727272727272,187.7499999999999,188.0975609756097,187.5172413793103
181.6666666666666,177.9285714285714,178.4117647058823,176.7692307692307,176.7678571428571,178.6470588235294,180.1818181818181,187.9999999999999,187.8780487804877,187.6896551724137
181.7499999999999,177.7857142857142,178.3529411764705,176.8461538461538,176.9821428571428,177.9999999999999,180.090909090909,187.9999999999999,187.6585365853658,187.8620689655172
181.8333333333333,177.6428571428571,178.2941176470588,176.9230769230768,177.1964285714285,177.8,179.9999999999999,187.9999999999999,187.4390243902438,188.0344827586206
181.9166666666666,177.4999999999999,178.235294117647,176.9999999999999,177.0869565217391,177.5999999999999,180.4285714285714,187.9999999999999,187.2195121951219,188.2068965517241
181.9999999999999,177.3571428571428,178.1764705882352,176.8999999999999,176.8695652173913,177.3999999999999,180.8571428571428,187.9999999999999,186.9999999999999,188.1818181818181
182.1249999999999,177.2142857142857,178.1176470588235,176.8,176.6521739130434,177.2857142857142,181.2857142857142,187.9999999999999,187.0344827586206,188.090909090909
182.2499999999999,177.0714285714285,178.0588235294117,176.6999999999999,176.4347826086956,177.4285714285714,181.7142857142857,187.9999999999999,187.0689655172413,187.9999999999999
182.3749999999999,176.9285714285714,177.9999999999999,176.5999999999999,176.2173913043478,177.5714285714285,182.1428571428571,187.9999999999999,187.103448275862,187.9090909090909
182.4999999999999,176.7857142857142,177.9032258064516,176.4999999999999,175.9999999999999,177.7142857142857,182.3478260869564,187.9999999999999,187.1379310344827,187.8181818181818
182.6249999999999,176.6428571428571,177.8064516129032,176.3999999999999,176.1363636363636,177.8571428571428,182.4782608695652,187.9999999999999,187.1724137931033,187.7272727272727
182.7499999999999,176.4999999999999,177.7096774193548,176.3,176.2727272727272,177.9999999999999,182.6086956521739,187.9999999999999,187.206896551724,187.6363636363636
182.8749999999999,176.3571428571428,177.6129032258064,176.1999999999999,176.4090909090908,178.2142857142857,182.7391304347826,187.9999999999999,187.2413793103447,187.5454545454545
182.9999999999999,176.2142857142857,177.516129032258,176.0999999999999,176.5454545454545,178.4285714285714,182.8695652173913,187.8333333333333,187.3437499999999,187.4545454545454
183.2222222222222,176.0714285714285,177.4193548387096,175.9999999999999,176.6818181818181,178.6428571428571,182.9999999999999,187.6666666666666,187.4687499999999,187.3636363636363
183.4444444444444,176.0312499999999,177.3225806451612,175.7826086956521,176.8181818181818,178.8571428571428,182.9629629629629,187.4999999999999,187.5937499999999,187.2727272727272
183.6666666666666,176.0937499999999,177.2758620689655,175.5652173913043,176.9545454545454,179.0714285714285,182.9259259259259,187.3333333333333,187.7187499999999,187.1627906976744
183.8888888888889,176.1562499999999,177.3793103448275,175.3478260869565,177.090909090909,179.2857142857142,182.8888888888889,187.1666666666666,187.8437499999999,187.0465116279069
184.1111111111111,176.2187499999999,177.4827586206896,175.1304347826087,177.2272727272727,179.4999999999999,182.8518518518518,186.9999999999999,187.9687499999999,186.9302325581395
184.3333333333333,176.2812499999999,177.5862068965517,174.9130434782608,177.3636363636363,179.7142857142857,182.8148148148148,186.8333333333333,188.0937499999999,186.8139534883721
184.5555555555555,176.3437499999999,177.6896551724137,174.7931034482758,177.4999999999999,179.9285714285714,182.7777777777777,186.6666666666666,188.2187499999999,186.6976744186046
184.7777777777777,176.4062499999999,177.7931034482758,174.9655172413793,177.6363636363636,180.1428571428571,182.6551724137931,186.4999999999999,188.0624999999999,186.5813953488371
184.9999999999999,176.4687499999999,177.8965517241379,175.1379310344827,177.7727272727272,180.3571428571428,182.2758620689655,186.3333333333333,187.8124999999999,186.4651162790697
184.9189189189188,176.5312499999999,177.9999999999999,175.3103448275861,177.9090909090908,180.5714285714285,181.8965517241379,186.1666666666666,187.5624999999999,186.3488372093023
184.8378378378378,176.5937499999999,177.8888888888888,175.4827586206896,178.0454545454545,180.7857142857142,181.5172413793103,185.9999999999999,187.3124999999999,186.2325581395348
184.7567567567567,176.6562499999999,177.7777777777777,175.655172413793,178.1818181818181,180.9999999999999,181.1379310344827,185.3999999999999,187.0624999999999,186.1162790697674
184.6756756756756,176.7187499999999,177.6666666666666,175.8275862068965,178.3181818181818,180.7999999999999,180.7586206896551,184.8,186.8124999999999,185.9999999999999
184.5945945945945,176.7812499999999,177.5555555555555,175.9999999999999,178.4545454545454,180.6,180.3793103448275,184.1999999999999,186.5624999999999,185.9333333333333
184.5135135135135,176.8437499999999,177.4444444444444,176.2499999999999,178.590909090909,180.3999999999999,179.9999999999999,183.5999999999999,186.3124999999999,185.8666666666666
184.4324324324324,176.9062499999999,177.3333333333333,176.4999999999999,178.7272727272727,180.1999999999999,180.2142857142857,182.9999999999999,186.0624999999999,185.8
184.3513513513513,176.9687499999999,177.2222222222222,176.7499999999999,178.8636363636363,179.9999999999999,180.4285714285714,182.9090909090909,185.8124999999999,185.7333333333333
184.2702702702702,177.0714285714285,177.1111111111111,176.9999999999999,178.9999999999999,179.8,180.6428571428571,182.8181818181818,185.8684210526314,185.6666666666666
184.0232558139534,177.2142857142857,176.9999999999999,177.2499999999999,179.0499999999999,179.5999999999999,180.8571428571428,182.7857142857142,186.0263157894736,185.6
183.7209302325581,177.3571428571428,177.1176470588235,177.4999999999999,179.1,179.3999999999999,181.0714285714285,182.9285714285714,186.1842105263157,185.5333333333333
183.4186046511627,177.4999999999999,177.235294117647,177.7499999999999,179.1499999999999,179.2424242424242,181.2857142857142,183.0714285714285,186.3421052631578,185.4666666666666
183.1162790697674,177.6428571428571,177.3529411764706,177.9999999999999,179.2,179.2121212121212,181.4999999999999,183.2142857142856,186.4999999999999,185.3999999999999
182.813953488372,177.7857142857142,177.470588235294,177.8666666666666,179.2499999999999,179.1818181818181,181.7142857142857,183.3571428571428,186.657894736842,185.3333333333333
182.5116279069767,177.9285714285714,177.5882352941176,177.7333333333333,179.2999999999999,179.1515151515151,181.9285714285714,183.4999999999999,186.8157894736841,185.2666666666666
182.2093023255813,178.0714285714285,177.7058823529411,177.5999999999999,179.3499999999999,179.1212121212121,182.1428571428571,183.6428571428571,186.9736842105262,185.2
181.906976744186,178.2142857142857,177.8235294117646,177.4666666666666,179.3999999999999,179.090909090909,182.3571428571428,183.7692307692307,187.1315789473683,185.1333333333333
181.6046511627906,178.3571428571428,177.9411764705882,177.3333333333333,179.4499999999999,179.060606060606,182.5714285714285,183.8461538461538,187.2291666666665,185.0666666666666
181.3023255813953,178.4999999999999,178.0588235294117,177.1999999999999,179.4999999999999,179.0303030303029,182.7857142857142,183.9230769230768,187.1458333333332,184.9999999999999
181,178.6428571428571,178.1764705882352,177.0666666666666,179.55,178.9999999999999,182.9999999999999,183.9999999999999,187.0624999999999,184.9230769230769
180.9999999999999,178.7857142857142,178.2941176470588,176.9333333333333,179.5999999999999,179.05,182.9999999999999,184.2499999999999,186.9791666666666,184.8461538461538
180.9999999999999,178.9285714285714,178.4117647058823,176.8,179.6499999999999,179.1,182.9999999999999,184.4999999999999,186.8958333333332,184.7692307692307
180.9999999999999,178.9583333333333,178.5294117647058,176.6666666666666,179.6999999999999,179.1499999999999,182.9999999999999,184.7499999999999,186.8124999999999,184.6923076923076
180.9999999999999,178.8749999999999,178.6470588235293,176.5333333333333,179.7499999999999,179.1999999999999,182.9999999999999,184.9999999999999,186.7291666666666,184.6153846153846
180.9999999999999,178.7916666666666,178.7647058823529,176.3999999999999,179.8,179.2499999999999,182.9999999999999,184.9411764705882,186.6458333333332,184.5384615384615
180.9999999999999,178.7083333333333,178.8823529411764,176.2666666666666,179.8499999999999,179.2999999999999,182.9999999999999,184.8823529411764,186.5624999999999,184.4615384615384
180.9999999999999,178.6249999999999,178.9999999999999,176.1333333333333,179.8999999999999,179.35,182.9999999999999,184.8235294117646,186.4791666666666,184.3846153846153
180.9999999999999,178.5416666666666,178.9999999999999,175.9999999999999,179.95,179.3999999999999,182.9999999999999,184.7647058823529,186.3958333333333,184.3076923076923
180.9999999999999,178.4583333333333,178.9999999999999,176.1666666666666,179.9999999999999,179.45,182.9999999999999,184.7058823529411,186.3124999999999,184.2307692307692
180.9999999999999,178.3749999999999,178.9999999999999,176.3333333333333,179.9090909090908,179.4999999999999,182.9999999999999,184.6470588235293,186.2291666666666,184.1538461538461
180.9999999999999,178.2916666666666,178.9999999999999,176.4999999999999,179.8181818181818,179.55,182.9999999999999,184.5882352941176,186.1458333333332,184.076923076923
181.1333333333333,178.2083333333333,178.9999999999999,176.6666666666666,179.7272727272727,179.5999999999999,182.8571428571428,184.5294117647058,186.0624999999999,183.9999999999999
181.2666666666666,178.1249999999999,178.9999999999999,176.8333333333333,179.6363636363636,179.6499999999999,182.7142857142857,184.4705882352941,185.9791666666665,183.9374999999999
181.3999999999999,178.0416666666666,178.9999999999999,176.9999999999999,179.5454545454545,179.6999999999999,182.5714285714285,184.4117647058823,185.8958333333332,183.8749999999999
181.5333333333333,178.0624999999999,178.9999999999999,177.1666666666666,179.4545454545454,179.7499999999999,182.4285714285714,184.3529411764706,185.8124999999999,183.8124999999999
181.6666666666666,178.1874999999999,178.9999999999999,177.3333333333333,179.3636363636363,179.7999999999999,182.2857142857142,184.2941176470588,185.7192982456139,183.7499999999999
181.8,178.3124999999999,178.9999999999999,177.4999999999999,179.2727272727272,179.8499999999999,182.1428571428571,184.235294117647,185.5964912280701,183.6874999999999
181.9333333333333,178.4374999999999,178.9999999999999,177.6666666666666,179.1818181818181,179.8999999999999,181.9999999999999,184.1764705882352,185.4736842105262,183.6249999999999
182.0666666666666,178.5624999999999,178.9999999999999,177.8333333333333,179.090909090909,179.9499999999999,181.8571428571428,184.1176470588235,185.3508771929824,183.5624999999999
182.1999999999999,178.6874999999999,178.9999999999999,177.9999999999999,178.9999999999999,179.9999999999999,181.7142857142857,184.0588235294117,185.2280701754385,183.4999999999999
182.3333333333333,178.8124999999999,178.9999999999999,178.1666666666666,178.9523809523809,179.9166666666666,181.5714285714285,183.9999999999999,185.1052631578946,183.4374999999999
182.4666666666666,178.9374999999999,178.9999999999999,178.3333333333333,178.9047619047619,179.8333333333333,181.4285714285714,183.8666666666666,184.9824561403508,183.3749999999999
182.5999999999999,179.0624999999999,178.9999999999999,178.4999999999999,178.8571428571428,179.7499999999999,181.2857142857142,183.7333333333333,184.8596491228069,183.3124999999999
182.7333333333333,179.1874999999999,178.9999999999999,178.6666666666666,178.8095238095238,179.6666666666666,181.1428571428571,183.6,184.7368421052631,183.2499999999999
182.8666666666666,179.3124999999999,178.9999999999999,178.8333333333333,178.7619047619047,179.5833333333333,180.9999999999999,183.4666666666666,184.6140350877192,183.1874999999999
182.9999999999999,179.4374999999999,178.9999999999999,178.9999999999999,178.7826086956521,179.4999999999999,181.1249999999999,183.3333333333333,184.4912280701754,183.1249999999999
183.111111111111,179.5624999999999,178.9999999999999,179.2,178.8260869565217,179.4166666666666,181.2499999999999,183.1999999999999,184.3684210526315,183.0624999999999
183.2222222222222,179.6874999999999,178.9999999999999,179.3999999999999,178.8695652173913,179.3333333333333,181.3749999999999,183.0666666666666,184.2456140350877,182.9999999999999
183.3333333333333,179.8124999999999,179.1578947368421,179.5999999999999,178.9130434782608,179.2499999999999,181.4999999999999,182.9333333333333,184.1228070175438,182.7777777777777
183.4444444444444,179.9374999999999,179.3157894736842,179.8,178.9565217391304,179.1666666666666,181.6249999999999,182.8,183.9999999999999,182.5555555555555
183.5555555555555,180.0588235294117,179.4736842105262,179.9999999999999,178.9999999999999,179.0833333333333,181.7499999999999,182.6666666666666,183.8387096774193,182.3333333333333
183.6666666666666,180.1764705882352,179.6315789473684,180.1999999999999,178.6666666666666,178.9999999999999,181.8749999999999,182.5333333333333,183.6774193548386,182.1111111111111
183.7777777777777,180.2941176470588,179.7868852459016,180.0526315789473,178.3333333333333,178.9166666666666,181.9999999999999,182.3999999999999,183.516129032258,181.8888888888888
183.8888888888888,180.4117647058823,179.9344262295081,179.7894736842105,177.9999999999999,178.8333333333333,182.0526315789473,182.2666666666666,183.3548387096773,181.6666666666666
183.9999999999999,180.5294117647058,180.0819672131147,179.5263157894736,177.6666666666666,178.7499999999999,182.1052631578947,182.1333333333333,183.1935483870967,181.4444444444444
183.9411764705882,180.6470588235294,180.2295081967212,179.2631578947368,177.3333333333333,178.6666666666666,182.1578947368421,181.9999999999999,183.032258064516,181.2222222222222
183.8823529411764,180.7647058823529,180.3770491803278,178.9999999999999,176.9999999999999,178.5833333333333,182.2105263157894,182.090909090909,182.8709677419354,180.9999999999999
183.8235294117646,180.8823529411764,180.5245901639344,178.9285714285714,177.047619047619,178.4999999999999,182.2631578947368,182.1818181818181,182.7619047619046,180.8695652173912
183.7647058823529,180.9999999999999,180.6721311475409,178.8571428571428,177.095238095238,178.4166666666666,182.3157894736842,182.2727272727272,182.8095238095237,180.7391304347826
183.7058823529411,181.1176470588235,180.8196721311475,178.7857142857142,177.1428571428571,178.3333333333333,182.3684210526315,182.3636363636363,182.8571428571427,180.6086956521739
183.6470588235293,181.235294117647,180.967213114754,178.7142857142857,177.1904761904761,178.2499999999999,182.4210526315789,182.4545454545454,182.9047619047618,180.4782608695652
183.5882352941176,181.3529411764705,181.1147540983606,178.6428571428571,177.2380952380952,178.1666666666666,182.4736842105262,182.5454545454545,182.9523809523808,180.3478260869565
183.5294117647058,181.4705882352941,181.2622950819672,178.5714285714285,177.2857142857142,178.0833333333333,182.5263157894736,182.6363636363636,182.9999999999999,180.2941176470588
183.4705882352941,181.5882352941176,181.4098360655737,178.4999999999999,177.3333333333333,177.9999999999999,182.578947368421,182.7272727272727,183.0476190476189,180.470588235294
183.4117647058823,181.7058823529411,181.5573770491803,178.4285714285714,177.3809523809524,178.1333333333333,182.6315789473684,182.8181818181818,183.095238095238,180.6470588235294
183.3529411764705,181.8235294117646,181.7049180327868,178.3571428571428,177.4285714285714,178.2666666666666,182.6842105263157,182.9090909090909,183.1428571428571,180.8235294117646
183.2941176470588,181.9411764705882,181.8524590163934,178.2857142857142,177.4761904761904,178.3999999999999,182.7368421052631,182.9999999999999,183.1904761904761,180.9999999999999
183.235294117647,181.9499999999999,181.9999999999999,178.2142857142857,177.5238095238095,178.5333333333333,182.7894736842105,182.9230769230769,183.2380952380951,180.9090909090908
183.1764705882352,181.85,181.8421052631578,178.1428571428571,177.5714285714285,178.6666666666666,182.8421052631578,182.8461538461538,183.076923076923,180.8181818181818
183.1176470588235,181.7499999999999,181.6842105263157,178.0714285714285,177.6190476190476,178.8,182.8947368421052,182.7692307692307,182.8461538461538,180.7272727272727
183.0588235294117,181.6499999999999,181.5263157894736,177.9999999999999,177.6666666666666,178.9333333333333,182.9473684210526,182.6923076923076,182.6153846153845,180.6363636363636
182.9999999999999,181.55,181.3684210526315,178.1818181818181,177.7142857142857,179.0666666666666,182.9999999999999,182.6153846153846,182.3846153846153,180.5454545454545
183.1219512195121,181.4499999999999,181.2941176470588,178.3636363636363,177.7619047619047,179.1999999999999,182.8571428571428,182.5384615384615,182.153846153846,180.4545454545454
183.2439024390243,181.3499999999999,181.4705882352941,178.5454545454545,177.8095238095238,179.3333333333333,182.7142857142857,182.4615384615384,181.9230769230768,180.3636363636363
183.3658536585365,181.2499999999999,181.6470588235294,178.7272727272727,177.8571428571428,179.4666666666666,182.5714285714285,182.3846153846153,181.6923076923076,180.2727272727272
183.4878048780487,181.1499999999999,181.8235294117646,178.9090909090908,177.9047619047619,179.6,182.4285714285714,182.3076923076923,181.4615384615383,180.1818181818181
183.6097560975609,181.0499999999999,181.9999999999999,179.090909090909,177.9523809523809,179.7333333333333,182.2857142857142,182.2307692307692,181.2307692307691,180.090909090909
183.7317073170731,180.9651162790697,182.1111111111111,179.2727272727272,177.9999999999999,179.8666666666666,182.1428571428571,182.1538461538461,180.9999999999999,179.9999999999999
183.8536585365853,180.8953488372092,182.2222222222221,179.4545454545454,178.1333333333333,179.9999999999999,181.9999999999999,182.076923076923,180.7692307692306,179.9361702127659
183.9756097560975,180.8255813953488,182.3333333333333,179.6363636363636,178.2666666666666,180.079365079365,181.8571428571428,181.9999999999999,180.5384615384614,179.8723404255319
184.0975609756097,180.7558139534883,182.4444444444444,179.8181818181818,178.3999999999999,180.1587301587301,181.7142857142857,181.8333333333333,180.3076923076922,179.8085106382978
184.2195121951219,180.6860465116278,182.5555555555555,179.9999999999999,178.5333333333333,180.2380952380952,181.5714285714285,181.6666666666666,180.1785714285713,179.7446808510637
184.1627906976744,180.6162790697674,182.6666666666666,180.0714285714285,178.6666666666666,180.3174603174603,181.4285714285714,181.4999999999999,180.0833333333332,179.6808510638297
184.0465116279069,180.5465116279069,182.7777777777777,180.1428571428571,178.8,180.3968253968253,181.2857142857142,181.3333333333333,179.9880952380951,179.6170212765957
183.9302325581395,180.4767441860465,182.8888888888888,180.2142857142857,178.9333333333333,180.4761904761904,181.1428571428571,181.1666666666666,179.8928571428571,179.5531914893617
183.8139534883721,180.406976744186,182.9999999999999,180.2857142857142,179.0666666666666,180.5555555555555,180.9999999999999,180.9999999999999,179.7976190476189,179.4893617021276
183.6976744186046,180.3372093023255,183.1111111111111,180.3571428571428,179.1999999999999,180.6349206349206,180.9374999999999,180.8333333333333,179.7023809523808,179.4255319148936
183.5813953488371,180.2674418604651,183.2222222222222,180.4285714285714,179.3333333333333,180.7142857142857,180.8749999999999,180.6666666666666,179.6071428571427,179.3617021276595
183.4651162790697,180.3260869565217,183.3333333333333,180.4999999999999,179.4666666666666,180.7936507936507,180.8124999999999,180.4999999999999,179.5119047619046,179.2978723404255
183.3488372093023,180.427536231884,183.4444444444444,180.5714285714285,179.6,180.8730158730158,180.7499999999999,180.3333333333333,179.4166666666665,179.2142857142856
183.2325581395348,180.5289855072463,183.5555555555555,180.6428571428571,179.7333333333333,180.9523809523809,180.6874999999999,180.1666666666666,179.3214285714285,179.0714285714285
183.1162790697674,180.6304347826087,183.6666666666666,180.7142857142857,179.8666666666666,181.031746031746,180.6249999999999,179.9999999999999,179.2261904761904,178.9285714285714
182.9999999999999,180.731884057971,183.7777777777777,180.7857142857142,179.9999999999999,181.1111111111111,180.5624999999999,179.9285714285714,179.1309523809523,178.7857142857142
183.1176470588235,180.8333333333333,183.8888888888888,180.8571428571428,179.9999999999999,181.1904761904761,180.4999999999999,179.8571428571428,179.0357142857142,178.6428571428571
183.235294117647,180.9347826086956,183.9999999999999,180.9285714285714,179.9999999999999,181.2972972972972,180.4374999999999,179.7857142857142,178.9404761904761,178.4999999999999
183.3529411764706,181.0362318840579,183.9677419354838,180.9999999999999,179.9999999999999,181.4864864864864,180.3749999999999,179.7142857142857,178.845238095238,178.3571428571428
183.470588235294,181.1376811594203,183.9354838709677,180.9166666666666,179.9999999999999,181.6756756756756,180.3124999999999,179.6428571428571,178.7499999999999,178.2444444444444
183.5882352941176,181.2391304347826,183.9032258064516,180.8333333333333,179.9999999999999,181.8648648648648,180.2499999999999,179.5714285714285,178.6547619047618,178.2222222222221
183.7058823529411,181.3405797101449,183.8709677419354,180.7499999999999,179.9999999999999,182.054054054054,180.1874999999999,179.4999999999999,178.5595238095237,178.2
183.8235294117646,181.4420289855072,183.8387096774193,180.6666666666666,179.9999999999999,182.2432432432432,180.1249999999999,179.4285714285714,178.4642857142856,178.1777777777777
183.9411764705882,181.5434782608695,183.8064516129032,180.5833333333333,179.9999999999999,182.4324324324324,180.0624999999999,179.3571428571428,178.3690476190475,178.1555555555555
184.0588235294117,181.6449275362318,183.774193548387,180.4999999999999,179.7999999999999,182.6216216216216,179.9999999999999,179.2857142857142,178.2738095238094,178.1333333333333
184.1764705882352,181.7463768115942,183.6730769230769,180.4166666666666,179.6,182.8108108108108,179.7272727272727,179.2142857142856,178.1847826086956,178.111111111111
184.2941176470588,181.8478260869564,183.3653846153846,180.3333333333333,179.3999999999999,182.9999999999999,179.4545454545454,179.1428571428571,178.0978260869564,178.0888888888888
184.4117647058823,181.9492753623188,183.0576923076923,180.2499999999999,179.1999999999999,182.9180327868852,179.1818181818181,179.0714285714285,178.0108695652173,178.0666666666666
184.5294117647058,182.0398230088495,182.75,180.1666666666666,178.9999999999999,182.8360655737704,178.9090909090908,178.9999999999999,177.9239130434781,178.0444444444444
184.6470588235293,182.1194690265486,182.4423076923077,180.0833333333333,178.8,182.7540983606557,178.6363636363636,178.9230769230769,177.836956521739,178.0222222222222
184.7647058823529,182.1991150442477,182.1346153846154,179.9999999999999,178.5999999999999,182.6721311475409,178.3636363636363,178.8461538461538,177.7499999999999,177.9999999999999
184.8823529411764,182.2787610619469,181.8269230769231,180.0967741935483,178.3999999999999,182.5901639344262,178.090909090909,178.7692307692307,177.6630434782608,177.7857142857142
184.9999999999999,182.3584070796459,181.5769230769231,180.1935483870967,178.2,182.5081967213114,177.8181818181818,178.6923076923076,177.5760869565216,177.5714285714285
184.8999999999999,182.4380530973451,181.3461538461538,180.2903225806451,177.9999999999999,182.4262295081967,177.5454545454545,178.6153846153846,177.4891304347825,177.3571428571428
184.8,182.5176991150442,181.1153846153846,180.3870967741935,178.4117647058823,182.3442622950819,177.2727272727272,178.5384615384615,177.4021739130434,177.1428571428571
184.6999999999999,182.5973451327433,180.8846153846154,180.4838709677419,178.8235294117646,182.2622950819672,176.9999999999999,178.4615384615384,177.3152173913042,176.9285714285714
184.5999999999999,182.6769911504424,180.6538461538461,180.5806451612902,179.235294117647,182.1803278688524,176.9999999999999,178.3846153846153,177.2413793103447,176.7142857142857
184.4999999999999,182.7566371681415,180.4230769230768,180.6774193548386,179.6470588235294,182.0983606557377,176.9999999999999,178.3076923076923,177.206896551724,176.4999999999999
184.3999999999999,182.8362831858407,180.2857142857142,180.7395833333333,179.6,182.0163934426229,176.9999999999999,178.2307692307692,177.1724137931034,176.2857142857142
184.3,182.9159292035398,180.4285714285714,180.6979166666666,179.3999999999999,181.9344262295081,176.9999999999999,178.1538461538461,177.1379310344827,176.0714285714285
184.1999999999999,182.9955752212389,180.5714285714285,180.6562499999999,179.1999999999999,181.8524590163934,176.9999999999999,178.076923076923,177.103448275862,175.8571428571428
184.1,183.075221238938,180.7142857142857,180.6145833333333,178.9999999999999,181.7704918032786,176.9999999999999,177.9999999999999,177.0689655172413,175.6428571428571
183.9999999999999,183.0528846153846,180.8571428571428,180.5729166666666,178.8,181.7499999999999,176.9999999999999,177.8124999999999,177.0344827586206,175.4285714285714
184.0232558139535,182.8605769230768,180.9999999999999,180.5312499999999,178.5999999999999,181.7499999999999,177.0568181818181,177.6249999999999,176.9999999999999,175.2142857142856
184.0465116279069,182.6682692307692,181.1764705882352,180.4895833333333,178.3999999999999,181.7499999999999,177.2840909090908,177.4374999999999,176.8749999999999,174.9999999999999
184.0697674418604,182.4759615384615,181.3529411764706,180.4479166666666,178.1999999999999,181.7499999999999,177.5113636363636,177.2499999999999,176.7499999999999,174.7999999999999
184.0930232558139,182.2836538461538,181.5294117647058,180.4062499999999,177.9999999999999,181.7499999999999,177.7386363636363,177.0624999999999,176.6249999999999,174.6
184.1162790697674,182.0913461538461,181.7058823529411,180.3645833333333,177.8780487804878,181.7499999999999,177.965909090909,176.8749999999999,176.4999999999999,174.3999999999999
184.1395348837209,181.8990384615384,182.0434782608695,180.3229166666666,177.7560975609755,181.7499999999999,178.1931818181818,176.6874999999999,176.3749999999999,174.1999999999999
184.1627906976744,181.7682926829268,182.4347826086956,180.2812499999999,177.6341463414633,181.7499999999999,178.1299999999999,176.4999999999999,176.2499999999999,173.9999999999999
184.1860465116278,181.6463414634146,182.8260869565217,180.2857142857142,177.5121951219512,181.7894736842105,177.9699999999999,176.3124999999999,176.1249999999999,173.8
184.2093023255813,181.5243902439024,183.2173913043478,180.4285714285714,177.390243902439,181.8421052631578,177.8099999999999,176.1249999999999,175.9999999999999,173.5999999999999
184.2325581395348,181.4024390243902,183.6086956521739,180.5714285714285,177.2682926829268,181.8947368421052,177.6499999999999,175.9374999999999,175.8749999999999,173.3999999999999
184.1964285714285,181.280487804878,183.9999999999999,180.7142857142857,177.1463414634146,181.9473684210526,177.49,175.7499999999999,175.7499999999999,173.2
183.9821428571428,181.2874999999999,183.7499999999999,180.8571428571428,177.0243902439024,181.9999999999999,177.33,175.5624999999999,175.6249999999999,172.9999999999999
183.7678571428571,181.3374999999999,183.4999999999999,180.9999999999999,176.9024390243902,182.0526315789473,177.1699999999999,175.3749999999999,175.4999999999999,173.076923076923
183.5535714285714,181.3874999999999,183.2499999999999,181.1764705882352,176.780487804878,182.1052631578947,177.0099999999999,175.1874999999999,175.3749999999999,173.1538461538461
183.3392857142857,181.4374999999999,182.9999999999999,181.3529411764706,176.6562499999999,182.1578947368421,176.85,174.9999999999999,175.2499999999999,173.2307692307692
183.1249999999999,181.4875,182.7499999999999,181.5294117647058,176.5312499999999,182.2105263157894,176.6899999999999,174.6666666666666,175.1249999999999,173.1428571428571
182.9107142857142,181.5375,182.4999999999999,181.7058823529411,176.4062499999999,182.2249999999999,176.5299999999999,174.3333333333333,174.9999999999999,172.9999999999999
182.6896551724138,181.5874999999999,182.2499999999999,181.6666666666666,176.2812499999999,182.1249999999999,176.3699999999999,173.9999999999999,174.9090909090908,172.8571428571428
182.4482758620689,181.6374999999999,181.9999999999999,181.5555555555555,176.3023255813953,182.0249999999999,176.2075471698113,173.6666666666666,174.8181818181818,172.7142857142856
182.2068965517241,181.6874999999999,181.7499999999999,181.4444444444444,176.3720930232557,181.925,176.0377358490566,173.3333333333333,174.7272727272727,172.5714285714285
181.9655172413792,181.7375,181.4999999999999,181.3333333333333,176.4418604651162,181.8249999999999,175.8679245283018,172.9999999999999,174.6363636363635,172.4285714285714
181.7241379310344,181.6724137931034,181.2499999999999,181.2249999999999,176.5116279069767,181.7249999999999,175.6981132075471,172.6666666666666,174.5454545454544,172.2857142857142
181.4827586206896,181.5689655172413,180.9999999999999,181.1249999999999,176.5813953488372,181.6249999999999,175.5283018867924,172.3333333333333,174.4545454545454,172.1428571428571
181.2413793103448,181.4655172413792,180.7499999999999,181.0249999999999,176.6511627906976,181.5249999999999,175.3584905660377,171.9999999999999,174.3636363636363,171.9999999999999
180.9999999999999,181.3620689655172,180.4999999999999,180.925,176.7209302325581,181.425,175.188679245283,171.6666666666666,174.2727272727271,171.7241379310344
180.9803921568627,181.2586206896551,180.2499999999999,180.825,176.7906976744185,181.3249999999999,175.0188679245283,171.3333333333333,174.1874999999999,171.4482758620689
180.9607843137254,181.155172413793,179.9999999999999,180.8124999999999,176.860465116279,181.2065217391304,174.8490566037735,170.9999999999999,174.1041666666665,171.1724137931034
180.9411764705882,181.051724137931,179.9130434782608,181.0624999999999,176.9302325581395,181.0326086956521,174.6792452830188,170.9090909090908,174.0208333333332,170.8965517241379
180.9215686274509,180.9999999999999,179.8260869565217,181.3124999999999,176.9999999999999,180.8586956521739,174.5094339622641,170.8181818181818,173.9374999999999,170.6206896551724
180.9019607843137,180.9999999999999,179.7391304347825,181.5624999999999,176.9999999999999,180.6847826086956,174.3396226415094,170.7272727272727,173.8541666666665,170.3448275862069
180.8823529411764,180.9999999999999,179.6521739130434,181.7499999999999,176.9999999999999,180.5108695652173,174.1698113207547,170.6363636363636,173.7708333333332,170.0689655172413
180.8627450980392,180.9999999999999,179.5652173913043,181.7499999999999,176.9999999999999,180.3369565217391,173.9999999999999,170.5454545454545,173.8653846153845,169.7931034482758
180.8431372549019,180.9999999999999,179.4782608695652,181.7499999999999,176.9673913043478,180.1630434782608,173.9999999999999,170.4545454545454,174.0192307692307,169.5172413793103
180.8235294117646,180.9999999999999,179.391304347826,181.7499999999999,176.8369565217391,179.9891304347826,173.9999999999999,170.3636363636363,174.1730769230768,169.2413793103448
180.8039215686274,180.9999999999999,179.3043478260869,181.485294117647,176.7065217391304,179.8152173913043,173.9999999999999,170.2727272727272,174.326923076923,168.9655172413792
180.7843137254901,180.9999999999999,179.2173913043478,181.1323529411764,176.5760869565217,179.641304347826,173.9999999999999,170.1818181818181,174.4807692307691,168.6896551724137
180.7647058823529,180.9999999999999,179.1304347826086,180.7794117647058,176.445652173913,179.4673913043478,173.9999999999999,170.090909090909,174.6346153846153,168.4137931034482
180.7450980392156,180.9999999999999,179.0434782608695,180.4264705882352,176.3152173913043,179.2934782608695,173.9999999999999,169.9999999999999,174.7884615384614,168.1379310344827
