127,120.6944444444444,121.2499999999999,123.3571428571428,123.2142857142857,123.6875,121.875,121.1666666666666,119.5833333333333,127.7708333333333
128,120.9166666666666,121.25,123.7857142857143,123.3571428571428,123.9375,122.375,121.5,120.9166666666666,127.8541666666666
129,121.1388888888889,121.25,124.2142857142857,123.5,124.1875,122.875,121.8333333333333,122.25,127.9375
130,121.3611111111111,121.2500000000001,124.6428571428572,123.6428571428572,124.4375,123.375,122.1666666666667,123.3181818181819,128.0208333333333
130.8125,121.5833333333334,122,124.65625,123.9285714285714,124.6875,123.875,122.5,123.5909090909091,128.1041666666667
131.5625,121.8500000000001,123,124.53125,124.6428571428572,124.984375,124.3333333333333,122.8333333333333,123.8636363636364,128.1875
132.3125,122.2500000000001,123.5000000000001,124.40625,125.3571428571429,125.296875,124.6666666666667,123.1666666666667,124.1363636363637,128.425
133.0625,122.65,123.8333333333334,124.28125,126.0714285714286,125.609375,125,124.15,124.409090909091,129.125
133.5,123.5,124.1666666666667,124.4642857142857,126.25,125.921875,125.3333333333334,125.35,124.6818181818182,129.825
133.8333333333333,124.2916666666667,124.5,124.75,126.25,126.234375,125.6666666666667,126.3571428571429,124.8653846153847,130.525
134.1666666666667,124.4583333333334,124.9642857142858,125.0357142857143,126.25,126.546875,125.975,126.7857142857143,125.0192307692308,131.225
134.5,124.625,125.8214285714286,125.55,126.25,126.859375,126.275,127.2142857142857,125.173076923077,131.8437500000001
134.8333333333334,124.7916666666667,126.6785714285714,126.75,126.3125,127.171875,126.575,127.6428571428571,125.3269230769231,132.2187500000001
135.1666666666667,124.9583333333334,127.5357142857143,127.95,126.5625,127.6052631578948,126.875,128.2857142857143,125.4807692307693,132.5937500000001
135.3333333333333,125.125,127.75,128.5,126.8125,128.0789473684211,127.175,129,125.6346153846154,132.9687500000001
135.4444444444445,125.3333333333334,127.75,128.8333333333333,127.0625,128.5526315789474,127.625,129.7142857142857,125.8541666666667,133.2777777777778
135.5555555555556,125.6666666666667,127.75,129.1666666666667,127.55,129.0263157894737,128.125,130.25,126.2708333333334,133.3888888888889
135.6666666666667,126,127.9375,129.325,128.75,129.5,128.625,130.25,126.6875,133.5000000000001
135.7857142857143,126.3333333333334,128.6875,129.425,129.95,129.9736842105263,129.125,130.25,127.1041666666667,133.6111111111112
135.9285714285714,126.6666666666667,129.4375,129.525,130.5,130.4473684210527,129.6666666666667,130.25,127.5208333333334,133.7222222222223
136.0714285714286,127.05,130.1875,129.625,130.8333333333333,130.921052631579,130.2222222222222,130.3392857142857,127.9375,134.0625000000001
136.2142857142857,127.45,130.75,129.725,131.1666666666667,131.3947368421053,130.7777777777778,130.6964285714286,128.4166666666667,134.4791666666667
136.5,127.85,130.75,130.0714285714286,131.5,131.8863636363637,131.3333333333333,131.0535714285714,129.0833333333334,134.8958333333334
136.8333333333334,128.25,130.75,130.5,131.875,132.4318181818182,131.8214285714286,131.4107142857143,129.75,135.3125000000001
137.1666666666667,128.65,130.8958333333333,130.9285714285714,132.375,132.9772727272727,132.1071428571429,131.7678571428572,130.4166666666667,135.7291666666667
134.6875,129.875,131.4791666666667,131.28125,132.875,133.5227272727273,132.3928571428572,132.125,131.0833333333334,136.1458333333334
134.4375,131.375,132.0625,131.40625,133.225,134.0681818181818,132.6785714285714,132.4821428571429,131.75,136.4545454545455
135.2499999999999,132.05,132.6458333333333,131.53125,133.125,134.6136363636364,133.0714285714286,132.8928571428572,132.3970588235294,136.7272727272728
138.3035714285714,132.45,133.2291666666667,131.65625,133.025,134.75,133.5,133.4642857142857,132.9852941176471,137.0000000000001
138.5178571428572,132.85,133.8125,131.8571428571429,132.925,134.75,133.9285714285714,134.0357142857143,133.5735294117647,137.2727272727273
138.7321428571429,133.25,134.3541666666667,132.2857142857143,132.825,134.75,134.3571428571429,134.6071428571429,134.1617647058824,137.5454545454546
138.9464285714286,133.65,134.7708333333333,132.7142857142857,132.875,134.9166666666667,134.7857142857143,135.1785714285714,134.75,137.9166666666667
139.1607142857143,134.125,135.1875,133.1428571428572,133.375,135.5833333333333,135.2142857142857,135.75,135.3382352941177,138.5833333333334
139.375,134.625,135.6041666666667,133.4545454545455,133.875,136.25,135.6428571428572,136.3214285714286,135.9264705882353,139.25
139.5892857142857,135.125,136.0208333333333,133.7272727272727,134.375,136.9166666666667,135.9583333333333,136.825,136.514705882353,139.9166666666667
139.764705882353,135.625,136.4375,134,135.125,137.5833333333333,136.2361111111111,137.125,137.1029411764706,140.5833333333334
139.8235294117648,135.9264705882353,136.8888888888889,134.2727272727273,136.625,137.9545454545455,136.5138888888889,137.425,137.3181818181818,141.25
139.8823529411765,136.1617647058824,137.4444444444445,134.5454545454546,137.75,138.2272727272727,136.7916666666667,137.725,137.4090909090909,141.8076923076923
139.9411764705883,136.3970588235294,138,134.9285714285714,137.75,138.5,137.0694444444445,138.025,137.5,142.0384615384616
140,136.6323529411765,138.5555555555556,135.6428571428572,137.75,138.7727272727273,137.3472222222222,138.25,137.5909090909091,142.2692307692308
140.0588235294118,136.8676470588236,139.1111111111111,136.3571428571429,137.75,139.0454545454546,137.625,138.25,137.6818181818182,142.5000000000001
140.1176470588236,137.1029411764706,139.25,137.0714285714286,137.75,139.3125,137.9027777777778,138.25,137.84375,142.7307692307693
140.1764705882353,137.3382352941177,139.25,138,137.8571428571429,139.5625,138.1805555555556,138.25,138.21875,142.9615384615385
140.2352941176471,137.5735294117647,139.25,139,138.2857142857143,139.8125,138.7,138.53125,138.59375,143.1923076923077
140.3653846153846,137.825,139.25,140,138.7142857142857,140.0625,139.3,138.90625,138.96875,143.5384615384616
140.5192307692308,138.125,139.3333333333334,140.75,139.1428571428572,140.3125,139.9,139.28125,139.34375,143.923076923077
140.673076923077,138.425,139.4444444444445,140.75,139.5384615384615,140.5625,140.5,139.65625,139.71875,144.3076923076923
140.8269230769231,138.725,139.5555555555556,140.75,139.9230769230769,140.8125,141.1,140.25,140.09375,144.6923076923077
140.9807692307693,139.025,139.6666666666667,140.75,140.3076923076923,141.0625,141.625,140.9166666666667,140.46875,145.0769230769231
141.1346153846154,139.5,140.0833333333333,140.75,140.6923076923077,141.4090909090909,142.125,141.5833333333333,140.875,145.4615384615385
141.3653846153846,140.5,141.4166666666667,140.825,141.0769230769231,142.0454545454546,142.625,142.25,141.375,145.7812500000001
141.8269230769231,141.5,142.0833333333333,141.125,141.4615384615385,142.6818181818182,143.125,142.8269230769231,141.875,145.9062500000001
142.2884615384615,142.3035714285714,142.5277777777778,141.425,141.8409090909091,143.3181818181818,143.625,143.1346153846154,142.375,146.0312500000001
142.75,142.5178571428572,142.9722222222222,141.725,142.2045454545455,143.9545454545455,144.125,143.4423076923077,142.875,146.1562500000001
143.2115384615385,142.7321428571429,143.4166666666667,142.025,142.5681818181818,144.5909090909091,144.55,143.75,143.375,146.3333333333334
143.673076923077,142.9464285714286,143.775,142.3076923076923,142.9318181818182,144.6666666666667,144.95,144.0576923076923,143.875,146.6666666666667
144.1346153846154,143.1607142857143,143.8750000000001,142.5384615384616,143.2954545454546,144.5555555555556,145.35,144.3653846153846,144.375,147
144.65,143.375,143.975,142.7692307692308,143.6590909090909,144.4444444444445,145.75,144.673076923077,144.8333333333333,147.3333333333334
145.1833333333334,143.5892857142858,144.075,143,143.9545454545455,144.3333333333334,146.15,144.9,145.1666666666667,147.6666666666667
145.7166666666667,143.825,144.175,143.2307692307693,144.2272727272727,144.5357142857143,146.55,145.1,145.5,148.0000000000001
146.25,144.125,144.2250000000001,143.4615384615385,144.5,145.6785714285714,146.95,145.3,145.8333333333333,148.3750000000001
146.7833333333334,144.425,144.1250000000001,143.6923076923077,144.7727272727273,146.8214285714286,147.296875,145.5,146.1666666666667,148.8750000000001
147.3166666666667,144.725,144.025,144,145.0454545454546,147.9642857142857,147.484375,145.7,146.5,149.3750000000001
147.85,145.025,143.925,144.3333333333334,145.45,148.3928571428572,147.671875,146.0384615384616,146.8333333333334,149.8750000000001
148.325,145.3611111111111,143.825,144.6666666666667,146.25,148.5833333333334,147.859375,146.423076923077,147.1666666666667,150.3750000000001
148.625,145.8055555555556,143.9285714285714,145.2857142857143,147.05,148.7738095238095,148.046875,146.8076923076923,147.5,151.125
148.925,146.25,144.6428571428572,146,147.375,148.9642857142858,148.234375,147.1923076923077,147.8863636363637,152.6250000000001
149.225,146.6944444444445,145.3571428571429,146.7142857142857,147.5416666666667,149.1547619047619,148.421875,147.5769230769231,148.4318181818182,153.7812500000001
149.525,147.1388888888889,146.0714285714286,147.375,147.7083333333334,149.3452380952381,148.609375,147.9615384615385,148.9772727272727,153.9062500000001
149.8166666666667,147.25,146.7272727272727,147.875,147.875,149.5357142857143,148.8461538461539,148.3333333333334,149.5227272727273,154.0312500000001
150.0833333333334,147.25,147.3636363636364,148.375,148.0416666666667,149.7261904761905,149.2307692307693,148.6666666666667,150.0681818181818,154.1562500000001
150.35,147.25,148,148.875,148.2083333333334,149.9166666666667,149.6153846153846,149,150.6136363636364,154.2833333333334
150.6166666666667,147.25,148.6363636363637,149.25,149.375,150.1071428571429,150,149.3333333333334,150.6818181818182,154.4166666666667
150.8833333333334,147.3541666666667,149.2727272727273,149.25,150.875,150.3392857142857,150.3846153846154,149.6666666666667,150.5909090909091,154.5500000000001
151.15,147.7708333333334,149.8846153846154,149.25,151.4375,150.6964285714286,150.7692307692308,150,150.5,154.6833333333334
151.4166666666667,148.1875,150.423076923077,149.25,151.6875,151.0535714285714,151.1538461538462,150.3333333333334,150.4090909090909,154.8166666666667
151.6833333333334,148.6041666666667,150.9615384615385,149.25,151.9375,151.4107142857143,151.7,150.6666666666667,150.3181818181819,154.95
152.1666666666667,149.0208333333334,151.5,149.6666666666667,152.1875,151.7678571428572,152.3,151.275,150.3181818181818,155.0833333333334
152.7222222222223,149.4375,152.0384615384615,150.2222222222223,152.15625,152.125,152.9,151.975,150.5909090909091,155.2166666666667
153.2777777777778,149.9166666666667,152.5769230769231,150.7777777777778,152.03125,152.4821428571429,153.5,152.675,150.8636363636364,155.45
153.8333333333334,150.5833333333334,153.1153846153846,151.3333333333333,151.90625,152.7954545454546,154.1,153.375,151.1363636363637,155.7166666666667
154.3333333333333,151.25,153.6875,151.9166666666667,151.78125,152.9772727272727,154.4,154.075,151.4090909090909,155.9833333333334
154.6666666666667,151.9166666666667,154.2708333333333,152.5833333333334,152.625,153.1590909090909,154.6,154.25,151.6818181818182,156.2500000000001
155,152.5833333333333,154.8541666666667,153.25,153.7916666666667,153.3409090909091,154.8,154.25,152.4318181818182,156.5166666666667
155.3333333333334,152.975,155.4375,153.875,154.9583333333333,153.5227272727273,155,154.25,153.3409090909091,156.7833333333334
155.6666666666667,153.275,156.0208333333333,154.375,155.1875,153.7045454545455,155.2,154.25,154.25,157.05
156,153.575,156.6041666666667,154.875,155.1041666666667,154.0833333333334,155.3076923076923,154.625,155.1590909090909,157.3888888888889
156.3333333333333,153.875,156.975,155.4166666666667,155.0208333333334,154.5277777777778,155.3846153846154,155.125,156.0681818181818,157.9444444444445
156.6666666666667,154.175,157.275,156.0833333333334,154.9375,154.9722222222223,155.4615384615385,155.625,156.85,158.5
157,154.4,157.575,156.75,154.8541666666667,155.4166666666667,155.5384615384616,156.125,157.25,159.0555555555556
157.3333333333334,154.6,157.875,157.2857142857143,154.7708333333334,155.8181818181819,155.6153846153846,156.5,157.65,159.6111111111111
157.6666666666667,154.8,158.175,157.4285714285714,156,156.0909090909091,155.6923076923077,156.8333333333334,157.75,160.0178571428572
158,155,158.25,157.5714285714286,157.2916666666667,156.3636363636364,155.85,157.1666666666667,157.75,160.3750000000001
158.2954545454546,155.2,158.25,157.7142857142858,157.4583333333334,156.6363636363637,156.25,157.5,157.75,160.7321428571429
158.4772727272727,155.625,158.25,157.75,157.625,156.9090909090909,156.65,157.8333333333334,157.75,161.0892857142858
158.6590909090909,156.125,158.25,157.75,157.78125,157.1818181818182,157.05,158.1666666666667,157.85,161.4464285714286
158.8409090909091,156.625,158.25,157.75,157.90625,157.3076923076923,157.45,158.5,158.25,161.8035714285715
159.0227272727273,157.125,158.25,157.7222222222223,158.03125,157.3846153846154,158.1071428571429,158.825,158.65,162.1607142857143
159.2045454545455,157.8125,158.4375,157.6111111111111,158.15625,157.4615384615385,159.5357142857143,159.125,159.05,162.5000000000001
159.4375,158.5625,158.6875,157.5,158.625,157.5384615384615,160.9642857142857,159.425,159.45,162.8333333333334
159.6875,159.1666666666667,158.9375,157.3888888888889,160.125,157.6153846153846,162.3928571428572,159.725,159.85,163.1666666666667
159.9375,159.7222222222222,159.1875,157.2777777777778,161.25,157.6923076923077,162.8076923076923,160.025,160.25,163.5000000000001
160.1875,160.2777777777778,160,157.53125,161.25,157.9642857142857,162.8846153846154,160.325,160.65,163.8333333333334
160.4375,160.8333333333333,160.75,157.90625,161.25,158.8214285714286,162.9615384615385,160.625,161.125,164.1666666666667
160.6875,161.2272727272728,160.75,158.28125,161.25,159.6785714285714,163.0384615384615,160.925,161.625,164.2500000000001
161.05,161.1363636363637,160.75,158.65625,161.25,160.5357142857143,163.1153846153846,161.225,162.125,164.2500000000001
161.45,161.0454545454546,160.75,159.25,161.25,161.21875,163.1923076923077,161.525,162.625,164.2500000000001
161.85,160.9545454545455,160.75,159.9166666666667,161.25,161.84375,163.326923076923,161.859375,163.125,164.2500000000001
162.25,160.8636363636364,160.75,160.5833333333334,161.45,162.46875,163.6346153846154,162.296875,163.5,164.5500000000001
162.65,160.7727272727273,160.75,161.25,161.7166666666667,163.09375,163.9423076923077,162.734375,163.8333333333333,164.95
163.05,161.2,160.75,161.8409090909091,161.9833333333334,163.4545454545455,164.25,163.171875,164.1666666666667,165.3500000000001
163.45,161.8,161.0625,162.2045454545455,162.25,163.7272727272727,164.5576923076923,163.609375,164.5,165.7500000000001
163.8035714285714,162.3571428571429,161.4791666666667,162.5681818181818,162.5166666666667,164,164.8653846153846,164.046875,164.8333333333333,166.15
164.0178571428572,162.7857142857143,161.8958333333334,162.9318181818182,162.7833333333334,164.2727272727273,165.1730769230769,164.484375,165.1666666666667,166.5714285714286
164.2321428571429,163.2142857142857,162.3125,163.2954545454546,163.05,164.5454545454546,165.5178571428572,164.921875,165.4,167.0000000000001
164.4464285714286,163.6428571428572,162.7291666666667,163.6590909090909,163.4166666666667,164.75,165.875,165.328125,165.6,167.4285714285715
164.6607142857143,164.0384615384616,163.1458333333333,164.0625,164.0833333333334,164.75,166.2321428571429,165.640625,165.8,167.8863636363637
164.875,164.423076923077,163.55,164.4791666666667,164.75,164.75,166.5892857142857,165.953125,166,168.4318181818182
165.0892857142858,164.8076923076923,163.95,164.8958333333333,165.4166666666667,164.75,166.9464285714286,166.265625,166.2,168.9772727272728
165.325,165.1923076923077,164.35,165.3125,166.0833333333334,164.975,167.3035714285714,166.578125,166.4,169.5227272727273
165.625,165.5769230769231,164.75,165.7291666666667,166.34375,165.275,167.6607142857143,166.890625,166.6,170.0681818181819
165.925,165.9615384615385,165.15,166.1458333333333,166.46875,165.575,167.9583333333333,167.203125,166.8,170.6136363636364
166.225,166.3076923076923,165.55,166.325,166.59375,165.875,168.2361111111111,167.515625,167,170.7500000000001
166.525,166.5384615384616,165.95,166.425,166.71875,166.175,168.5138888888889,167.8157894736842,167.2,170.7500000000001
166.825,166.7692307692308,166.3392857142857,166.525,167.0833333333334,166.5833333333333,168.7916666666667,168.0789473684211,167.8928571428572,170.7500000000001
167.125,167,166.6964285714286,166.625,167.5277777777778,167.0277777777778,169.0694444444445,168.3421052631579,168.75,170.7500000000001
167.425,167.2307692307693,167.0535714285714,166.7250000000001,167.9722222222222,167.4722222222222,169.3472222222222,168.6052631578948,169.6071428571429,171.0178571428572
167.725,167.4615384615385,167.4107142857143,166.875,168.4166666666667,167.9166666666667,169.625,168.8684210526316,170.2656250000001,171.3750000000001
168.025,167.6923076923077,167.7678571428572,167.0416666666667,168.7916666666667,168.45,169.9027777777778,169.1315789473684,170.328125,171.7321428571429
168.3409090909091,167.9078947368421,168.125,167.2083333333334,168.9583333333334,169.25,170.1805555555556,169.3947368421053,170.390625,172.0892857142858
168.7045454545454,168.1184210526316,168.4821428571429,168.375,169.125,170.05,170.4375,169.6578947368421,170.453125,172.4464285714286
169.0681818181818,168.3289473684211,168.8125,169.875,169.2916666666667,170.25,170.6875,169.921052631579,170.515625,172.8035714285715
169.4318181818182,168.5394736842106,169.0625,170.875,169.4583333333334,170.25,170.9375000000001,170.1842105263158,170.578125,173.1607142857143
169.7954545454546,168.75,169.3125,171.7083333333334,169.625,170.25,171.1875,170.5357142857143,170.640625,173.8750000000001
170.1590909090909,168.9605263157895,169.5625,172.5416666666667,169.8928571428572,170.0625,171.4375000000001,170.9166666666667,170.703125,174.7083333333334
170.3863636363637,169.171052631579,169.8125,172.6818181818182,170.4642857142857,169.8125,171.6875,171.2976190476191,170.775,175.5416666666667
170.5681818181819,169.3815789473685,170.0625,172.5909090909091,171.0357142857143,169.975,171.890625,171.6785714285714,170.875,175.7500000000001
170.75,169.5921052631579,170.3125,172.5,171.6071428571429,170.275,172.078125,172.0595238095239,170.975,175.7500000000001
170.9318181818182,169.8181818181818,170.5625,172.4090909090909,169.875,170.575,172.265625,172.4404761904762,171.075,175.7500000000001
171.1136363636364,170.0909090909091,170.8392857142858,172.3181818181818,170,170.875,172.453125,172.8214285714286,171.175,175.7500000000001
171.3181818181818,170.3636363636364,171.1964285714286,172.2666666666667,171.0000000000001,171.175,172.640625,173.202380952381,171.3,176.0000000000001
171.5909090909091,170.6363636363637,171.5535714285715,172.3333333333334,172,171.6785714285714,172.828125,173.5833333333334,171.5000000000001,177.0000000000001
171.8636363636364,170.9090909090909,171.9107142857143,172.4,173,172.25,173.015625,173.9642857142858,171.7,178.0000000000001
172.1363636363637,171.1818181818182,172.2678571428572,172.4666666666667,174,172.8214285714286,173.203125,174.3026315789474,171.9,178.8636363636364
172.4090909090909,171.1,172.625,172.5333333333334,174.7678571428572,173.2916666666667,173.625,174.5131578947369,172.1,179.3181818181819
172.6818181818182,170.9,172.9821428571429,172.6,174.8392857142857,173.4583333333333,174.125,174.7236842105264,172.3,179.7727272727273
172.9166666666667,170.8653846153847,173.3375,172.6666666666667,174.9107142857143,173.625,174.625,174.9342105263158,172.5,180.2272727272728
173.1388888888889,171.3269230769231,173.6875,172.7333333333334,174.9821428571429,173.7666666666667,175.125,175.1447368421053,172.7,180.6818181818182
173.3611111111111,171.7884615384616,174.0375,172.984375,175.0535714285714,173.8333333333334,175.625,175.3552631578948,173.1666666666667,181.1363636363637
173.5833333333334,172.25,174.3875,173.296875,175.125,173.9,176,175.5657894736842,173.7222222222223,182.7500000000001
173.8055555555556,172.7115384615385,174.7375,173.609375,175.1964285714286,173.9666666666667,176.3333333333334,175.7763157894737,174.2777777777778,183.4642857142858
174.0277777777778,173.173076923077,175.0875,173.921875,175.4,174.0333333333334,176.6666666666667,175.9868421052632,174.8333333333333,183.7500000000001
174.25,173.6346153846154,175.4375,174.234375,176,174.1,177,176.1973684210527,175.2916666666667,184.0357142857144
174.4722222222222,173.9642857142857,175.7875,174.546875,176.6,174.1666666666667,177.3333333333334,176.4642857142857,175.4583333333333,184.1750000000001
174.6944444444445,174.25,176.1375,174.859375,177.2,174.2333333333333,177.6666666666667,176.75,175.625,183.8750000000001
174.8571428571429,174.5357142857143,176.4875,175.171875,177.8,175.15,177.9642857142858,177.0357142857143,175.7916666666667,183.575
175,174.8214285714286,176.8035714285714,175.6785714285714,178.25,176.35,178.25,177.3214285714286,175.9583333333334,183.275
175.1428571428572,175.1071428571429,177.0178571428572,176.25,178.25,177.5,178.5357142857143,177.6071428571429,176.125,182.9750000000001
175.2857142857143,175.3928571428572,177.2321428571429,176.8214285714286,178.25,178.5,178.8214285714286,177.8928571428571,176.3088235294118,182.7727272727273
175.4285714285714,175.6785714285714,177.4464285714286,177.3928571428572,178.25,179.5,179.1071428571429,178.1785714285714,176.5441176470588,182.8636363636364
175.5714285714286,175.8181818181818,177.6607142857143,177.9642857142858,178.3181818181819,179.6666666666667,179.3928571428572,178.45,176.7794117647059,182.9545454545455
175.7142857142857,175.9090909090909,177.875,178.5357142857143,178.5909090909091,179.5555555555556,179.6785714285714,178.7166666666667,177.014705882353,183.0454545454546
176.0178571428572,176.0000000000001,178.0892857142858,179.1071428571429,178.8636363636364,179.4444444444445,179.9642857142858,178.9833333333333,177.25,183.1363636363637
176.375,176.0909090909091,178.3295454545455,179.5,179.1363636363637,179.3333333333334,180.25,179.25,177.4852941176471,183.2272727272728
176.7321428571429,176.1818181818182,178.6477272727273,179.8333333333333,179.4090909090909,179.0357142857143,180.5357142857143,179.5166666666667,177.7205882352941,183.0833333333334
177.0892857142858,176.4,178.9659090909091,180.1666666666667,179.6818181818182,178.1785714285714,180.8214285714286,179.7833333333333,177.9558823529412,182.8611111111112
177.4464285714286,177,179.2840909090909,180.5,179.95,177.3214285714286,181.1071428571429,180.05,178.1911764705883,182.6388888888889
177.8035714285714,177.6,179.6022727272727,180.8333333333334,180.2166666666667,176.4642857142857,181.3928571428572,180.3181818181818,178.625,182.4166666666667
178.1607142857143,178.2,179.9204545454546,181.1666666666667,180.4833333333333,177.15,181.6785714285715,180.5909090909091,179.125,182.2500000000001
178.514705882353,178.8,180.2386363636364,179.5,180.75,178.35,181.75,180.8636363636364,179.625,182.2500000000001
178.8676470588236,179.3,180.5568181818182,177.75,181.0166666666667,179.34375,181.75,181.1363636363636,180.125,182.2500000000001
179.2205882352941,179.5,180.875,177.75,181.2833333333334,179.71875,181.75,181.4090909090909,180.625,182.2500000000001
179.5735294117647,179.7,181.1931818181818,178.4,181.55,180.09375,181.75,181.6818181818182,180.75,182.2500000000001
179.9264705882353,179.9,181.5113636363637,181,181.7857142857143,180.46875,181.75,181.9545454545454,180.75,182.2500000000001
180.2794117647059,180.1,181.78125,183.6,181.9285714285714,180.8611111111111,181.75,182.2272727272727,180.90625,182.2857142857143
180.6323529411765,180.3,181.90625,184.25,182.0714285714286,181.3055555555556,181.75,182.5,181.53125,182.4285714285715
180.9852941176471,180.5,182.03125,184.25,182.2142857142857,181.75,181.84375,182.7727272727273,182.1562500000001,182.5714285714286
181.3055555555556,180.7,182.15625,184.25,182.3571428571429,182.1944444444445,182.21875,183.0454545454546,182.7812500000001,182.7142857142858
181.5277777777778,180.8181818181818,182.28125,184.4375,182.5,182.6388888888889,182.59375,183.2934782608696,183.3125,182.8571428571429
181.75,180.9090909090909,182.40625,184.6875,182.6428571428572,183.3928571428572,182.96875,183.4673913043478,183.5625000000001,183.0000000000001
181.9722222222222,181,182.53125,184.9375,182.8333333333334,184.25,182.8,183.6413043478261,183.8125,183.1428571428572
182.1944444444445,181.0909090909091,182.65625,185.1875,183.1666666666667,185.1071428571429,181,183.8152173913044,184.0625,183.3333333333334
182.5714285714286,181.1818181818182,182.8125,184.875,183.5,185.6785714285715,179.2,183.9891304347826,184.3125000000001,183.6666666666667
183,181.3088235294118,183.0625,184.375,183.8333333333334,185.3928571428572,179.25,184.1630434782609,184.5625,184.0000000000001
183.4285714285714,181.5441176470589,183.3125,183.875,184.1666666666667,185.1071428571429,179.9166666666667,184.3369565217391,184.8125,184.3333333333334
183.75,181.7794117647059,183.5625000000001,183.25,184.5,184.8214285714286,180.5833333333334,184.5108695652174,185.0625,184.6666666666667
183.75,182.014705882353,183.8125,183.15,184.8333333333334,184.8333333333334,183.5,184.6847826086957,185.3125,185.0000000000001
183.75,182.25,184.0625,184.75,185.1666666666667,184.9444444444445,184.25,184.8586956521739,185.5625,185.3333333333334
183.75,182.4852941176471,184.3125,186.35,185.375,185.0555555555556,183.1071428571429,185.0326086956522,185.7875,185.6666666666667
183.75,182.7205882352942,184.5625,186.8653846153846,185.5416666666667,185.1666666666667,184.25,185.2065217391304,185.9375,186.0000000000001
183.75,182.9558823529412,184.8125,187.0192307692308,185.7083333333334,185.40625,185.3928571428572,185.34375,186.0875,186.2884615384616
183.8611111111111,183.1911764705883,185.0625,187.173076923077,185.875,186.03125,186.2857142857143,185.46875,186.2375,186.4423076923077
184.3055555555556,183.7187500000001,185.296875,187.3269230769231,186.0416666666667,186.65625,186.4285714285714,185.59375,186.3875,186.5961538461539
184.75,184.3437500000001,185.484375,187.4807692307693,186.2083333333334,187.28125,186.5714285714286,185.71875,186.5375,186.7500000000001
185.1944444444445,184.96875,185.671875,187.6346153846154,186.375,187.75,186.7142857142857,186.0178571428572,186.6875,186.9038461538462
185.6388888888889,185.59375,185.859375,187.7708333333334,186.5416666666667,187.75,187.625,186.375,186.8375,187.0576923076923
185.93,185.75,186.046875,187.8541666666667,186.7083333333334,187.75,188.7916666666667,186.7321428571429,186.9875,187.2115384615385
186.17,185.75,186.234375,187.9375,187.0833333333334,187.75,189.9583333333333,187.0892857142857,187.1375,187.4886363636364
186.41,185.75,186.421875,188.0208333333334,187.5277777777778,187.9375,190,187.4464285714286,187.2708333333334,187.8068181818182
186.65,185.825,186.609375,188.1041666666667,187.9722222222222,188.1875,189.6666666666667,187.8035714285714,187.3541666666667,188.125
186.89,186.125,186.90625,188.1875,188.4166666666667,188.4375,189.3333333333334,188.1607142857143,187.4375,188.4431818181819
187.1300000000001,186.425,187.5312500000001,188.3076923076923,188.8181818181819,188.6875,189,188.5147058823529,187.5208333333334,188.7613636363637
187.37,186.725,188.1562500000001,188.5384615384616,189.0909090909091,189.75,188.7142857142858,188.8676470588235,187.6041666666667,189.0795454545455
187.61,187.025,188.7812500000001,188.7692307692308,189.3636363636364,190.8571428571429,188.5714285714286,189.2205882352941,187.6875,189.3977272727273
187.85,187.2833333333334,189.325,189,189.6363636363637,191.2857142857143,188.4285714285714,189.5735294117647,187.925,189.7159090909091
188.09,187.4166666666667,189.625,189.2307692307693,189.9090909090909,191.7142857142857,188.2857142857143,189.9264705882353,188.625,190.0340909090909
188.33,187.55,189.925,189.4615384615385,190.1818181818182,192.1428571428572,188.5833333333334,190.2794117647059,189.325,190.3522727272727
188.57,187.6833333333334,190.2250000000001,189.6923076923077,190.1964285714286,191.9852941176471,189.0277777777778,190.6323529411765,190.025,190.6704545454546
188.6944444444445,187.8166666666667,190.525,190.0178571428572,190.125,191.6323529411765,189.4722222222222,190.9852941176471,190.725,190.8500000000001
188.4722222222222,187.95,190.825,190.375,190.0535714285714,191.2794117647059,189.9166666666667,191.3214285714286,191.3,190.9833333333333
188.25,188.0833333333334,191.125,190.7321428571429,189.9821428571429,190.9264705882353,190.55,191.6071428571429,191.5,191.1166666666667
188.0277777777778,188.2166666666667,191.425,191.0892857142858,189.9107142857143,190.7822580645161,191.75,191.8928571428571,191.7,191.25
187.8055555555556,188.4,191.725,191.4464285714286,189.8392857142857,190.8467741935484,192.95,192.1785714285714,191.9,191.3833333333334
187.75,188.6,192.025,191.8035714285714,189.7678571428572,190.9112903225807,193.625,192.4642857142857,192.1,191.5166666666667
187.75,188.8,192.275,192.1607142857143,189.9107142857143,190.9758064516129,194.125,192.75,192.3269230769231,191.65
187.8125,189,192.375,192.3181818181818,190.125,191.0403225806452,194.625,193.0357142857143,192.6346153846154,191.8095238095238
188.0625,189.2,192.475,192.409090909091,190.3392857142857,191.1048387096774,195.125,193.3,192.9423076923077,192.0476190476191
188.3125,189.4,192.575,192.5,190.5535714285715,191.1693548387097,195.1,193.5,193.25,192.2857142857143
188.5625,189.6,192.675,192.5909090909091,190.7678571428572,191.233870967742,194.9,193.7,193.5576923076923,192.5238095238096
189.0625,189.8,192.7884615384615,192.6818181818182,190.9821428571429,191.6590909090909,194.7,193.9,193.8653846153846,192.7619047619048
190.3125,190,192.9423076923077,192.8214285714286,191.1964285714286,192.2045454545455,194.5,194.1,194.173076923077,193
191.2941176470588,190.2,193.0961538461539,193.1071428571429,191.71875,192.75,194.3,194.2857142857143,194.3035714285714,193.2380952380953
191.4705882352941,190.3653846153846,193.25,193.3928571428572,192.34375,193.2954545454546,194.25,194.4285714285714,194.375,193.4761904761905
191.6470588235294,190.5192307692308,193.4038461538462,193.6785714285714,192.9687500000001,193.8409090909091,194.25,194.5714285714286,194.4464285714286,193.7142857142858
191.8235294117648,190.6730769230769,193.5576923076923,193.9807692307692,193.59375,194.2857142857143,194.25,194.7142857142857,194.5178571428572,193.952380952381
192,190.8269230769231,193.7115384615385,194.2884615384616,193.8804347826087,194.4285714285714,194.25,194.8571428571429,194.5892857142858,194.1904761904762
192.1764705882353,190.9807692307693,193.6,194.5961538461539,194.054347826087,194.5714285714286,194.25,195,194.6607142857143,194.4868421052632
192.3529411764706,191.1346153846154,193.4,194.9038461538462,194.2282608695652,194.7142857142858,194.2272727272727,195.1428571428571,194.7321428571429,194.8026315789474
192.5294117647059,191.3461538461539,193.2,195.2115384615385,194.4021739130435,194.75,194.1363636363637,195.2857142857143,194.6875,195.1184210526316
192.7058823529412,191.7307692307693,193,195.5192307692308,194.5760869565218,194.75,194.0454545454546,195.4285714285714,194.6041666666667,195.4342105263158
192.975,192.1153846153846,192.8,195.7678571428572,194.75,194.75,193.9545454545455,195.5714285714286,194.5208333333334,195.75
193.275,192.5,193.0416666666667,195.8392857142857,194.9239130434783,194.75,193.8636363636364,195.7142857142857,194.4375,196.0657894736842
193.575,192.8846153846154,193.4305555555556,195.9107142857143,195.0978260869566,194.75,193.7727272727273,196,194.3541666666667,196.3815789473684
193.875,193.2692307692308,193.8194444444445,195.9821428571429,195.2717391304348,194.75,193.6,196.3333333333333,194.2708333333333,196.6973684210527
194.175,193.6538461538462,194.2083333333334,196.0535714285714,195.4456521739131,194.75,193.4,196.6666666666667,194.25,197.0131578947369
194.3653846153846,193.875,194.5972222222222,196.125,195.6195652173913,195.25,193.2,197,194.25,197.2717391304348
194.5192307692308,194.0416666666667,194.9861111111111,196.1964285714286,195.7884615384615,195.9166666666667,193,197.3333333333333,194.25,197.358695652174
194.6730769230769,194.2083333333334,195.375,196.25,195.9423076923077,196.5833333333334,192.8,197.6666666666667,194.25,197.4456521739131
194.8269230769231,194.3571428571429,195.7638888888889,196.25,196.0961538461539,196.9,193.5,198,194.6538461538462,197.5326086956522
194.9807692307693,194.5,196.1527777777778,196.25,196.25,197.1,194.5,198.2884615384615,195.1923076923077,197.6195652173913
195.1346153846154,194.6428571428572,196.625,196.25,196.4038461538462,197.3,195.5,198.4423076923077,195.7307692307693,197.7065217391304
195.3125,194.8055555555556,197.125,196.3636363636364,196.5576923076923,197.5,196.8,198.5961538461538,196.2692307692308,197.7934782608696
195.5625,195.0277777777778,197.625,196.8181818181819,196.7115384615385,197.7,198.2,198.75,196.8076923076923,197.8804347826087
195.8125,195.25,198.125,197.2727272727273,196.8863636363637,197.9,199.4375,198.9038461538462,197.3461538461539,197.9673913043479
196.0625,195.4722222222223,198.625,197.7272727272727,197.0681818181819,198.1,200.1875,199.0576923076923,197.7333333333334,198.054347826087
196.296875,195.6944444444445,198.9,198.1818181818182,197.25,198.25,200.75,199.2115384615385,197.6666666666667,198.1413043478261
196.484375,195.9,199.1,198.6363636363637,197.4318181818182,198.25,200.75,199.4545454545455,197.6,198.2282608695652
196.671875,196.1,199.3,199.0384615384615,197.6136363636364,198.25,200.75,199.7272727272727,197.5333333333334,198.4107142857143
196.859375,196.3,199.5,199.4230769230769,197.8125,198.25,200.75,200,197.4666666666667,198.625
197.046875,196.5,199.7,199.8076923076923,198.0625,198.25,200.75,200.2727272727273,197.4,198.8392857142858
197.2343750000001,196.7,199.375,200.1923076923077,198.3125,198.2272727272728,200.75,200.5454545454545,197.3333333333334,199.0535714285714
197.421875,196.8571428571429,198.875,200.5769230769231,198.5625,198.1363636363637,200.75,200.7727272727273,197.2666666666667,199.2678571428572
197.609375,197,198.375,200.9615384615385,198.75,198.0454545454546,200.75,200.8636363636364,197.8125000000001,199.4821428571429
197.8333333333333,197.1428571428572,198.3522727272728,201.25,198.75,197.9545454545455,200.75,200.9545454545454,198.5625000000001,199.6964285714286
198.1666666666667,197.3055555555556,198.4886363636364,201.25,198.75,197.8636363636364,200.7894736842105,201.0454545454546,199.3125,199.8571428571429
198.5,197.5277777777778,198.625,201.25,198.75,197.7727272727273,200.8421052631579,201.1363636363636,200.0625,200
198.5,197.75,198.7613636363637,201.25,198.75,198,200.8947368421053,201.2272727272727,200.4,200.1428571428572
197.5,197.9722222222223,198.8977272727273,201.25,198.75,198.3333333333334,200.9473684210527,201.2894736842105,200.6,200.2857142857143
196.875,198.1944444444445,199.0340909090909,201.325,198.75,198.6666666666667,201,201.3421052631579,200.8,200.4285714285714
196.375,197.5,199.1704545454546,201.425,198.75,199,201.0526315789474,201.3947368421053,201,200.5714285714286
196.6666666666667,196.5,199.3068181818182,201.525,198.8269230769231,199.325,201.1052631578948,201.4473684210527,201.2,200.7142857142857
197.2222222222223,195.75,199.4431818181818,201.625,199.1346153846154,199.625,201.1578947368421,201.5,201.4642857142858,201.3125
197.7777777777778,195.75,199.5795454545455,201.725,199.4423076923077,199.925,201.2105263157895,201.5526315789473,201.75,202.0625
198.3333333333334,195.75,199.7159090909091,201.8382352941177,199.75,200.225,201.3214285714286,201.6052631578947,202.0357142857143,202.8125
198.6875,198.25,200.05,201.9558823529412,200.0576923076923,200.525,201.6071428571429,201.6578947368421,202.3214285714286,203.5625
198.4375,200.825,200.45,202.0735294117648,200.3653846153846,200.7857142857143,201.8928571428572,201.7105263157895,202.6071428571429,203.875
198.1875,201.125,200.85,202.1911764705883,200.6730769230769,200.9285714285714,202.1785714285714,201.8260869565217,202.8928571428572,204.0416666666667
197.9375,201.425,201.25,202.3088235294118,200.8382352941177,201.0714285714286,202.4642857142857,202.1304347826087,203.1785714285715,204.2083333333334
197.7142857142858,201.725,201.65,202.4264705882353,200.9558823529412,201.2142857142858,202.75,202.4347826086957,203.5714285714286,204.375
197.5714285714286,202.025,202.05,202.5441176470589,201.0735294117647,201.0833333333334,203.0357142857143,202.7391304347826,204,204.5416666666667
197.4285714285714,202.25,202.45,202.6617647058824,201.1911764705882,200.8611111111111,203.2727272727273,203.0434782608696,204.4285714285715,204.7083333333333
197.2857142857143,202.25,202.7884615384616,202.75,201.3088235294118,200.6388888888889,203.3636363636364,203.3478260869565,204.8571428571429,204.625
197.5,202.25,202.9423076923077,202.75,201.4264705882353,200.4166666666667,203.4545454545455,203.6521739130435,205.2857142857143,204.4583333333333
197.8333333333334,202.25,203.0961538461539,202.75,201.5441176470588,200.3076923076923,203.5454545454546,203.9565217391304,205.7142857142857,204.2916666666667
198.1666666666667,202.25,203.25,202.75,201.6617647058823,200.5384615384616,203.6363636363637,204.2608695652174,206.1428571428572,204.125
198.5,202.1346153846154,203.4038461538462,202.75,201.7307692307692,200.7692307692308,203.7272727272727,204.5652173913044,206.15625,203.9583333333334
199.05,201.9807692307693,203.5576923076923,202.75,201.6538461538462,201,203.4772727272727,204.8695652173913,206.03125,203.7916666666667
200.25,201.8269230769231,203.7115384615385,202.796875,201.5769230769231,201.2307692307692,203.1136363636364,205.1739130434783,205.9062500000001,204
201.45,201.673076923077,203.825,202.859375,201.5,201.4615384615385,202.75,205.4107142857143,205.78125,204.3333333333334
201.8181818181819,201.5192307692308,203.925,202.9218750000001,201.4230769230769,201.6923076923077,202.3863636363637,205.625,205.65625,204.6666666666667
201.9090909090909,201.3653846153846,204.025,202.984375,201.3461538461539,201.6818181818182,202.0227272727273,205.8392857142857,205.53125,205
202,201.25,204.125,203.046875,201.2692307692308,201.5909090909091,201.875,206.0535714285714,205.40625,205.264705882353
202.0909090909091,201.25,204.225,203.109375,201.5909090909091,201.5,202.375,206.2678571428571,205.28125,205.3235294117647
202.1818181818182,201.25,204.4375,203.171875,202.0454545454546,201.4090909090909,202.875,206.4821428571429,205.25,205.3823529411765
202.35,201.25,204.6875,203.234375,202.5,201.3181818181818,203.375,206.6964285714286,205.25,205.4411764705883
202.75,201.25,204.9375000000001,203.4545454545455,202.9545454545454,201.2272727272727,203.84375,206.8823529411765,205.25,205.5
203.15,202.3,205.1875000000001,203.7272727272728,203.4090909090909,201.1363636363637,204.2187500000001,207.0588235294118,205.5357142857143,205.5588235294118
203.55,203.7,205.4375,204,203.7272727272727,201.0454545454546,204.59375,207.2352941176471,206.6785714285714,205.6176470588235
203.95,204.8611111111111,205.6875,204.2727272727273,203.6363636363636,200.9545454545455,204.96875,207.4117647058824,207.8214285714286,205.6764705882353
204.1875,205.3055555555556,206.03125,204.5454545454546,203.5454545454545,200.8636363636364,205.2777777777778,207.5882352941176,208.9642857142858,205.7352941176471
203.9375,205.75,206.40625,204.75,203.4545454545454,200.7727272727273,205.3888888888889,207.7647058823529,209.4375000000001,205.75
203.6875,206.1944444444445,206.7812500000001,204.75,203.3636363636364,200.8684210526316,205.5,207.9411764705882,209.6875,205.75
203.4375,206.6388888888889,207.15625,204.75,203.2727272727273,201.0263157894737,205.6111111111111,208.1176470588235,209.125,205.75
203.1875,206.8125,207.125,204.75,203.35,201.1842105263158,205.7222222222222,208.3214285714286,208.2916666666667,205.75
202.9375,206.8958333333334,206.9583333333334,204.84375,203.4833333333333,201.3421052631579,205.8,208.6071428571429,207.4583333333334,206.0833333333334
202.6818181818182,206.9791666666667,206.7916666666667,205.2187500000001,203.6166666666667,201.5,205.8666666666667,208.8928571428572,207.3333333333334,206.5277777777778
202.4090909090909,207.0625000000001,206.6250000000001,205.59375,203.75,201.6578947368421,205.9333333333333,209.1785714285714,207.4444444444445,206.9722222222222
202.1363636363637,207.1458333333334,206.4583333333334,205.96875,203.8833333333333,201.8157894736842,206,209.4642857142857,207.5555555555556,207.4166666666667
201.8636363636364,207.2291666666667,206.2916666666667,206.2222222222222,204.0166666666667,201.9736842105263,206.0666666666667,209.75,207.6666666666667,207.7934782608696
201.5909090909091,207.3382352941177,206.3181818181818,206.1111111111111,204.15,202.1315789473685,206.1333333333334,210.0357142857143,208,207.9673913043478
201.3181818181819,207.4558823529412,206.4090909090909,206,204.2708333333333,202.2941176470589,206.2,210.2916666666667,209,208.1413043478261
201.3571428571429,207.5735294117648,206.5,205.8888888888889,204.3541666666667,202.4705882352941,206.3026315789474,210.4583333333333,210,208.3152173913044
201.5,207.6911764705883,206.5909090909091,205.7777777777778,204.4375,202.6470588235294,206.5131578947369,210.625,210.8571428571429,208.4891304347827
201.6428571428572,207.8088235294118,206.6818181818182,205.9375,204.5208333333334,202.8235294117647,206.7236842105264,210.7916666666667,211.2857142857143,208.6630434782609
201.7857142857143,207.9264705882353,206.85,206.1875,204.6041666666667,203,206.9342105263158,210.9583333333333,211.7142857142858,208.8369565217392
201.9285714285714,208.0441176470588,207.25,206.4375000000001,204.6875,203.1764705882353,207.1447368421053,211.125,212.1428571428572,209.0108695652174
202.0714285714286,208.1617647058824,207.65,206.6875000000001,204.764705882353,203.3529411764706,207.3552631578947,211.2631578947368,211.875,209.1847826086957
202.2142857142858,208.2222222222222,208.05,206.9375,204.8235294117647,203.5294117647059,207.5657894736842,211.3157894736842,211.375,209.3586956521739
202.775,208.1111111111111,208.45,207.1875,204.8823529411765,203.7058823529412,207.7763157894737,211.3684210526316,210.8750000000001,209.5326086956522
203.475,208,208.8,206.96875,204.9411764705883,203.9078947368421,207.9868421052632,211.421052631579,210.375,209.7065217391305
204.175,207.8888888888889,209,206.59375,205,204.1184210526316,208.1973684210527,211.4736842105263,210.325,209.5625
204.875,207.7777777777778,209.2,206.21875,205.0588235294118,204.3289473684211,208.25,211.5263157894737,210.425,209.3125
205.575,207.8571428571429,209.4,205.84375,205.1176470588236,204.5394736842105,208.25,211.5789473684211,210.525,209.0625
205.9166666666667,208,209.6,206.125,205.1764705882353,204.75,208.25,211.6315789473684,210.625,208.8125
206.1388888888889,208.1428571428572,209.8,206.6250000000001,205.2352941176471,204.9605263157895,208.25,211.6842105263158,210.725,208.5625
206.3611111111111,208.2857142857143,210,207.1250000000001,205.1875,205.171052631579,208.25,211.7368421052632,210.9545454545455,208.3124999999999
206.5833333333333,208.4285714285714,210.2,207.6250000000001,205.1041666666667,205.3815789473684,208.5178571428572,211.8500000000001,211.2272727272727,208.0624999999999
206.8055555555556,208.5714285714286,210.203125,208.1250000000001,205.0208333333334,205.5921052631579,208.875,211.9833333333334,211.5,207.8124999999999
207.0277777777778,208.7142857142857,210.140625,208.475,204.9375,205.7666666666667,209.2321428571429,212.1166666666667,211.7727272727273,207.9807692307692
207.25,208.65625,210.078125,208.775,204.8541666666667,205.8333333333334,209.5892857142857,212.25,212.0454545454546,208.2884615384615
207.4722222222223,208.53125,210.015625,209.075,204.7708333333333,205.9,209.9464285714286,212.3833333333334,212.25,208.5961538461538
207.6944444444445,208.40625,209.953125,209.375,204.8289473684211,205.9666666666667,210.3035714285714,212.5166666666667,212.25,208.9038461538461
207.8804347826087,208.28125,209.890625,209.675,204.9342105263158,206.0333333333334,210.6607142857143,212.65,212.15625,209.2115384615384
208.054347826087,208.475,209.828125,209.46875,205.0394736842106,206.1,210.84375,212.7833333333334,212.03125,209.5192307692307
208.2282608695653,208.775,209.7656249999999,209.09375,205.1447368421053,206.1666666666667,210.96875,212.9166666666667,211.9062500000001,209.796875
208.4021739130435,209.075,209.7941176470588,208.71875,205.25,206.2333333333333,211.0937500000001,213.05,211.78125,209.9843749999999
208.5760869565217,209.375,209.8529411764706,208.34375,205.3552631578948,206.28125,211.21875,213.1833333333334,211.65625,210.1718749999999
208.75,209.675,209.9117647058823,208.1428571428571,205.4605263157895,206.3229166666667,211.34375,213.3166666666667,211.53125,210.3593749999999
208.9239130434783,209.5,209.9705882352941,208,205.5657894736842,206.3645833333334,211.46875,213.45,211.40625,210.5468749999999
209.0978260869566,209.3125,210.0294117647059,207.8571428571428,205.671052631579,206.4062500000001,211.59375,213.5833333333334,211.28125,210.7343749999999
209.2717391304348,209.5625,210.0882352941176,207.8636363636364,205.7833333333334,206.4479166666667,211.71875,213.7166666666667,211.4166666666667,210.9218749999999
209.4456521739131,209.8125,210.1470588235294,208.3181818181818,205.9166666666667,206.4895833333334,211.5625,213.8214285714286,211.6388888888889,211.1093749999999
209.6195652173913,210.0625,210.2058823529412,208.7727272727273,206.05,206.53125,211.3125,213.9166666666667,211.8611111111111,211.3235294117647
209.7391304347826,210.3125,210.296875,209.2272727272727,206.1833333333334,206.5729166666667,211.0625000000001,214.0119047619048,212.0833333333334,211.6176470588235
209.6956521739131,210.5625,210.484375,209.6818181818182,206.3166666666667,206.6145833333334,210.8125000000001,214.1071428571429,212.3055555555556,211.9117647058823
209.6521739130435,210.7875,210.671875,210.1363636363637,206.45,206.65625,210.5625,214.202380952381,212.5277777777778,212.2058823529412
209.608695652174,210.9375,210.859375,210.3125,206.5833333333333,206.6979166666667,210.3125,214.2976190476191,212.75,212.4999999999999
209.5652173913044,211.0875,211.046875,210.3958333333333,206.7166666666667,206.7395833333333,210.3,214.3928571428572,212.9722222222223,212.7941176470588
209.5217391304348,211.2375,211.234375,210.4791666666667,206.9230769230769,206.9642857142858,210.3666666666667,214.4880952380953,213.1944444444445,213.0882352941176
209.4782608695652,211.3875,211.421875,210.5625,207.1538461538462,207.25,210.4333333333333,214.5833333333334,213.4107142857143,213.3823529411764
209.4347826086957,211.5375,211.609375,210.6458333333333,207.3846153846154,207.5357142857143,210.5,214.6785714285715,213.625,213.6764705882352
209.3913043478261,211.6875,211.7916666666667,210.7291666666667,207.6153846153846,207.8214285714286,210.5666666666667,214.775,213.8392857142858,213.7894736842105
209.3478260869566,211.8375,211.9583333333333,210.75,207.8461538461539,208.1071428571429,210.6333333333334,214.875,214.0535714285714,213.8421052631578
209.304347826087,211.9875,212.1249999999999,210.75,208.0769230769231,208.3928571428572,210.7,214.975,214.2678571428572,213.8947368421052
209.2608695652174,212.1375,212.2916666666667,210.75,208.3108974358975,208.6785714285714,210.7692307692308,215.075,214.4821428571429,213.9473684210526
209.3571428571429,212.2272727272727,212.4583333333333,210.75,208.5544871794872,208.9642857142858,210.8461538461539,215.175,214.6964285714286,213.9999999999999
209.5,212.1363636363636,212.625,210.75,208.7980769230769,209.25,210.923076923077,215.275,214.9375,214.0526315789473
209.6428571428572,212.0454545454546,212.7083333333333,210.75,209.0416666666667,209.5357142857143,211,215.375,215.1875,214.1052631578947
209.7857142857143,211.9545454545454,212.5416666666666,210.75,209.2852564102564,209.7976190476191,211.0769230769231,215.475,215.4375000000001,214.1578947368421
209.9285714285714,211.8636363636364,212.3749999999999,210.75,209.5288461538462,209.9880952380953,211.1538461538462,215.575,215.6875000000001,214.2105263157894
210.0714285714286,211.7727272727273,212.2083333333333,210.675,209.7724358974359,210.1785714285714,211.2307692307693,215.675,215.9375,214.2941176470588
210.2142857142858,211.6964285714286,212.0416666666666,210.575,210.0160256410256,210.3690476190476,211.15,215.775,216.1875,214.4705882352941
210.5000000000001,211.625,211.8749999999999,210.475,210.2596153846154,210.5595238095239,211.0166666666667,215.875,216.325,214.6470588235294
210.8333333333334,211.5535714285714,211.7058823529411,210.375,210.5032051282051,210.75,210.8833333333334,215.9750000000001,216.425,214.8235294117647
211.1666666666667,211.4821428571428,211.5294117647059,210.275,210.6704545454546,210.9404761904762,210.75,216.075,216.525,214.9999999999999
211.5,211.4107142857143,211.3529411764706,210.175,210.7613636363636,211.1309523809524,210.6166666666667,216.175,216.6250000000001,215.1764705882352
211.9090909090909,211.3392857142857,211.1764705882352,210.075,210.8522727272727,211.3214285714286,210.4833333333334,216.275,216.725,215.3529411764706
212.5454545454546,211.2678571428572,211,209.975,210.9431818181818,211.5119047619048,210.35,216.3750000000001,216.825,215.5294117647058
213.1818181818182,211.53125,210.8235294117646,209.875,211.0340909090909,211.702380952381,210.25,216.4750000000001,216.925,215.7058823529411
213.8181818181818,211.90625,210.6470588235294,209.775,211.125,211.8684210526316,210.25,216.575,217.025,215.6923076923076
214.4545454545455,212.28125,210.4705882352941,209.75,211.2159090909091,212.0263157894737,210.25,216.675,217.125,215.6153846153845
215.0909090909091,212.65625,210.2941176470588,209.75,211.3068181818182,212.1842105263158,210.25,216.775,217.225,215.5384615384615
215.3653846153846,212.9230769230769,210.6538461538462,209.75,211.375,212.3421052631579,210.25,216.8750000000001,217.15625,215.4615384615384
215.5192307692308,213.1538461538461,211.1923076923077,209.75,211.375,212.5,210.25,216.975,217.03125,215.3846153846153
215.673076923077,213.3846153846154,211.7307692307692,209.75,211.375,212.6578947368421,210.25,217.075,216.9062500000001,215.3076923076922
215.8269230769231,213.6153846153846,212.2692307692308,210.05,211.375,212.8157894736842,210.25,217.175,216.78125,215.3166666666666
215.9807692307693,213.8461538461539,212.8076923076923,210.45,211.375,212.9736842105263,210.25,217.2826086956522,216.6562500000001,215.5833333333333
216.1346153846154,214.0769230769231,213.3461538461538,210.84375,211.375,213.1315789473684,210.25,217.4130434782609,216.53125,215.85
216.34375,214.2333333333333,213.7115384615384,211.21875,211.375,213.2236842105264,210.25,217.5434782608696,216.40625,216.1166666666666
216.71875,214.1666666666667,213.5576923076923,211.59375,211.375,213.1184210526316,210.25,217.6739130434783,216.28125,216.3833333333333
217.09375,214.1,213.4038461538461,211.96875,211.375,213.0131578947369,210.625,217.804347826087,216.4375,216.6499999999999
217.46875,214.0333333333333,213.2499999999999,212.275,211.375,212.9078947368422,211.125,217.9347826086957,216.6875,216.9166666666666
217.7727272727273,213.9666666666666,213.0961538461538,212.375,211.3509615384615,212.8026315789474,211.625,218.0652173913044,216.9375000000001,217.1833333333333
217.8636363636364,213.9,212.9423076923077,212.475,211.2548076923077,212.6973684210527,212.125,218.1956521739131,217.1875000000001,217.3625
217.9545454545455,213.8333333333333,212.7884615384615,212.575,211.1586538461539,212.5921052631579,212.625,218.3260869565218,217.4375,217.5124999999999
218.0454545454546,213.7666666666667,212.9,212.675,211.0625,212.4868421052632,212.8181818181818,218.4565217391305,217.6875,217.6624999999999
218.1363636363637,213.5769230769231,213.1,212.7727272727273,210.9663461538462,212.3815789473684,212.9090909090909,218.5869565217392,217.9375,217.8124999999999
218.2272727272727,213.3461538461538,213.3,212.8636363636363,210.8701923076923,212.2763157894737,213,218.7173913043478,218.1875,217.9625
218.2031250000001,213.1153846153846,213.5,212.9545454545455,210.7740384615385,212.1562500000001,213.0909090909091,218.7788461538462,218.4375,218.1125
218.140625,212.8846153846154,213.7,213.0454545454546,210.7670454545455,212.03125,213.1818181818182,218.8173076923077,218.6875,218.2625
218.078125,212.6538461538461,214.0384615384615,213.1363636363636,210.7897727272727,211.90625,213.3269230769231,218.8557692307693,218.890625,218.4124999999999
218.015625,212.4230769230769,214.4230769230769,213.2272727272727,210.8125,211.7812500000001,213.6346153846154,218.8942307692308,219.078125,218.5624999999999
217.9531250000001,212.3088235294118,214.8076923076923,213.3181818181818,210.8352272727273,211.6562500000001,213.9423076923077,218.9326923076923,219.2656250000001,218.7124999999999
217.890625,212.5441176470588,215.1923076923077,213.4090909090909,210.8579545454546,211.5312500000001,214.25,218.9711538461539,219.453125,218.7777777777777
217.828125,212.7794117647059,215.5769230769231,213.5,210.9147727272727,211.40625,214.3189655172413,219.0096153846154,219.6406250000001,218.8148148148148
217.765625,213.014705882353,215.9615384615385,213.5909090909091,211.0738636363636,211.2812500000001,214.3879310344827,219.048076923077,219.828125,218.8518518518518
217.6428571428572,213.25,216.2205882352941,213.6818181818182,211.2329545454546,211.15625,214.4568965517241,219.0865384615385,220.015625,218.8888888888888
217.5000000000001,213.4852941176471,216.1029411764706,213.8,211.3920454545455,211.03125,214.5258620689655,219.125,220.203125,218.9259259259259
217.3571428571429,213.7205882352941,215.985294117647,214,211.5511363636364,210.9062500000001,214.5948275862069,219.1634615384616,220.25,218.9629629629629
217.2142857142858,213.9558823529412,215.8676470588235,214.2,211.7102272727273,210.78125,214.6637931034483,219.2019230769231,220.25,218.9999999999999
217.0714285714286,214.1911764705883,215.75,214.4,211.575,210.75,214.7327586206897,219.2403846153846,220.25,219.037037037037
216.9285714285715,214.3478260869565,215.6323529411764,214.6,211.3416666666667,210.75,214.825,219.2241379310345,220.2,219.074074074074
216.7857142857143,214.4782608695652,215.5147058823529,214.71875,211.1083333333333,210.75,214.925,219.1896551724138,220,219.1111111111111
216.7105263157895,214.6086956521739,215.3970588235294,214.59375,210.875,210.75,215.025,219.1551724137931,219.8,219.1481481481481
216.6578947368421,214.7391304347826,215.2794117647059,214.46875,210.935,210.75,215.125,219.1206896551724,219.6,219.1851851851851
216.6052631578948,214.8695652173913,215.4,214.34375,210.995,210.75,215.225,219.0862068965517,219.4,219.2222222222222
216.5526315789474,215,215.6,214.21875,211.055,210.84375,215.2083333333334,219.051724137931,219.2352941176471,219.1999999999999
216.5,215.1304347826087,215.8,214.09375,211.115,211.21875,215.1527777777778,219.0172413793104,219.1764705882353,218.9999999999999
216.4473684210527,215.2608695652174,216,213.96875,211.175,211.59375,215.0972222222223,218.9827586206897,219.1176470588236,218.7999999999999
216.3947368421053,215.3913043478261,216.2,213.84375,211.235,211.96875,215.0416666666667,218.948275862069,219.0588235294118,218.5999999999999
216.3421052631579,215.5217391304348,216.4,213.7692307692308,211.4375,212.35,214.9861111111111,218.9137931034483,219,218.3999999999999
216.2894736842105,215.6521739130435,216.6,213.8461538461538,211.6875,212.75,214.9305555555556,218.8793103448276,218.9411764705883,218.1999999999999
216.1764705882353,215.7727272727273,216.8,213.9230769230769,211.9375,213.15,214.875,218.8448275862069,218.8823529411765,217.9999999999999
215.8823529411765,215.8636363636364,217,214,212.1875,213.55,214.8194444444445,218.8103448275862,218.8235294117647,217.8
215.5882352941177,215.9545454545455,217.2,214.0769230769231,212.4375,213.95,214.7638888888889,218.7758620689655,218.764705882353,217.9807692307692
215.2941176470589,216.0454545454546,217.3181818181818,214.1538461538462,212.6875,213.3750000000001,214.9078947368421,218.75,218.8571428571429,218.2884615384615
215.0000000000001,216.1363636363636,217.4090909090909,214.2307692307692,213,210.7083333333334,215.1184210526316,218.75,219,218.5961538461538
214.7058823529412,216.2272727272727,217.5,214.3333333333333,213.3333333333333,210.5416666666667,215.3289473684211,218.75,219.1428571428572,218.9038461538461
214.4117647058824,216.3181818181818,217.5909090909091,214.4444444444445,213.6666666666667,210.375,215.5394736842105,218.75,219.2857142857143,219.2115384615384
214.1176470588236,216.4090909090909,217.6818181818182,214.5555555555556,214,211.1249999999998,215.75,218.75,219.4285714285714,219.5192307692307
213.8235294117648,216.5,217.703125,214.6666666666667,214.3333333333334,213.8125,215.9605263157895,218.75,219.5714285714286,219.7717391304347
213.5000000000001,216.5909090909091,217.515625,214.7777777777778,214.6666666666667,214.0625,216.171052631579,218.75,219.7142857142858,219.8586956521739
213.1666666666667,216.6818181818182,217.328125,214.8888888888889,214.9230769230769,213.9375000000001,216.3815789473684,218.75,219.6818181818182,219.945652173913
212.8333333333334,216.796875,217.1406249999999,215,215.1538461538462,212.6875000000001,216.5921052631579,218.75,219.5909090909091,220.0326086956521
212.5000000000001,216.984375,216.953125,215.1111111111111,215.3846153846154,211.75,216.75,218.75,219.5,220.1195652173913
212.1666666666667,217.171875,216.7656249999999,215.2222222222222,215.6153846153846,211.75,216.75,218.9,219.4090909090909,220.2065217391304
211.8333333333334,217.359375,216.578125,215.171052631579,215.8461538461538,211.75,216.75,219.1000000000001,219.3181818181818,220.2934782608695
211.75,217.546875,216.390625,215.0657894736842,216.0769230769231,212.21875,216.75,219.3,219.3636363636364,220.3804347826086
211.75,217.734375,216.2962962962963,214.9605263157895,216.2717391304348,212.84375,216.75,219.5,219.8181818181818,220.4673913043478
211.75,217.921875,216.4814814814814,214.8552631578947,216.3586956521739,213.46875,217.0833333333333,219.7,220.2727272727273,220.5543478260869
211.95,218.109375,216.6666666666666,214.75,216.4456521739131,214.09375,217.5277777777777,219.9,220.7272727272727,220.641304347826
212.2166666666667,218.234375,216.8518518518518,214.6447368421053,216.5326086956522,214.1617647058824,217.75,220.1,221.1818181818182,220.7282608695652
212.4833333333333,218.171875,217.037037037037,214.5394736842105,216.6195652173913,214.0441176470589,217.75,220.3,221.6363636363637,220.8
212.75,218.109375,217.2222222222222,214.4342105263158,216.7065217391304,213.9264705882353,217.75,220.5,221.75,220.8666666666666
213.0166666666667,218.046875,217.4074074074074,214.328947368421,216.7934782608696,213.8088235294118,217.75,220.7,221.75,220.9333333333333
213.2833333333334,217.984375,217.5925925925926,214.3125,216.8804347826087,213.6911764705883,217.75,220.875,221.75,220.9999999999999
213.55,217.921875,217.7777777777777,214.5625,216.9673913043478,213.5735294117647,217.875,221.0416666666667,221.75,221.0666666666666
213.7763157894737,217.859375,217.9629629629629,214.8125,217.054347826087,213.4558823529412,218,221.2083333333334,221.75,221.1333333333333
213.8815789473684,217.796875,218.1481481481481,215.0625,217.1413043478261,213.3382352941177,218.125,221.375,222.125,221.1999999999999
213.9868421052632,217.8,218.3333333333333,215.3125,217.2282608695652,213.1785714285715,218.25,221.5416666666667,222.625,221.2343749999999
214.0921052631579,218,218.5185185185185,215.5625,217.25,212.8928571428572,218.0277777777778,221.7083333333334,223.125,221.1718749999999
214.1973684210526,218.2,218.7037037037037,215.8125,217.25,212.6071428571429,217.8055555555556,221.875,223.625,221.1093749999999
214.3026315789474,218.4,218,216.0625,217.25,212.3214285714286,217.375,222.0416666666667,224.125,221.0468749999999
214.4078947368421,218.6,217.3928571428571,216.2884615384615,217.25,212.4166666666667,216.875,222.2083333333334,224.2941176470588,220.9843749999999
214.5131578947369,218.8,217.9642857142857,216.4423076923077,217.25,212.6388888888889,216.375,221.9772727272727,224.3529411764706,220.9218749999999
214.6184210526316,219,218.5357142857142,216.5961538461539,217.25,212.8611111111111,216.25,221.6136363636364,224.4117647058824,220.8593749999999
214.7236842105263,219.2,219.1071428571428,216.75,217.25,213.0833333333334,216.25,221.25,224.4705882352941,220.7968749999999
214.8181818181818,219.1964285714286,219.85,216.9038461538462,217.25,213.3409090909091,217.5,220.8863636363637,224.5294117647059,220.8
214.9090909090909,219.125,220.65,217.0576923076923,216.0500000000001,213.7045454545455,218.6923076923077,220.5227272727273,224.5882352941177,220.9999999999999
215,219.0535714285714,221.2222222222222,217.2115384615385,214.4500000000001,214.0681818181818,218.6153846153846,220.2272727272728,224.6470588235294,221.1999999999999
215.0909090909091,218.9821428571429,221.1111111111111,217.4545454545454,213.1071428571429,214.4318181818182,218.5384615384615,220.1363636363637,224.7058823529412,221.3999999999999
215.1818181818182,218.9107142857143,221,217.7272727272727,212.5357142857143,214.7954545454546,218.4615384615385,220.0454545454546,224.6428571428572,221.6
215.28125,218.8392857142857,220.8888888888889,218,211.9642857142858,215.1590909090909,218.3846153846154,219.9545454545455,224.2142857142858,221.8
215.4062500000001,218.7678571428571,220.7777777777777,218.2727272727273,211.3928571428572,215.1964285714286,218.3076923076923,219.8636363636364,223.7857142857143,221.9999999999999
215.53125,218,220.6666666666666,218.5454545454546,211.5,215.125,218.159090909091,219.7727272727273,223.3571428571429,222.1999999999999
215.65625,217,220.5555555555555,218.75,211.8333333333334,215.0535714285715,217.7954545454546,219.8571428571429,222.8750000000001,222.1874999999999
215.5,216.125,220.4444444444444,218.75,212.1666666666667,214.9821428571429,217.4318181818182,220,222.3750000000001,222.1041666666666
214.5000000000001,215.625,220.3333333333333,218.75,212.5,214.9107142857143,217.0681818181819,220.1428571428572,222.4642857142857,222.0208333333333
213.85,215.5,220.2794117647059,218.75,213.0416666666666,214.8392857142857,216.7045454545455,220.2857142857143,222.75,221.9374999999999
214.25,216.5,220.3970588235294,218.75,214.2083333333333,214.7678571428572,216.3409090909091,220.4285714285714,223.0357142857143,221.8541666666666
214.65,217.5,220.5147058823529,218.75,215.3749999999999,214.703125,216.15,220.5714285714286,223.34375,221.7708333333333
215.05,217.75,220.6323529411765,218.75,216.34375,214.640625,216.0166666666667,220.7142857142858,223.71875,221.6874999999999
215.45,217.75,220.75,218.8181818181818,216.71875,214.5781250000001,215.8833333333333,220.8571428571429,224.09375,221.6041666666666
215.7692307692308,217.75,220.8676470588235,218.9090909090909,217.09375,214.515625,215.75,221,224.46875,221.5208333333333
215.8461538461539,217.75,220.985294117647,219,217.46875,214.453125,215.6166666666667,221.1428571428572,224.75,221.4374999999999
215.923076923077,217.6964285714286,221.1029411764706,219.0909090909091,217.7307692307693,214.390625,215.4833333333334,221.27,224.75,221.3541666666666
216,217.625,221.2205882352941,219.1818181818182,217.6538461538462,214.328125,215.3500000000001,221.35,224.75,221.2708333333333
216.0769230769231,217.5535714285714,221.19,219.15,217.5769230769231,214.265625,215.1833333333334,221.43,224.75,221.1249999999999
216.1538461538462,217.4821428571429,221.11,218.75,217.5,214.25,214.9166666666667,221.51,224.75,220.9583333333333
216.2307692307693,217.4107142857143,221.03,218.35,217.423076923077,214.25,214.6500000000001,221.59,224.75,220.7916666666666
215.96875,217.3392857142857,220.95,217.95,217.3461538461539,214.25,214.3833333333334,221.6700000000001,224.75,220.6249999999999
215.59375,217.2678571428572,220.87,217.55,217.2692307692308,214.25,214.1166666666667,221.75,224.75,220.4583333333333
215.2187500000001,217.1785714285714,220.79,217.25,217.3382352941177,214.25,213.8500000000001,221.83,224.75,220.2916666666666
214.84375,217.0833333333333,220.71,217.25,217.4558823529412,214.25,213.5833333333334,221.91,224.6875,220.4107142857142
214.8653846153846,216.9880952380952,220.63,217.25,217.5735294117647,214.35,213.3166666666667,221.99,224.4375000000001,220.6249999999999
215.0192307692308,216.8928571428571,220.55,217.25,217.6911764705883,214.4833333333333,213.4642857142857,222.07,224.1875000000001,220.8392857142857
215.1730769230769,216.797619047619,220.47,217.25,217.8088235294118,214.6166666666667,213.75,222.15,223.9375000000001,221.0535714285714
215.3269230769231,216.702380952381,220.39,217.25,217.9264705882353,214.75,214.0357142857143,222.23,223.6875000000001,221.2678571428571
215.4807692307692,216.6071428571429,220.31,217.25,218.0441176470588,214.8833333333334,214.3214285714286,222.2875000000001,223.4375000000001,221.4821428571428
215.6346153846154,216.5119047619048,220.2763157894737,217.25,218.1617647058824,215.0166666666667,214.6071428571429,222.3375,223.1875000000001,221.6964285714285
215.8571428571428,216.4166666666667,220.3815789473684,217.3214285714286,218.2045454545455,215.15,214.8928571428572,222.3875,222.9375,221.9374999999999
216.2857142857142,216.3214285714286,220.4868421052631,217.6071428571429,218.0227272727273,215.2638888888889,215.1785714285714,222.4375000000001,222.75,222.1874999999999
216.7142857142857,216.2692307692308,220.5921052631579,217.8928571428572,217.8409090909091,215.3194444444445,215.5,222.4875,222.75,221.7812499999999
217.1428571428571,216.3461538461539,220.6973684210526,218.1785714285714,217.6590909090909,215.375,215.8333333333333,222.5375,222.75,221.1562499999999
217.5714285714286,216.4230769230769,220.8026315789473,218.4642857142857,217.4772727272728,215.4305555555556,216.1666666666667,222.5875,222.75,220.5312499999999
218,216.5,220.9078947368421,218.75,217.2954545454546,215.4861111111111,216.5000000000001,222.6375,222.8035714285714,219.9062499999999
218.4285714285714,216.5769230769231,221.0131578947368,219.0357142857143,216,215.5416666666667,216.8333333333334,222.6875,222.875,219.7083333333333
218.84375,216.6538461538462,221.1184210526316,219.3928571428571,214.875,215.5972222222223,217.1666666666667,222.7375,222.9464285714286,219.6527777777777
219.21875,216.7307692307692,221.2236842105263,219.9642857142857,215.375,215.6527777777778,217.34375,222.7159090909091,223.0178571428572,219.5972222222222
219.59375,217,221.1710526315789,220.5357142857143,215.8750000000001,215.7083333333333,217.46875,222.6704545454546,223.0892857142858,219.5416666666666
219.96875,217.3333333333333,221.0657894736842,221.1071428571429,216.3750000000001,213.25,217.5937500000001,222.625,223.1607142857143,219.4861111111111
220.1111111111112,217.6666666666667,220.9605263157895,221.125,216.875,211.575,217.71875,222.5795454545455,223.2321428571429,219.4305555555555
219.5555555555556,218,220.8552631578947,220.9583333333333,217.2045454545455,212.675,217.6964285714286,222.5340909090909,223.4166666666667,219.3749999999999
219.0000000000001,218.2794117647059,220.75,220.7916666666667,217.0227272727273,213.775,217.625,222.4886363636364,223.6388888888889,219.3194444444444
218.4444444444445,218.3970588235294,220.6447368421053,220.625,216.8409090909091,214.875,217.5535714285714,222.4431818181819,223.8611111111111,219.2638888888888
217.888888888889,218.514705882353,220.5394736842105,220.4583333333333,216.6590909090909,215.9750000000001,217.4821428571429,222.3977272727273,224.0833333333333,219.35
217.75,218.6323529411765,220.4342105263158,220.2916666666667,216.4772727272727,216.325,217.4107142857143,222.3522727272727,224.25,219.4833333333333
217.75,218.75,220.328947368421,220.125,216.2954545454546,216.425,217.3392857142858,222.3068181818182,224.25,219.6166666666666
217.75,218.8676470588235,220.2857142857142,219.9583333333333,216.25,216.525,217.2678571428572,222.2613636363637,224.25,219.7499999999999
217.75,218.985294117647,220.4285714285714,219.7916666666667,216.25,216.625,217,222.0526315789474,224.25,219.8833333333333
217.75,219.1029411764706,220.5714285714286,219.3,216.25,216.725,216.6666666666667,221.7894736842105,224.25,220.0166666666666
217.75,219.2205882352941,220.7142857142857,218.7,216.25,216.4090909090909,216.3333333333334,221.5263157894737,224.25,220.1499999999999
217.75,219.15625,220.8571428571428,218.15,216.25,215.9545454545455,216,221.2631578947369,224.25,220.2045454545454
217.75,219.03125,221,217.75,216.4,215.5,215.8269230769231,221,224.25,220.0227272727272
217.75,218.90625,221.1428571428571,217.35,216.6,215.0454545454546,216.1346153846154,220.7368421052632,223.8461538461539,219.840909090909
217.2500000000001,218.78125,221.2857142857142,216.95,216.8,214.5909090909091,216.4423076923077,220.4736842105263,223.3076923076924,219.6590909090908
216.5833333333334,218.65625,221.4285714285714,216.55,217,214.3928571428572,216.75,220.2105263157895,222.7692307692308,219.4772727272727
215.9166666666667,218.53125,221.5714285714286,216.3181818181818,217.2,214.9642857142857,217.0576923076923,219.9473684210527,222.2307692307693,219.2954545454545
216,218.40625,221.7142857142857,216.5909090909091,217.4,215.5357142857143,217.3653846153846,219.7592592592593,221.6923076923078,219.3181818181818
216.3333333333333,218.28125,221.7727272727273,216.8636363636363,217.6,216.1071428571429,217.6730769230769,219.7962962962963,221.1538461538462,219.4090909090908
216.6666666666666,218.3653846153846,221.8030303030303,217.1363636363636,217.7794117647059,216.5000000000001,217.84375,219.8333333333334,220.8055555555556,219.4999999999999
217,218.5192307692308,221.8333333333333,217.4090909090909,217.8970588235294,216.8333333333334,217.96875,219.8703703703704,221.0277777777778,219.590909090909
217.3333333333333,218.6730769230769,221.8636363636363,217.6818181818182,218.014705882353,217.1666666666667,218.0937500000001,219.9074074074074,221.25,219.6818181818181
217.6666666666667,218.8269230769231,221.8939393939394,217.825,218.1323529411765,217.5,218.21875,219.9444444444445,221.4722222222223,219.7727272727272
218,218.9807692307692,221.9242424242424,217.925,218.25,217.765625,216.7500000000001,219.9814814814815,221.6944444444445,219.8636363636363
218.275,219.1346153846154,221.9545454545454,218.025,218.3676470588235,217.828125,214.75,220.0185185185185,221.8333333333334,219.9545454545454
218.375,219.2,221.9848484848484,218.125,218.4852941176471,217.890625,214.4375,220.0555555555556,221.9444444444445,220.0454545454545
218.475,219,222.0151515151515,218.225,218.6029411764706,217.9531250000001,214.6875,220.0925925925926,222.0555555555556,220.1363636363636
218.575,218.8,222.0454545454545,218.1818181818182,218.7205882352941,218.015625,214.9375000000001,220.1296296296296,222.1666666666667,220.2272727272727
218.675,218.6,222.0757575757576,218.0909090909091,218.9166666666667,218.0781250000001,215.1875,220.1666666666667,222.25,220.2499999999999
218.5416666666667,218.4,222.1060606060606,218,219.1388888888889,218.140625,215.5,220.2037037037038,222.25,220.2499999999999
217.7083333333333,218.40625,222.1363636363636,217.9090909090909,219.3611111111111,218.203125,215.8333333333334,220.2407407407408,222.25,220.2499999999999
216.875,219.03125,222.1666666666666,217.8181818181818,219.5833333333333,218.1346153846154,216.1666666666667,220.25,222.25,220.2499999999999
216.3928571428572,219.65625,222.1969696969697,217.7291666666667,219.3000000000002,217.673076923077,216.5,220.25,222.25,220.2499999999999
216.9642857142857,220.28125,222.2272727272727,217.6458333333333,217.5000000000001,217.2115384615385,216.7727272727273,220.25,222.25,220.2499999999999
217.5357142857143,220.7333333333333,222.2380952380952,217.5625,215.7,216.75,216.8636363636364,220.25,222.25,220.1666666666666
218.1071428571429,220.6666666666667,222.1904761904761,217.4791666666667,215.475,216.2884615384616,216.9545454545455,220.25,222.25,219.8333333333333
218.0833333333333,220.6,222.1428571428571,217.3958333333333,215.775,215.8269230769231,217.0454545454546,220.25,222.25,219.4999999999999
217.8611111111111,220.5333333333333,222.0952380952381,217.3125,216.075,215.3653846153846,217.1363636363637,220.4107142857143,222.25,217.7499999999999
217.6388888888889,220.4666666666667,222.047619047619,217.375,216.375,214.5,217.2272727272727,220.625,222.25,216.3749999999999
217.4166666666667,220.4,222,217.875,216.675,213.5,217.2916666666667,220.8392857142858,222.25,216.5416666666666
217.375,220.3333333333333,221.9523809523809,218.375,216.8333333333334,212.5,217.3472222222223,221.0535714285714,222.25,216.7083333333333
217.875,220.2666666666667,221.9047619047619,218.875,216.9444444444445,212,217.4027777777778,221.2678571428572,222.34375,219.3749999999999
218.375,220.325,221.8571428571428,219.264705882353,217.0555555555556,211.6666666666667,217.4583333333334,221.4821428571429,222.46875,220.1093749999999
218.875,220.425,221.8095238095238,219.3235294117647,217.1666666666667,211.3333333333333,217.5138888888889,221.6964285714286,222.5937500000001,219.9218749999999
219.2166666666667,220.525,221.7619047619048,219.3823529411765,217.2777777777778,212.25,217.5694444444445,221.75,222.71875,219.7343749999999
219.0833333333333,220.625,221.7159090909091,219.4411764705882,217.3888888888889,213.5833333333334,217.625,221.75,222.525,219.5468749999999
218.95,220.725,221.6704545454545,219.5,217.5,214.9166666666667,217.6805555555556,221.75,222.225,219.3593749999999
218.8166666666667,220.85,221.625,219.5588235294118,217.6111111111111,216.45,217.7361111111111,221.75,221.925,219.1718749999999
218.6833333333333,220.9833333333333,221.5795454545454,219.6176470588235,217.7222222222223,218.05,217.5892857142858,221.6666666666667,221.6250000000001,218.9843749999999
218.55,221.1166666666667,221.5340909090909,219.6764705882353,217.8181818181818,219.2307692307693,217.375,221.3333333333334,221.3250000000001,218.7968749999999
218.4166666666667,221.25,221.4886363636363,219.735294117647,217.909090909091,219.1538461538462,217.1607142857143,221,221.1346153846154,218.6818181818181
218.2833333333333,221.3833333333333,221.4431818181818,219.8152173913043,218,219.0769230769231,216.9464285714286,220.6666666666667,220.9807692307693,218.590909090909
218.390625,221.5166666666667,221.3977272727273,219.9021739130435,218.0909090909091,219,216.7321428571429,220.3333333333334,220.8269230769231,218.4999999999999
218.578125,221.65,221.3522727272727,219.9891304347826,218.1818181818182,218.9230769230769,216.5178571428572,220.025,220.673076923077,218.4090909090909
218.765625,221.7291666666667,221.3068181818181,220.0760869565217,218.2727272727273,218.8461538461539,216.3035714285715,219.725,220.5192307692308,218.3181818181818
218.953125,221.6458333333333,221.2613636363636,220.1630434782609,218.3636363636364,218.7692307692308,216.3076923076923,219.425,220.3653846153847,218.2272727272727
219.140625,221.5625,221.3571428571428,220.25,218.4545454545455,218.375,216.3846153846154,219.125,220.3269230769231,218.1363636363636
219.328125,221.4791666666667,221.5,220.3369565217391,218.5454545454546,217.875,216.4615384615385,218.825,220.6346153846154,218.0454545454545
219.515625,221.3958333333333,221.6428571428571,220.4239130434783,218.6363636363637,217.3750000000001,216.5384615384616,218.6964285714286,220.9423076923077,217.9545454545454
219.703125,221.3125,221.7857142857143,220.5108695652174,218.7272727272727,216.875,216.6153846153846,218.625,221.25,217.8636363636363
219.4375,221.3125,221.9285714285714,220.5978260869565,218.825,216.8333333333334,216.6923076923077,218.5535714285715,221.5576923076923,217.7727272727272
219.0208333333333,221.5625,222.0714285714286,220.6847826086957,218.925,216.9444444444445,216.765625,218.4821428571429,221.8653846153846,217.6375
218.6041666666667,221.8125,222.2142857142857,220.7361111111111,219.025,217.0555555555556,216.828125,218.4107142857143,222.1730769230769,217.4875
218.1875,222.0625,222.3571428571428,220.6805555555556,219.125,217.1666666666667,216.890625,218.3392857142857,220.5625000000003,217.3374999999999
217.7708333333333,222.3125,222.4999999999999,220.625,219.225,217.2045454545455,216.9531250000001,218.2678571428572,218.3125000000003,217.1874999999999
217.3541666666667,222.5625,222.6428571428571,220.5694444444444,219.1346153846154,217.0227272727273,217.015625,218.2173913043479,217.0000000000001,217.0375
217.75,222.7666666666667,222.7857142857142,220.5138888888889,218.9807692307693,216.8409090909091,217.0781250000001,218.1739130434783,216.25,216.8874999999999
218.4166666666667,222.8333333333333,222.9285714285714,220.4583333333333,218.8269230769231,216.6590909090909,217.140625,218.1304347826087,216.25,216.7375
219.0833333333333,222.9,223.0714285714285,220.4027777777778,218.673076923077,216.4772727272727,217.203125,218.0869565217392,216.25,216.5874999999999
219.75,222.9666666666667,223.2142857142857,220.3472222222222,218.5192307692308,216.2954545454546,217.2333333333333,218.0434782608696,216.25,216.4374999999999
220.2159090909091,223.0333333333333,223.2857142857142,220.2916666666667,218.3653846153846,216.25,217.1666666666667,218,216.25,216.2874999999999
220.0795454545454,223.1,223.3333333333333,220.2361111111111,218.2833333333334,216.25,217.1,217.9565217391305,217.4999999999998,216.2142857142857
219.9431818181818,223.1666666666666,223.3809523809524,220.1805555555556,218.4166666666667,216.25,217.0333333333334,217.9130434782609,218.6785714285715,216.1666666666666
219.8068181818182,223.2333333333333,223.4285714285714,220.125,218.55,216.25,216.9666666666667,217.8695652173913,218.3928571428572,216.1190476190476
219.6704545454546,223.3,223.4761904761905,220.0694444444445,218.6833333333334,216.25,216.9,217.8260869565217,218.1071428571429,216.0714285714285
219.5340909090909,223.3666666666667,223.5238095238095,220.0138888888889,218.8166666666667,216.25,216.8333333333334,217.7826086956522,217.8214285714286,216.0238095238095
219.3977272727273,223.4333333333333,223.5714285714285,219.9583333333333,218.95,216.3055555555556,216.7666666666667,217.7205882352941,217.5357142857143,215.9761904761904
219.2613636363636,223.5,223.6190476190476,219.9027777777778,219.0833333333334,216.5277777777778,216.7083333333334,217.6029411764706,217.25,215.9285714285714
219.125,223.5666666666667,223.6666666666666,219.8472222222222,219.2166666666667,216.75,216.6527777777778,217.4852941176471,216.9642857142857,215.8809523809523
218.9886363636364,223.6333333333333,223.7142857142857,219.7916666666667,219.1176470588236,216.9722222222222,216.5972222222222,217.3676470588236,216.8,215.8333333333333
218.8522727272727,223.7,223.7142857142857,219.8125,218.9411764705883,217.1944444444445,216.5416666666667,217.25,217,215.7857142857142
218.7763157894737,223.7166666666666,223.5714285714286,220.0625,218.764705882353,217.4166666666667,216.4861111111111,217.1323529411765,217.2,215.7232142857142
218.8815789473684,223.5833333333333,223.4285714285714,220.3125,218.5882352941177,217.6388888888889,216.4305555555556,217.014705882353,217.4,215.6160714285714
218.9868421052632,223.45,223.2857142857142,220.5625,218.4117647058824,217.8611111111111,216.375,216.8970588235294,217.6,215.5089285714285
219.0921052631579,223.3166666666667,223.1428571428571,220.8125,218.2352941176471,218.0833333333334,216.3194444444445,216.7794117647059,217.6785714285714,215.4017857142857
219.1973684210526,223.1833333333333,223,221.0625,218.0588235294118,218.2916666666667,216.2638888888889,216.7125,217.3928571428571,215.2946428571428
219.3026315789474,223.05,222.8571428571428,221.2321428571429,217.8823529411765,218.4583333333333,216.25,216.6625,217.1071428571429,215.1874999999999
219.4078947368421,222.9166666666667,222.7142857142857,221.1607142857143,217.75,218.625,216.25,216.6125,216.8214285714286,215.0803571428571
219.5131578947368,222.7833333333333,222.5714285714286,221.0892857142857,217.75,218.65,216.25,216.5625000000001,216.625,214.9732142857142
219.6184210526316,222.65,222.4285714285714,221.0178571428571,217.75,218.25,216.25,216.5125,216.4583333333333,214.8660714285714
219.7236842105263,222.5166666666667,222.2857142857142,220.9464285714286,217.75,217.85,216.25,216.4625,216.2916666666667,214.7589285714285
219.7159090909091,222.3833333333333,222.25,220.875,217.75,217.5625,216.25,216.4125,216.25,214.6517857142857
219.6704545454546,222.25,222.25,220.8035714285714,217.7916666666667,217.3125,216.25,216.3625,216.25,214.5446428571428
219.625,222.1166666666667,222.25,220.796875,217.9583333333333,217.0625000000001,216.25,216.3125,216.25,214.4374999999999
219.5795454545454,221.9833333333333,222.25,220.984375,218.125,216.8125,216.25,216.2625,216.25,214.3303571428571
219.5340909090909,221.85,222.25,221.171875,217.9375,216.09375,216.25,216.2,216.25,214.1617647058823
219.4886363636364,221.7105263157895,222.25,221.359375,216.6875000000001,215.21875,216.25,216.1333333333334,216.25,213.8088235294117
219.4431818181818,221.5526315789474,222.1875,221.546875,215.90625,214.3437500000001,216.25,216.0666666666667,216.2115384615385,213.4558823529411
219.3977272727273,221.3947368421053,221.9374999999999,221.734375,216.5312500000001,213.46875,215.5,216,216.0576923076923,213.1029411764706
219.3522727272727,221.2368421052632,221.6874999999999,221.921875,217.15625,213.5833333333334,214.5,215.9333333333334,215.9038461538462,212.7499999999999
219.3068181818182,221.078947368421,221.4375,222.109375,217.78125,214.0277777777778,213.7833333333334,215.8666666666667,215.75,212.3970588235293
219.2613636363637,220.921052631579,221.1875,222.1388888888889,218.2333333333333,214.4722222222222,213.9166666666667,215.8,215.5961538461538,212.0441176470588
219.109375,220.7631578947368,220.9375,221.6944444444445,218.1666666666667,214.9166666666667,214.05,215.75,215.4423076923077,211.6911764705882
218.921875,220.6052631578947,220.735294117647,221.25,218.1,215.2666666666667,214.1833333333334,215.75,215.2884615384615,211.3382352941176
218.734375,220.4473684210526,220.6764705882352,220.8055555555555,218.0333333333334,215.3333333333334,214.3166666666667,215.75,215.0769230769231,211.1315789473684
218.546875,220.2894736842105,220.6176470588235,220.3611111111111,217.9666666666667,215.4,214.45,215.75,214.8461538461539,210.9736842105262
218.359375,220.16,220.5588235294117,220,217.9,215.4666666666667,214.5833333333334,215.75,214.6153846153846,210.8157894736842
218.171875,220.04,220.5,219.6666666666667,217.8333333333334,215.5333333333334,214.7166666666667,215.75,214.3846153846154,210.6578947368421
217.984375,219.92,220.4411764705882,219.3333333333333,217.7666666666667,215.6,214.7941176470588,215.5625,214.1538461538462,210.4999999999999
217.796875,219.8,220.3823529411764,219,217.8181818181818,215.6666666666667,214.8529411764706,215.3125,213.9230769230769,210.3421052631578
217.698275862069,219.68,220.3235294117647,218.6666666666667,217.9090909090909,215.7333333333334,214.9117647058824,215.0625000000001,213.6666666666667,210.1842105263157
217.6293103448276,219.56,220.2647058823529,218.3333333333333,218,215.75,214.9705882352941,214.8125000000001,213.3333333333333,210.0263157894736
217.5603448275862,219.44,220.2142857142857,218.8928571428571,218.0909090909091,215.75,215.0294117647059,214.5625,213,209.8684210526315
217.4913793103449,219.32,220.1666666666667,219.75,218.1818181818182,215.75,215.0882352941177,214.3125,212.6923076923077,209.6805555555555
217.4224137931035,219.2,220.1190476190476,220.6071428571429,218.125,215.75,215.1470588235294,214.125,212.4615384615385,209.4027777777777
217.3534482758621,219.08,220.0714285714286,221.25,217.6250000000001,215.75,215.2058823529412,213.9583333333333,212.2307692307692,209.1249999999999
217.2844827586207,218.96,220.0238095238095,221.25,217.125,215.75,215.2638888888889,213.7916666666667,212,208.8472222222222
217.2155172413793,218.84,219.9761904761904,218.25,216.625,215.75,215.3194444444445,213.6250000000001,211.7692307692308,208.5694444444444
217.146551724138,218.73,219.9285714285714,217.25,216.0625,215.8823529411765,215.375,213.4583333333334,211.5384615384615,208.2916666666666
217.0775862068966,218.65,219.8809523809524,217.25,215.3125000000001,216.0588235294118,215.4305555555556,213.2916666666667,211.3076923076923,208.0138888888888
217.0086206896552,218.57,219.8333333333333,217.25,214.875,216.2352941176471,215.4861111111111,213.25,211.25,207.7361111111111
216.9396551724138,218.49,219.7857142857143,218.5625,215.375,216.4117647058824,215.5416666666667,213.25,211.25,207.4583333333333
216.8706896551724,218.41,219.7321428571428,220.3125,215.875,216.5882352941177,215.5972222222223,213.25,211.25,207.2142857142856
216.801724137931,218.33,219.6607142857143,220.6136363636364,216.375,216.764705882353,215.6527777777778,213.25,211.25,207.0714285714285
216.7619047619048,218.25,219.5892857142857,220.4318181818182,216.875,216.9411764705883,215.7083333333333,213.25,211.25,206.9285714285714
216.8095238095238,218.17,219.5178571428571,220.25,217.3750000000001,217.1176470588235,215.65,213.25,211.25,206.7857142857142
216.8571428571428,218.09,219.4464285714285,220.0681818181818,217.875,217.1071428571429,215.25,213.2142857142858,211.25,206.6428571428571
216.9047619047619,218.01,219.375,219.8863636363636,218.375,216.5357142857143,214.85,213.0714285714286,211.1,206.4999999999999
216.952380952381,217.93,219.3035714285714,219.6785714285714,218.875,215.9642857142857,214.825,212.9285714285715,210.9,206.3571428571428
217,217.85,219.2692307692307,219.3928571428571,218.9375,215.3928571428572,214.925,212.7857142857143,210.7,206.1818181818181
217.047619047619,217.77,219.3461538461538,219.1071428571428,217.6875000000001,215.4375,215.025,212.6428571428572,210.5,205.9090909090908
217.0952380952381,217.5357142857143,219.4230769230769,218.8214285714286,216.7142857142858,215.6875,215.125,212.5,210.3,205.6363636363636
217.1428571428571,217.25,219.5,218.75,216.5714285714286,215.9375000000001,215.225,212.3571428571429,209.9090909090909,205.3636363636363
217.1904761904762,216.9642857142857,219.576923076923,218.75,216.4285714285714,216.1875,215.375,212.2166666666667,209.4545454545455,205.090909090909
217.2380952380952,216.6785714285714,219.6538461538461,218.75,216.2857142857143,216.25,215.5416666666667,212.0833333333334,209,204.8181818181818
216.75,216.3928571428571,219.7307692307692,218.75,216.4166666666667,216.25,215.7083333333334,211.95,208.5454545454545,204.6818181818181
216.0833333333333,216.1071428571429,219.5454545454545,218.75,216.6388888888889,216.25,215.8750000000001,211.8166666666667,208.0909090909091,204.590909090909
215.4166666666667,215.8214285714286,219.2727272727273,218.6666666666667,216.8611111111111,216.25,216.0416666666667,211.6833333333333,207.7857142857143,204.4999999999999
215.25,215.6176470588235,219,218.5555555555556,217.0833333333333,216.25,216.2083333333334,211.55,207.9285714285714,204.4090909090909
215.25,215.4411764705882,218.7272727272727,218.4444444444445,217.625,216.25,216.198275862069,211.4166666666667,208.0714285714286,204.3181818181818
215.25,215.264705882353,218.4545454545454,218.3333333333334,218.6875,216.25,216.1293103448276,211.2833333333333,208.2142857142857,204.2272727272727
215.4,215.0882352941176,218.225,218.3,218.4375000000001,216.25,216.0603448275862,211.025,208.4545454545454,204.1363636363636
216,214.9117647058824,218.125,218.5,218.1875,216.2333333333333,215.9913793103449,210.725,208.7272727272727,204.0454545454545
216.6,214.7352941176471,218.025,218.7,217.9375,216.1666666666667,215.9224137931035,210.425,209,203.9545454545454
217.2,214.5588235294118,217.925,218.9,217.6071428571429,216.1,215.8534482758621,210.125,209.2727272727273,203.8636363636363
217.8,214.3823529411765,217.825,219.1,217.0357142857143,216.0333333333332,215.7844827586207,209.825,209.5454545454546,203.7727272727272
