179,180,185,185,186,185,183.8611111111111,178,174,169
179.1052631578947,180.1818181818182,185.0869565217391,185.1666666666667,186.1428571428571,185.1,184,178.1785714285714,174.2307692307693,169.1724137931035
179.2105263157895,180.3636363636364,185.1739130434783,185.3333333333333,186.2857142857143,185.2,184.1388888888889,178.3571428571429,174.4615384615385,169.3448275862069
179.3157894736842,180.5454545454545,185.2608695652174,185.5,186.4285714285714,185.3,184.2777777777778,178.5357142857143,174.6923076923077,169.5172413793103
179.421052631579,180.7272727272727,185.3478260869565,185.6666666666667,186.5714285714286,185.4,184.4166666666667,178.7142857142857,174.9230769230769,169.6896551724138
179.5263157894737,180.9090909090909,185.4347826086957,185.8333333333333,186.7142857142857,185.5,184.5555555555555,178.8928571428572,175.1538461538462,169.8620689655172
179.6315789473684,181.0909090909091,185.5217391304348,186,186.8571428571428,185.6,184.6944444444445,179.0714285714286,175.3846153846154,170.0344827586207
179.7368421052631,181.2727272727273,185.6086956521739,186.1666666666667,187,185.7,184.8333333333333,179.25,175.6153846153846,170.2068965517241
179.8421052631579,181.4545454545455,185.6956521739131,186.3333333333333,187.1428571428571,185.8,184.9722222222222,179.4285714285714,175.8461538461538,170.3793103448276
179.9473684210527,181.6363636363636,185.7826086956522,186.5,187.2857142857143,185.9,185.1111111111111,179.6071428571429,176.0769230769231,170.551724137931
180.0526315789474,181.8181818181818,185.8695652173913,186.6666666666667,187.4285714285714,186,185.25,179.7857142857143,176.3076923076923,170.7241379310345
180.1578947368421,182,185.9565217391304,186.8333333333333,187.5714285714286,186.1,185.3888888888889,179.9642857142857,176.5384615384615,170.8965517241379
180.2631578947368,182.1818181818182,186.0434782608696,187,187.7142857142857,186.2,185.5277777777778,180.1428571428571,176.7692307692308,171.0689655172414
180.3684210526316,182.3636363636364,186.1304347826087,187.1666666666667,187.8571428571429,186.3,185.6666666666667,180.3214285714286,177,171.2413793103448
180.4736842105263,182.5454545454545,186.2173913043478,187.3333333333333,188,186.4,185.8055555555555,180.5,177.2307692307692,171.4137931034483
180.578947368421,182.7272727272727,186.3043478260869,187.5,188.1515151515152,186.5,185.9444444444445,180.6785714285714,177.4615384615385,171.5862068965517
180.6842105263158,182.9090909090909,186.3913043478261,187.6666666666667,188.3030303030303,186.6,186.0833333333333,180.8571428571429,177.6923076923077,171.7586206896552
180.7894736842105,183.0909090909091,186.4782608695652,187.8333333333333,188.4545454545455,186.7,186.2222222222222,181.0357142857143,177.9230769230769,171.9310344827586
180.8947368421053,183.2727272727273,186.5652173913043,188,188.6060606060606,186.8,186.3611111111111,181.2142857142857,178.1538461538462,172.1034482758621
181,183.4545454545454,186.6521739130435,188.1666666666667,188.7575757575758,186.9,186.5,181.3928571428571,178.3846153846154,172.2758620689655
181.1851851851852,183.6363636363636,186.7391304347826,188.3333333333333,188.9090909090909,187,186.6388888888889,181.5714285714286,178.6153846153846,172.448275862069
181.3703703703704,183.8181818181818,186.8260869565217,188.5,189.060606060606,187.1,186.7777777777778,181.75,178.8461538461538,172.6206896551724
181.5555555555555,184,186.9130434782609,188.6666666666667,189.2121212121212,187.2,186.9166666666667,181.9285714285714,179.0769230769231,172.7931034482759
181.7407407407407,184.1818181818182,187,188.8333333333333,189.3636363636363,187.3,187.0555555555555,182.1071428571428,179.3076923076923,172.9655172413793
181.9259259259259,184.3636363636364,187.1538461538462,189,189.5151515151515,187.4,187.1944444444445,182.2857142857143,179.5384615384615,173.1379310344828
182.1111111111111,184.5454545454546,187.3076923076923,189.1666666666667,189.6666666666666,187.5,187.3333333333333,182.4642857142857,179.7692307692308,173.3103448275862
182.2962962962963,184.7272727272727,187.4615384615385,189.3333333333333,189.8181818181818,187.6,187.4722222222222,182.6428571428572,180,173.4827586206897
182.4814814814815,184.9090909090909,187.6153846153846,189.5,189.9696969696969,187.7,187.6111111111111,182.8214285714286,180.1363636363636,173.6551724137931
182.6666666666667,185.0909090909091,187.7692307692308,189.6666666666667,190.1212121212121,187.8,187.75,183,180.2727272727273,173.8275862068965
182.8518518518518,185.2727272727273,187.9230769230769,189.8333333333333,190.2727272727273,187.9,187.8888888888889,183.0952380952381,180.4090909090909,174
183.037037037037,185.4545454545455,188.0769230769231,190,190.4242424242424,188,188.0277777777778,183.1904761904762,180.5454545454545,174.1333333333333
183.2222222222222,185.6363636363637,188.2307692307692,190.0930232558139,190.5757575757575,188.1,188.1666666666667,183.2857142857143,180.6818181818182,174.2666666666667
183.4074074074074,185.8181818181818,188.3846153846154,190.1860465116279,190.7272727272727,188.2,188.3055555555555,183.3809523809524,180.8181818181818,174.4
183.5925925925926,186,188.5384615384615,190.2790697674419,190.8787878787878,188.3,188.4444444444445,183.4761904761905,180.9545454545455,174.5333333333333
183.7777777777778,186.1666666666667,188.6923076923077,190.3720930232558,191.030303030303,188.4,188.5833333333333,183.5714285714286,181.0909090909091,174.6666666666667
183.962962962963,186.3333333333333,188.8461538461539,190.4651162790698,191.1818181818181,188.5,188.7222222222222,183.6666666666667,181.2272727272727,174.8
184.1481481481482,186.5,189,190.5581395348837,191.3333333333333,188.6,188.8611111111111,183.7619047619048,181.3636363636363,174.9333333333333
184.3333333333333,186.6666666666667,189.1538461538461,190.6511627906977,191.4848484848484,188.7,189,183.8571428571428,181.5,175.0666666666667
184.5185185185185,186.8333333333333,189.3076923076923,190.7441860465116,191.6363636363636,188.8,189.1351351351352,183.9523809523809,181.6363636363636,175.2
184.7037037037037,187,189.4615384615385,190.8372093023256,191.7744360902255,188.9,189.2702702702703,184.0476190476191,181.7727272727273,175.3333333333333
184.8888888888889,187.1666666666667,189.6153846153846,190.9302325581396,191.8721804511277,189,189.4054054054054,184.1428571428571,181.9090909090909,175.4666666666667
185.0740740740741,187.3333333333333,189.7692307692308,191.0232558139535,191.96992481203,189.1052631578947,189.5405405405405,184.2380952380952,182.0454545454546,175.6
185.2592592592593,187.5,189.9230769230769,191.1162790697674,192.0676691729323,189.2105263157895,189.6756756756757,184.3333333333333,182.1818181818182,175.7333333333333
185.4444444444444,187.6666666666667,190.0769230769231,191.2093023255814,192.1654135338346,189.3157894736842,189.8108108108108,184.4285714285714,182.3181818181818,175.8666666666667
185.6296296296296,187.8333333333333,190.2307692307692,191.3023255813953,192.2631578947368,189.421052631579,189.9459459459459,184.5238095238095,182.4545454545455,176
185.8148148148148,188,190.3846153846154,191.3953488372093,192.3609022556391,189.5263157894737,190.0810810810811,184.6190476190476,182.5909090909091,176.1666666666667
186,188.1666666666667,190.5384615384615,191.4883720930233,192.4586466165413,189.6315789473684,190.2162162162162,184.7142857142857,182.7272727272727,176.3333333333333
186.1923076923077,188.3333333333333,190.6923076923077,191.5813953488372,192.5563909774436,189.7368421052632,190.3513513513514,184.8095238095238,182.8636363636364,176.5
186.3846153846154,188.5,190.8461538461538,191.6744186046512,192.6541353383458,189.8421052631579,190.4864864864865,184.9047619047619,183,176.6666666666667
186.5769230769231,188.6666666666667,191,191.7674418604651,192.7518796992481,189.9473684210527,190.6216216216216,185,183.1,176.8333333333333
186.7692307692308,188.8333333333333,191.1290322580645,191.8604651162791,192.8496240601503,190.0526315789474,190.7567567567568,185.0952380952381,183.2,177
186.9615384615385,189,191.2580645161291,191.953488372093,192.9473684210526,190.1578947368421,190.8918918918919,185.1904761904762,183.3,177.1666666666667
187.1538461538461,189.1666666666667,191.3870967741935,192.046511627907,193.0451127819549,190.2631578947368,191.027027027027,185.2857142857143,183.4,177.3333333333333
187.3461538461539,189.3333333333333,191.516129032258,192.139534883721,193.1428571428571,190.3684210526316,191.1621621621622,185.3809523809524,183.5,177.5
187.5384615384615,189.5,191.6451612903226,192.2325581395349,193.2406015037594,190.4736842105263,191.2972972972973,185.4761904761905,183.6,177.6666666666667
187.7307692307692,189.6666666666667,191.7741935483871,192.3255813953488,193.3383458646616,190.578947368421,191.4324324324324,185.5714285714286,183.7,177.8333333333333
187.9230769230769,189.8333333333333,191.9032258064516,192.4186046511628,193.4360902255639,190.6842105263158,191.5675675675676,185.6666666666667,183.8,178
188.1153846153846,190,192.0322580645161,192.5116279069767,193.5338345864661,190.7894736842105,191.7027027027027,185.7619047619048,183.9,178.1666666666667
188.3076923076923,190.1666666666667,192.1612903225807,192.6046511627907,193.6315789473684,190.8947368421053,191.8378378378378,185.8571428571429,184,178.3333333333333
188.5,190.3333333333333,192.2903225806452,192.6976744186047,193.7293233082706,191,191.972972972973,185.9523809523809,184.1,178.5
188.6923076923077,190.5,192.4193548387097,192.7906976744186,193.8270676691729,191.1052631578947,192.1081081081081,186.0476190476191,184.2,178.6666666666667
188.8846153846154,190.6666666666667,192.5483870967742,192.8837209302326,193.9248120300752,191.2105263157895,192.2432432432432,186.1428571428571,184.3,178.8333333333333
189.0769230769231,190.8333333333333,192.6774193548387,192.9767441860465,194.0225563909775,191.3157894736842,192.3783783783784,186.2380952380952,184.4,179
189.2692307692308,191,192.8064516129032,193.0697674418604,194.1203007518797,191.421052631579,192.5135135135135,186.3333333333333,184.5,179.1666666666667
189.4615384615385,191.1666666666667,192.9354838709677,193.1627906976744,194.2180451127819,191.5263157894737,192.6486486486486,186.4285714285714,184.6,179.3333333333333
189.6538461538462,191.3333333333333,193.0645161290323,193.2558139534884,194.3157894736842,191.6315789473684,192.7837837837838,186.5238095238095,184.7,179.5
189.8461538461538,191.5,193.1935483870968,193.3488372093023,194.4135338345864,191.7368421052632,192.9189189189189,186.6190476190476,184.8,179.6666666666667
190.0384615384615,191.6666666666667,193.3225806451613,193.4418604651163,194.5112781954887,191.8421052631579,193.0540540540541,186.7142857142857,184.9,179.8333333333333
190.2307692307692,191.8333333333333,193.4516129032258,193.5348837209303,194.609022556391,191.9473684210527,193.1891891891892,186.8095238095238,185,180
190.4230769230769,192,193.5806451612903,193.6279069767442,194.7067669172932,192.0526315789473,193.3243243243243,186.9047619047619,185.1,180.1666666666667
190.6153846153846,192.1086956521739,193.7096774193548,193.7209302325581,194.8045112781955,192.1578947368421,193.4594594594595,187,185.2,180.3333333333333
190.8076923076923,192.2173913043478,193.8387096774194,193.8139534883721,194.9022556390977,192.2631578947368,193.5945945945946,187.0967741935484,185.3,180.5
191,192.3260869565217,193.9677419354839,193.9069767441861,195,192.3684210526316,193.7297297297297,187.1935483870968,185.4,180.6666666666667
191.1363636363636,192.4347826086957,194.0967741935484,194,195.0344827586207,192.4736842105263,193.8648648648649,187.2903225806452,185.5,180.8333333333333
191.2727272727273,192.5434782608696,194.2258064516129,194.0588235294118,195.0689655172414,192.578947368421,194,187.3870967741936,185.6,181
191.4090909090909,192.6521739130435,194.3548387096774,194.1176470588235,195.103448275862,192.6842105263158,194.0666666666667,187.483870967742,185.7,181.1875
191.5454545454545,192.7608695652174,194.483870967742,194.1764705882353,195.1379310344828,192.7894736842105,194.1333333333333,187.5806451612903,185.8,181.375
191.6818181818182,192.8695652173913,194.6129032258065,194.2352941176471,195.1724137931035,192.8947368421053,194.2,187.6774193548387,185.9,181.5625
191.8181818181818,192.9782608695652,194.741935483871,194.2941176470588,195.2068965517242,193,194.2666666666667,187.7741935483871,186,181.75
191.9545454545455,193.0869565217391,194.8709677419355,194.3529411764706,195.2413793103449,193.0909090909091,194.3333333333333,187.8709677419355,186.0967741935484,181.9375
192.0909090909091,193.195652173913,195,194.4117647058823,195.2758620689655,193.1818181818182,194.4,187.9677419354839,186.1935483870968,182.125
192.2272727272727,193.304347826087,195.1081081081081,194.4705882352941,195.3103448275862,193.2727272727273,194.4666666666666,188.0645161290323,186.2903225806452,182.3125
192.3636363636363,193.4130434782609,195.2162162162162,194.5294117647059,195.3448275862069,193.3636363636363,194.5333333333334,188.1612903225806,186.3870967741935,182.5
192.5,193.5217391304348,195.3243243243243,194.5882352941176,195.3793103448276,193.4545454545454,194.6,188.258064516129,186.483870967742,182.6875
192.6363636363636,193.6304347826087,195.4324324324324,194.6470588235294,195.4137931034483,193.5454545454546,194.6666666666667,188.3548387096774,186.5806451612903,182.875
192.7727272727273,193.7391304347826,195.5405405405405,194.7058823529412,195.448275862069,193.6363636363637,194.7333333333333,188.4516129032258,186.6774193548387,183.0625
192.9090909090909,193.8478260869565,195.6486486486486,194.7647058823529,195.4827586206897,193.7272727272727,194.8,188.5483870967742,186.7741935483871,183.25
193.0454545454545,193.9565217391304,195.7567567567567,194.8235294117647,195.5172413793103,193.8181818181818,194.8666666666667,188.6451612903226,186.8709677419355,183.4375
193.1818181818182,194.0652173913043,195.8648648648649,194.8823529411765,195.551724137931,193.9090909090909,194.9333333333333,188.741935483871,186.9677419354839,183.625
193.3181818181818,194.1739130434783,195.972972972973,194.9411764705882,195.5862068965517,194,195,188.8387096774194,187.0645161290323,183.8125
193.4545454545455,194.2826086956522,196.0810810810811,195,195.6206896551724,194.0909090909091,195.0666666666667,188.9354838709677,187.1612903225806,184
193.5909090909091,194.3913043478261,196.1891891891892,195.0588235294118,195.6551724137931,194.1818181818182,195.1333333333333,189.0322580645161,187.258064516129,184.1875
193.7272727272727,194.5,196.2972972972973,195.1176470588235,195.6896551724138,194.2727272727273,195.2,189.1290322580645,187.3548387096774,184.375
193.8636363636364,194.6086956521739,196.4054054054054,195.1764705882353,195.7241379310345,194.3636363636364,195.2666666666667,189.2258064516129,187.4516129032258,184.5625
194,194.7173913043478,196.5135135135135,195.2352941176471,195.7586206896552,194.4545454545454,195.3333333333333,189.3225806451613,187.5483870967742,184.75
194.125,194.8260869565217,196.6216216216216,195.2941176470588,195.7931034482759,194.5454545454546,195.4,189.4193548387097,187.6451612903226,184.9375
194.25,194.9347826086956,196.7297297297297,195.3529411764706,195.8275862068965,194.6363636363636,195.4666666666667,189.5161290322581,187.741935483871,185.125
194.375,195.0434782608696,196.8378378378379,195.4117647058824,195.8620689655173,194.7272727272727,195.5333333333333,189.6129032258065,187.8387096774194,185.3125
194.5,195.1521739130435,196.9459459459459,195.4705882352941,195.8965517241379,194.8181818181818,195.6,189.7096774193548,187.9354838709677,185.5
194.625,195.2608695652174,197.0540540540541,195.5294117647059,195.9310344827586,194.9090909090909,195.6666666666667,189.8064516129032,188.0322580645161,185.6875
194.75,195.3695652173913,197.1621621621622,195.5882352941176,195.9655172413793,195,195.7333333333333,189.9032258064516,188.1290322580645,185.875
194.875,195.4782608695652,197.2702702702703,195.6470588235294,196,195.0909090909091,195.8,190,188.2258064516129,186.0625
195,195.5869565217391,197.3783783783784,195.7058823529412,196.0769230769231,195.1818181818182,195.8666666666667,190.1111111111111,188.3225806451613,186.25
195.125,195.6956521739131,197.4864864864865,195.7647058823529,196.1538461538462,195.2727272727273,195.9333333333333,190.2222222222222,188.4193548387097,186.4375
195.25,195.8043478260869,197.5945945945946,195.8235294117647,196.2307692307693,195.3636363636364,196,190.3333333333333,188.5161290322581,186.625
195.375,195.9130434782609,197.7027027027027,195.8823529411765,196.3076923076923,195.4545454545454,196.0526315789474,190.4444444444445,188.6129032258065,186.8125
195.5,196.0217391304348,197.8108108108108,195.9411764705882,196.3846153846154,195.5454545454546,196.1052631578948,190.5555555555555,188.7096774193548,187
195.625,196.1304347826087,197.9189189189189,196,196.4615384615385,195.6363636363636,196.1578947368421,190.6666666666667,188.8064516129032,187.1428571428572
195.75,196.2391304347826,198.027027027027,196.0588235294118,196.5384615384615,195.7272727272727,196.2105263157895,190.7777777777778,188.9032258064516,187.2857142857143
195.875,196.3478260869565,198.1351351351351,196.1176470588235,196.6153846153846,195.8181818181818,196.2631578947368,190.8888888888889,189,187.4285714285714
196,196.4565217391304,198.2432432432432,196.1764705882353,196.6923076923077,195.9090909090909,196.3157894736842,191,189.1388888888889,187.5714285714286
196.125,196.5652173913043,198.3513513513514,196.2352941176471,196.7692307692308,196,196.3684210526316,191.1111111111111,189.2777777777778,187.7142857142857
196.25,196.6739130434783,198.4594594594595,196.2941176470588,196.8461538461539,196.0909090909091,196.4210526315789,191.2222222222222,189.4166666666667,187.8571428571428
196.375,196.7826086956522,198.5675675675676,196.3529411764706,196.9230769230769,196.1818181818182,196.4736842105263,191.3333333333333,189.5555555555555,188
196.5,196.8913043478261,198.6756756756757,196.4117647058824,197,196.2727272727273,196.5263157894737,191.4444444444445,189.6944444444445,188.1428571428572
196.625,197,198.7837837837838,196.4705882352941,197.0769230769231,196.3636363636363,196.5789473684211,191.5555555555555,189.8333333333333,188.2857142857143
196.75,197.0652173913044,198.8918918918919,196.5294117647059,197.1538461538461,196.4545454545454,196.6315789473684,191.6666666666667,189.9722222222222,188.4285714285714
196.875,197.1304347826087,199,196.5882352941177,197.2307692307692,196.5454545454546,196.6842105263158,191.7777777777778,190.1111111111111,188.5714285714286
197,197.1956521739131,199.0769230769231,196.6470588235294,197.3076923076923,196.6363636363637,196.7368421052632,191.8888888888889,190.25,188.7142857142857
197.0454545454546,197.2608695652174,199.1538461538462,196.7058823529412,197.3846153846154,196.7272727272727,196.7894736842105,192,190.3888888888889,188.8571428571429
197.0909090909091,197.3260869565217,199.2307692307692,196.764705882353,197.4615384615385,196.8181818181818,196.8421052631579,192.1111111111111,190.5277777777778,189
197.1363636363636,197.3913043478261,199.3076923076923,196.8235294117647,197.5384615384615,196.9090909090909,196.8947368421053,192.2222222222222,190.6666666666667,189.1428571428571
197.1818181818182,197.4565217391304,199.3846153846154,196.8823529411765,197.6153846153846,197,196.9473684210527,192.3333333333333,190.8055555555555,189.2857142857143
197.2272727272727,197.5217391304348,199.4615384615385,196.9411764705882,197.6923076923077,197.0731707317073,197,192.4444444444445,190.9444444444445,189.4285714285714
197.2727272727273,197.5869565217391,199.5384615384615,197,197.7692307692308,197.1463414634146,197.0526315789474,192.5555555555555,191.0833333333333,189.5714285714286
197.3181818181818,197.6521739130435,199.6153846153846,197.0746268656716,197.8461538461538,197.219512195122,197.1052631578947,192.6666666666667,191.2222222222222,189.7142857142857
197.3636363636364,197.7173913043478,199.6923076923077,197.1492537313433,197.9230769230769,197.2926829268293,197.1578947368421,192.7777777777778,191.3611111111111,189.8571428571429
197.4090909090909,197.7826086956522,199.7692307692308,197.2238805970149,198,197.3658536585366,197.2105263157895,192.8888888888889,191.5,190
197.4545454545454,197.8478260869565,199.8461538461539,197.2985074626866,198.0540540540541,197.4390243902439,197.2631578947368,193,191.6388888888889,190.1428571428571
197.5,197.9130434782609,199.9230769230769,197.3731343283582,198.1081081081081,197.5121951219512,197.3157894736842,193.1111111111111,191.7777777777778,190.2857142857143
197.5454545454545,197.9782608695652,200,197.4477611940299,198.1621621621622,197.5853658536585,197.3684210526316,193.2222222222222,191.9166666666667,190.4285714285714
197.5909090909091,198.0434782608696,200.0769230769231,197.5223880597015,198.2162162162162,197.6585365853659,197.4210526315789,193.3333333333333,192.0555555555555,190.5714285714286
197.6363636363636,198.1086956521739,200.1538461538461,197.5970149253731,198.2702702702703,197.7317073170732,197.4736842105263,193.4444444444445,192.1944444444445,190.7142857142857
197.6818181818182,198.1739130434783,200.2307692307692,197.6716417910448,198.3243243243243,197.8048780487805,197.5263157894737,193.5555555555555,192.3333333333333,190.8571428571429
197.7272727272727,198.2391304347826,200.3076923076923,197.7462686567164,198.3783783783784,197.8780487804878,197.5789473684211,193.6666666666667,192.4722222222222,191
197.7727272727273,198.304347826087,200.3846153846154,197.8208955223881,198.4324324324324,197.9512195121951,197.6315789473684,193.7777777777778,192.6111111111111,191.0967741935484
197.8181818181818,198.3695652173913,200.4615384615385,197.8955223880597,198.4864864864865,198.0243902439024,197.6842105263158,193.8888888888889,192.75,191.1935483870968
197.8636363636364,198.4347826086957,200.5384615384615,197.9701492537313,198.5405405405405,198.0975609756098,197.7368421052632,194,192.8888888888889,191.2903225806452
197.9090909090909,198.5,200.6153846153846,198.044776119403,198.5945945945946,198.1707317073171,197.7894736842105,194.1020408163265,193.0277777777778,191.3870967741935
197.9545454545454,198.5652173913043,200.6923076923077,198.1194029850746,198.6486486486486,198.2439024390244,197.8421052631579,194.204081632653,193.1666666666667,191.4838709677419
198,198.6304347826087,200.7692307692308,198.1940298507463,198.7027027027027,198.3170731707317,197.8947368421053,194.3061224489796,193.3055555555556,191.5806451612903
198,198.6956521739131,200.8461538461539,198.2686567164179,198.7567567567568,198.390243902439,197.9473684210526,194.4081632653061,193.4444444444444,191.6774193548387
198,198.7608695652174,200.9230769230769,198.3432835820896,198.8108108108108,198.4634146341463,198,194.5102040816327,193.5833333333333,191.7741935483871
198,198.8260869565217,201,198.4179104477612,198.8648648648648,198.5365853658537,198.075,194.6122448979592,193.7222222222222,191.8709677419355
198,198.8913043478261,201.0769230769231,198.4925373134328,198.9189189189189,198.609756097561,198.15,194.7142857142857,193.8611111111111,191.9677419354839
198,198.9565217391304,201.1538461538462,198.5671641791045,198.972972972973,198.6829268292683,198.225,194.8163265306122,194,192.0645161290323
198,199.0217391304348,201.2307692307692,198.6417910447761,199.027027027027,198.7560975609756,198.3,194.9183673469388,194.0909090909091,192.1612903225806
198,199.0869565217391,201.3076923076923,198.7164179104478,199.0810810810811,198.8292682926829,198.375,195.0204081632653,194.1818181818182,192.258064516129
198,199.1521739130435,201.3846153846154,198.7910447761194,199.1351351351352,198.9024390243902,198.45,195.1224489795918,194.2727272727273,192.3548387096774
198,199.2173913043478,201.4615384615385,198.865671641791,199.1891891891892,198.9756097560976,198.525,195.2244897959184,194.3636363636363,192.4516129032258
198,199.2826086956522,201.5384615384615,198.9402985074627,199.2432432432432,199.0487804878049,198.6,195.3265306122449,194.4545454545454,192.5483870967742
198,199.3478260869565,201.6153846153846,199.0149253731343,199.2972972972973,199.1219512195122,198.675,195.4285714285714,194.5454545454545,192.6451612903226
198,199.4130434782609,201.6923076923077,199.089552238806,199.3513513513514,199.1951219512195,198.75,195.530612244898,194.6363636363636,192.741935483871
198,199.4782608695652,201.7692307692308,199.1641791044776,199.4054054054054,199.2682926829268,198.825,195.6326530612245,194.7272727272727,192.8387096774194
198,199.5434782608696,201.8461538461538,199.2388059701493,199.4594594594595,199.3414634146341,198.9,195.734693877551,194.8181818181818,192.9354838709677
198,199.6086956521739,201.9230769230769,199.3134328358209,199.5135135135135,199.4146341463415,198.975,195.8367346938775,194.9090909090909,193.0322580645161
198,199.6739130434783,202,199.3880597014926,199.5675675675676,199.4878048780488,199.05,195.9387755102041,195,193.1290322580645
198,199.7391304347826,202.0227272727273,199.4626865671642,199.6216216216216,199.5609756097561,199.125,196.0408163265306,195.0909090909091,193.2258064516129
198,199.8043478260869,202.0454545454546,199.5373134328358,199.6756756756757,199.6341463414634,199.2,196.1428571428571,195.1818181818182,193.3225806451613
198,199.8695652173913,202.0681818181818,199.6119402985075,199.7297297297297,199.7073170731707,199.275,196.2448979591837,195.2727272727273,193.4193548387097
197.9375,199.9347826086956,202.0909090909091,199.6865671641791,199.7837837837838,199.780487804878,199.35,196.3469387755102,195.3636363636364,193.5161290322581
197.875,200,202.1136363636363,199.7611940298507,199.8378378378378,199.8536585365854,199.425,196.4489795918367,195.4545454545454,193.6129032258065
197.8125,200.05,202.1363636363637,199.8358208955224,199.8918918918919,199.9268292682927,199.5,196.5510204081633,195.5454545454546,193.7096774193548
197.75,200.1,202.1590909090909,199.910447761194,199.9459459459459,200,199.575,196.6530612244898,195.6363636363636,193.8064516129032
197.6875,200.15,202.1818181818182,199.9850746268657,200,200.0384615384615,199.65,196.7551020408163,195.7272727272727,193.9032258064516
197.625,200.2,202.2045454545454,200.0597014925373,200.0857142857143,200.0769230769231,199.725,196.8571428571429,195.8181818181818,194
197.5625,200.25,202.2272727272727,200.134328358209,200.1714285714285,200.1153846153846,199.8,196.9591836734694,195.9090909090909,194.0625
197.5,200.3,202.25,200.2089552238806,200.2571428571429,200.1538461538461,199.875,197.0612244897959,196,194.125
197.4375,200.35,202.2727272727273,200.2835820895522,200.3428571428571,200.1923076923077,199.95,197.1632653061225,196.0909090909091,194.1875
197.375,200.4,202.2954545454546,200.3582089552239,200.4285714285714,200.2307692307692,200.025,197.265306122449,196.1818181818182,194.25
197.3125,200.45,202.3181818181818,200.4328358208955,200.5142857142857,200.2692307692308,200.1,197.3673469387755,196.2727272727273,194.3125
197.25,200.5,202.3409090909091,200.5074626865672,200.6,200.3076923076923,200.175,197.469387755102,196.3636363636364,194.375
197.1875,200.55,202.3636363636364,200.5820895522388,200.6857142857143,200.3461538461538,200.25,197.5714285714286,196.4545454545455,194.4375
197.125,200.6,202.3863636363636,200.6567164179104,200.7714285714286,200.3846153846154,200.325,197.6734693877551,196.5454545454546,194.5
197.0625,200.65,202.4090909090909,200.7313432835821,200.8571428571429,200.4230769230769,200.4,197.7755102040816,196.6363636363636,194.5625
197,200.7,202.4318181818182,200.8059701492537,200.9428571428571,200.4615384615385,200.475,197.8775510204082,196.7272727272727,194.625
197.1153846153846,200.75,202.4545454545454,200.8805970149254,201.0285714285714,200.5,200.55,197.9795918367347,196.8181818181818,194.6875
197.2307692307692,200.8,202.4772727272727,200.955223880597,201.1142857142857,200.5384615384615,200.625,198.0816326530612,196.9090909090909,194.75
197.3461538461538,200.85,202.5,201.0298507462687,201.2,200.5769230769231,200.7,198.1836734693877,197,194.8125
197.4615384615385,200.9,202.5227272727273,201.1044776119403,201.2857142857143,200.6153846153846,200.775,198.2857142857143,197.1315789473684,194.875
197.5769230769231,200.95,202.5454545454546,201.1791044776119,201.3714285714286,200.6538461538461,200.85,198.3877551020408,197.2631578947368,194.9375
197.6923076923077,201,202.5681818181818,201.2537313432836,201.4571428571429,200.6923076923077,200.925,198.4897959183673,197.3947368421053,195
197.8076923076923,201.05,202.5909090909091,201.3283582089553,201.5428571428571,200.7307692307692,201,198.5918367346939,197.5263157894737,195.0625
197.9230769230769,201.1,202.6136363636364,201.4029850746269,201.6285714285714,200.7692307692308,201.030303030303,198.6938775510204,197.6578947368421,195.125
198.0384615384615,201.15,202.6363636363636,201.4776119402985,201.7142857142857,200.8076923076923,201.0606060606061,198.795918367347,197.7894736842105,195.1875
198.1538461538462,201.2,202.6590909090909,201.5522388059701,201.8,200.8461538461538,201.0909090909091,198.8979591836735,197.921052631579,195.25
198.2692307692308,201.25,202.6818181818182,201.6268656716418,201.8857142857143,200.8846153846154,201.1212121212121,199,198.0526315789474,195.3125
198.3846153846154,201.3,202.7045454545455,201.7014925373134,201.9714285714286,200.9230769230769,201.1515151515152,199.0625,198.1842105263158,195.375
198.5,201.35,202.7272727272727,201.7761194029851,202.0571428571428,200.9615384615385,201.1818181818182,199.125,198.3157894736842,195.4375
198.6153846153846,201.4,202.75,201.8507462686567,202.1428571428571,201,201.2121212121212,199.1875,198.4473684210526,195.5
198.7307692307692,201.45,202.7727272727273,201.9253731343284,202.2285714285714,201.0384615384615,201.2424242424242,199.25,198.5789473684211,195.5625
198.8461538461539,201.5,202.7954545454546,202,202.3142857142857,201.0769230769231,201.2727272727273,199.3125,198.7105263157895,195.625
198.9615384615385,201.55,202.8181818181818,202.0232558139535,202.4,201.1153846153846,201.3030303030303,199.375,198.8421052631579,195.6875
199.0769230769231,201.6,202.8409090909091,202.046511627907,202.4857142857143,201.1538461538462,201.3333333333334,199.4375,198.9736842105263,195.75
199.1923076923077,201.65,202.8636363636364,202.0697674418604,202.5714285714286,201.1923076923077,201.3636363636364,199.5,199.1052631578947,195.8125
199.3076923076923,201.7,202.8863636363637,202.093023255814,202.6571428571428,201.2307692307692,201.3939393939394,199.5625,199.2368421052632,195.875
199.4230769230769,201.75,202.9090909090909,202.1162790697674,202.7428571428571,201.2692307692308,201.4242424242424,199.625,199.3684210526316,195.9375
199.5384615384615,201.8,202.9318181818182,202.1395348837209,202.8285714285715,201.3076923076923,201.4545454545454,199.6875,199.5,196
199.6538461538462,201.85,202.9545454545454,202.1627906976744,202.9142857142857,201.3461538461539,201.4848484848485,199.75,199.6315789473684,196.15625
199.7692307692307,201.9,202.9772727272727,202.1860465116279,203,201.3846153846154,201.5151515151515,199.8125,199.7631578947368,196.3125
199.8846153846154,201.95,203,202.2093023255814,202.9411764705883,201.4230769230769,201.5454545454546,199.875,199.8947368421053,196.46875
200,202,203,202.2325581395349,202.8823529411765,201.4615384615385,201.5757575757576,199.9375,200.0263157894737,196.625
200.0689655172414,202,203,202.2558139534884,202.8235294117647,201.5,201.6060606060606,200,200.1578947368421,196.78125
200.1379310344828,202,203,202.2790697674419,202.7647058823529,201.5384615384615,201.6363636363636,200.0625,200.2894736842105,196.9375
200.2068965517242,202,203,202.3023255813954,202.7058823529412,201.5769230769231,201.6666666666667,200.125,200.4210526315789,197.09375
200.2758620689655,202,203,202.3255813953488,202.6470588235294,201.6153846153846,201.6969696969697,200.1875,200.5526315789474,197.25
200.3448275862069,202,203,202.3488372093024,202.5882352941177,201.6538461538461,201.7272727272727,200.25,200.6842105263158,197.40625
200.4137931034483,202,203,202.3720930232558,202.5294117647059,201.6923076923077,201.7575757575758,200.3125,200.8157894736842,197.5625
200.4827586206897,202,203,202.3953488372093,202.4705882352941,201.7307692307692,201.7878787878788,200.375,200.9473684210526,197.71875
200.551724137931,202,203,202.4186046511628,202.4117647058824,201.7692307692308,201.8181818181818,200.4375,201.0789473684211,197.875
200.6206896551724,202,203,202.4418604651163,202.3529411764706,201.8076923076923,201.8484848484848,200.5,201.2105263157895,198.03125
200.6896551724138,202,203,202.4651162790698,202.2941176470588,201.8461538461539,201.8787878787879,200.5625,201.3421052631579,198.1875
200.7586206896552,202,203,202.4883720930233,202.2352941176471,201.8846153846154,201.9090909090909,200.625,201.4736842105263,198.34375
200.8275862068966,202,203,202.5116279069767,202.1764705882353,201.9230769230769,201.9393939393939,200.6875,201.6052631578947,198.5
200.8965517241379,202,203,202.5348837209302,202.1176470588235,201.9615384615385,201.969696969697,200.75,201.7368421052632,198.65625
200.9655172413793,202,203,202.5581395348837,202.0588235294118,202,202,200.8125,201.8684210526316,198.8125
201.0344827586207,202,203,202.5813953488372,202,202.0238095238095,202.0277777777778,200.875,202,198.96875
201.1034482758621,202,203,202.6046511627907,202.1111111111111,202.047619047619,202.0555555555555,200.9375,201.9333333333333,199.125
201.1724137931035,202,203,202.6279069767442,202.2222222222222,202.0714285714286,202.0833333333333,201,201.8666666666666,199.28125
201.2413793103448,202,203,202.6511627906977,202.3333333333333,202.0952380952381,202.1111111111111,201.0571428571429,201.8,199.4375
201.3103448275862,202,203,202.6744186046512,202.4444444444445,202.1190476190476,202.1388888888889,201.1142857142857,201.7333333333333,199.59375
201.3793103448276,202,203,202.6976744186047,202.5555555555555,202.1428571428572,202.1666666666667,201.1714285714286,201.6666666666667,199.75
201.448275862069,202,203,202.7209302325581,202.6666666666667,202.1666666666667,202.1944444444445,201.2285714285714,201.6,199.90625
201.5172413793103,202,203,202.7441860465116,202.7777777777778,202.1904761904762,202.2222222222222,201.2857142857143,201.5333333333333,200.0625
201.5862068965517,202,203,202.7674418604651,202.8888888888889,202.2142857142857,202.25,201.3428571428572,201.4666666666667,200.21875
201.6551724137931,202,203,202.7906976744186,203,202.2380952380952,202.2777777777778,201.4,201.4,200.375
201.7241379310345,202,203,202.8139534883721,203.1111111111111,202.2619047619048,202.3055555555555,201.4571428571429,201.3333333333333,200.53125
201.7931034482758,202,203,202.8372093023256,203.2222222222222,202.2857142857143,202.3333333333333,201.5142857142857,201.2666666666667,200.6875
201.8620689655172,202,203,202.8604651162791,203.3333333333333,202.3095238095238,202.3611111111111,201.5714285714286,201.2,200.84375
201.9310344827586,202,203,202.8837209302326,203.4444444444444,202.3333333333333,202.3888888888889,201.6285714285714,201.1333333333333,201
202,202,203,202.9069767441861,203.5555555555555,202.3571428571429,202.4166666666667,201.6857142857143,201.0666666666667,201.0714285714286
202.0555555555555,202,203,202.9302325581396,203.6666666666666,202.3809523809524,202.4444444444445,201.7428571428571,201,201.1428571428571
202.1111111111111,202,203,202.953488372093,203.7777777777777,202.4047619047619,202.4722222222222,201.8,201.08,201.2142857142857
202.1666666666667,202,203,202.9767441860465,203.8888888888889,202.4285714285714,202.5,201.8571428571428,201.16,201.2857142857143
202.2222222222222,202,203,203,203.9999999999999,202.452380952381,202.5277777777778,201.9142857142857,201.24,201.3571428571428
202.2777777777778,202,203,203.0263157894737,204.1111111111111,202.4761904761905,202.5555555555555,201.9714285714286,201.32,201.4285714285714
202.3333333333333,202,203,203.0526315789474,204.2222222222222,202.5,202.5833333333333,202.0285714285714,201.4,201.5
202.3888888888889,202,203,203.078947368421,204.2857142857142,202.5238095238095,202.6111111111111,202.0857142857143,201.48,201.5714285714286
202.4444444444445,202,203,203.1052631578947,204.3333333333333,202.547619047619,202.6388888888889,202.1428571428572,201.56,201.6428571428571
202.5,202,203,203.1315789473684,204.3809523809523,202.5714285714286,202.6666666666667,202.2,201.64,201.7142857142857
202.5555555555555,202,203,203.1578947368421,204.4285714285714,202.5952380952381,202.6944444444445,202.2571428571429,201.72,201.7857142857143
202.6111111111111,202,203,203.1842105263158,204.4761904761904,202.6190476190476,202.7222222222222,202.3142857142857,201.8,201.8571428571429
202.6666666666667,202,203,203.2105263157895,204.5238095238095,202.6428571428571,202.75,202.3714285714286,201.88,201.9285714285714
202.7222222222222,202,203,203.2368421052632,204.5714285714285,202.6666666666667,202.7777777777778,202.4285714285714,201.96,202
202.7777777777778,202,203,203.2631578947368,204.6190476190476,202.6904761904762,202.8055555555555,202.4857142857143,202.04,202.0714285714286
202.8333333333333,202,203,203.2894736842105,204.6666666666666,202.7142857142857,202.8333333333333,202.5428571428571,202.12,202.1428571428571
202.8888888888889,202,203,203.3157894736842,204.7142857142857,202.7380952380952,202.8611111111111,202.6,202.2,202.2142857142857
202.9444444444445,202,203,203.3421052631579,204.7536231884058,202.7619047619048,202.8888888888889,202.6571428571429,202.28,202.2857142857143
203,202,203,203.3684210526316,204.7681159420289,202.7857142857143,202.9166666666667,202.7142857142857,202.36,202.3571428571429
203.0555555555555,202,203,203.3947368421053,204.7826086956521,202.8095238095238,202.9444444444445,202.7714285714286,202.44,202.4285714285714
203.1111111111111,202,203,203.421052631579,204.7971014492753,202.8333333333333,202.9722222222222,202.8285714285714,202.52,202.5
203.1666666666667,202,203,203.4473684210526,204.8115942028985,202.8571428571429,203,202.8857142857143,202.6,202.5714285714286
203.2222222222222,202,203,203.4736842105263,204.8260869565217,202.8809523809524,203.046511627907,202.9428571428571,202.68,202.6428571428571
203.2777777777778,202,203,203.5,204.8405797101449,202.9047619047619,203.093023255814,203,202.76,202.7142857142857
203.3333333333333,202,203,203.5263157894737,204.8550724637681,202.9285714285714,203.1395348837209,203.0566037735849,202.84,202.7857142857143
203.3888888888889,202,203,203.5526315789474,204.8695652173913,202.9523809523809,203.1860465116279,203.1132075471698,202.92,202.8571428571429
203.4444444444445,202,203,203.578947368421,204.8840579710145,202.9761904761905,203.2325581395349,203.1698113207547,203,202.9285714285714
203.5,202,203,203.6052631578947,204.8985507246376,203,203.2790697674419,203.2264150943396,203,203
203.5555555555555,202,203,203.6315789473684,204.9130434782608,203.0555555555556,203.3255813953488,203.2830188679245,203,203.0714285714286
203.6111111111111,202,203,203.6578947368421,204.9275362318841,203.1111111111111,203.3720930232558,203.3396226415094,203,203.1428571428571
203.6666666666667,202,203,203.6842105263158,204.9420289855072,203.1666666666667,203.4186046511628,203.3962264150944,203,203.2142857142857
203.7222222222222,202,203,203.7105263157895,204.9565217391304,203.2222222222222,203.4651162790698,203.4528301886793,203,203.2857142857143
203.7777777777778,202,203,203.7368421052632,204.9710144927536,203.2777777777778,203.5116279069767,203.5094339622642,203,203.3571428571429
203.8333333333333,202,203,203.7631578947368,204.9855072463768,203.3333333333333,203.5581395348837,203.5660377358491,203,203.4285714285714
203.8888888888889,202,203,203.7894736842105,205,203.3888888888889,203.6046511627907,203.622641509434,203,203.5
203.9444444444445,202,203,203.8157894736842,205,203.4444444444444,203.6511627906977,203.6792452830189,203,203.5714285714286
204,202,203,203.8421052631579,205,203.5,203.6976744186047,203.7358490566038,203,203.6428571428572
204.05,202,202.9666666666667,203.8684210526316,205,203.5555555555556,203.7441860465116,203.7924528301887,203,203.7142857142857
204.1,202,202.9333333333333,203.8947368421053,205,203.6111111111111,203.7906976744186,203.8490566037736,203,203.7857142857143
204.15,202,202.9,203.921052631579,205,203.6666666666667,203.8372093023256,203.9056603773585,203,203.8571428571429
204.2,202,202.8666666666667,203.9473684210526,205,203.7222222222222,203.8837209302326,203.9622641509434,203,203.9285714285714
204.25,202,202.8333333333333,203.9736842105263,205,203.7777777777778,203.9302325581396,204.0188679245283,203,204
204.3,202,202.8,204,205,203.8333333333333,203.9767441860465,204.0754716981132,203,204.0833333333333
204.35,202,202.7666666666667,204.0357142857143,205,203.8888888888889,204.0232558139535,204.1320754716981,203,204.1666666666667
204.4,202,202.7333333333333,204.0714285714286,205,203.9444444444445,204.0697674418604,204.188679245283,203,204.25
204.45,202,202.7,204.1071428571428,205,204,204.1162790697674,204.2452830188679,203,204.3333333333333
204.5,202,202.6666666666667,204.1428571428572,205,204.0555555555555,204.1627906976744,204.3018867924528,203,204.4166666666667
204.55,202.0612244897959,202.6333333333333,204.1785714285714,205,204.1111111111111,204.2093023255814,204.3584905660377,203,204.5
204.6,202.1224489795918,202.6,204.2142857142857,205,204.1666666666667,204.2558139534884,204.4150943396226,203.1481481481482,204.5833333333333
204.65,202.1836734693877,202.5666666666667,204.25,205,204.2222222222222,204.3023255813953,204.4716981132075,203.2962962962963,204.6666666666667
204.7,202.2448979591837,202.5333333333333,204.2857142857143,205,204.2777777777778,204.3488372093023,204.5283018867925,203.4444444444444,204.75
204.75,202.3061224489796,202.5,204.3214285714286,205,204.3333333333333,204.3953488372093,204.5849056603774,203.5925925925926,204.8333333333333
204.8,202.3673469387755,202.4666666666667,204.3571428571428,205,204.3888888888889,204.4418604651163,204.6415094339623,203.7407407407408,204.9166666666667
204.85,202.4285714285714,202.4333333333333,204.3928571428572,205,204.4444444444444,204.4883720930233,204.6981132075472,203.8888888888889,205
204.9,202.4897959183673,202.4,204.4285714285714,205,204.5,204.5348837209302,204.7547169811321,204.037037037037,205.0833333333333
204.95,202.5510204081633,202.3666666666667,204.4642857142857,205,204.5555555555556,204.5813953488372,204.811320754717,204.1851851851852,205.1666666666667
205,202.6122448979592,202.3333333333333,204.5,205,204.6111111111111,204.6279069767442,204.8679245283019,204.3333333333333,205.25
205.05,202.6734693877551,202.3,204.5357142857143,205,204.6666666666667,204.6744186046512,204.9245283018868,204.4814814814815,205.3333333333333
205.1,202.734693877551,202.2666666666667,204.5714285714286,205,204.7222222222222,204.7209302325581,204.9811320754717,204.6296296296296,205.4166666666667
205.15,202.7959183673469,202.2333333333333,204.6071428571428,205,204.7777777777778,204.7674418604651,205.0377358490566,204.7777777777778,205.5
205.2,202.8571428571428,202.2,204.6428571428572,205,204.8333333333333,204.8139534883721,205.0943396226415,204.9259259259259,205.5833333333333
205.25,202.9183673469388,202.1666666666667,204.6785714285714,205,204.8888888888889,204.860465116279,205.1509433962264,205.0740740740741,205.6666666666667
205.3,202.9795918367347,202.1333333333333,204.7142857142857,205,204.9444444444444,204.906976744186,205.2075471698113,205.2222222222222,205.75
205.35,203.0408163265306,202.1,204.75,205,205,204.953488372093,205.2641509433962,205.3703703703704,205.8333333333333
205.4,203.1020408163265,202.0666666666667,204.7857142857143,205,205,205,205.3207547169811,205.5185185185185,205.9166666666667
205.45,203.1632653061225,202.0333333333333,204.8214285714286,205,205,205.0545454545455,205.377358490566,205.6666666666667,206
205.5,203.2244897959184,202,204.8571428571428,205,205,205.1090909090909,205.4339622641509,205.8148148148148,206.0833333333333
205.55,203.2857142857143,202.0526315789474,204.8928571428572,205,205,205.1636363636364,205.4905660377358,205.962962962963,206.1666666666667
205.6,203.3469387755102,202.1052631578947,204.9285714285714,205,205,205.2181818181818,205.5471698113207,206.1111111111111,206.25
205.65,203.4081632653061,202.1578947368421,204.9642857142857,205,205,205.2727272727273,205.6037735849057,206.2592592592593,206.3333333333333
205.7,203.469387755102,202.2105263157895,205,205,205,205.3272727272727,205.6603773584906,206.4074074074074,206.4166666666667
205.75,203.530612244898,202.2631578947369,205.0357142857143,205,205,205.3818181818182,205.7169811320755,206.5555555555556,206.5
205.8,203.5918367346939,202.3157894736842,205.0714285714286,205,205,205.4363636363636,205.7735849056604,206.7037037037037,206.5833333333333
205.85,203.6530612244898,202.3684210526316,205.1071428571429,205,205,205.4909090909091,205.8301886792453,206.8518518518518,206.6666666666667
205.9,203.7142857142857,202.421052631579,205.1428571428571,205,205,205.5454545454545,205.8867924528302,207,206.75
205.95,203.7755102040816,202.4736842105263,205.1785714285714,205,205,205.6,205.9433962264151,207.0540540540541,206.8333333333333
206,203.8367346938775,202.5263157894737,205.2142857142857,205,205,205.6545454545455,206,207.1081081081081,206.9166666666667
206.0277777777778,203.8979591836735,202.578947368421,205.25,205,205,205.7090909090909,206.0377358490566,207.1621621621621,207
206.0555555555555,203.9591836734694,202.6315789473684,205.2857142857143,205,205,205.7636363636364,206.0754716981132,207.2162162162162,207.0625
206.0833333333333,204.0204081632653,202.6842105263158,205.3214285714286,205,205,205.8181818181818,206.1132075471698,207.2702702702703,207.125
206.1111111111111,204.0816326530612,202.7368421052632,205.3571428571429,205,205,205.8727272727273,206.1509433962264,207.3243243243243,207.1875
206.1388888888889,204.1428571428572,202.7894736842105,205.3928571428571,205,205,205.9272727272727,206.188679245283,207.3783783783784,207.25
206.1666666666667,204.2040816326531,202.8421052631579,205.4285714285714,205,205,205.9818181818182,206.2264150943396,207.4324324324324,207.3125
206.1944444444445,204.265306122449,202.8947368421053,205.4642857142857,205.0555555555556,205,206.0363636363637,206.2641509433962,207.4864864864865,207.375
206.2222222222222,204.3265306122449,202.9473684210526,205.5,205.1111111111111,205,206.0909090909091,206.3018867924528,207.5405405405405,207.4375
206.25,204.3877551020408,203,205.5357142857143,205.1666666666667,205,206.1454545454545,206.3396226415094,207.5945945945946,207.5
206.2777777777778,204.4489795918367,203.0740740740741,205.5714285714286,205.2222222222222,205,206.2,206.3773584905661,207.6486486486486,207.5625
206.3055555555555,204.5102040816327,203.1481481481482,205.6071428571429,205.2777777777778,205,206.2545454545455,206.4150943396226,207.7027027027027,207.625
206.3333333333333,204.5714285714286,203.2222222222222,205.6428571428571,205.3333333333333,205,206.3090909090909,206.4528301886793,207.7567567567568,207.6875
206.3611111111111,204.6326530612245,203.2962962962963,205.6785714285714,205.3888888888889,205,206.3636363636364,206.4905660377359,207.8108108108108,207.75
206.3888888888889,204.6938775510204,203.3703703703704,205.7142857142857,205.4444444444445,205,206.4181818181818,206.5283018867925,207.8648648648649,207.8125
206.4166666666667,204.7551020408163,203.4444444444444,205.75,205.5,205,206.4727272727273,206.5660377358491,207.9189189189189,207.875
206.4444444444445,204.8163265306123,203.5185185185185,205.7857142857143,205.5555555555555,205,206.5272727272727,206.6037735849057,207.972972972973,207.9375
206.4722222222222,204.8775510204082,203.5925925925926,205.8214285714286,205.6111111111111,205,206.5818181818182,206.6415094339623,208.027027027027,208
206.5,204.9387755102041,203.6666666666667,205.8571428571429,205.6666666666667,205,206.6363636363636,206.6792452830189,208.0810810810811,208.0625
206.5277777777778,205,203.7407407407408,205.8928571428571,205.7222222222222,205,206.6909090909091,206.7169811320755,208.1351351351351,208.125
206.5555555555555,205.0487804878049,203.8148148148148,205.9285714285714,205.7777777777778,205,206.7454545454545,206.7547169811321,208.1891891891892,208.1875
206.5833333333333,205.0975609756098,203.8888888888889,205.9642857142857,205.8333333333333,204.9772727272727,206.8,206.7924528301887,208.2432432432432,208.25
206.6111111111111,205.1463414634146,203.962962962963,206,205.8888888888889,204.9545454545455,206.8545454545454,206.8301886792453,208.2972972972973,208.3125
206.6388888888889,205.1951219512195,204.037037037037,205.9826589595376,205.9444444444444,204.9318181818182,206.9090909090909,206.8679245283019,208.3513513513514,208.375
206.6666666666667,205.2439024390244,204.1111111111111,205.9653179190751,206,204.9090909090909,206.9636363636364,206.9056603773585,208.4054054054054,208.4375
206.6944444444445,205.2926829268293,204.1851851851852,205.9479768786127,205.952380952381,204.8863636363636,207.0181818181818,206.9433962264151,208.4594594594595,208.5
206.7222222222222,205.3414634146341,204.2592592592592,205.9306358381503,205.9047619047619,204.8636363636364,207.0727272727273,206.9811320754717,208.5135135135135,208.5625
206.75,205.390243902439,204.3333333333333,205.9132947976879,205.8571428571428,204.8409090909091,207.1272727272727,207.0188679245283,208.5675675675676,208.625
206.7777777777778,205.4390243902439,204.4074074074074,205.8959537572254,205.8095238095238,204.8181818181818,207.1818181818182,207.0566037735849,208.6216216216216,208.6875
206.8055555555555,205.4878048780488,204.4814814814815,205.878612716763,205.7619047619048,204.7954545454545,207.2363636363636,207.0943396226415,208.6756756756757,208.75
206.8333333333333,205.5365853658537,204.5555555555556,205.8612716763006,205.7142857142857,204.7727272727273,207.2909090909091,207.1320754716981,208.7297297297297,208.8125
206.8611111111111,205.5853658536585,204.6296296296296,205.8439306358381,205.6666666666667,204.75,207.3454545454545,207.1698113207547,208.7837837837838,208.875
206.8888888888889,205.6341463414634,204.7037037037037,205.8265895953757,205.6190476190476,204.7272727272727,207.4,207.2075471698113,208.8378378378378,208.9375
206.9166666666667,205.6829268292683,204.7777777777778,205.8092485549133,205.5714285714286,204.7045454545455,207.4545454545454,207.245283018868,208.8918918918919,209
206.9444444444445,205.7317073170732,204.8518518518518,205.7919075144508,205.5238095238095,204.6818181818182,207.5090909090909,207.2830188679245,208.9459459459459,209.0666666666667
206.9722222222222,205.780487804878,204.9259259259259,205.7745664739884,205.4761904761905,204.6590909090909,207.5636363636364,207.3207547169811,209,209.1333333333333
207,205.8292682926829,205,205.757225433526,205.4285714285714,204.6363636363636,207.6181818181818,207.3584905660377,209.0909090909091,209.2
207,205.8780487804878,205.0909090909091,205.7398843930636,205.3809523809524,204.6136363636364,207.6727272727273,207.3962264150943,209.1818181818182,209.2666666666667
207,205.9268292682927,205.1818181818182,205.7225433526011,205.3333333333333,204.5909090909091,207.7272727272727,207.4339622641509,209.2727272727273,209.3333333333333
207,205.9756097560976,205.2727272727273,205.7052023121387,205.2857142857143,204.5681818181818,207.7818181818182,207.4716981132075,209.3636363636363,209.4
207,206.0243902439024,205.3636363636364,205.6878612716763,205.2380952380952,204.5454545454545,207.8363636363636,207.5094339622642,209.4545454545455,209.4666666666666
207,206.0731707317073,205.4545454545454,205.6705202312139,205.1904761904762,204.5227272727273,207.8909090909091,207.5471698113208,209.5454545454546,209.5333333333334
207,206.1219512195122,205.5454545454546,205.6531791907514,205.1428571428571,204.5,207.9454545454545,207.5849056603773,209.6363636363636,209.6
207,206.1707317073171,205.6363636363636,205.635838150289,205.0952380952381,204.4772727272727,208,207.6226415094339,209.7272727272727,209.6666666666667
207,206.219512195122,205.7272727272727,205.6184971098265,205.047619047619,204.4545454545454,207.9761904761905,207.6603773584906,209.8181818181818,209.7333333333333
207,206.2682926829268,205.8181818181818,205.6011560693641,205,204.4318181818182,207.9523809523809,207.6981132075472,209.9090909090909,209.8
207,206.3170731707317,205.9090909090909,205.5838150289017,205.0454545454546,204.4090909090909,207.9285714285714,207.7358490566038,210,209.8666666666667
207,206.3658536585366,206,205.5664739884393,205.0909090909091,204.3863636363636,207.9047619047619,207.7735849056604,210.0909090909091,209.9333333333333
207,206.4146341463415,206.0909090909091,205.5491329479768,205.1363636363636,204.3636363636364,207.8809523809524,207.811320754717,210.1818181818182,210
207,206.4634146341463,206.1818181818182,205.5317919075144,205.1818181818182,204.3409090909091,207.8571428571429,207.8490566037736,210.2727272727273,210.0666666666667
207,206.5121951219512,206.2727272727273,205.514450867052,205.2272727272727,204.3181818181818,207.8333333333333,207.8867924528302,210.3636363636363,210.1333333333333
207,206.5609756097561,206.3636363636364,205.4971098265896,205.2727272727273,204.2954545454546,207.8095238095238,207.9245283018868,210.4545454545454,210.2
207,206.609756097561,206.4545454545455,205.4797687861271,205.3181818181818,204.2727272727273,207.7857142857143,207.9622641509434,210.5454545454546,210.2666666666667
207,206.6585365853659,206.5454545454545,205.4624277456647,205.3636363636364,204.25,207.7619047619048,208,210.6363636363636,210.3333333333333
207,206.7073170731707,206.6363636363636,205.4450867052023,205.4090909090909,204.2272727272727,207.7380952380952,208.0192307692308,210.7272727272727,210.4
207,206.7560975609756,206.7272727272727,205.4277456647398,205.4545454545454,204.2045454545454,207.7142857142857,208.0384615384615,210.8181818181818,210.4666666666667
207,206.8048780487805,206.8181818181818,205.4104046242774,205.5,204.1818181818182,207.6904761904762,208.0576923076923,210.9090909090909,210.5333333333333
207,206.8536585365854,206.9090909090909,205.393063583815,205.5454545454546,204.1590909090909,207.6666666666667,208.0769230769231,211,210.6
207,206.9024390243902,207,205.3757225433526,205.5909090909091,204.1363636363636,207.6428571428571,208.0961538461539,211.0909090909091,210.6666666666667
207,206.9512195121951,206.9393939393939,205.3583815028901,205.6363636363636,204.1136363636364,207.6190476190476,208.1153846153846,211.1818181818182,210.7333333333333
207,207,206.8787878787879,205.3410404624277,205.6818181818182,204.0909090909091,207.5952380952381,208.1346153846154,211.2727272727273,210.8
207,206.9821428571429,206.8181818181818,205.3236994219653,205.7272727272727,204.0681818181818,207.5714285714286,208.1538461538461,211.3636363636364,210.8666666666667
207,206.9642857142857,206.7575757575758,205.3063583815029,205.7727272727273,204.0454545454546,207.547619047619,208.1730769230769,211.4545454545455,210.9333333333333
207,206.9464285714286,206.6969696969697,205.2890173410404,205.8181818181818,204.0227272727273,207.5238095238095,208.1923076923077,211.5454545454545,211
207,206.9285714285714,206.6363636363636,205.271676300578,205.8636363636364,204,207.5,208.2115384615385,211.6363636363637,211.0588235294117
207,206.9107142857143,206.5757575757576,205.2543352601155,205.9090909090909,204.0441176470588,207.4761904761905,208.2307692307692,211.7272727272727,211.1176470588235
207,206.8928571428572,206.5151515151515,205.2622950819672,205.9545454545454,204.0882352941177,207.452380952381,208.25,211.8181818181818,211.1764705882353
207,206.875,206.4545454545455,205.2786885245901,206,204.1323529411765,207.4285714285714,208.2692307692308,211.9090909090909,211.235294117647
207,206.8571428571429,206.3939393939394,205.2950819672131,205.9925925925926,204.1764705882353,207.4047619047619,208.2884615384615,212,211.2941176470588
207,206.8392857142857,206.3333333333334,205.311475409836,205.9851851851852,204.2205882352941,207.3809523809524,208.3076923076923,212.1,211.3529411764706
207,206.8214285714286,206.2727272727273,205.3278688524589,205.9777777777778,204.264705882353,207.3571428571429,208.3269230769231,212.2,211.4117647058823
207,206.8035714285714,206.2121212121212,205.3442622950819,205.9703703703703,204.3088235294118,207.3333333333333,208.3461538461538,212.3,211.4705882352941
207,206.7857142857143,206.1515151515151,205.3606557377049,205.962962962963,204.3529411764706,207.3095238095238,208.3653846153846,212.4,211.5294117647059
207,206.7678571428572,206.0909090909091,205.3770491803278,205.9555555555556,204.3970588235294,207.2857142857143,208.3846153846154,212.5,211.5882352941177
207,206.75,206.030303030303,205.3934426229508,205.9481481481481,204.4411764705882,207.2619047619048,208.4038461538461,212.6,211.6470588235294
207,206.7321428571429,205.969696969697,205.4098360655737,205.9407407407408,204.4852941176471,207.2380952380952,208.4230769230769,212.7,211.7058823529412
207,206.7142857142857,205.9090909090909,205.4262295081967,205.9333333333333,204.5294117647059,207.2142857142857,208.4423076923077,212.8,211.764705882353
207,206.6964285714286,205.8484848484849,205.4426229508196,205.9259259259259,204.5735294117647,207.1904761904762,208.4615384615385,212.9,211.8235294117647
207,206.6785714285714,205.7878787878788,205.4590163934426,205.9185185185185,204.6176470588235,207.1666666666667,208.4807692307692,213,211.8823529411765
207,206.6607142857143,205.7272727272727,205.4754098360656,205.9111111111111,204.6617647058823,207.1428571428571,208.5,213.1,211.9411764705882
207,206.6428571428571,205.6666666666667,205.4918032786885,205.9037037037037,204.7058823529412,207.1190476190476,208.5192307692308,213.2,212
207,206.625,205.6060606060606,205.5081967213115,205.8962962962963,204.75,207.0952380952381,208.5384615384615,213.3,212.0588235294118
207,206.6071428571429,205.5454545454546,205.5245901639344,205.8888888888889,204.7941176470588,207.0714285714286,208.5576923076923,213.4,212.1176470588235
207,206.5892857142857,205.4848484848485,205.5409836065573,205.8814814814814,204.8382352941177,207.0476190476191,208.5769230769231,213.5,212.1764705882353
207,206.5714285714286,205.4242424242424,205.5573770491803,205.874074074074,204.8823529411765,207.0238095238095,208.5961538461539,213.6,212.2352941176471
207,206.5535714285714,205.3636363636364,205.5737704918033,205.8666666666666,204.9264705882353,207,208.6153846153846,213.7,212.2941176470588
207,206.5357142857143,205.3030303030303,205.5901639344262,205.8592592592592,204.9705882352941,207,208.6346153846154,213.8,212.3529411764706
207,206.5178571428571,205.2424242424242,205.6065573770492,205.8518518518518,205.0147058823529,207,208.6538461538461,213.9,212.4117647058824
207,206.5,205.1818181818182,205.6229508196721,205.8444444444444,205.0588235294118,207,208.6730769230769,214,212.4705882352941
206.962962962963,206.4821428571429,205.1212121212121,205.6393442622951,205.837037037037,205.1029411764706,207,208.6923076923077,213.8888888888889,212.5294117647059
206.9259259259259,206.4642857142857,205.0606060606061,205.655737704918,205.8296296296296,205.1470588235294,207,208.7115384615385,213.7777777777778,212.5882352941176
206.8888888888889,206.4464285714286,205,205.672131147541,205.8222222222222,205.1911764705882,207,208.7307692307692,213.6666666666667,212.6470588235294
206.8518518518518,206.4285714285714,205.0333333333333,205.6885245901639,205.8148148148148,205.2352941176471,207,208.75,213.5555555555555,212.7058823529412
206.8148148148148,206.4107142857143,205.0666666666667,205.7049180327868,205.8074074074074,205.2794117647059,207,208.7692307692308,213.4444444444444,212.7647058823529
206.7777777777778,206.3928571428571,205.1,205.7213114754098,205.8,205.3235294117647,207,208.7884615384615,213.3333333333333,212.8235294117647
206.7407407407407,206.375,205.1333333333334,205.7377049180328,205.7925925925925,205.3676470588235,207,208.8076923076923,213.2222222222222,212.8823529411765
206.7037037037037,206.3571428571429,205.1666666666667,205.7540983606557,205.7851851851852,205.4117647058823,207,208.8269230769231,213.1111111111111,212.9411764705882
206.6666666666666,206.3392857142857,205.2,205.7704918032787,205.7777777777777,205.4558823529412,207,208.8461538461539,213,213
206.6296296296296,206.3214285714286,205.2333333333333,205.7868852459016,205.7703703703703,205.5,207,208.8653846153846,212.8888888888889,212.9767441860465
206.5925925925926,206.3035714285714,205.2666666666667,205.8032786885246,205.7629629629629,205.5441176470588,207,208.8846153846154,212.7777777777778,212.953488372093
206.5555555555555,206.2857142857143,205.3,205.8196721311475,205.7555555555555,205.5882352941176,207,208.9038461538461,212.6666666666667,212.9302325581395
206.5185185185185,206.2678571428571,205.3333333333333,205.8360655737705,205.7629310344827,205.6323529411765,207,208.9230769230769,212.5555555555555,212.9069767441861
206.4814814814815,206.25,205.3666666666667,205.8524590163934,205.8146551724137,205.6764705882353,207,208.9423076923077,212.4444444444444,212.8837209302326
206.4444444444445,206.2321428571429,205.4,205.8688524590164,205.8663793103448,205.7205882352941,207,208.9615384615385,212.3333333333333,212.8604651162791
206.4074074074074,206.2142857142857,205.4333333333333,205.8852459016393,205.9181034482758,205.7647058823529,207,208.9807692307692,212.2222222222222,212.8372093023256
206.3703703703704,206.1964285714286,205.4666666666667,205.9016393442623,205.9698275862068,205.8088235294118,207,209,212.1111111111111,212.8139534883721
206.3333333333333,206.1785714285714,205.5,205.9180327868852,206.0215517241379,205.8529411764706,207,209.0181818181818,212,212.7906976744186
206.2962962962963,206.1607142857143,205.5333333333333,205.9344262295082,206.0732758620689,205.8970588235294,207,209.0363636363636,212.0333333333333,212.7674418604651
206.2592592592592,206.1428571428572,205.5666666666667,205.9508196721312,206.1249999999999,205.9411764705882,207,209.0545454545454,212.0666666666667,212.7441860465116
206.2222222222222,206.125,205.6,205.9672131147541,206.176724137931,205.985294117647,207.0555555555555,209.0727272727273,212.1,212.7209302325581
206.1851851851852,206.1071428571429,205.6333333333333,205.983606557377,206.228448275862,206.0294117647059,207.1111111111111,209.0909090909091,212.1333333333334,212.6976744186047
206.1481481481482,206.0892857142857,205.6666666666667,206,206.280172413793,206.0735294117647,207.1666666666667,209.1090909090909,212.1666666666667,212.6744186046512
206.1111111111111,206.0714285714286,205.7,206.0338983050847,206.3318965517241,206.1176470588235,207.2222222222222,209.1272727272728,212.2,212.6511627906977
206.0740740740741,206.0535714285714,205.7333333333333,206.0677966101695,206.3836206896551,206.1617647058823,207.2777777777778,209.1454545454545,212.2333333333333,212.6279069767442
206.037037037037,206.0357142857143,205.7666666666667,206.1016949152542,206.4353448275862,206.2058823529412,207.3333333333334,209.1636363636364,212.2666666666667,212.6046511627907
206,206.0178571428571,205.8,206.135593220339,206.4870689655172,206.25,207.3888888888889,209.1818181818182,212.3,212.5813953488372
205.962962962963,206,205.8333333333333,206.1694915254237,206.5387931034482,206.2941176470588,207.4444444444445,209.2,212.3333333333333,212.5581395348837
205.9259259259259,205.9818181818182,205.8666666666667,206.2033898305085,206.5905172413792,206.3382352941177,207.5,209.2181818181818,212.3666666666666,212.5348837209303
205.8888888888889,205.9636363636363,205.9,206.2372881355932,206.6422413793103,206.3823529411765,207.5555555555555,209.2363636363636,212.4,212.5116279069767
205.8518518518519,205.9454545454546,205.9333333333333,206.271186440678,206.6939655172413,206.4264705882353,207.6111111111111,209.2545454545455,212.4333333333333,212.4883720930233
205.8148148148148,205.9272727272727,205.9666666666667,206.3050847457627,206.7456896551724,206.4705882352941,207.6666666666667,209.2727272727273,212.4666666666667,212.4651162790698
205.7777777777778,205.9090909090909,206,206.3389830508474,206.7974137931034,206.514705882353,207.7222222222222,209.2909090909091,212.5,212.4418604651163
205.7407407407407,205.8909090909091,206.0196078431373,206.3728813559322,206.8491379310344,206.5588235294118,207.7777777777778,209.3090909090909,212.5333333333333,212.4186046511628
205.7037037037037,205.8727272727273,206.0392156862745,206.406779661017,206.9008620689655,206.6029411764706,207.8333333333333,209.3272727272727,212.5666666666667,212.3953488372093
205.6666666666667,205.8545454545454,206.0588235294118,206.4406779661017,206.9525862068965,206.6470588235294,207.8888888888889,209.3454545454545,212.6,212.3720930232558
205.6296296296296,205.8363636363636,206.078431372549,206.4745762711864,207.0043103448275,206.6911764705882,207.9444444444444,209.3636363636364,212.6333333333333,212.3488372093023
205.5925925925926,205.8181818181818,206.0980392156863,206.5084745762712,207.0560344827585,206.7352941176471,208,209.3818181818182,212.6666666666667,212.3255813953488
205.5555555555555,205.8,206.1176470588235,206.5423728813559,207.1077586206896,206.7794117647059,207.969696969697,209.4,212.7,212.3023255813953
205.5185185185185,205.7818181818182,206.1372549019608,206.5762711864407,207.1594827586206,206.8235294117647,207.9393939393939,209.4181818181818,212.7333333333333,212.2790697674419
205.4814814814815,205.7636363636364,206.156862745098,206.6101694915254,207.2112068965517,206.8676470588235,207.9090909090909,209.4363636363636,212.7666666666667,212.2558139534884
205.4444444444445,205.7454545454545,206.1764705882353,206.6440677966102,207.2463235294117,206.9117647058823,207.8787878787879,209.4545454545455,212.8,212.2325581395349
205.4074074074074,205.7272727272727,206.1960784313725,206.6779661016949,207.2316176470588,206.9558823529412,207.8484848484848,209.4727272727272,212.8333333333333,212.2093023255814
205.3703703703704,205.7090909090909,206.2156862745098,206.7118644067797,207.2169117647058,207,207.8181818181818,209.4909090909091,212.8666666666666,212.1860465116279
205.3333333333333,205.6909090909091,206.2352941176471,206.7457627118644,207.2022058823529,207,207.7878787878788,209.5090909090909,212.9,212.1627906976744
205.2962962962963,205.6727272727273,206.2549019607843,206.7796610169491,207.1874999999999,207,207.7575757575758,209.5272727272727,212.9333333333333,212.1395348837209
205.2592592592593,205.6545454545455,206.2745098039216,206.8135593220339,207.172794117647,207,207.7272727272727,209.5454545454546,212.9666666666667,212.1162790697674
205.2222222222222,205.6363636363636,206.2941176470588,206.8474576271186,207.1580882352941,207,207.6969696969697,209.5636363636364,213,212.093023255814
205.1851851851852,205.6181818181818,206.3137254901961,206.8813559322034,207.1433823529411,207,207.6666666666667,209.5818181818182,212.9714285714286,212.0697674418605
205.1481481481481,205.6,206.3333333333333,206.9152542372881,207.1286764705882,207,207.6363636363637,209.6,212.9428571428571,212.046511627907
205.1111111111111,205.5818181818182,206.3529411764706,206.9491525423729,207.1139705882352,207,207.6060606060606,209.6181818181818,212.9142857142857,212.0232558139535
205.0740740740741,205.5636363636364,206.3725490196078,206.9830508474576,207.0992647058823,207,207.5757575757576,209.6363636363636,212.8857142857143,212
205.037037037037,205.5454545454546,206.3921568627451,207.0169491525424,207.0845588235294,207,207.5454545454546,209.6545454545455,212.8571428571429,211.9761904761905
205,205.5272727272727,206.4117647058823,207.0508474576271,207.0698529411764,207,207.5151515151515,209.6727272727273,212.8285714285714,211.9523809523809
204.9642857142857,205.5090909090909,206.4313725490196,207.0847457627119,207.0551470588235,207,207.4848484848485,209.6909090909091,212.8,211.9285714285714
204.9285714285714,205.4909090909091,206.4509803921569,207.1186440677966,207.0404411764705,207,207.4545454545454,209.7090909090909,212.7714285714286,211.9047619047619
204.8928571428571,205.4727272727273,206.4705882352941,207.1525423728814,207.0257352941176,207,207.4242424242424,209.7272727272727,212.7428571428571,211.8809523809524
204.8571428571429,205.4545454545454,206.4901960784314,207.1864406779661,207.0110294117646,207,207.3939393939394,209.7454545454545,212.7142857142857,211.8571428571429
204.8214285714286,205.4363636363636,206.5098039215686,207.2203389830509,206.9963235294117,207,207.3636363636364,209.7636363636364,212.6857142857143,211.8333333333333
204.7857142857143,205.4181818181818,206.5294117647059,207.2542372881356,206.9816176470588,207,207.3333333333333,209.7818181818182,212.6571428571428,211.8095238095238
204.75,205.4,206.5490196078431,207.2881355932203,206.9669117647058,207,207.3030303030303,209.8,212.6285714285714,211.7857142857143
204.7142857142857,205.3818181818182,206.5686274509804,207.3220338983051,206.9522058823529,207,207.2727272727273,209.8181818181818,212.6,211.7619047619048
204.6785714285714,205.3636363636364,206.5882352941177,207.3559322033898,206.9374999999999,207,207.2424242424242,209.8363636363636,212.5714285714286,211.7380952380952
204.6428571428571,205.3454545454545,206.6078431372549,207.3898305084746,206.922794117647,207,207.2121212121212,209.8545454545454,212.5428571428571,211.7142857142857
204.6071428571429,205.3272727272727,206.6274509803922,207.4237288135593,206.9080882352941,207,207.1818181818182,209.8727272727273,212.5142857142857,211.6904761904762
204.5714285714286,205.3090909090909,206.6470588235294,207.4576271186441,206.8933823529411,207,207.1515151515152,209.8909090909091,212.4857142857143,211.6666666666667
204.5357142857143,205.2909090909091,206.6666666666667,207.4915254237288,206.8786764705882,207,207.1212121212121,209.9090909090909,212.4571428571429,211.6428571428571
204.5,205.2727272727273,206.6862745098039,207.5254237288136,206.8639705882352,207,207.0909090909091,209.9272727272727,212.4285714285714,211.6190476190476
204.4642857142857,205.2545454545455,206.7058823529412,207.5593220338983,206.8492647058823,207,207.0606060606061,209.9454545454545,212.4,211.5952380952381
204.4285714285714,205.2363636363636,206.7254901960784,207.5932203389831,206.8345588235294,207,207.030303030303,209.9636363636364,212.3714285714286,211.5714285714286
204.3928571428571,205.2181818181818,206.7450980392157,207.6271186440678,206.8198529411764,207,207,209.9818181818182,212.3428571428572,211.547619047619
204.3571428571428,205.2,206.7647058823529,207.6610169491525,206.8051470588235,207,206.9761904761905,210,212.3142857142857,211.5238095238095
204.3214285714286,205.1818181818182,206.7843137254902,207.6949152542373,206.7904411764706,207,206.952380952381,209.95,212.2857142857143,211.5
204.2857142857143,205.1636363636364,206.8039215686275,207.728813559322,206.7757352941176,207,206.9285714285714,209.9,212.2571428571429,211.4761904761905
204.25,205.1454545454546,206.8235294117647,207.7627118644068,206.7610294117646,207,206.9047619047619,209.85,212.2285714285714,211.452380952381
204.2142857142857,205.1272727272727,206.843137254902,207.7966101694915,206.7378048780487,207,206.8809523809524,209.8,212.2,211.4285714285714
204.1785714285714,205.1090909090909,206.8627450980392,207.8305084745763,206.6890243902438,207,206.8571428571429,209.75,212.1714285714286,211.4047619047619
204.1428571428571,205.0909090909091,206.8823529411765,207.864406779661,206.640243902439,207,206.8333333333333,209.7,212.1428571428571,211.3809523809524
204.1071428571428,205.0727272727273,206.9019607843137,207.8983050847458,206.5914634146341,207,206.8095238095238,209.65,212.1142857142857,211.3571428571428
204.0714285714286,205.0545454545455,206.921568627451,207.9322033898305,206.5426829268292,207,206.7857142857143,209.6,212.0857142857143,211.3333333333333
204.0357142857143,205.0363636363636,206.9411764705882,207.9661016949153,206.4939024390243,207,206.7619047619048,209.55,212.0571428571428,211.3095238095238
204,205.0181818181818,206.9607843137255,208,206.4451219512194,207,206.7380952380952,209.5,212.0285714285714,211.2857142857143
203.9259259259259,205,206.9803921568628,207.9767441860465,206.3963414634146,207,206.7142857142857,209.45,212,211.2619047619048
203.8518518518518,204.9642857142857,207,207.953488372093,206.3475609756097,207,206.6904761904762,209.4,211.962962962963,211.2380952380952
203.7777777777778,204.9285714285714,207,207.9302325581395,206.2987804878048,207,206.6666666666667,209.35,211.9259259259259,211.2142857142857
203.7037037037037,204.8928571428571,207,207.906976744186,206.2499999999999,207,206.6428571428571,209.3,211.8888888888889,211.1904761904762
203.6296296296296,204.8571428571429,207,207.8837209302326,206.2012195121951,207,206.6190476190476,209.25,211.8518518518518,211.1666666666667
203.5555555555555,204.8214285714286,207,207.860465116279,206.1524390243902,207,206.5952380952381,209.2,211.8148148148148,211.1428571428572
203.4814814814815,204.7857142857143,207,207.8372093023256,206.1036585365853,207,206.5714285714286,209.15,211.7777777777778,211.1190476190476
203.4074074074074,204.75,207,207.8139534883721,206.0548780487804,207,206.547619047619,209.1,211.7407407407407,211.0952380952381
203.3333333333333,204.7142857142857,207,207.7906976744186,206.0060975609755,207,206.5238095238095,209.05,211.7037037037037,211.0714285714286
203.2592592592593,204.6785714285714,207,207.7674418604651,205.9573170731707,207,206.5,209,211.6666666666667,211.047619047619
203.1851851851852,204.6428571428571,207,207.7441860465116,205.9085365853658,207,206.4761904761905,208.95,211.6296296296296,211.0238095238095
203.1111111111111,204.6071428571429,207,207.7209302325581,205.8597560975609,207,206.452380952381,208.9,211.5925925925926,211
203.037037037037,204.5714285714286,207,207.6976744186046,205.810975609756,207,206.4285714285714,208.85,211.5555555555555,210.8974358974359
202.962962962963,204.5357142857143,207,207.6744186046511,205.7621951219512,207,206.4047619047619,208.8,211.5185185185185,210.7948717948718
202.8888888888889,204.5,207,207.6511627906976,205.7261904761904,207,206.3809523809524,208.75,211.4814814814815,210.6923076923077
202.8148148148148,204.4642857142857,207,207.6279069767442,205.6944444444444,207,206.3571428571429,208.7,211.4444444444445,210.5897435897436
202.7407407407407,204.4285714285714,207,207.6046511627907,205.6626984126983,207,206.3333333333333,208.65,211.4074074074074,210.4871794871795
202.6666666666667,204.3928571428571,207,207.5813953488372,205.6309523809523,207,206.3095238095238,208.6,211.3703703703704,210.3846153846154
202.5925925925926,204.3571428571429,207,207.5581395348837,205.5992063492063,207,206.2857142857143,208.55,211.3333333333333,210.2820512820513
202.5185185185185,204.3214285714286,207,207.5348837209302,205.5674603174602,207,206.2619047619048,208.5,211.2962962962963,210.1794871794872
202.4444444444445,204.2857142857143,207,207.5116279069767,205.5357142857142,207,206.2380952380952,208.45,211.2592592592592,210.0769230769231
202.3703703703704,204.25,207,207.4883720930232,205.5039682539682,207,206.2142857142857,208.4,211.2222222222222,209.974358974359
202.2962962962963,204.2142857142857,207,207.4651162790697,205.4722222222222,207,206.1904761904762,208.35,211.1851851851852,209.8717948717949
202.2222222222222,204.1785714285714,207,207.4418604651162,205.4404761904761,207,206.1666666666667,208.3,211.1481481481482,209.7692307692308
202.1481481481482,204.1428571428571,207,207.4186046511627,205.4087301587301,207,206.1428571428571,208.25,211.1111111111111,209.6666666666667
202.0740740740741,204.1071428571429,207,207.3953488372092,205.3769841269841,207,206.1190476190476,208.2,211.0740740740741,209.5641025641025
202,204.0714285714286,207,207.3720930232558,205.345238095238,207,206.0952380952381,208.15,211.037037037037,209.4615384615385
201.9189189189189,204.0357142857143,207,207.3488372093023,205.313492063492,207,206.0714285714286,208.1,211,209.3589743589744
201.8378378378378,204,207,207.3255813953488,205.281746031746,207,206.047619047619,208.05,210.9666666666667,209.2564102564102
201.7567567567567,203.9642857142857,207,207.3023255813953,205.2499999999999,207,206.0238095238095,208,210.9333333333333,209.1538461538462
201.6756756756757,203.9285714285714,207,207.2790697674418,205.2182539682539,207,206,208,210.9,209.051282051282
201.5945945945946,203.8928571428571,207,207.2558139534883,205.1865079365079,207,206,208,210.8666666666667,208.948717948718
201.5135135135135,203.8571428571429,207,207.2499999999999,205.1547619047619,207,206,208,210.8333333333333,208.8461538461538
201.4324324324324,203.8214285714286,207,207.2499999999999,205.1230158730158,207,206,208,210.8,208.7435897435898
201.3513513513513,203.7857142857143,206.9555555555555,207.2499999999999,205.0912698412698,207,206,208,210.7666666666667,208.6410256410256
201.2702702702703,203.75,206.9111111111111,207.2499999999999,205.0595238095238,207,206,208,210.7333333333333,208.5384615384615
201.1891891891892,203.7142857142857,206.8666666666667,207.2499999999999,205.0277777777777,207,206,208,210.7,208.4358974358975
201.1081081081081,203.6785714285714,206.8222222222222,207.2499999999999,204.9960317460317,206.9470912400222,206,208,210.6666666666667,208.3333333333333
201.027027027027,203.6428571428571,206.7777777777778,207.2499999999999,204.9642857142857,206.8941824800443,206,208,210.6333333333333,208.2307692307692
200.9459459459459,203.6071428571429,206.7333333333333,207.2499999999999,204.9325396825396,206.8412737200665,206,208,210.6,208.1282051282051
200.8648648648648,203.5714285714286,206.6888888888889,207.2499999999999,204.9007936507936,206.7883649600886,206,208,210.5666666666667,208.025641025641
200.7837837837838,203.5357142857143,206.6444444444444,207.2499999999999,204.8690476190476,206.7354562001108,206,208,210.5333333333333,207.9230769230769
200.7027027027027,203.5,206.6,207.2499999999999,204.8373015873015,206.6825474401329,206,208,210.5,207.8205128205128
200.6216216216216,203.4642857142857,206.5555555555555,207.2499999999999,204.8055555555555,206.6296386801551,206,208,210.4666666666667,207.7179487179487
200.5405405405405,203.4285714285714,206.5111111111111,207.2499999999999,204.7738095238095,206.5767299201773,206,208,210.4333333333333,207.6153846153846
200.4594594594595,203.3928571428571,206.4666666666667,207.2499999999999,204.7573529411764,206.5238211601994,206,208,210.4,207.5128205128205
200.3783783783784,203.3571428571429,206.4222222222222,207.2499999999999,204.7867647058823,206.4709124002216,206,208,210.3666666666667,207.4102564102564
200.2972972972973,203.3214285714286,206.3777777777778,207.2499999999999,204.8161764705882,206.4180036402437,206,208,210.3333333333333,207.3076923076923
200.2162162162162,203.2857142857143,206.3333333333334,207.2048192771084,204.8455882352941,206.3650948802659,206,208,210.3,207.2051282051282
200.1351351351351,203.25,206.2888888888889,207.144578313253,204.8749999999999,206.3121861202881,206,208,210.2666666666667,207.1025641025641
200.0540540540541,203.2142857142857,206.2444444444445,207.0843373493975,204.9044117647058,206.2592773603102,206,208,210.2333333333333,207
199.972972972973,203.1785714285714,206.2,207.0240963855421,204.9338235294117,206.2063686003324,206,208,210.2,206.8837209302326
199.8918918918919,203.1428571428571,206.1555555555556,206.9638554216867,204.9632352941176,206.1534598403545,206,208,210.1666666666667,206.7674418604651
199.8108108108108,203.1071428571429,206.1111111111111,206.9036144578313,204.9926470588235,206.1005510803767,206,208,210.1333333333333,206.6511627906977
199.7297297297297,203.0714285714286,206.0666666666667,206.8433734939759,205.0220588235294,206.0476423203988,206,208,210.1,206.5348837209302
199.6486486486486,203.0357142857143,206.0222222222222,206.7831325301204,205.0514705882352,205.994733560421,206,208,210.0666666666667,206.4186046511628
199.5675675675676,203,205.9777777777778,206.722891566265,205.0808823529411,205.9418248004432,206,208,210.0333333333333,206.3023255813953
199.4864864864865,202.8918918918919,205.9333333333333,206.6626506024096,205.110294117647,205.8889160404653,206,208,210,206.1860465116279
199.4054054054054,202.7837837837838,205.8888888888889,206.6024096385542,205.1397058823529,205.8931623931624,206,208,209.906976744186,206.0697674418605
199.3243243243243,202.6756756756756,205.8444444444444,206.5421686746988,205.1691176470588,205.8974358974359,206,208,209.8139534883721,205.953488372093
199.2432432432433,202.5675675675676,205.8,206.4819277108434,205.1985294117646,205.9017094017094,206,208,209.7209302325581,205.8372093023256
199.1621621621622,202.4594594594595,205.7555555555556,206.4216867469879,205.2279411764706,205.9059829059829,206,208,209.6279069767442,205.7209302325581
199.0810810810811,202.3513513513514,205.7111111111111,206.3614457831325,205.2575757575757,205.9102564102564,206,208,209.5348837209303,205.6046511627907
199,202.2432432432432,205.6666666666667,206.3012048192771,205.2878787878787,205.9145299145299,206,208,209.4418604651163,205.4883720930233
198.8846153846154,202.1351351351351,205.6222222222222,206.2409638554217,205.3181818181818,205.9188034188034,206,208,209.3488372093023,205.3720930232558
198.7692307692308,202.0270270270271,205.5777777777778,206.1807228915662,205.3484848484848,205.9230769230769,206,208,209.2558139534884,205.2558139534884
198.6538461538461,201.9189189189189,205.5333333333333,206.1204819277108,205.3787878787878,205.9273504273505,206,208,209.1627906976744,205.139534883721
198.5384615384615,201.8108108108108,205.4888888888889,206.0602409638554,205.4090909090908,205.9316239316239,206,208,209.0697674418605,205.0232558139535
198.4230769230769,201.7027027027027,205.4444444444445,206,205.4393939393939,205.9358974358974,206,207.9705882352941,208.9767441860465,204.906976744186
198.3076923076923,201.5945945945946,205.4,206,205.4696969696969,205.940170940171,206,207.9411764705882,208.8837209302326,204.7906976744186
198.1923076923077,201.4864864864865,205.3555555555556,206,205.4999999999999,205.9444444444445,206,207.9117647058824,208.7906976744186,204.6744186046512
198.0769230769231,201.3783783783784,205.3111111111111,206,205.530303030303,205.948717948718,206,207.8823529411765,208.6976744186047,204.5581395348837
197.9615384615385,201.2702702702703,205.2666666666667,206,205.560606060606,205.9529914529915,206,207.8529411764706,208.6046511627907,204.4418604651163
197.8461538461539,201.1621621621622,205.2222222222222,206,205.590909090909,205.957264957265,206,207.8235294117647,208.5116279069767,204.3255813953488
197.7307692307692,201.0540540540541,205.1777777777778,206,205.6212121212121,205.9615384615385,206,207.7941176470588,208.4186046511628,204.2093023255814
197.6153846153846,200.9459459459459,205.1333333333333,206,205.6515151515151,205.965811965812,206,207.7647058823529,208.3255813953488,204.093023255814
197.5,200.8378378378378,205.0888888888889,206,205.6818181818181,205.9700854700855,206,207.7352941176471,208.2325581395349,203.9767441860465
197.3846153846154,200.7297297297297,205.0444444444444,206,205.7121212121212,205.9743589743589,206,207.7058823529412,208.139534883721,203.860465116279
197.2692307692308,200.6216216216216,205,206,205.7424242424242,205.9786324786325,206,207.6764705882353,208.046511627907,203.7441860465116
197.1538461538462,200.5135135135135,204.9285714285714,206,205.7368421052631,205.982905982906,206,207.6470588235294,207.953488372093,203.6279069767442
197.0384615384615,200.4054054054054,204.8571428571429,206,205.719298245614,205.9871794871795,206,207.6176470588235,207.8604651162791,203.5116279069767
196.9230769230769,200.2972972972973,204.7857142857143,206,205.7017543859649,205.991452991453,206,207.5882352941177,207.7674418604651,203.3953488372093
196.8076923076923,200.1891891891892,204.7142857142857,206,205.6842105263157,205.9957264957265,206,207.5588235294118,207.6744186046512,203.2790697674419
196.6923076923077,200.0810810810811,204.6428571428571,206,205.6666666666666,206,206,207.5294117647059,207.5813953488372,203.1627906976744
196.5769230769231,199.972972972973,204.5714285714286,206,205.6491228070175,205.9574468085106,206,207.5,207.4883720930233,203.046511627907
196.4615384615385,199.8648648648649,204.5,206,205.6315789473684,205.9148936170213,206,207.4705882352941,207.3953488372093,202.9302325581395
196.3461538461539,199.7567567567567,204.4285714285714,206,205.6140350877193,205.8723404255319,206,207.4411764705882,207.3023255813953,202.8139534883721
196.2307692307692,199.6486486486486,204.3571428571429,206,205.5964912280701,205.8297872340426,206,207.4117647058823,207.2093023255814,202.6976744186046
196.1153846153846,199.5405405405405,204.2857142857143,205.9230769230769,205.578947368421,205.7872340425532,206,207.3823529411765,207.1162790697674,202.5813953488372
196,199.4324324324324,204.2142857142857,205.8461538461539,205.5614035087719,205.7446808510638,205.9642857142857,207.3529411764706,207.0232558139535,202.4651162790698
195.8275862068965,199.3243243243243,204.1428571428571,205.7692307692308,205.5438596491228,205.7021276595745,205.9285714285714,207.3235294117647,206.9302325581396,202.3488372093023
195.6551724137931,199.2162162162162,204.0714285714286,205.6923076923077,205.5263157894736,205.6595744680851,205.8928571428572,207.2941176470588,206.8372093023256,202.2325581395349
195.4827586206897,199.1081081081081,204,205.6153846153846,205.5087719298245,205.6170212765958,205.8571428571429,207.2647058823529,206.7441860465116,202.1162790697674
195.3103448275862,199,203.9285714285714,205.5384615384615,205.4912280701754,205.5744680851064,205.8214285714286,207.2352941176471,206.6511627906977,202
195.1379310344828,198.8717948717949,203.8571428571429,205.4615384615385,205.4736842105262,205.531914893617,205.7857142857143,207.2058823529412,206.5581395348837,201.8205128205128
194.9655172413793,198.7435897435898,203.7857142857143,205.3846153846154,205.4561403508771,205.4893617021277,205.75,207.1764705882353,206.4651162790697,201.6410256410256
194.7931034482758,198.6153846153846,203.7142857142857,205.3076923076923,205.438596491228,205.4468085106383,205.7142857142857,207.1470588235294,206.3720930232558,201.4615384615385
194.6206896551724,198.4871794871795,203.6428571428571,205.2307692307692,205.4210526315789,205.4042553191489,205.6785714285714,207.1176470588235,206.2790697674419,201.2820512820513
194.448275862069,198.3589743589744,203.5714285714286,205.1538461538461,205.4035087719298,205.3617021276596,205.6428571428571,207.0882352941176,206.1860465116279,201.1025641025641
194.2758620689655,198.2307692307692,203.5,205.0769230769231,205.3859649122806,205.3191489361702,205.6071428571429,207.0588235294118,206.0930232558139,200.9230769230769
194.1034482758621,198.1025641025641,203.4285714285714,205,205.3684210526315,205.2765957446809,205.5714285714286,207.0294117647059,206,200.7435897435898
193.9310344827586,197.974358974359,203.3571428571429,204.9230769230769,205.3508771929824,205.2340425531915,205.5357142857143,207,205.9076923076923,200.5641025641026
193.7586206896552,197.8461538461538,203.2857142857143,204.8461538461538,205.3333333333333,205.1914893617021,205.5,206.90625,205.8153846153846,200.3846153846154
193.5862068965517,197.7179487179487,203.2142857142857,204.7692307692308,205.3157894736842,205.1489361702128,205.4642857142857,206.8125,205.7230769230769,200.2051282051282
193.4137931034483,197.5897435897436,203.1428571428571,204.6923076923077,205.298245614035,205.1063829787234,205.4285714285714,206.71875,205.6307692307692,200.025641025641
193.2413793103448,197.4615384615385,203.0714285714286,204.6153846153846,205.2807017543859,205.0638297872341,205.3928571428572,206.625,205.5384615384615,199.8461538461538
193.0689655172414,197.3333333333333,203,204.5384615384615,205.2631578947368,205.0212765957447,205.3571428571429,206.53125,205.4461538461538,199.6666666666667
192.8965517241379,197.2051282051282,202.8888888888889,204.4615384615385,205.2257281553397,204.9787234042553,205.3214285714286,206.4375,205.3538461538461,199.4871794871795
192.7241379310345,197.0769230769231,202.7777777777778,204.3846153846154,205.128640776699,204.9361702127659,205.2857142857143,206.34375,205.2615384615385,199.3076923076923
192.551724137931,196.948717948718,202.6666666666667,204.3076923076923,205.0315533980582,204.8936170212766,205.25,206.25,205.1692307692308,199.1282051282051
192.3793103448276,196.8205128205128,202.5555555555555,204.2307692307692,204.9344660194174,204.8510638297872,205.2142857142857,206.15625,205.0769230769231,198.948717948718
192.2068965517242,196.6923076923077,202.4444444444445,204.1538461538462,204.8373786407766,204.8085106382979,205.1785714285714,206.0625,204.9846153846154,198.7692307692308
192.0344827586207,196.5641025641025,202.3333333333333,204.0769230769231,204.7402912621359,204.7659574468085,205.1428571428571,205.96875,204.8923076923077,198.5897435897436
191.8620689655172,196.4358974358974,202.2222222222222,204,204.6432038834951,204.7234042553191,205.1071428571429,205.875,204.8,198.4102564102564
191.6896551724138,196.3076923076923,202.1111111111111,204,204.5461165048543,204.6808510638298,205.0714285714286,205.78125,204.7076923076923,198.2307692307692
191.5172413793103,196.1794871794872,202,204,204.4490291262135,204.6382978723404,205.0357142857143,205.6875,204.6153846153846,198.051282051282
191.3448275862069,196.051282051282,201.8888888888889,204,204.3519417475728,204.5957446808511,205,205.59375,204.5230769230769,197.8717948717949
191.1724137931035,195.9230769230769,201.7777777777778,204,204.2548543689319,204.5531914893617,204.9411764705882,205.5,204.4307692307692,197.6923076923077
191,195.7948717948718,201.6666666666667,204,204.1577669902912,204.5106382978723,204.8823529411765,205.40625,204.3384615384616,197.5128205128205
190.7333333333333,195.6666666666667,201.5555555555556,204,204.0606796116504,204.468085106383,204.8235294117647,205.3125,204.2461538461538,197.3333333333333
190.4666666666667,195.5384615384615,201.4444444444445,204,203.9635922330096,204.4255319148936,204.7647058823529,205.21875,204.1538461538462,197.1538461538462
190.2,195.4102564102564,201.3333333333333,204,203.8665048543689,204.3829787234042,204.7058823529412,205.125,204.0615384615385,196.974358974359
189.9333333333334,195.2820512820513,201.2222222222222,204,203.7694174757281,204.3404255319149,204.6470588235294,205.03125,203.9692307692308,196.7948717948718
189.6666666666667,195.1538461538461,201.1111111111111,204,203.6723300970873,204.2978723404255,204.5882352941177,204.9375,203.8769230769231,196.6153846153846
189.4,195.0256410256411,201,204,203.5752427184465,204.2553191489362,204.5294117647059,204.84375,203.7846153846154,196.4358974358975
189.1333333333333,194.8974358974359,200.8888888888889,204,203.4781553398058,204.2127659574468,204.4705882352941,204.75,203.6923076923077,196.2564102564103
188.8666666666667,194.7692307692308,200.7777777777778,204,203.381067961165,204.1702127659574,204.4117647058823,204.65625,203.6,196.0769230769231
188.6,194.6410256410256,200.6666666666667,204,203.2839805825242,204.1276595744681,204.3529411764706,204.5625,203.5076923076923,195.8974358974359
188.3333333333333,194.5128205128205,200.5555555555556,204,203.1868932038834,204.0851063829787,204.2941176470588,204.46875,203.4153846153846,195.7179487179487
188.0666666666667,194.3846153846154,200.4444444444445,204,203.0898058252426,204.0425531914894,204.2352941176471,204.375,203.3230769230769,195.5384615384615
187.8,194.2564102564102,200.3333333333333,204,202.9927184466019,204,204.1764705882353,204.28125,203.2307692307692,195.3589743589744
187.5333333333333,194.1282051282051,200.2222222222222,204,202.8956310679611,203.9574468085106,204.1176470588235,204.1875,203.1384615384615,195.1794871794872
187.2666666666667,194,200.1111111111111,204,202.7985436893203,203.9148936170213,204.0588235294118,204.09375,203.0461538461538,195
