145.9166666666667,146.6923076923077,152,154,153,155,152,145,138.4593023255813,139.5
146,147,152.1818181818182,154,153.2,155.0526315789474,152.1666666666667,145.1666666666667,138.8779069767441,139.75
146.0833333333333,147.3076923076923,152.3636363636363,154,153.4,155.1052631578947,152.3333333333333,145.3333333333333,139.2965116279069,140
146.1666666666667,147.6153846153846,152.5454545454545,154,153.6,155.1578947368421,152.5,145.5,139.7151162790697,140.25
146.25,147.9230769230769,152.7272727272727,154,153.8,155.2105263157895,152.6666666666667,145.6666666666667,140.1337209302325,140.5
146.3333333333333,148.2307692307692,152.9090909090909,154,154,155.2631578947368,152.8333333333333,145.8333333333333,140.5523255813953,140.75
146.4166666666667,148.5384615384615,153.0909090909091,154,154.2,155.3157894736842,153,146,140.9709302325581,141
146.5,148.8461538461538,153.2727272727273,154,154.4,155.3684210526316,153.1333333333334,146.1666666666667,141.3895348837209,141.25
146.5833333333333,149.1538461538462,153.4545454545454,154,154.6,155.421052631579,153.2666666666667,146.3333333333333,141.8081395348837,141.5
146.6666666666667,149.4615384615385,153.6363636363636,154,154.8,155.4736842105263,153.4,146.5,142.2267441860464,141.75
146.75,149.7692307692308,153.8181818181818,154,155,155.5263157894737,153.5333333333333,146.6666666666667,142.6453488372092,142
146.8333333333333,150.0769230769231,154,154.2,155.2,155.578947368421,153.6666666666667,146.8333333333333,142.8461538461538,142.25
146.9166666666667,150.3846153846154,154.1818181818182,154.4,155.4,155.6315789473684,153.8,147,142.9743589743589,142.5
147,150.6923076923077,154.3636363636364,154.6,155.6,155.6842105263158,153.9333333333333,147.1666666666667,143.1025641025641,142.75
147.2727272727273,151,154.5454545454546,154.8,155.8,155.7368421052632,154.0666666666667,147.3333333333333,143.2307692307692,143
147.5454545454545,151.1333333333333,154.7272727272727,155,156,155.7894736842105,154.2,147.5,143.3589743589743,143.25
147.8181818181818,151.2666666666667,154.9090909090909,155.1111111111111,156.0952380952381,155.8421052631579,154.3333333333333,147.6666666666667,143.4871794871794,143.5
148.0909090909091,151.4,154.9705882352941,155.2222222222222,156.1904761904762,155.8947368421053,154.4666666666667,147.8333333333333,143.6153846153846,143.75
148.3636363636363,151.5333333333334,154.9117647058823,155.3333333333333,156.2857142857143,155.9473684210526,154.6,148,143.7435897435897,144
148.6363636363636,151.6666666666667,154.8529411764706,155.4444444444445,156.3809523809524,156,154.7333333333333,148.2142857142857,143.8717948717949,144.25
148.9090909090909,151.8,154.7941176470588,155.5555555555555,156.4761904761905,156.0833333333333,154.8666666666666,148.4285714285714,144,144.5
149.1818181818182,151.9333333333333,154.7352941176471,155.6666666666667,156.5714285714286,156.1666666666667,155,148.6428571428571,144.1176470588235,144.75
149.4545454545454,152.0666666666667,154.6764705882353,155.7777777777778,156.6666666666667,156.25,155.1333333333333,148.8571428571429,144.2352941176471,145
149.7272727272727,152.2,154.6176470588235,155.8888888888889,156.7619047619048,156.3333333333333,155.2666666666667,149.0714285714286,144.3529411764706,145
150,152.3333333333333,154.5588235294118,156,156.8571428571428,156.4166666666667,155.4,149.2857142857143,144.4705882352941,145
150.1666666666667,152.4666666666667,154.5,156.0909090909091,156.952380952381,156.5,155.5333333333333,149.5,144.5882352941177,145
150.3333333333333,152.6,154.4411764705882,156.1818181818182,157.047619047619,156.5833333333333,155.6666666666667,149.7142857142857,144.7058823529412,145
150.5,152.7333333333333,154.3823529411765,156.2727272727273,157.1428571428571,156.6666666666667,155.8,149.9285714285714,144.8235294117647,145
150.6666666666667,152.8666666666667,154.3235294117647,156.3636363636364,157.2380952380952,156.75,155.9333333333333,150.1428571428571,144.9411764705882,145
150.8333333333333,153,154.264705882353,156.4545454545454,157.3333333333333,156.8333333333333,156.0666666666667,150.3571428571429,145.0588235294118,145
151,153.2222222222222,154.2058823529412,156.5454545454546,157.4285714285714,156.9166666666667,156.2,150.5714285714286,145.1764705882353,145
151.1666666666667,153.4444444444445,154.1470588235294,156.6363636363636,157.5238095238095,157,156.3333333333333,150.7857142857143,145.2941176470588,145
151.3333333333333,153.6666666666667,154.0882352941177,156.7272727272727,157.6190476190476,157.0833333333333,156.4666666666667,151,145.4117647058823,145
151.5,153.8888888888889,154.0294117647059,156.8181818181818,157.7142857142857,157.1666666666667,156.6,150.9655172413793,145.5294117647059,145
151.6666666666667,154.1111111111111,154.0925925925926,156.9090909090909,157.8095238095238,157.25,156.7333333333333,150.9310344827586,145.6470588235294,145
151.8333333333333,154.3333333333333,154.2777777777778,157,157.9047619047619,157.3333333333333,156.8666666666667,150.8965517241379,145.7647058823529,145
152,154.5555555555556,154.462962962963,156.9090909090909,158,157.4166666666667,157,150.8620689655172,145.8823529411765,145
152.1666666666667,154.7777777777778,154.6481481481482,156.8181818181818,158.1428571428571,157.5,157.1898734177215,150.8275862068965,146,145
152.3333333333333,155,154.8333333333333,156.7272727272727,158.2857142857143,157.5833333333333,157.3797468354431,150.7931034482758,146.1818181818182,145
152.5,155.2222222222222,155.0185185185185,156.6363636363636,158.4285714285714,157.6666666666667,157.5696202531645,150.7586206896551,146.3636363636363,145
152.6666666666667,155.4444444444445,155.2037037037037,156.5454545454545,158.5714285714286,157.75,157.7594936708861,150.8749999999999,146.5454545454546,145
152.8333333333333,155.6666666666667,155.3888888888889,156.4545454545454,158.7142857142857,157.8333333333333,157.9493670886076,151.0416666666666,146.7272727272727,145.1860465116279
153,155.8888888888889,155.5740740740741,156.3636363636364,158.8571428571428,157.9166666666667,158.1392405063291,151.2083333333333,146.9090909090909,145.3720930232558
153.1818181818182,156.1111111111111,155.7592592592592,156.2727272727273,159,158,158.3291139240506,151.3749999999999,147.0909090909091,145.5581395348837
153.3636363636364,156.3333333333333,155.9444444444445,156.1818181818182,159.1428571428571,158.1111111111111,158.5189873417721,151.5416666666666,147.2727272727273,145.7441860465116
153.5454545454546,156.5555555555555,156.1296296296296,156.0909090909091,159.2857142857143,158.2222222222222,158.7088607594936,151.7083333333333,147.4545454545454,145.9302325581395
153.7272727272727,156.7777777777778,156.3148148148148,156,159.4285714285714,158.3333333333333,158.8987341772151,151.8749999999999,147.6363636363636,146.1162790697674
153.9090909090909,157,156.5,156.0909090909091,159.5714285714286,158.4444444444445,159.0886075949367,152.0416666666666,147.8181818181818,146.3023255813954
154.0909090909091,157.0909090909091,156.6851851851852,156.1818181818182,159.7142857142857,158.5555555555555,159.2784810126582,152.2083333333333,148,146.4883720930233
154.2727272727273,157.1818181818182,156.8703703703704,156.2727272727273,159.8571428571429,158.6666666666667,159.4683544303797,152.4583333333333,148.1818181818182,146.6744186046512
154.4545454545455,157.2727272727273,157.0555555555555,156.3636363636364,160,158.7777777777778,159.6582278481012,152.7361111111111,148.3636363636364,146.8604651162791
154.6363636363636,157.3636363636364,157.2407407407407,156.4545454545455,160.0769230769231,158.8888888888889,159.8481012658227,153.0138888888888,148.5454545454546,147.046511627907
154.8181818181818,157.4545454545454,157.4259259259259,156.5454545454546,160.1538461538462,159,160.0379746835443,153.2916666666666,148.7272727272727,147.2325581395349
155,157.5454545454546,157.6111111111111,156.6363636363636,160.2307692307692,159.1111111111111,160.2278481012658,153.5694444444444,148.9090909090909,147.4186046511628
155.1818181818182,157.6363636363636,157.7962962962963,156.7272727272727,160.3076923076923,159.2222222222222,160.4177215189873,153.8472222222222,149.0909090909091,147.6046511627907
155.3636363636364,157.7272727272727,157.9814814814815,156.8181818181818,160.3846153846154,159.3333333333333,160.6075949367088,154.1249999999999,149.2727272727273,147.7906976744186
155.5454545454545,157.8181818181818,158.1666666666667,156.9090909090909,160.4615384615385,159.4444444444445,160.734693877551,154.4027777777777,149.4545454545455,147.9767441860465
155.7272727272727,157.9090909090909,158.3518518518518,157,160.5384615384615,159.5555555555555,160.6734693877551,154.6805555555555,149.6363636363636,148.1627906976744
155.9090909090909,158,158.537037037037,157.3333333333333,160.6153846153846,159.6666666666667,160.6122448979591,154.8382352941176,149.8181818181818,148.3488372093023
156.0909090909091,158.2857142857143,158.7222222222222,157.6666666666667,160.6923076923077,159.7777777777778,160.5510204081632,154.9558823529411,150,148.5348837209302
156.2727272727273,158.5714285714286,158.9074074074074,158,160.7692307692308,159.8888888888889,160.4897959183673,155.0735294117646,150.1228070175439,148.7209302325581
156.4545454545455,158.8571428571429,159.0384615384615,158.3333333333333,160.8461538461538,160,160.4285714285714,155.1911764705882,150.2456140350877,148.9069767441861
156.6363636363637,159.1428571428571,159.1153846153846,158.6666666666667,160.9230769230769,160.125,160.3673469387755,155.3088235294117,150.3684210526316,149.093023255814
156.8181818181818,159.4285714285714,159.1923076923077,159,161,160.25,160.3061224489796,155.4264705882352,150.4912280701754,149.2790697674419
157,159.7142857142857,159.2692307692308,159.3333333333333,161.2727272727273,160.375,160.2448979591837,155.5441176470588,150.6140350877193,149.4651162790698
157.125,160,159.3461538461539,159.6666666666667,161.5454545454545,160.5,160.1836734693877,155.6617647058823,150.7368421052632,149.6511627906977
157.25,160.2857142857143,159.4230769230769,160,161.8181818181818,160.625,160.1224489795918,155.7794117647058,150.859649122807,149.8372093023256
157.375,160.5714285714286,159.5,160.0666666666667,162.0909090909091,160.75,160.0612244897959,155.8970588235294,150.9824561403508,150.0232558139535
157.5,160.8571428571429,159.5769230769231,160.1333333333334,162.3636363636364,160.875,160,156.0147058823529,151.1052631578947,150.2093023255814
157.625,161.1428571428571,159.6538461538462,160.2,162.6363636363636,161,160.0555555555555,156.1323529411764,151.2280701754386,150.3953488372093
157.75,161.4285714285714,159.7307692307692,160.2666666666667,162.9090909090909,161.125,160.1111111111111,156.2499999999999,151.3508771929824,150.5813953488372
157.875,161.7142857142857,159.8076923076923,160.3333333333333,163.1818181818182,161.25,160.1666666666667,156.3676470588235,151.4736842105263,150.7674418604651
158,162,159.8846153846154,160.4,163.4545454545454,161.375,160.2222222222222,156.485294117647,151.5964912280701,150.953488372093
158.125,161.9411764705882,159.9615384615385,160.4666666666667,163.7272727272727,161.5,160.2777777777778,156.6029411764705,151.719298245614,151.1395348837209
158.25,161.8823529411765,160.125,160.5333333333333,164,161.625,160.3333333333333,156.7205882352941,151.8352737792831,151.3255813953488
158.375,161.8235294117647,160.375,160.6,163.8,161.75,160.3888888888889,156.8225806451613,151.9489721516605,151.5116279069767
158.5,161.7647058823529,160.625,160.6666666666667,163.6,161.875,160.4444444444445,156.9193548387096,152.062670524038,151.6976744186047
158.625,161.7058823529412,160.875,160.7333333333333,163.4,162,160.5,157.016129032258,152.1763688964155,151.8837209302326
158.75,161.6470588235294,161.125,160.8,163.2,162.125,160.5555555555555,157.1129032258064,152.2900672687929,152.0697674418605
158.875,161.5882352941177,161.375,160.8666666666667,163,162.25,160.6111111111111,157.2096774193548,152.4037656411703,152.2558139534884
159,161.5294117647059,161.625,160.9333333333333,162.8,162.375,160.6666666666667,157.3064516129032,152.5174640135478,152.4418604651163
159.125,161.4705882352941,161.875,161,162.6,162.5,160.7222222222222,157.4032258064515,152.6311623859253,152.6279069767442
159.25,161.4117647058823,161.9571428571429,161.0588235294118,162.4,162.625,160.7777777777778,157.4999999999999,152.7448607583028,152.8139534883721
159.375,161.3529411764706,161.8714285714286,161.1176470588235,162.2,162.75,160.8333333333333,157.5967741935483,152.8585591306802,153
159.5,161.2941176470588,161.7857142857143,161.1764705882353,162,162.875,160.8888888888889,157.6935483870967,152.9722575030577,153.1052631578947
159.625,161.2352941176471,161.7,161.235294117647,162.1538461538462,163,160.9444444444445,157.7903225806451,153.0952380952381,153.2105263157895
159.75,161.1764705882353,161.6142857142857,161.2941176470588,162.3076923076923,162.9253731343284,161,157.8870967741935,153.2857142857143,153.3157894736842
159.875,161.1176470588235,161.5285714285714,161.3529411764706,162.4615384615385,162.8507462686567,161.0952380952381,157.9838709677419,153.4761904761905,153.421052631579
160,161.0588235294118,161.4428571428571,161.4117647058823,162.6153846153846,162.7761194029851,161.1904761904762,158.0806451612902,153.6666666666667,153.5263157894737
160.1681415929203,161,161.3571428571428,161.4705882352941,162.7692307692308,162.7014925373134,161.2857142857143,158.1774193548386,153.8571428571429,153.6315789473684
160.3362831858407,161.0714285714286,161.2714285714285,161.5294117647059,162.9230769230769,162.6268656716418,161.3809523809524,158.2642857142857,154.047619047619,153.7368421052632
160.5044247787611,161.1428571428571,161.3794178794178,161.5882352941177,163.0769230769231,162.5522388059701,161.4761904761905,158.3214285714285,154.2380952380952,153.8421052631579
160.6725663716814,161.2142857142857,161.551975051975,161.6470588235294,163.2307692307692,162.4776119402985,161.5714285714286,158.3785714285714,154.4285714285714,153.9473684210526
160.8407079646017,161.2857142857143,161.7245322245322,161.7058823529412,163.3846153846154,162.4029850746269,161.6666666666667,158.4357142857142,154.6190476190476,154.0526315789474
161.0088495575221,161.3571428571428,161.8970893970894,161.7647058823529,163.5384615384615,162.3283582089552,161.7619047619048,158.4928571428571,154.8095238095238,154.1578947368421
161.1769911504425,161.4285714285714,162.0696465696465,161.8235294117647,163.6923076923077,162.2537313432836,161.8571428571429,158.5499999999999,155,154.2631578947368
161.3451327433628,161.5,162.2422037422037,161.8823529411765,163.8461538461538,162.1791044776119,161.952380952381,158.6071428571428,155.0526315789474,154.3684210526316
161.5132743362832,161.5714285714286,162.4147609147608,161.9411764705882,164,162.1044776119403,162.047619047619,158.6642857142857,155.1052631578947,154.4736842105263
161.6814159292035,161.6428571428571,162.5872643295222,162,164,162.0298507462687,162.1428571428571,158.7214285714285,155.1578947368421,154.578947368421
161.8495575221239,161.7142857142857,162.7595214658892,162,164,161.955223880597,162.2380952380952,158.7785714285714,155.2105263157895,154.6842105263158
162.0176991150443,161.7857142857143,162.9317786022563,162,164,161.8805970149254,162.3333333333333,158.8357142857142,155.2631578947368,154.7894736842105
162.1858407079646,161.8571428571429,163.1040357386234,162,164,161.8059701492537,162.4285714285714,158.8928571428571,155.3157894736842,154.8947368421053
162.3539823008849,161.9285714285714,163.2762928749905,162,164,161.7564102564103,162.5238095238095,158.9499999999999,155.3684210526316,155
162.5221238938053,162,163.4485500113576,162,164,161.7820512820513,162.6190476190476,159.0071428571428,155.421052631579,155.1052631578947
162.6902654867257,162.4285714285714,163.6208071477247,162,164,161.8076923076923,162.7142857142857,159.0642857142857,155.4736842105263,155.2105263157895
162.858407079646,162.8571428571429,163.7608695652173,162,164,161.8333333333333,162.8095238095238,159.1214285714285,155.5263157894737,155.3157894736842
163.0265486725663,163.2857142857143,163.8043478260869,162,164,161.8589743589744,162.9047619047619,159.1785714285714,155.578947368421,155.421052631579
163.1946902654867,163.7142857142857,163.8478260869565,162,164,161.8846153846154,163,159.2357142857142,155.6315789473684,155.5263157894737
163.362831858407,164.1428571428571,163.8913043478261,162,164,161.9102564102564,163.0361445783132,159.2784810126582,155.6842105263158,155.6315789473684
163.5309734513274,164.5714285714286,163.9347826086956,162.2307692307692,164,161.9358974358974,163.0722891566265,159.3164556962025,155.7368421052632,155.7368421052632
163.6991150442477,165,163.9782608695652,162.4615384615385,164,161.9615384615385,163.1084337349398,159.3544303797468,155.7894736842105,155.8421052631579
163.8672566371681,165,164.0227272727273,162.6923076923077,164,161.9871794871795,163.144578313253,159.3924050632911,155.8421052631579,155.9473684210526
164.0353982300884,165,164.0681818181818,162.9230769230769,164,162.0128205128205,163.1807228915663,159.4303797468354,155.8947368421053,156.0526315789474
164.2035398230088,165,164.1136363636364,163.1538461538462,164,162.0384615384615,163.2168674698795,159.4683544303797,155.9473684210526,156.1578947368421
164.3716814159291,165,164.1590909090909,163.3846153846154,164,162.0641025641026,163.2530120481927,159.506329113924,156,156.2631578947368
164.5398230088495,165,164.2045454545454,163.6153846153846,164,162.0897435897436,163.289156626506,159.5443037974683,156.1219512195122,156.3684210526316
164.7079646017699,165,164.25,163.8461538461538,164,162.1153846153846,163.3253012048193,159.5822784810126,156.2439024390244,156.4736842105263
164.8135593220339,165,164.2954545454546,164.0769230769231,164,162.1410256410256,163.3614457831325,159.6202531645569,156.3658536585365,156.578947368421
164.8983050847457,165,164.3409090909091,164.3076923076923,164,162.1666666666667,163.3975903614458,159.6582278481013,156.4878048780488,156.6842105263158
164.9830508474576,165,164.3863636363636,164.5384615384615,164,162.1923076923077,163.433734939759,159.6962025316456,156.6097560975609,156.7894736842105
165.0677966101695,165,164.4318181818182,164.7692307692308,164,162.2179487179487,163.4698795180722,159.7341772151898,156.7317073170731,156.8947368421053
165.1525423728813,165,164.4772727272727,165,164,162.2435897435897,163.5060240963855,159.7721518987342,156.8536585365853,157
165.2372881355932,165,164.5227272727273,165.0769230769231,164,162.3283582089552,163.5421686746988,159.8101265822785,156.9756097560975,157.1052631578947
165.3220338983051,165,164.5681818181818,165.1538461538462,164,162.4328358208955,163.578313253012,159.8481012658228,157.0975609756097,157.2105263157895
165.4067796610169,165,164.6136363636364,165.2307692307692,164,162.5373134328358,163.6144578313253,159.8860759493671,157.2195121951219,157.3157894736842
165.4915254237288,165,164.6590909090909,165.3076923076923,164,162.6417910447761,163.6506024096385,159.9240506329114,157.7499999999999,157.421052631579
165.5762711864407,165,164.7045454545454,165.3846153846154,164,162.7462686567164,163.6867469879518,159.9620253164557,158.4166666666666,157.5263157894737
165.6610169491525,165,164.75,165.4615384615385,164,162.8507462686567,163.722891566265,160,159.0833333333333,157.6315789473684
165.7457627118644,165,164.7954545454546,165.5384615384615,164,162.955223880597,163.7777777777777,160.1475409836066,159.4166666666666,157.7368421052632
165.8305084745763,165,164.8409090909091,165.6153846153846,164,163.0597014925373,163.8888888888888,160.2950819672131,159.6388888888888,157.8421052631579
165.9152542372881,165,164.8863636363636,165.6923076923077,164,163.1641791044776,164,160.4426229508197,159.8611111111111,157.9473684210526
166,165,164.9318181818182,165.7692307692308,164,163.2686567164179,164.1111111111111,160.5901639344262,160.0833333333333,158.0526315789474
166.0666666666667,165,164.9772727272727,165.8461538461538,164,163.3731343283582,164.2222222222222,160.7377049180328,160.1666666666666,158.1578947368421
166.1333333333333,165,165.0666666666667,165.9230769230769,164,163.4776119402985,164.3333333333333,160.8852459016393,159.8333333333333,158.2631578947368
166.2,165,165.2,166,164,163.5820895522388,164.4444444444444,161.0327868852459,159.4999999999999,158.3684210526316
166.2666666666667,165,165.3333333333333,165.9285714285714,164,163.6865671641791,164.5555555555555,161.1803278688524,159.1666666666666,158.4736842105263
166.3333333333333,165,165.4666666666666,165.8571428571429,164,163.7910447761194,164.6666666666666,161.327868852459,158.8333333333333,158.578947368421
166.4,165,165.6,165.7857142857143,164.0526315789474,163.8955223880597,164.7777777777778,161.4754098360655,158.9193548387096,158.6842105263158
166.4666666666667,165,165.7333333333333,165.7142857142857,164.1052631578947,164,164.8888888888889,161.6229508196721,159.1451612903225,158.7894736842105
166.5333333333333,165,165.8666666666667,165.6428571428571,164.1578947368421,164.0625,165,161.7704918032786,159.3709677419354,158.8947368421053
166.6,165,166,165.5714285714286,164.2105263157895,164.125,165.0588235294118,161.9180327868852,159.5967741935483,159
166.6666666666667,165,166.1333333333333,165.5,164.2631578947368,164.1875,165.1176470588235,162.0655737704918,159.8225806451612,159.0967741935484
166.7333333333333,165,166.2666666666667,165.4285714285714,164.3157894736842,164.25,165.1764705882353,162.2131147540983,160.0483870967741,159.1935483870968
166.8,165,166.4,165.3571428571429,164.3684210526316,164.3125,165.2352941176471,162.2857142857142,160.274193548387,159.2903225806452
166.8666666666667,165.1428571428571,166.5333333333333,165.2857142857143,164.421052631579,164.375,165.2941176470588,162.3333333333333,160.4999999999999,159.3870967741936
166.9333333333333,165.2857142857143,166.6666666666667,165.2142857142857,164.4736842105263,164.4375,165.3529411764706,162.3809523809523,160.7258064516129,159.483870967742
167,165.4285714285714,166.8,165.1428571428571,164.5263157894737,164.5,165.4117647058823,162.4285714285714,160.9516129032257,159.5806451612903
166.9545454545454,165.5714285714286,166.9333333333333,165.0714285714286,164.578947368421,164.5625,165.4705882352941,162.4761904761904,161.1774193548387,159.6774193548387
166.9090909090909,165.7142857142857,167.02,165,164.6315789473684,164.625,165.5294117647059,162.5238095238095,161.4032258064516,159.7741935483871
166.8636363636363,165.8571428571428,167.06,165.0555555555556,164.6842105263158,164.6875,165.5882352941176,162.5714285714285,161.6290322580645,159.8709677419355
166.8181818181818,166,167.1,165.1111111111111,164.7368421052632,164.75,165.6470588235294,162.6190476190476,161.8548387096774,159.9677419354839
166.7727272727273,166.1428571428571,167.14,165.1666666666667,164.7894736842105,164.8125,165.7058823529412,162.6666666666666,162.0806451612903,160.0645161290323
166.7272727272727,166.2857142857143,167.18,165.2222222222222,164.8421052631579,164.875,165.7647058823529,162.7142857142857,162.2696629213483,160.1612903225806
166.6818181818182,166.4285714285714,167.22,165.2777777777778,164.8947368421053,164.9375,165.8235294117647,162.7589285714285,162.3483146067415,160.258064516129
166.6363636363636,166.5714285714286,167.26,165.3333333333333,164.9473684210526,165,165.8823529411765,162.7946428571428,162.4269662921348,160.3548387096774
166.5909090909091,166.7142857142857,167.3,165.3888888888889,165,164.95,165.9411764705883,162.8303571428571,162.5056179775281,160.4516129032258
166.5454545454545,166.8571428571429,167.34,165.4444444444445,165.0666666666667,164.9,166,162.8660714285714,162.5842696629213,160.5483870967742
166.5,167,167.38,165.5,165.1333333333333,164.85,166.0263157894737,162.9017857142857,162.6629213483146,160.6451612903226
166.4545454545454,167.125,167.42,165.5555555555555,165.2,164.8,166.0526315789474,162.9375,162.7415730337078,160.741935483871
166.4090909090909,167.25,167.46,165.6111111111111,165.2666666666667,164.75,166.0789473684211,162.9732142857142,162.8202247191011,160.8387096774194
166.3636363636364,167.375,167.5,165.6666666666667,165.3333333333333,164.7,166.1052631578947,163.0089285714286,162.8988764044944,160.9354838709677
166.3181818181818,167.5,167.54,165.7222222222222,165.4,164.65,166.1315789473684,163.0446428571428,162.9775280898876,161.0322580645161
166.2727272727273,167.625,167.58,165.7777777777778,165.4666666666667,164.6,166.1578947368421,163.0803571428571,163.0561797752809,161.1290322580645
166.2272727272727,167.75,167.62,165.8333333333333,165.5333333333333,164.55,166.1842105263158,163.1160714285714,163.1348314606741,161.2258064516129
166.1818181818182,167.875,167.66,165.8888888888889,165.6,164.5,166.2105263157895,163.1517857142857,163.2134831460674,161.3225806451613
166.1363636363637,168,167.7,165.9444444444445,165.6666666666667,164.45,166.2368421052632,163.1875,163.2921348314607,161.4193548387097
166.0909090909091,168.125,167.74,166,165.7333333333333,164.4,166.2631578947368,163.2232142857143,163.3707865168539,161.516129032258
166.0454545454546,168.25,167.78,166,165.8,164.35,166.2894736842105,163.2702702702703,163.4494382022472,161.6129032258065
166,168.375,167.82,166,165.8666666666667,164.3,166.3157894736842,163.3513513513514,163.5280898876404,161.7096774193548
165.9259259259259,168.5,167.86,166,165.9333333333333,164.25,166.3421052631579,163.4324324324324,163.6067415730337,161.8064516129032
165.8518518518518,168.625,167.9,166,166,164.2,166.3684210526316,163.5135135135135,163.685393258427,161.9032258064516
165.7777777777778,168.75,167.94,166,165.92,164.15,166.3947368421053,163.5945945945946,163.7640449438202,162
165.7037037037037,168.875,167.98,166,165.84,164.1,166.421052631579,163.6756756756757,163.8426966292135,162.0454545454546
165.6296296296296,169,167.9821428571429,166,165.76,164.05,166.4473684210526,163.7567567567568,163.9213483146067,162.0909090909091
165.5555555555555,168.85,167.9464285714286,166,165.68,164,166.4736842105263,163.8378378378378,164,162.1363636363636
165.4814814814815,168.7,167.9107142857143,166.1818181818182,165.6,163.9642857142857,166.5,163.9189189189189,164.1428571428572,162.1818181818182
165.4074074074074,168.55,167.875,166.3636363636364,165.52,163.9285714285714,166.5263157894737,164,164.2857142857143,162.2272727272727
165.3333333333333,168.4,167.8392857142857,166.5454545454546,165.44,163.8928571428572,166.5526315789474,164.0810810810811,164.4285714285714,162.2727272727273
165.2592592592593,168.25,167.8035714285714,166.7272727272727,165.36,163.8571428571429,166.578947368421,164.1621621621622,164.5714285714286,162.3181818181818
165.1851851851852,168.1,167.7678571428571,166.9090909090909,165.28,163.8214285714286,166.6052631578947,164.2432432432433,164.7142857142857,162.3636363636364
165.1111111111111,167.95,167.7321428571429,167.0909090909091,165.2,163.7857142857143,166.6315789473684,164.3243243243243,164.8571428571428,162.4090909090909
165.0370370370371,167.8,167.6964285714286,167.2727272727273,165.12,163.75,166.6578947368421,164.4054054054054,165,162.4545454545454
164.962962962963,167.65,167.6607142857143,167.4545454545454,165.04,163.7142857142857,166.6842105263158,164.4864864864865,165.1428571428571,162.5
164.8888888888889,167.5,167.625,167.6363636363636,164.96,163.6785714285714,166.7105263157895,164.5675675675676,165.2241379310344,162.5454545454546
164.8148148148148,167.35,167.5892857142857,167.8181818181818,164.88,163.6428571428571,166.7368421052632,164.6486486486486,165.1206896551723,162.5909090909091
164.7407407407408,167.2,167.5535714285714,168,164.8,163.6071428571429,166.7631578947368,164.7297297297297,165.0172413793103,162.6363636363636
164.6666666666667,167.05,167.5178571428571,167.7272727272727,164.72,163.5714285714286,166.7894736842105,164.8310810810811,164.9137931034482,162.6818181818182
164.5925925925926,166.9,167.4821428571428,167.4545454545454,164.64,163.5357142857143,166.8157894736842,164.9391891891892,164.8103448275861,162.7272727272727
164.5185185185185,166.75,167.4464285714286,167.1818181818182,164.56,163.5,166.8421052631579,165.0472972972973,164.7068965517241,162.7727272727273
164.4444444444445,166.6,167.4107142857143,166.9090909090909,164.48,163.4642857142857,166.8684210526316,165.1554054054054,164.603448275862,162.8181818181818
164.3703703703704,166.45,167.375,166.6363636363636,164.4,163.4285714285714,166.8947368421053,165.2635135135135,164.4999999999999,162.8636363636364
164.2962962962963,166.3,167.3392857142857,166.3636363636364,164.32,163.3928571428571,166.921052631579,165.3716216216216,164.3965517241379,162.9090909090909
164.2222222222222,166.15,167.3035714285714,166.0909090909091,164.24,163.3571428571429,166.9473684210526,165.4797297297297,164.2931034482758,162.9545454545454
164.1481481481482,166,167.2678571428571,165.8181818181818,164.16,163.3214285714286,166.9736842105263,165.5878378378379,164.1896551724137,163
164.0740740740741,166.0588235294117,167.2321428571429,165.5454545454545,164.08,163.2857142857143,167,165.6959459459459,164.0862068965517,163.1904761904762
164,166.1176470588235,167.1964285714286,165.2727272727273,164,163.25,166.9130434782608,165.8040540540541,163.9827586206896,163.3809523809524
164.0625,166.1764705882353,167.1607142857143,165,163.9130434782609,163.2142857142857,166.8260869565217,165.9121621621622,163.8793103448275,163.5714285714286
164.125,166.2352941176471,167.125,165.0625,163.8260869565217,163.1785714285714,166.7391304347826,166.0202702702703,163.7758620689655,163.7619047619048
164.1875,166.2941176470588,167.0892857142857,165.125,163.7391304347826,163.1428571428571,166.6521739130435,166.1283783783784,163.7826086956521,163.952380952381
164.25,166.3529411764706,167.0535714285714,165.1875,163.6521739130435,163.1071428571429,166.5652173913043,166.2364864864865,163.8260869565217,164.1428571428571
164.3125,166.4117647058824,167.0178571428571,165.25,163.5652173913044,163.0714285714286,166.4782608695652,166.3445945945946,163.8695652173913,164.3333333333333
164.375,166.4705882352941,166.9523809523809,165.3125,163.4782608695652,163.0357142857143,166.3913043478261,166.4527027027027,163.9130434782608,164.5238095238095
164.4375,166.5294117647059,166.8571428571429,165.375,163.3913043478261,163,166.3043478260869,166.5608108108108,163.9565217391304,164.7142857142857
164.5,166.5882352941176,166.7619047619048,165.4375,163.304347826087,163,166.2173913043478,166.6689189189189,163.9999999999999,164.9047619047619
164.5625,166.6470588235294,166.6666666666667,165.5,163.2173913043478,163,166.1304347826087,166.7321428571429,164.0434782608695,165.0952380952381
164.625,166.7058823529412,166.5714285714286,165.5625,163.1304347826087,163,166.0434782608696,166.6607142857143,164.0869565217391,165.2857142857143
164.6875,166.764705882353,166.4761904761905,165.625,163.0434782608696,163,165.9565217391304,166.5892857142857,164.1304347826086,165.4761904761905
164.75,166.8235294117647,166.3809523809524,165.6875,162.9565217391304,163,165.8695652173913,166.5178571428572,164.1739130434782,165.6666666666667
164.8125,166.8823529411765,166.2857142857143,165.75,162.8695652173913,163,165.7826086956522,166.4464285714286,164.2173913043478,165.8571428571429
164.875,166.9411764705883,166.1904761904762,165.8125,162.7826086956522,163,165.6956521739131,166.375,164.2950819672131,166.047619047619
164.9375,167,166.0952380952381,165.875,162.6956521739131,163,165.6086956521739,166.3035714285714,164.4754098360655,166.2380952380952
165,167.2142857142857,166,165.9375,162.6086956521739,163,165.5217391304348,166.2321428571429,164.655737704918,166.4285714285714
165.1666666666667,167.4285714285714,165.9047619047619,166,162.5217391304348,163,165.4347826086957,166.1607142857143,164.8360655737704,166.6190476190476
165.3333333333333,167.6428571428571,165.8095238095238,165.9333333333333,162.4347826086957,163,165.3478260869565,166.0892857142857,165.0163934426229,166.8095238095238
165.5,167.8571428571429,165.7142857142857,165.8666666666667,162.3478260869565,163,165.2608695652174,166.0178571428571,165.1967213114754,167
165.6666666666667,168.0714285714286,165.6190476190476,165.8,162.2608695652174,163,165.1739130434783,165.9464285714286,165.3770491803278,167
165.8333333333333,168.2857142857143,165.5238095238095,165.7333333333333,162.1739130434783,163,165.0869565217391,165.875,165.5573770491803,167
166,168.5,165.4285714285714,165.6666666666667,162.0869565217391,163,165,165.8035714285714,165.7377049180328,167
166.1666666666667,168.7142857142857,165.3333333333333,165.6,162,163,164.9666666666667,165.7321428571429,165.9180327868852,167
166.3333333333333,168.9285714285714,165.2380952380952,165.5333333333333,161.9565217391304,163,164.9333333333333,165.6607142857143,166.0983606557377,167
166.5,169.1428571428571,165.1428571428571,165.4666666666667,161.9130434782609,163,164.9,165.5892857142857,166.2786885245902,167
166.6666666666667,169.3571428571428,165.047619047619,165.4,161.8695652173913,163,164.8666666666667,165.5178571428572,166.4590163934426,167
166.8333333333333,169.5714285714286,164.9761904761905,165.3333333333333,161.8260869565217,163,164.8333333333333,165.4464285714286,166.6393442622951,167
167,169.7857142857143,164.9285714285714,165.2666666666667,161.7826086956522,163,164.8,165.375,166.8196721311475,167
167.1666666666667,170,164.8809523809524,165.2,161.7391304347826,163,164.7666666666667,165.3035714285714,167,167
167.3333333333333,170,164.8333333333333,165.1333333333334,161.6956521739131,163,164.7333333333333,165.2641509433962,167.1111111111111,167
167.5,170,164.7857142857143,165.0666666666667,161.6521739130435,163,164.7,165.3207547169811,167.2222222222222,167
167.6666666666667,170,164.7380952380952,165,161.6086956521739,163,164.6666666666667,165.3773584905661,167.3333333333333,167
167.8333333333333,170,164.6904761904762,164.8666666666667,161.5652173913044,163,164.6333333333333,165.4339622641509,167.4444444444445,167
168,170,164.6428571428571,164.7333333333333,161.5217391304348,163,164.6,165.4905660377358,167.5555555555556,167
168.1666666666667,170,164.5952380952381,164.6,161.4782608695652,162.9444444444445,164.5666666666667,165.5471698113208,167.6666666666667,167
168.3333333333333,170,164.547619047619,164.4666666666667,161.4347826086957,162.8888888888889,164.5333333333333,165.6037735849057,167.7777777777778,167
168.5,170,164.5,164.3333333333333,161.3913043478261,162.8333333333333,164.5,165.6603773584906,167.8888888888889,167
168.6666666666667,170,164.452380952381,164.2,161.3478260869565,162.7777777777778,164.4666666666667,165.7169811320755,168,167
168.8333333333333,170,164.4047619047619,164.0666666666667,161.304347826087,162.7222222222222,164.4333333333333,165.7735849056604,168.1111111111111,167
169,170,164.3571428571429,163.9333333333333,161.2608695652174,162.6666666666667,164.4,165.8301886792453,168.2222222222222,167
169.1666666666667,170,164.3095238095238,163.8,161.2173913043478,162.6111111111111,164.3666666666667,165.8867924528302,168.3333333333333,167.0689655172414
169.3333333333333,170,164.2619047619048,163.6666666666667,161.1739130434783,162.5555555555556,164.3333333333333,165.9433962264151,168.4444444444445,167.1379310344828
169.5,170,164.2142857142857,163.5333333333333,161.1304347826087,162.5,164.3,166,168.5555555555556,167.2068965517241
169.6666666666667,170,164.1666666666667,163.4,161.0869565217391,162.4444444444444,164.2666666666667,166.0847457627119,168.6666666666667,167.2758620689655
169.8333333333333,170,164.1190476190476,163.2666666666667,161.0434782608696,162.3888888888889,164.2333333333333,166.1694915254237,168.7777777777778,167.3448275862069
170,170,164.0714285714286,163.1333333333334,161,162.3333333333333,164.2,166.2542372881356,168.8888888888889,167.4137931034483
170.2727272727273,170,164.0238095238095,163,160.9259259259259,162.2777777777778,164.1666666666667,166.3389830508474,169,167.4827586206897
170.5454545454546,170,164.0176470588235,163,160.8518518518518,162.2222222222222,164.1333333333333,166.4237288135593,168.9230769230769,167.551724137931
170.8181818181818,170,164.0529411764706,163,160.7777777777778,162.1666666666667,164.1,166.5084745762712,168.8461538461538,167.6206896551724
171.0909090909091,170,164.0882352941176,163,160.7037037037037,162.1111111111111,164.0666666666667,166.593220338983,168.7692307692308,167.6896551724138
171.3636363636364,170,164.1235294117647,163,160.6296296296296,162.0555555555555,164.0333333333333,166.6779661016949,168.6923076923077,167.7586206896552
171.6363636363636,170,164.1588235294118,163,160.5555555555555,162,164,166.7627118644068,168.6153846153846,167.8275862068966
171.9090909090909,170,164.1941176470588,163,160.4814814814815,161.9444444444445,163.9333333333333,166.8474576271186,168.5384615384615,167.8965517241379
172.1818181818182,170,164.2294117647059,163,160.4074074074074,161.8888888888889,163.8666666666667,166.9322033898305,168.4615384615385,167.9655172413793
172.4545454545455,170,164.2647058823529,163,160.3333333333333,161.8333333333333,163.8,167.0169491525423,168.3846153846154,168.0344827586207
172.7272727272727,170,164.3,163,160.2592592592592,161.7777777777778,163.7333333333333,167.1016949152542,168.3076923076923,168.1034482758621
173,170,164.335294117647,163,160.1851851851852,161.7222222222222,163.6666666666667,167.186440677966,168.2307692307692,168.1724137931035
172.9444444444444,170,164.3705882352941,163,160.1111111111111,161.6666666666667,163.6,167.2328767123287,168.1538461538461,168.2413793103448
172.8888888888889,170,164.4058823529411,163,160.0370370370371,161.6111111111111,163.5333333333333,167.1643835616438,168.0769230769231,168.3103448275862
172.8333333333333,170.1666666666667,164.4411764705882,162.8125,159.962962962963,161.5555555555555,163.4666666666667,167.0958904109589,168,168.3793103448276
172.7777777777778,170.3333333333333,164.4764705882353,162.625,159.8888888888889,161.5,163.4,167.0273972602739,167.9230769230769,168.448275862069
172.7222222222222,170.5,164.5117647058823,162.4375,159.8148148148148,161.4444444444445,163.3333333333333,166.958904109589,167.8461538461539,168.5172413793103
172.6666666666667,170.6666666666667,164.5470588235294,162.25,159.7407407407407,161.3888888888889,163.2666666666667,166.8904109589041,167.7692307692308,168.5862068965517
172.6111111111111,170.8333333333333,164.5823529411764,162.0625,159.6666666666667,161.3333333333333,163.2,166.8219178082192,167.6923076923077,168.6551724137931
172.5555555555555,171,164.6176470588235,161.875,159.5925925925926,161.2777777777778,163.1333333333333,166.7534246575342,167.6153846153846,168.7241379310345
172.5,171.1666666666667,164.6529411764705,161.6875,159.5185185185185,161.2222222222222,163.0666666666667,166.6849315068493,167.5384615384615,168.7931034482759
172.4444444444445,171.3333333333333,164.6882352941176,161.5,159.4444444444445,161.1666666666667,163,166.6164383561644,167.4615384615385,168.8620689655172
172.3888888888889,171.5,164.7235294117646,161.3125,159.3703703703704,161.1111111111111,162.9130434782609,166.5479452054794,167.3846153846154,168.9310344827586
172.3333333333333,171.6666666666667,164.715909090909,161.125,159.2962962962963,161.0555555555555,162.8260869565217,166.4794520547945,167.3076923076923,169
172.2777777777778,171.8333333333333,164.5795454545454,160.9375,159.2222222222222,161,162.7391304347826,166.4109589041096,167.2307692307692,169.1621621621622
172.2222222222222,172,164.4431818181818,160.75,159.1481481481482,160.9047619047619,162.6521739130435,166.3424657534246,167.1538461538462,169.3243243243243
172.1666666666667,171.8571428571429,164.3068181818181,160.5625,159.0740740740741,160.8095238095238,162.5652173913044,166.2739726027397,167.0769230769231,169.4864864864865
172.1111111111111,171.7142857142857,164.1704545454545,160.375,159,160.7142857142857,162.4782608695652,166.2054794520548,167,169.6486486486486
172.0555555555555,171.5714285714286,164.0340909090908,160.1875,158.92,160.6190476190476,162.3913043478261,166.1369863013698,167.0909090909091,169.8108108108108
172,171.4285714285714,163.8977272727272,160,158.84,160.5238095238095,162.3043478260869,166.0684931506849,167.1818181818182,169.972972972973
171.96,171.2857142857143,163.7613636363636,160.1111111111111,158.76,160.4285714285714,162.2173913043478,166,167.2727272727273,170.1351351351351
171.92,171.1428571428571,163.6249999999999,160.2222222222222,158.68,160.3333333333333,162.1304347826087,166.08,167.3636363636363,170.2972972972973
171.88,171,163.4886363636363,160.3333333333333,158.6,160.2380952380952,162.0434782608696,166.16,167.4545454545454,170.4594594594595
171.84,170.8571428571429,163.3522727272727,160.4444444444445,158.52,160.1428571428571,161.9565217391304,166.24,167.5454545454545,170.6216216216216
171.8,170.7142857142857,163.1774193548387,160.5555555555555,158.44,160.047619047619,161.8695652173913,166.32,167.6363636363637,170.7837837837838
171.76,170.5714285714286,162.8870967741935,160.6666666666667,158.36,159.952380952381,161.7826086956522,166.4,167.7272727272727,170.9459459459459
171.72,170.4285714285714,162.5967741935484,160.7777777777778,158.28,159.8571428571428,161.695652173913,166.48,167.8181818181818,171.1081081081081
171.68,170.2857142857143,162.3064516129032,160.8888888888889,158.2,159.7619047619048,161.6086956521739,166.56,167.9090909090909,171.2702702702703
171.64,170.1428571428571,162.016129032258,161,158.12,159.6666666666667,161.5217391304348,166.64,168,171.4324324324324
171.6,170,161.7258064516129,161.1111111111111,158.04,159.5714285714286,161.4347826086957,166.72,168.0909090909091,171.5945945945946
171.56,169.8181818181818,161.4354838709677,161.2222222222222,157.96,159.4761904761905,161.3478260869565,166.8,168.1818181818182,171.7567567567568
171.52,169.6363636363636,161.1451612903226,161.3333333333333,157.88,159.3809523809524,161.2608695652174,166.88,168.2727272727273,171.9189189189189
171.48,169.4545454545454,161.0384615384615,161.4444444444445,157.8,159.2857142857143,161.1739130434783,166.96,168.3636363636364,172.0810810810811
171.44,169.2727272727273,161.1153846153846,161.5555555555555,157.72,159.1904761904762,161.0869565217391,167.04,168.4545454545454,172.2432432432432
171.4,169.0909090909091,161.1923076923077,161.6666666666667,157.64,159.0952380952381,161,167.12,168.5454545454546,172.4054054054054
171.36,168.9090909090909,161.2692307692308,161.7777777777778,157.56,159,160.9333333333333,167.2,168.6363636363636,172.5675675675676
171.32,168.7272727272727,161.3461538461539,161.8888888888889,157.48,158.8421052631579,160.8666666666667,167.28,168.7272727272727,172.7297297297297
171.28,168.5454545454546,161.4230769230769,162,157.4,158.6842105263158,160.8,167.36,168.8181818181818,172.8918918918919
171.24,168.3636363636364,161.5,161.8,157.32,158.5263157894737,160.7333333333333,167.44,168.9090909090909,173.0540540540541
171.2,168.1818181818182,161.5769230769231,161.6,157.24,158.3684210526316,160.6666666666667,167.52,169,173.2162162162162
171.16,168,161.6538461538462,161.4,157.16,158.2105263157895,160.6,167.6,169.04,173.3783783783784
171.12,168,161.7307692307692,161.2,157.08,158.0526315789474,160.5333333333333,167.68,169.08,173.5405405405405
171.08,168,161.8076923076923,161,157,157.8947368421053,160.4666666666667,167.76,169.12,173.7027027027027
171.04,168,161.8846153846154,160.8,157,157.7368421052632,160.4,167.84,169.16,173.8648648648649
171,168,161.9615384615385,160.6,157,157.5789473684211,160.3333333333333,167.92,169.2,174.027027027027
171,168,161.9230769230769,160.4,157,157.421052631579,160.2666666666667,168,169.24,174.1891891891892
171,168,161.7692307692307,160.2,157,157.2631578947368,160.2,168.0666666666667,169.28,174.3513513513513
171,168,161.6153846153846,160,157,157.1052631578947,160.1333333333334,168.1333333333333,169.32,174.5135135135135
171,168,161.4615384615385,159.8,157,156.9473684210526,160.0666666666667,168.2,169.36,174.6756756756757
171,168,161.3076923076923,159.6,157,156.7894736842105,160,168.2666666666667,169.4,174.8378378378378
171,168,161.1538461538461,159.4,157,156.6315789473684,159.95,168.3333333333333,169.44,175
171,168,161,159.2,157,156.4736842105263,159.9,168.4,169.48,175
171,168,160.8461538461538,159,157,156.3157894736842,159.85,168.4666666666667,169.52,175
171,168,160.6923076923077,158.8,157,156.1578947368421,159.8,168.5333333333333,169.56,175
171,168.1666666666667,160.5384615384615,158.6,157,156,159.75,168.6,169.6,175
171,168.3333333333333,160.3846153846154,158.4,157,155.9230769230769,159.7,168.6666666666667,169.64,175
171,168.5,160.2307692307693,158.2,157,155.8461538461538,159.65,168.7333333333333,169.68,175
171,168.6666666666667,160.0769230769231,158,157,155.7692307692308,159.6,168.8,169.72,175
171,168.8333333333333,160.04,158.1333333333333,157,155.6923076923077,159.55,168.8666666666667,169.76,175
171,169,160.12,158.2666666666667,157,155.6153846153846,159.5,168.9333333333333,169.8,175
171,169.1666666666667,160.2,158.4,157,155.5384615384615,159.45,169,169.84,175
171,169.3333333333333,160.28,158.5333333333333,157,155.4615384615385,159.4,169.1612903225806,169.88,175
171,169.5,160.36,158.6666666666667,157,155.3846153846154,159.35,169.3225806451613,169.92,175
171,169.6666666666667,160.44,158.8,157,155.3076923076923,159.3,169.4838709677419,169.96,175
171,169.8333333333333,160.52,158.9333333333333,157,155.2307692307692,159.25,169.6451612903226,170,175
171,170,160.6,159.0666666666667,157,155.1538461538461,159.2,169.8064516129032,170.0526315789474,175
171,170.1666666666667,160.68,159.2,157,155.0769230769231,159.15,169.9677419354838,170.1052631578947,175
171,170.3333333333333,160.76,159.3333333333333,156.88,155,159.1,170.1290322580645,170.1578947368421,175
171,170.5,160.84,159.4666666666667,156.76,154.9230769230769,159.05,170.2162162162162,170.2105263157895,175
171,170.6666666666667,160.92,159.6,156.64,154.8461538461538,159,170.081081081081,170.2631578947368,175
171,170.8333333333333,161,159.7333333333333,156.52,154.7692307692308,158.8888888888889,169.9459459459459,170.3157894736842,175
171,171,161.08,159.8666666666667,156.4,154.6923076923077,158.7777777777778,169.8108108108108,170.3684210526316,175
171,170.8461538461539,161.16,160,156.28,154.6153846153846,158.6666666666667,169.6756756756757,170.421052631579,175
171,170.6923076923077,161.24,160.1428571428572,156.16,154.5384615384615,158.5555555555555,169.5405405405405,170.4736842105263,175
171,170.5384615384615,161.32,160.2857142857143,156.04,154.4615384615385,158.4444444444445,169.4054054054054,170.5263157894737,175
171,170.3846153846154,161.4,160.4285714285714,155.92,154.3846153846154,158.3333333333333,169.2702702702703,170.578947368421,175
171,170.2307692307692,161.48,160.5714285714286,155.8,154.3076923076923,158.2222222222222,169.1351351351351,170.6315789473684,175
171,170.0769230769231,161.56,160.7142857142857,155.68,154.2588235294118,158.1111111111111,169,170.6842105263158,175
171,169.9230769230769,161.64,160.8571428571428,155.56,154.2941176470588,158,168.8235294117647,170.7368421052632,175
171,169.7692307692308,161.72,161,155.44,154.3294117647059,157.8888888888889,168.6470588235294,170.7894736842105,175
171,169.6153846153846,161.8,161.1428571428572,155.32,154.364705882353,157.7777777777778,168.4705882352941,170.8421052631579,175
171,169.4615384615385,161.88,161.2857142857143,155.2,154.4,157.6666666666667,168.2941176470588,170.8947368421053,175
171,169.3076923076923,161.96,161.4285714285714,155.08,154.4352941176471,157.5555555555555,168.3653846153846,170.9473684210526,175
171,169.1538461538461,162.0188679245283,161.5714285714286,154.96,154.4705882352941,157.4444444444445,168.5192307692307,171,175
171,169,162.0566037735849,161.7142857142857,154.84,154.5058823529412,157.3333333333333,168.6730769230768,171.1186440677966,175
171,169.375,162.0943396226415,161.8571428571429,154.72,154.5411764705883,157.2222222222222,168.826923076923,171.2372881355932,175
171,169.75,162.1320754716981,162,154.6,154.5764705882353,157.1111111111111,168.9807692307692,171.3559322033898,175
171.0769230769231,170.125,162.1698113207547,161.8333333333333,154.48,154.6117647058824,157,169.1346153846153,171.4745762711864,175
171.1538461538462,170.5,162.2075471698113,161.6666666666667,154.36,154.6470588235294,157,169.4761904761904,171.593220338983,175
171.2307692307692,170.875,162.2452830188679,161.5,154.24,154.6823529411765,157,170.3809523809523,171.7118644067796,175
171.3076923076923,171.25,162.2830188679245,161.3333333333333,154.12,154.7176470588235,157,171.2857142857142,171.8305084745762,175
171.3846153846154,171.625,162.3207547169812,161.1666666666667,154,154.7529411764706,157,172.1904761904762,171.9491525423729,175
171.4615384615385,172,162.3584905660377,161,153.5,154.7882352941176,157,173.0952380952381,172.0677966101695,175
171.5384615384615,171.8888888888889,162.3962264150944,160.8333333333333,153,154.8235294117647,157,174,172.1864406779661,175
171.6153846153846,171.7777777777778,162.4339622641509,160.6666666666667,152.5,154.8588235294118,157,174.3333333333333,172.3050847457627,175
171.6923076923077,171.6666666666667,162.4716981132076,160.5,152,154.8941176470588,157,174.6666666666666,172.4237288135593,175
171.7692307692307,171.5555555555555,162.5094339622642,160.3333333333333,151.5,154.9294117647059,157,175,172.5423728813559,175
171.8461538461538,171.4444444444445,162.5471698113208,160.1666666666667,151,154.9647058823529,157,175.3333333333333,172.6610169491525,175
171.9230769230769,171.3333333333333,162.5849056603774,160,151.0714285714286,155,157,175.6666666666666,172.7291666666666,175
172,171.2222222222222,162.622641509434,160.6,151.1428571428572,155.0406504065041,157,175.3281249999999,172.6458333333333,175
172.076923076923,171.1111111111111,162.6603773584906,161.2,151.2142857142857,155.0813008130081,157,174.7656249999999,172.5624999999999,175.1764705882353
172.1538461538461,171,162.6981132075472,161.8,151.2857142857143,155.1219512195122,157,174.2031249999999,172.4791666666666,175.3529411764706
172.2307692307692,170.9122807017544,162.7358490566038,162.4,151.3571428571429,155.1626016260163,157,173.6406249999999,172.3958333333333,175.5294117647059
172.3076923076923,170.8245614035088,162.7735849056604,163,151.4285714285714,155.2032520325203,157,173.0781249999999,172.3124999999999,175.7058823529412
172.3846153846154,170.7368421052632,162.811320754717,163.6,151.5,155.2439024390244,157,172.4624336463862,172.2291666666666,175.8823529411765
172.4615384615384,170.6491228070175,162.8490566037736,164.2,151.5714285714286,155.2845528455285,157,171.8397305022457,172.1458333333333,176.0588235294118
172.5384615384615,170.5614035087719,162.8867924528302,164.8,151.6428571428571,155.3252032520325,157,171.2170273581053,172.0624999999999,176.2352941176471
172.6153846153846,170.4736842105263,162.9245283018868,165.4,151.7142857142857,155.3658536585366,157,170.7581803671189,171.9791666666666,176.4117647058823
172.6923076923077,170.3859649122807,162.9622641509434,166,151.7857142857143,155.4065040650407,157,170.7909018355945,171.8958333333333,176.5882352941177
172.7692307692307,170.2982456140351,163,165.8571428571429,151.8571428571429,155.4471544715447,157,170.8236233040702,171.8124999999999,176.7647058823529
172.8461538461538,170.2105263157895,163.0377358490566,165.7142857142857,151.9285714285714,155.4878048780488,157,170.8563447725458,171.8046528803544,176.9411764705882
172.9230769230768,170.1228070175438,163.0754716981132,165.5714285714286,152,155.5284552845528,157,170.8890662410215,172.0232644017725,177.1176470588235
172.9999999999999,170.0350877192982,163.1132075471698,165.4285714285714,152.1428571428572,155.5691056910569,157,170.4545454545454,172.2418759231905,177.2941176470588
173.076923076923,169.9473684210526,163.1509433962264,165.2857142857143,152.2857142857143,155.609756097561,157,169.9999999999999,172.4604874446085,177.4705882352941
173.1538461538461,169.859649122807,163.188679245283,165.1428571428571,152.4285714285714,155.650406504065,157,169.5454545454545,172.6790989660265,177.6470588235294
173.2307692307692,169.7719298245613,163.2264150943396,165,152.5714285714286,155.6910569105691,157,169.0909090909091,172.8977104874446,177.8235294117647
173.4230769230768,169.8059701492537,163.2641509433962,164.6363636363636,152.7142857142857,155.7317073170732,157,168.7727272727272,173.1163220088626,178
173.6538461538461,169.8805970149253,163.3018867924528,164.2727272727273,152.8571428571428,155.7723577235772,157,168.8636363636363,173.3349335302806,178.0416666666667
173.8846153846153,169.9552238805969,163.3396226415094,163.9090909090909,153,155.8130081300813,157,168.9545454545454,173.5535450516987,178.0833333333333
174.1153846153846,170.0298507462686,163.3773584905661,163.5454545454546,153.1428571428571,155.8536585365854,157,169.0454545454545,173.7721565731167,178.125
174.3461538461538,170.1044776119403,163.4150943396226,163.1818181818182,153.2857142857143,155.8943089430894,157,169.1363636363636,174.0084269662921,178.1666666666667
174.576923076923,170.1791044776119,163.4528301886793,162.8181818181818,153.4285714285714,155.9349593495935,157,169.2272727272727,174.2870786516854,178.2083333333333
174.7647058823529,170.2537313432836,163.4905660377358,162.4545454545454,153.5714285714286,155.9756097560976,157,169.3225806451612,174.5657303370787,178.25
174.8235294117646,170.3283582089552,163.5283018867925,162.0909090909091,153.7142857142857,156.0162601626016,157.1428571428571,169.4193548387096,174.8443820224719,178.2916666666667
174.8823529411764,170.4029850746268,163.5660377358491,161.7272727272727,153.8571428571428,156.0569105691057,157.2857142857143,169.516129032258,175.1230337078651,178.3333333333333
174.9411764705882,170.4776119402985,163.6037735849056,161.3636363636363,154,156.0975609756098,157.4285714285714,169.6129032258064,175.4016853932584,178.375
175,170.5522388059701,163.6415094339623,161,154.4545454545455,156.1382113821138,157.5714285714286,169.7096774193548,175.6803370786516,178.4166666666667
174.9,170.6268656716418,163.6792452830189,161.1428571428571,154.9090909090909,156.1788617886179,157.7142857142857,169.8064516129032,175.8181818181818,178.4583333333333
174.8,170.7014925373134,163.7169811320755,161.2857142857143,155.3636363636364,156.219512195122,157.8571428571429,169.9032258064516,175.9090909090909,178.5
174.7,170.7761194029851,163.7547169811321,161.4285714285714,155.8181818181818,156.3116883116883,158,170,175.9999999999999,178.5416666666667
174.6,170.8507462686567,163.7924528301887,161.5714285714286,156.2727272727273,156.5584415584415,158.1428571428571,170.1111111111111,176.090909090909,178.5833333333333
174.5,170.9253731343283,163.8301886792453,161.7142857142857,156.7272727272727,156.8051948051948,158.2857142857143,170.2222222222222,176.1818181818181,178.625
174.4,171,163.8679245283019,161.8571428571428,157.1818181818182,157.0519480519481,158.4285714285714,170.3333333333333,176.2282608695652,178.6666666666667
174.3,171.0384615384615,163.9056603773585,162,157.6363636363636,157.2987012987013,158.5714285714286,170.4444444444444,176.141304347826,178.7083333333333
174.2,171.0769230769231,163.9433962264151,162.1428571428571,158.0909090909091,157.5454545454546,158.7142857142857,170.5555555555555,176.0543478260869,178.75
174.1,171.1153846153846,163.9811320754717,162.2857142857143,158.5454545454545,157.7922077922078,158.8571428571429,170.6666666666666,175.9673913043478,178.7916666666667
174,171.1538461538461,164.0188679245283,162.4285714285714,159,158.038961038961,159,170.7777777777777,175.8804347826086,178.8333333333333
173.9,171.1923076923077,164.0566037735849,162.5714285714286,159.1333333333333,158.2857142857143,159.1428571428571,170.8888888888889,175.7934782608695,178.875
173.8,171.2307692307692,164.0943396226415,162.7142857142857,159.2666666666667,158.5324675324675,159.2857142857143,171,175.7065217391304,178.9166666666667
173.7,171.2692307692308,164.1320754716981,162.8571428571429,159.4,158.7792207792208,159.4285714285714,171.1111111111111,175.6195652173913,178.9583333333333
173.6,171.3076923076923,164.1698113207547,163,159.5333333333333,159.0259740259741,159.5714285714286,171.2222222222221,175.5326086956521,179
173.5,171.3461538461538,164.2075471698113,163,159.6666666666667,159.2727272727273,159.7142857142857,171.1724137931034,175.445652173913,179
173.4,171.3846153846154,164.2452830188679,163,159.8,159.5194805194805,159.8571428571429,171.0689655172413,175.3586956521739,179
173.3,171.4230769230769,164.2830188679245,163,159.9333333333333,159.7662337662338,160,170.9655172413792,175.2717391304347,179
173.2,171.4615384615385,164.3207547169811,163,160.0666666666667,160.012987012987,160.1428571428571,170.8620689655172,175.2499999999999,179
173.1,171.5,164.3584905660377,163,160.2,160.2597402597403,160.2857142857143,170.7586206896551,175.2499999999999,179
173,171.5384615384615,164.3962264150943,163,160.3333333333333,160.5064935064935,160.4285714285714,170.6551724137931,175.2499999999999,179
172.9545454545455,171.5769230769231,164.4339622641509,163,160.4666666666667,160.7532467532467,160.5714285714286,170.551724137931,175.2499999999999,179
172.9090909090909,171.6153846153846,164.4716981132075,163,160.6,161,160.7142857142857,170.4482758620689,175.2499999999999,179
172.8636363636364,171.6538461538462,164.5094339622642,163,160.7333333333333,161.1428571428571,160.8571428571428,170.3448275862068,175.2499999999999,179
172.8181818181818,171.6923076923077,164.5471698113208,163,160.8666666666667,161.2857142857143,161,170.2413793103448,175.2499999999999,179
172.7727272727273,171.7307692307692,164.5849056603774,162.9411764705882,161,161.4285714285714,161.0666666666667,170.1379310344827,175.2499999999999,179
172.7272727272727,171.7692307692308,164.6226415094339,162.8823529411765,161.1052631578947,161.5714285714286,161.1333333333333,170.0344827586206,175.2499999999999,179
172.6818181818182,171.8076923076923,164.6603773584906,162.8235294117647,161.2105263157895,161.7142857142857,161.2,169.9310344827585,175.274193548387,179
172.6363636363636,171.8461538461539,164.6981132075472,162.7647058823529,161.3157894736842,161.8571428571428,161.2666666666667,169.8275862068965,175.3064516129032,179
172.5909090909091,171.8846153846154,164.7358490566038,162.7058823529412,161.421052631579,162,161.3333333333333,169.797619047619,175.3387096774193,179
172.5454545454545,171.9230769230769,164.7735849056604,162.6470588235294,161.5263157894737,162.1428571428571,161.4,169.9880952380952,175.3709677419354,179
172.5,171.9615384615385,164.811320754717,162.5882352941177,161.6315789473684,162.2857142857143,161.4666666666667,170.1785714285714,175.4032258064516,179
172.4545454545454,172,164.8490566037736,162.5294117647059,161.7368421052632,162.4285714285714,161.5333333333333,170.3690476190476,175.4354838709677,179
172.4090909090909,171.9444444444445,164.8867924528302,162.4705882352941,161.8421052631579,162.5714285714286,161.6,170.5595238095237,175.4677419354838,179
172.3636363636364,171.8888888888889,164.9245283018868,162.4117647058823,161.9473684210526,162.7142857142857,161.6666666666667,170.7499999999999,175.4999999999999,179
172.3181818181818,171.8333333333333,164.9622641509434,162.3529411764706,162.0526315789474,162.8571428571429,161.7333333333333,170.9404761904761,175.5322580645161,179
172.2727272727273,171.7777777777778,165,162.2941176470588,162.1578947368421,163,161.8,171.1309523809523,175.5645161290322,179
172.2272727272727,171.7222222222222,165.0377358490566,162.2352941176471,162.2631578947368,162.8666666666666,161.8666666666667,171.3214285714285,175.5967741935483,179
172.1818181818182,171.6666666666667,165.0754716981132,162.1764705882353,162.3684210526316,162.7333333333333,161.9333333333333,171.5119047619047,175.6290322580645,179
172.1363636363637,171.6111111111111,165.1132075471698,162.1176470588235,162.4736842105263,162.6,162,171.7023809523809,175.6612903225806,179
172.0909090909091,171.5555555555555,165.1509433962264,162.0588235294118,162.578947368421,162.4666666666667,162.0714285714286,171.7499999999999,175.6935483870967,179
172.0454545454545,171.5,165.188679245283,162,162.6842105263158,162.3333333333333,162.1428571428571,171.7499999999999,175.7258064516128,179
172,171.4444444444445,165.2264150943396,162.1538461538462,162.7894736842105,162.2,162.2142857142857,171.7499999999999,175.734693877551,179
171.95,171.3888888888889,165.2641509433962,162.3076923076923,162.8947368421053,162.0666666666667,162.2857142857143,171.7499999999999,175.6734693877551,179
171.9,171.3333333333333,165.3018867924528,162.4615384615385,163,161.9333333333333,162.3571428571429,171.7499999999999,175.6122448979591,179
171.85,171.2777777777778,165.3396226415094,162.6153846153846,162.9,161.8,162.4285714285714,171.7499999999999,175.5510204081632,179
171.8,171.2222222222222,165.377358490566,162.7692307692308,162.8,161.6666666666667,162.5,171.7499999999999,175.4897959183673,179
171.75,171.1666666666667,165.4150943396226,162.9230769230769,162.7,161.5333333333333,162.5714285714286,171.7499999999999,175.4285714285714,179
171.7,171.1111111111111,165.4528301886793,163.0769230769231,162.6,161.4,162.6428571428571,171.826923076923,175.3673469387755,179
171.65,171.0555555555555,165.4905660377358,163.2307692307692,162.5,161.2666666666667,162.7142857142857,171.9294871794871,175.3061224489796,179
171.6,171,165.5283018867925,163.3846153846154,162.4,161.1333333333334,162.7857142857143,172.0320512820512,175.2448979591836,179
171.55,171,165.5660377358491,163.5384615384615,162.3,161,162.8571428571429,172.1346153846153,175.1836734693877,179
171.5,171,165.6037735849057,163.6923076923077,162.2,161.2,162.9285714285714,172.2371794871794,175.1224489795918,179
171.45,171,165.6415094339623,163.8461538461538,162.1,161.4,163,172.3397435897435,175.0612244897959,179
171.4,171,165.6792452830189,164,162,161.6,163.1578947368421,172.4423076923076,175,179
171.35,171,165.7169811320755,164.2142857142857,162.0588235294118,161.8,163.3157894736842,172.5448717948718,175.0769230769231,179
171.3,171,165.7547169811321,164.4285714285714,162.1176470588235,162,163.4736842105263,172.6474358974359,175.1538461538461,179
171.25,171,165.7924528301887,164.6428571428571,162.1764705882353,162.2,163.6315789473684,172.7499999999999,175.2307692307692,179
171.2,171,165.8301886792453,164.8571428571428,162.235294117647,162.4,163.7894736842105,172.852564102564,175.3076923076923,179
171.15,171,165.8679245283019,165.0714285714286,162.2941176470588,162.6,163.9473684210527,172.9551282051281,175.3846153846154,179
171.1,171,165.9056603773585,165.2857142857143,162.3529411764706,162.8,164.1052631578947,173.0576923076923,175.4615384615385,179
171.05,171,165.9433962264151,165.5,162.4117647058823,163,164.2631578947368,173.1602564102564,175.5384615384615,179
171,171,165.9811320754717,165.7142857142857,162.4705882352941,163.2,164.421052631579,173.2628205128205,175.6153846153846,179
170.96,171,165.9615384615385,165.9285714285714,162.5294117647059,163.4,164.578947368421,173.3653846153846,175.6923076923077,179
170.92,171,165.8846153846154,166.1428571428571,162.5882352941177,163.6,164.7368421052632,173.4679487179486,175.7692307692308,179
170.88,171,165.8076923076923,166.3571428571429,162.6470588235294,163.8,164.8947368421053,173.5705128205128,175.8461538461539,179
170.84,171,165.7307692307692,166.5714285714286,162.7058823529412,164,165.0526315789473,173.6730769230769,175.9230769230769,179
170.8,171,165.6538461538461,166.7857142857143,162.7647058823529,164.2,165.2105263157895,173.7358490566037,176,179
170.76,171,165.5769230769231,167,162.8235294117647,164.4,165.3684210526316,173.6792452830188,176,179
170.72,171,165.5,166.8571428571429,162.8823529411765,164.6,165.5263157894737,173.6226415094339,176,179
170.68,171,165.4230769230769,166.7142857142857,162.9411764705882,164.8,165.6842105263158,173.566037735849,176,179
170.64,171,165.3461538461538,166.5714285714286,163,165,165.8421052631579,173.5094339622641,176,179
170.6,171,165.2692307692308,166.4285714285714,163.1363636363636,164.9090909090909,166,173.4528301886792,176,179
170.56,171,165.1923076923077,166.2857142857143,163.2727272727273,164.8181818181818,166,173.3962264150943,176,179
170.52,170.962962962963,165.1153846153846,166.1428571428571,163.4090909090909,164.7272727272727,166,173.3396226415094,176,179
170.48,170.9259259259259,165.0384615384615,166,163.5454545454545,164.6363636363636,166,173.2830188679245,176,179
170.44,170.8888888888889,165.0527682722905,165.8571428571429,163.6818181818182,164.5454545454546,166,173.2264150943396,176,179.0294117647059
170.4,170.8518518518518,165.1583048168714,165.7142857142857,163.8181818181818,164.4545454545454,166,173.1698113207547,176,179.0588235294118
170.36,170.8148148148148,165.2638413614523,165.5714285714286,163.9545454545455,164.3636363636364,166,173.1132075471698,176,179.0882352941176
170.32,170.7777777777778,165.3693779060333,165.4285714285714,164.0909090909091,164.2727272727273,166,173.0566037735849,176,179.1176470588235
170.28,170.7407407407407,165.4749144506142,165.2857142857143,164.2272727272727,164.1818181818182,166,173,176.1,179.1470588235294
170.24,170.7037037037037,165.5804509951951,165.1428571428571,164.3636363636364,164.0909090909091,166,173.3846153846154,176.2,179.1764705882353
170.2,170.6666666666667,165.6859875397761,165,164.5,164,166,173.7692307692308,176.3,179.2058823529412
170.16,170.6296296296296,165.791524084357,165.1428571428571,164.6363636363636,164.1052631578947,166,174.1538461538461,176.4,179.235294117647
170.12,170.5925925925926,165.8970606289379,165.2857142857143,164.7727272727273,164.2105263157895,166,174.5384615384615,176.5,179.264705882353
170.08,170.5555555555555,166.0025971735189,165.4285714285714,164.9090909090909,164.3157894736842,166,174.9230769230769,176.6,179.2941176470588
170.04,170.5185185185185,166.1081337180998,165.5714285714286,165.0454545454546,164.421052631579,166,175.3076923076923,176.7,179.3235294117647
170,170.4814814814815,166.2136702626807,165.7142857142857,165.1818181818182,164.5263157894737,166,175.6923076923077,176.8,179.3529411764706
169.9523809523809,170.4444444444445,166.3192068072617,165.8571428571428,165.3181818181818,164.6315789473684,166,176.1067897165458,176.9,179.3823529411765
169.9047619047619,170.4074074074074,166.4247433518426,166,165.4545454545454,164.7368421052632,166,176.6783124588002,177,179.4117647058823
169.8571428571429,170.3703703703704,166.5302798964235,166.1428571428571,165.5909090909091,164.8421052631579,166,177.2498352010547,177.0588235294118,179.4411764705882
169.8095238095238,170.3333333333333,166.6358164410044,166.2857142857143,165.7272727272727,164.9473684210526,166.1052631578947,177.8213579433091,177.1176470588235,179.4705882352941
169.7619047619048,170.2962962962963,166.7413529855854,166.4285714285714,165.8636363636364,165.0526315789474,166.2105263157895,178.1666666666666,177.1764705882353,179.5
169.7142857142857,170.2592592592593,166.8468895301663,166.5714285714286,166,165.1578947368421,166.3157894736842,177.8333333333333,177.235294117647,179.5294117647059
169.6666666666667,170.2222222222222,166.9524260747473,166.7142857142857,166.0769230769231,165.2631578947368,166.421052631579,177.4999999999999,177.2941176470588,179.5588235294118
169.6190476190476,170.1851851851852,167.0233160621762,166.8571428571429,166.1538461538462,165.3684210526316,166.5263157894737,177.1666666666666,177.3529411764706,179.5882352941177
169.5714285714286,170.1481481481482,167.059585492228,167,166.2307692307692,165.4736842105263,166.6315789473684,176.8333333333333,177.4117647058824,179.6176470588235
169.5238095238095,170.1111111111111,167.0958549222798,167.0555555555556,166.3076923076923,165.578947368421,166.7368421052632,175.6249999999999,177.4705882352941,179.6470588235294
169.4761904761905,170.0740740740741,167.1321243523316,167.1111111111111,166.3846153846154,165.6842105263158,166.8421052631579,174.1249999999999,177.5294117647059,179.6764705882353
169.4285714285714,170.037037037037,167.1683937823834,167.1666666666667,166.4615384615385,165.7894736842105,166.9473684210527,173.4374999999999,177.5882352941176,179.7058823529412
169.3809523809524,170,167.2046632124352,167.2222222222222,166.5384615384615,165.8947368421053,167.0526315789474,173.0208333333333,177.6470588235294,179.7352941176471
169.3333333333333,169.9090909090909,167.2409326424871,167.2777777777778,166.6153846153846,166,167.1578947368421,172.6041666666666,177.7058823529412,179.7647058823529
169.2857142857143,169.8181818181818,167.2772020725389,167.3333333333333,166.6923076923077,166.2307692307692,167.2631578947368,172.1874999999999,177.7647058823529,179.7941176470588
169.2380952380952,169.7272727272727,167.3134715025907,167.3888888888889,166.7692307692308,166.4615384615385,167.3684210526316,171.7708333333333,177.8235294117647,179.8235294117647
169.1904761904762,169.6363636363636,167.3497409326425,167.4444444444445,166.8461538461538,166.6923076923077,167.4736842105263,171.3541666666666,177.8823529411765,179.8529411764706
169.1428571428572,169.5454545454546,167.3860103626943,167.5,166.9230769230769,166.9230769230769,167.578947368421,171.2840909090909,177.9411764705882,179.8823529411765
169.0952380952381,169.4545454545454,167.4222797927461,167.5555555555555,167,167.1538461538462,167.6842105263158,171.3295454545454,178,179.9117647058824
169.047619047619,169.3636363636364,167.458549222798,167.6111111111111,167.0769230769231,167.3846153846154,167.7894736842105,171.3749999999999,178.0769230769231,179.9411764705882
169,169.2727272727273,167.4948186528497,167.6666666666667,167.1538461538462,167.6153846153846,167.8947368421053,171.4204545454545,178.1538461538462,179.9705882352941
169,169.1818181818182,167.5310880829016,167.7222222222222,167.2307692307692,167.8461538461538,168,171.465909090909,178.2307692307692,180
169,169.0909090909091,167.5673575129534,167.7777777777778,167.3076923076923,168.0769230769231,168,171.5113636363636,178.3076923076923,180
169,169,167.6036269430052,167.8333333333333,167.3846153846154,168.3076923076923,168,171.5568181818181,178.3846153846154,180
169,168.9090909090909,167.639896373057,167.8888888888889,167.4615384615385,168.5384615384615,168,171.6022727272727,178.4615384615384,180
169,168.8181818181818,167.6761658031088,167.9444444444444,167.5384615384615,168.7692307692308,168,171.6477272727272,178.5384615384615,180
169,168.7272727272727,167.7124352331606,168,167.6153846153846,169,168,171.6931818181818,178.6153846153846,180
169,168.6363636363636,167.7487046632124,168,167.6923076923077,168.8823529411765,168,171.7386363636363,178.6923076923076,180
169,168.5454545454546,167.7849740932643,168,167.7692307692308,168.764705882353,168,171.8936170212766,178.6888888888888,180
169,168.4545454545454,167.8212435233161,168,167.8461538461539,168.6470588235294,168,172.0851063829787,178.4444444444444,180
169,168.3636363636364,167.8575129533679,168,167.9230769230769,168.5294117647059,168,172.2765957446808,178.2,180
169,168.2727272727273,167.8937823834197,168,168,168.4117647058823,168,172.4680851063829,177.9555555555555,180
169,168.1818181818182,167.9300518134715,168,168.0645161290323,168.2941176470588,168,172.6595744680851,177.7111111111111,180
169,168.0909090909091,167.9663212435233,168,168.1290322580645,168.1764705882353,168,172.8510638297872,177.4666666666666,180
169,168,168.0025906735751,168,168.1935483870968,168.0588235294118,168,173.0425531914893,177.2222222222222,180
169,167.9166666666667,168.038860103627,168,168.258064516129,167.9411764705882,168,173.2340425531915,176.9777777777778,180
169,167.8333333333333,168.0751295336788,168,168.3225806451613,167.8235294117647,168,173.4255319148936,176.7333333333333,180
169,167.75,168.1113989637306,168,168.3870967741935,167.7058823529412,168,173.6170212765957,176.4888888888889,180
169,167.6666666666667,168.1476683937824,168,168.4516129032258,167.5882352941177,168,173.8085106382979,176.2444444444444,180
168.9285714285714,167.5833333333333,168.1839378238342,168,168.516129032258,167.4705882352941,168,174,176,180
168.8571428571429,167.5,168.220207253886,168,168.5806451612903,167.3529411764706,168,173.8571428571429,175.9047619047619,180
168.7857142857143,167.4166666666667,168.2564766839378,168,168.6451612903226,167.235294117647,168.08,173.7142857142857,175.8095238095238,180
168.7142857142857,167.3333333333333,168.2927461139896,168,168.7096774193548,167.1176470588235,168.16,173.5714285714286,175.7142857142857,180
168.6428571428571,167.25,168.3290155440415,168,168.7741935483871,167,168.24,173.4285714285714,175.6190476190476,180
168.5714285714286,167.1666666666667,168.3652849740933,168,168.8387096774193,167.0526315789474,168.32,173.2857142857143,175.5238095238095,180
168.5,167.0833333333333,168.4015544041451,168.2105263157895,168.9032258064516,167.1052631578947,168.4,173.1428571428571,175.4285714285714,180
168.4285714285714,167,168.4378238341969,168.4210526315789,168.9677419354839,167.1578947368421,168.48,173,175.3333333333333,180
168.3571428571429,166.9166666666667,168.4740932642487,168.6315789473684,169.0322580645161,167.2105263157895,168.56,172.8571428571429,175.2380952380952,180
168.2857142857143,166.8333333333333,168.5103626943005,168.8421052631579,169.0967741935484,167.2631578947368,168.64,172.7142857142857,175.1428571428571,180
168.2142857142857,166.75,168.5466321243524,169.0526315789473,169.1612903225806,167.3157894736842,168.72,172.5714285714286,175.047619047619,180
168.1428571428572,166.6666666666667,168.5829015544041,169.2631578947368,169.2258064516129,167.3684210526316,168.8,172.4285714285714,174.952380952381,180
168.0714285714286,166.5833333333333,168.6191709844559,169.4736842105263,169.2903225806452,167.421052631579,168.88,172.2857142857143,174.8571428571428,180
168,166.5,168.6554404145078,169.6842105263158,169.3548387096774,167.4736842105263,168.96,172.1428571428571,174.7619047619048,180
168.0864197530864,166.4166666666667,168.6917098445596,169.8947368421053,169.4193548387097,167.5263157894737,169.04,172,174.6666666666667,180
168.1728395061728,166.3333333333333,168.7279792746114,170.1052631578947,169.4838709677419,167.578947368421,169.12,171.9454545454545,174.5714285714286,180
168.2592592592592,166.25,168.7642487046632,170.3157894736842,169.5483870967742,167.6315789473684,169.2,171.8909090909091,174.4761904761905,179.5263157894737
168.3456790123457,166.1666666666667,168.800518134715,170.5263157894737,169.6129032258065,167.6842105263158,169.28,171.8363636363636,174.3809523809524,179.0526315789474
168.4320987654321,166.0833333333333,168.8367875647668,170.7368421052632,169.6774193548387,167.7368421052632,169.36,171.7818181818182,174.2857142857143,178.578947368421
168.5185185185185,166,168.8730569948187,170.9473684210526,169.741935483871,167.7894736842105,169.44,171.7272727272727,174.1904761904762,178.1052631578947
168.6049382716049,166.0588235294117,168.9093264248705,171.1578947368421,169.8064516129032,167.8421052631579,169.52,171.6727272727273,174.0952380952381,177.6315789473684
168.6913580246913,166.1176470588235,168.9455958549223,171.3684210526316,169.8709677419355,167.8947368421053,169.6,171.6181818181818,174,177.1578947368421
168.7777777777778,166.1764705882353,168.9818652849741,171.578947368421,169.9354838709677,167.9473684210527,169.68,171.5636363636363,173.95,176.6842105263158
168.8641975308641,166.2352941176471,169.0333333333333,171.7894736842105,170,168,169.76,171.5090909090909,173.9,176.2105263157895
168.9506172839506,166.2941176470588,169.1,172,170.04,168.2,169.84,171.4545454545454,173.85,175.7368421052632
169.037037037037,166.3529411764706,169.1666666666667,172,170.08,168.4,169.92,171.4,173.8,175.2631578947368
169.1234567901234,166.4117647058824,169.2333333333333,172,170.12,168.6,170,171.3454545454545,173.75,174.7894736842105
169.2098765432098,166.4705882352941,169.3,172,170.16,168.8,169.9090909090909,171.290909090909,173.7,174.3157894736842
169.2962962962962,166.5294117647059,169.3666666666667,172,170.2,168.9999999999999,169.8181818181818,171.2338709677419,173.65,173.8421052631579
169.3827160493827,166.5882352941176,169.4333333333333,172,170.24,169.1999999999999,169.7272727272727,171.1693548387096,173.6,173.3684210526316
169.4691358024691,166.6470588235294,169.5,172,170.28,169.8499999999999,169.6363636363636,171.1048387096774,173.55,172.8947368421053
169.5555555555555,166.7058823529412,169.5666666666667,172,170.32,170.6499999999999,169.5454545454546,171.0403225806451,173.5,172.421052631579
169.6419753086419,166.764705882353,169.6333333333333,172,170.36,171.4499999999999,169.4545454545454,170.9758064516128,173.45,171.9473684210526
169.7283950617283,166.8235294117647,169.7,172,170.4,172.2499999999999,169.3636363636364,170.9112903225806,173.4,171.4736842105263
169.6299999999999,166.8823529411765,169.7666666666667,172,170.44,173.05,169.2727272727273,170.8467741935484,173.35,171
169.4699999999999,166.9411764705883,169.8333333333333,172,170.48,173.3999999999999,169.1818181818182,170.782258064516,173.3,170.9655172413793
169.3099999999999,167,169.9,171.8571428571429,170.52,173.5999999999999,169.0909090909091,170.7177419354838,173.25,170.9310344827586
169.1499999999999,166.95,169.9666666666667,171.7142857142857,170.56,173.8,169,170.6532258064515,173.2,170.8965517241379
168.99,166.9,170.0348837209302,171.5714285714286,170.6,173.9999999999999,168.9090909090909,170.5887096774193,173.15,170.8620689655172
168.83,166.85,170.1046511627907,171.4285714285714,170.64,174.1999999999999,168.8181818181818,170.524193548387,173.1,170.8275862068966
168.67,166.8,170.1744186046512,171.2857142857143,170.68,173.632624972473,168.7272727272727,170.4596774193548,173.05,170.7931034482759
168.5099999999999,166.75,170.2441860465116,171.1428571428571,170.72,172.8094582691037,168.6363636363636,170.3951612903225,173,170.7586206896552
168.3499999999999,166.7,170.3139534883721,171,170.76,171.9862915657345,168.5454545454546,170.3306451612903,172.9677419354839,170.7241379310345
168.1899999999999,166.65,170.3837209302325,170.8571428571429,170.8,171.3888888888889,168.4545454545454,170.266129032258,172.9354838709677,170.6896551724138
168.0299999999999,166.6,170.453488372093,170.7142857142857,170.84,171.4444444444445,168.3636363636364,170.3161764705882,172.9032258064516,170.6551724137931
167.8699999999999,166.55,170.5232558139534,170.5714285714286,170.88,171.5,168.2727272727273,170.4044117647059,172.8709677419355,170.6206896551724
167.6941176470588,166.5,170.5930232558139,170.4285714285714,170.92,171.5555555555555,168.1818181818182,170.4926470588235,172.8387096774194,170.5862068965517
167.4705882352941,166.45,170.6627906976744,170.2857142857143,170.96,171.6111111111111,168.0909090909091,170.5808823529411,172.8064516129032,170.551724137931
167.2470588235294,166.4,170.7325581395348,170.1428571428571,171,171.6666666666667,168,170.6691176470588,172.7741935483871,170.5172413793103
167.0235294117647,166.35,170.7142857142857,170,171.0434782608696,171.7222222222222,168.1111111111111,170.7573529411764,172.7419354838709,170.4827586206897
166.8,166.3,170.6666666666666,170.0526315789474,171.0869565217392,171.7777777777778,168.2222222222222,170.8455882352941,172.7096774193548,170.448275862069
166.5764705882353,166.25,170.6190476190476,170.1052631578947,171.1304347826087,171.8333333333333,168.3333333333333,170.9338235294117,172.6774193548387,170.4137931034483
166.3529411764706,166.2,170.5714285714285,170.1578947368421,171.1739130434783,171.8888888888889,168.4444444444445,171.0220588235293,172.6451612903226,170.3793103448276
166.1294117647058,166.15,170.5238095238095,170.2105263157895,171.2173913043478,171.9444444444444,168.5555555555556,171.110294117647,172.6129032258065,170.3448275862069
165.9058823529411,166.1,170.4761904761904,170.2631578947368,171.2608695652174,172,168.6666666666667,171.1985294117646,172.5806451612903,170.3103448275862
165.6823529411764,166.05,170.4285714285714,170.3157894736842,171.304347826087,172.1111111111111,168.7777777777778,171.2867647058823,172.5483870967742,170.2758620689655
165.4588235294117,166,170.3809523809523,170.3684210526316,171.3478260869565,172.2222222222222,168.8888888888889,171.3749999999999,172.516129032258,170.2413793103448
165.235294117647,166.1052631578947,170.3333333333333,170.421052631579,171.3913043478261,172.3333333333333,169,171.4632352941176,172.483870967742,170.2068965517242
165.0117647058823,166.2105263157895,170.2857142857142,170.4736842105263,171.4347826086957,172.4444444444444,169.1111111111111,171.5514705882352,172.4516129032258,170.1724137931034
164.7882352941176,166.3157894736842,170.2428571428571,170.5263157894737,171.4782608695652,172.5555555555555,169.2222222222222,171.6397058823529,172.4193548387097,170.1379310344828
164.5647058823529,166.421052631579,170.2142857142857,170.578947368421,171.5217391304348,172.6666666666666,169.3333333333333,171.7279411764706,172.3870967741935,170.1034482758621
164.3411764705882,166.5263157894737,170.1857142857143,170.6315789473684,171.5652173913043,172.7777777777777,169.4444444444445,171.6666666666666,172.3548387096774,170.0689655172414
164.1176470588235,166.6315789473684,170.1571428571428,170.6842105263158,171.6086956521739,172.8888888888889,169.5555555555555,171.5555555555555,172.3225806451613,170.0344827586207
163.8941176470588,166.7368421052632,170.1285714285714,170.7368421052632,171.6521739130435,172.9999999999999,169.6666666666667,171.4444444444444,172.2903225806452,170
163.6705882352941,166.8421052631579,170.1,170.7894736842105,171.695652173913,173.1111111111111,169.7777777777778,171.3333333333333,172.258064516129,169.7692307692308
163.4470588235294,166.9473684210527,170.0714285714286,170.8421052631579,171.7391304347826,173.2222222222222,169.8888888888889,171.2222222222222,172.2258064516129,169.5384615384615
163.2235294117647,167.0526315789474,170.0428571428571,170.8947368421053,171.7826086956522,173.1290322580645,170,171.1111111111111,172.1935483870968,169.3076923076923
163,167.1578947368421,170.0142857142857,170.9473684210526,171.8260869565217,172.9677419354838,170.1111111111111,170.9999999999999,172.1612903225806,169.0769230769231
162.7894736842105,167.2631578947368,169.9090909090909,171,171.8695652173913,172.8064516129032,170.2222222222222,170.8888888888889,172.1290322580645,168.8461538461539
162.578947368421,167.3684210526316,169.7272727272727,171,171.9130434782609,172.6451612903226,170.3333333333333,170.7777777777777,172.0967741935484,168.6153846153846
162.3684210526316,167.4736842105263,169.5454545454546,171,171.9565217391304,172.4838709677419,170.4444444444444,170.6666666666666,172.0645161290323,168.3846153846154
162.1578947368421,167.578947368421,169.3636363636364,171,172,172.3225806451613,170.5555555555555,170.5555555555555,172.0322580645161,168.1538461538462
161.9473684210527,167.6842105263158,169.1818181818182,171,171.9166666666667,172.1612903225806,170.6666666666667,170.4444444444444,172,167.9230769230769
161.7368421052632,167.7894736842105,169,171,171.8333333333333,172,170.7777777777778,170.3333333333333,172.0833333333333,167.6923076923077
161.5263157894737,167.8947368421053,168.8181818181818,171,171.75,171.8888888888889,170.8888888888889,170.2222222222222,172.1666666666667,167.4615384615385
161.3157894736842,168,168.6363636363636,171,171.6666666666667,171.7777777777778,171,170.1111111111111,172.25,167.2307692307692
161.1052631578947,167.8,168.4545454545454,171,171.5833333333333,171.6666666666667,171.0526315789474,170,172.3333333333333,167
160.8947368421053,167.6,168.2727272727273,171,171.5,171.5555555555555,171.1052631578947,169.9090909090909,172.4166666666667,166.7692307692308
160.6842105263158,167.4,168.0909090909091,171,171.4166666666667,171.4444444444445,171.1578947368421,169.8181818181818,172.5,166.5384615384615
160.4736842105263,167.2,167.9642857142857,171,171.3333333333333,171.3333333333333,171.2105263157895,169.7272727272727,172.5833333333333,166.3076923076923
160.2631578947368,167,167.8928571428571,171,171.25,171.2222222222222,171.2631578947368,169.6363636363636,172.6666666666667,166.0769230769231
160.0526315789474,166.8,167.8214285714286,171,171.1666666666667,171.1111111111111,171.3157894736842,169.5454545454545,172.75,165.8461538461538
159.8421052631579,166.6,167.75,171,171.0833333333333,171,171.3684210526316,169.4545454545454,172.8333333333333,165.6153846153846
159.6315789473684,166.4,167.6785714285714,171,171,171.1333333333333,171.421052631579,169.3636363636364,172.9166666666667,165.3846153846154
159.421052631579,166.2,167.6071428571429,171,171.0625,171.2666666666667,171.4736842105263,169.2727272727273,173,165.1538461538461
159.2105263157895,166,167.5357142857143,170.8636363636364,171.125,171.4,171.5263157894737,169.1818181818182,173.0508474576271,164.9230769230769
159,165.8,167.4642857142857,170.7272727272727,171.1875,171.5333333333333,171.578947368421,169.0909090909091,173.1016949152542,164.6923076923077
158.7435897435897,165.6,167.3928571428572,170.5909090909091,171.25,171.6666666666667,171.6315789473684,169,173.1525423728813,164.4615384615385
158.4871794871795,165.4,167.3214285714286,170.4545454545454,171.3125,171.8,171.6842105263158,168.9795918367347,173.2033898305085,164.2307692307693
158.2307692307692,165.2,167.25,170.3181818181818,171.375,171.9333333333333,171.7368421052632,168.9591836734694,173.2542372881356,164
157.974358974359,165,167.1785714285714,170.1818181818182,171.4375,172.0666666666667,171.7894736842105,168.938775510204,173.3050847457627,163.9090909090909
157.7179487179487,164.741935483871,167.1071428571429,170.0454545454546,171.5,172.2,171.8421052631579,168.9183673469388,173.3559322033898,163.8181818181818
157.4615384615385,164.483870967742,167.0357142857143,169.9090909090909,171.5625,172.3333333333333,171.8947368421053,168.8979591836734,173.4067796610169,163.7272727272727
157.2051282051282,164.2258064516129,166.8636363636364,169.7727272727273,171.625,172.4666666666667,171.9473684210526,168.8775510204081,173.457627118644,163.6363636363636
156.948717948718,163.9677419354839,166.5909090909091,169.6363636363636,171.6875,172.6,172,168.8571428571428,173.5084745762712,163.5454545454546
156.6923076923077,163.7096774193548,166.3181818181818,169.5,171.75,172.7333333333333,172,168.8367346938775,173.5593220338983,163.4545454545454
156.4358974358974,163.4516129032258,166.0454545454546,169.3636363636364,171.8125,172.8666666666667,172,168.8163265306122,173.6101694915254,163.3636363636364
156.1794871794872,163.1935483870968,165.7727272727273,169.2272727272727,171.875,173,172,168.7959183673469,173.6610169491525,163.2727272727273
155.9230769230769,162.9354838709677,165.5,169.0909090909091,171.9375,173.125,172,168.7755102040816,173.7118644067796,163.1818181818182
155.6666666666667,162.6774193548387,165.2272727272727,168.9545454545454,172,173.25,172,168.7551020408163,173.6851851851852,163.0909090909091
155.4102564102564,162.4193548387097,164.9545454545455,168.8181818181818,172.3333333333333,173.375,172,168.5399999999999,173.4259259259259,163
155.1538461538462,162.1612903225806,164.6818181818182,168.6818181818182,172.6666666666667,173.5,172,168.26,173.1666666666666,162.9090909090909
154.8974358974359,161.9032258064516,164.4090909090909,168.5454545454546,173,173.625,172,167.98,172.9074074074074,162.8181818181818
154.6410256410256,161.6451612903226,164.1363636363637,168.4090909090909,173.3333333333333,173.75,172,167.7,172.6481481481482,162.7272727272727
154.3846153846154,161.3870967741935,163.8636363636363,168.2727272727273,173.6666666666667,173.875,172,167.42,172.3888888888889,162.6363636363636
154.1282051282051,161.1290322580645,163.5909090909091,168.1363636363636,174,174,172,167.14,172.1296296296296,162.5454545454546
