138.8461538461538,141.9230769230769,148,146.4,147.9333333333333,147,146.75,138,134.3148148148148,133.8333333333333
139,142,148.1666666666667,147,148,146.9,147,138.2857142857143,134.9444444444444,134
139.1538461538462,142.0769230769231,148.3333333333333,147.6,148.0666666666667,146.8,147.25,138.5714285714286,135.574074074074,134.1666666666667
139.3076923076923,142.1538461538461,148.5,148.2,148.1333333333334,146.7,147.5,138.8571428571429,136.2037037037037,134.3333333333333
139.4615384615385,142.2307692307692,148.6666666666667,148.8,148.2,146.6,147.75,139.1428571428571,136.8333333333333,134.5
139.6153846153846,142.3076923076923,148.8333333333333,149.4,148.2666666666667,146.5,148,139.4285714285714,137.4629629629629,134.6666666666667
139.7692307692308,142.3846153846154,149,150,148.3333333333333,146.4,148.1818181818182,139.7142857142857,138.0925925925925,134.8333333333333
139.9230769230769,142.4615384615385,149.1666666666667,149.75,148.4,146.3,148.3636363636363,140,138.3225806451613,135
140.0769230769231,142.5384615384615,149.3333333333333,149.5,148.4666666666667,146.2,148.5454545454546,140.2857142857143,138.4193548387096,135.1666666666667
140.2307692307692,142.6153846153846,149.5,149.25,148.5333333333333,146.1,148.7272727272727,140.5714285714286,138.516129032258,135.3333333333333
140.3846153846154,142.6923076923077,149.6666666666667,149,148.6,146,148.9090909090909,140.8571428571429,138.6129032258064,135.5
140.5384615384615,142.7692307692308,149.8333333333333,148.75,148.6666666666667,146.2857142857143,149.0909090909091,141.1428571428571,138.7096774193548,135.6666666666667
140.6923076923077,142.8461538461538,150,148.5,148.7333333333333,146.5714285714286,149.2727272727273,141.4285714285714,138.8064516129032,135.8333333333333
140.8461538461538,142.9230769230769,149.9333333333333,148.25,148.8,146.8571428571429,149.4545454545454,141.7142857142857,138.9032258064516,136
141,143,149.8666666666667,148,148.8666666666666,147.1428571428571,149.6363636363636,142,139,135.7777777777778
141.3846153846154,143.1666666666667,149.8,148.1428571428571,148.9333333333333,147.4285714285714,149.8181818181818,142.0833333333333,138.9,135.5555555555556
141.7692307692308,143.3333333333333,149.7333333333333,148.2857142857143,149,147.7142857142857,150,142.1666666666667,138.8,135.3333333333333
142.1538461538461,143.5,149.6666666666667,148.4285714285714,149.2592592592592,148,150,142.25,138.7,135.1111111111111
142.5384615384615,143.6666666666667,149.6,148.5714285714286,149.5185185185185,148.4285714285714,150,142.3333333333333,138.6,134.8888888888889
142.9230769230769,143.8333333333333,149.5333333333333,148.7142857142857,149.7777777777777,148.8571428571429,150,142.4166666666667,138.5,134.6666666666667
143.3076923076923,144,149.4666666666667,148.8571428571429,150.037037037037,149.2857142857143,150,142.5,138.4,134.4444444444445
143.6923076923077,144.1666666666667,149.4,149,150.2962962962962,149.7142857142857,150,142.5833333333333,138.3,134.2222222222222
144.0769230769231,144.3333333333333,149.3333333333333,149.1,150.5555555555555,150.1428571428571,150,142.6666666666667,138.2,134
144.4615384615385,144.5,149.2666666666667,149.2,150.7205882352941,150.5714285714286,150,142.75,138.1,134.0909090909091
144.8461538461539,144.6666666666667,149.2,149.3,150.6029411764705,151,150,142.8333333333333,138,134.1818181818182
145.2307692307692,144.8333333333333,149.1333333333333,149.4,150.485294117647,151,150,142.9166666666667,138.1111111111111,134.2727272727273
145.6153846153846,145,149.0666666666667,149.5,150.3676470588235,151,150,143,138.2222222222222,134.3636363636364
146,145.1666666666667,149,149.6,150.2499999999999,151,150,143.2,138.3333333333333,134.4545454545454
146.0666666666667,145.3333333333333,149.1666666666667,149.7,150.1323529411764,151,150,143.4,138.4444444444445,134.5454545454545
146.1333333333333,145.5,149.3333333333333,149.8,150.0147058823529,151,150,143.6,138.5555555555555,134.6363636363636
146.2,145.6666666666667,149.5,149.9,149.8970588235294,151,150,143.8,138.6666666666667,134.7272727272727
146.2666666666667,145.8333333333333,149.6666666666667,150,149.7794117647058,151,150,144,138.7777777777778,134.8181818181818
146.3333333333333,146,149.8333333333333,150,149.8823529411764,151,150,144.2,138.8888888888889,134.9090909090909
146.4,146.1666666666667,150,150,150.0588235294117,151,150,144.4,139,135
146.4666666666667,146.3333333333333,150.1666666666667,150,150.235294117647,151.0555555555556,150.1111111111111,144.6,139,135.3333333333333
146.5333333333333,146.5,150.3333333333333,150,150.4117647058823,151.1111111111111,150.2222222222222,144.8,139,135.6666666666667
146.6,146.6666666666667,150.5,150,150.5882352941176,151.1666666666667,150.3333333333333,145,139,136
146.6666666666667,146.8333333333333,150.6666666666667,150,150.7647058823529,151.2222222222222,150.4444444444445,144.875,139,136.3333333333333
146.7333333333333,147,150.8333333333333,150,150.9411764705882,151.2777777777778,150.5555555555555,144.75,139,136.6666666666667
146.8,147.1666666666667,151,150,151.1176470588235,151.3333333333333,150.6666666666667,144.625,139,137
146.8666666666667,147.3333333333333,151.1666666666667,150,151.2941176470588,151.3888888888889,150.7777777777778,144.5,139,137.3333333333333
146.9333333333333,147.5,151.3333333333333,150,151.4705882352941,151.4444444444445,150.8888888888889,144.375,139.3076923076923,137.6666666666667
147,147.6666666666667,151.5,150,151.6470588235294,151.5,151,144.25,139.6153846153846,138
147.2307692307692,147.8333333333333,151.6666666666667,150,151.8235294117647,151.5555555555555,151.2,144.125,139.9230769230769,138.3333333333333
147.4615384615385,148,151.8333333333333,150.2,152,151.6111111111111,151.4,144,140.2307692307692,138.6666666666667
147.6923076923077,148.3636363636364,152,150.4,152.375,151.6666666666667,151.6,144.3170731707317,140.5384615384615,139
147.9230769230769,148.7272727272727,152.0625,150.6,152.75,151.7222222222222,151.8,144.6341463414634,140.8461538461538,139.1538461538462
148.1538461538462,149.0909090909091,152.125,150.8,153.125,151.7777777777778,152,144.9512195121951,141.1538461538462,139.3076923076923
148.3846153846154,149.4545454545454,152.1875,151,153.5,151.8333333333333,152.2,145.2682926829268,141.4615384615385,139.4615384615385
148.6153846153846,149.8181818181818,152.25,151.2,153.875,151.8888888888889,152.4,145.5853658536585,141.7692307692308,139.6153846153846
148.8461538461538,150.1818181818182,152.3125,151.4,154.25,151.9444444444444,152.6,145.9024390243902,142.0769230769231,139.7692307692308
149.0769230769231,150.5454545454546,152.375,151.6,154.625,152,152.8,146.2195121951219,142.3846153846154,139.9230769230769
149.3076923076923,150.9090909090909,152.4375,151.8,155,152.0555555555555,153,146.5365853658536,142.6923076923077,140.0769230769231
149.5384615384615,151.2727272727273,152.5,152,154.8888888888889,152.1111111111111,153.0909090909091,146.8536585365853,143,140.2307692307692
149.7692307692308,151.6363636363637,152.5625,152.2,154.7777777777778,152.1666666666667,153.1818181818182,147.170731707317,143.2727272727273,140.3846153846154
150,152,152.625,152.4,154.6666666666667,152.2222222222222,153.2727272727273,147.3999999999999,143.5454545454545,140.5384615384615
150.1,152.3488372093023,152.6875,152.6,154.5555555555555,152.2777777777778,153.3636363636364,147.5999999999999,143.8181818181818,140.6923076923077
150.2,152.6976744186047,152.75,152.8,154.4444444444445,152.3333333333333,153.4545454545454,147.8,144.0909090909091,140.8461538461538
150.3,153.046511627907,152.8125,153,154.3333333333333,152.3888888888889,153.5454545454546,148,144.3636363636364,141
150.4,153.3953488372093,152.875,152.8571428571429,154.2222222222222,152.4444444444445,153.6363636363636,148.2,144.6363636363636,140.6086956521739
150.5,153.7441860465116,152.9375,152.7142857142857,154.1111111111111,152.5,153.7272727272727,148.4,144.9090909090909,140.2173913043478
150.6,154.0930232558139,153,152.5714285714286,154,152.5555555555555,153.8181818181818,148.6,145.1818181818182,139.8260869565217
150.7,154.4418604651162,153.125,152.4285714285714,154.1,152.6111111111111,153.9090909090909,148.8,145.4545454545455,139.4347826086956
150.8,154.7906976744186,153.25,152.2857142857143,154.2,152.6666666666667,154,149,145.7272727272727,139.0434782608695
150.9,155.1395348837209,153.375,152.1428571428571,154.3,152.7222222222222,154,149.0232558139535,146,138.8222222222222
151,155.4883720930232,153.5,152,154.4,152.7777777777778,154,149.046511627907,145.9333333333333,139.1111111111111
151.3,155.7169811320754,153.625,152.375,154.5,152.8333333333333,154,149.0697674418604,145.8666666666667,139.3999999999999
151.6,155.5849056603773,153.75,152.75,154.6,152.8888888888889,154,149.0930232558139,145.8,139.6888888888888
151.9,155.4528301886792,153.875,153.125,154.7,152.9444444444445,154,149.1162790697674,145.7333333333333,139.9777777777778
152.2,155.3207547169811,154,153.5,154.8,153,154,149.1395348837209,145.6666666666667,140.2666666666667
152.5,155.188679245283,154.125,153.875,154.9,153.0952380952381,154,149.1627906976744,145.6,140.5555555555555
152.8,155.0566037735849,154.25,154.25,155,153.1904761904762,154,149.1860465116279,145.5333333333333,140.8444444444444
153.1,154.9245283018868,154.375,154.625,154.75,153.2857142857143,154,149.2093023255813,145.4666666666667,141.1333333333333
153.4,154.7924528301887,154.5,155,154.5,153.3809523809524,154,149.2325581395348,145.4,141.4222222222222
153.7,154.6603773584905,154.625,155.1666666666667,154.25,153.4761904761905,154,149.3018867924528,145.3333333333333,141.7111111111111
154,154.5283018867924,154.75,155.3333333333333,154,153.5714285714286,154,149.5094339622641,145.2666666666667,142
154.0625,154.3962264150943,154.875,155.5,153.75,153.6666666666667,154,149.7169811320754,145.2,142.3
154.125,154.2641509433962,155,155.6666666666667,153.5,153.7619047619048,154,149.9245283018868,145.1333333333333,142.6
154.1875,154.1320754716981,155.4285714285714,155.8333333333333,153.25,153.8571428571429,154,150.1320754716981,145.0666666666667,142.9
154.25,154,155.8571428571429,156,153,153.952380952381,154,150.3396226415094,145,143.2
154.3125,154.0666666666667,156.2857142857143,156.1666666666667,153.2222222222222,154.047619047619,154,150.5471698113207,145.2105263157895,143.5
154.375,154.1333333333333,156.7142857142857,156.3333333333333,153.4444444444445,154.1428571428572,154,150.754716981132,145.4210526315789,143.8
154.4375,154.2,157.1428571428571,156.5,153.6666666666667,154.2380952380952,154,150.9622641509434,145.6315789473684,144.1
154.5,154.2666666666667,157.5714285714286,156.6666666666667,153.8888888888889,154.3333333333333,154.0555555555555,151.1698113207547,145.8421052631579,144.4
154.5625,154.3333333333333,158,156.8333333333333,154.1111111111111,154.4285714285714,154.1111111111111,151.377358490566,146.0526315789474,144.7
154.625,154.4,157.9375,157,154.3333333333333,154.5238095238095,154.1666666666667,151.5849056603774,146.2631578947368,145
154.6875,154.4666666666666,157.875,156.9411764705882,154.5555555555555,154.6190476190476,154.2222222222222,151.7924528301887,146.4736842105263,145.1851851851852
154.75,154.5333333333334,157.8125,156.8823529411765,154.7777777777778,154.7142857142857,154.2777777777778,152,146.6842105263158,145.3703703703704
154.8125,154.6,157.75,156.8235294117647,155,154.8095238095238,154.3333333333333,152.1612903225806,146.8947368421053,145.5555555555555
154.875,154.6666666666667,157.6875,156.7647058823529,155.4,154.9047619047619,154.3888888888889,152.3225806451613,147.1052631578947,145.7407407407407
154.9375,154.7333333333333,157.625,156.7058823529412,155.8,155,154.4444444444445,152.4838709677419,147.3157894736842,145.9259259259259
155,154.8,157.5625,156.6470588235294,156.2,155,154.5,152.6451612903226,147.5263157894737,146.1111111111111
155.1176470588235,154.8666666666667,157.5,156.5882352941177,156.6,155,154.5555555555555,152.8064516129032,147.7368421052632,146.2727272727272
155.235294117647,154.9333333333333,157.4375,156.5294117647059,157,155,154.6111111111111,152.9677419354838,147.9473684210526,146.3636363636363
155.3529411764706,155,157.375,156.4705882352941,157,155,154.6666666666667,153.1290322580645,148.1578947368421,146.4545454545454
155.4705882352941,155.1666666666667,157.3125,156.4117647058823,157,155,154.7222222222222,153.1904761904761,148.3684210526316,146.5454545454545
155.5882352941177,155.3333333333333,157.25,156.3529411764706,157,155,154.7777777777778,152.9523809523809,148.5789473684211,146.6363636363636
155.7058823529412,155.5,157.1875,156.2941176470588,157,155,154.8333333333333,152.7142857142857,148.7894736842105,146.7272727272727
155.8235294117647,155.6666666666667,157.125,156.2352941176471,157,155,154.8888888888889,152.4761904761905,149,146.8181818181818
155.9411764705882,155.8333333333333,157.0625,156.1764705882353,157,155,154.9444444444445,152.2380952380952,149.0833333333333,146.9090909090909
156.0588235294118,156,157,156.1176470588235,157,155,155,152,149.1666666666667,147
156.1764705882353,156.1666666666667,157.0625,156.0588235294118,157,155,155.1052631578947,152.1,149.25,147.1428571428571
156.2941176470588,156.3333333333333,157.125,156,157,155,155.2105263157895,152.2,149.3333333333333,147.2857142857143
156.4117647058823,156.5,157.1875,155.8571428571429,157,155,155.3157894736842,152.3,149.4166666666667,147.4285714285714
156.5294117647059,156.6666666666667,157.25,155.7142857142857,156.9230769230769,155,155.421052631579,152.4,149.5,147.5714285714286
156.6470588235294,156.8333333333333,157.3125,155.5714285714286,156.8461538461538,155,155.5263157894737,152.5,149.5833333333333,147.7142857142857
156.764705882353,157,157.375,155.4285714285714,156.7692307692308,155,155.6315789473684,152.6,149.6666666666667,147.8571428571429
156.8823529411765,157.1,157.4375,155.2857142857143,156.6923076923077,155,155.7368421052632,152.7,149.75,148
157,157.2,157.5,155.1428571428572,156.6153846153846,155.0714285714286,155.8421052631579,152.8,149.8333333333333,148.1428571428571
157.3333333333333,157.3,157.5625,155,156.5384615384615,155.1428571428571,155.9473684210527,152.9,149.9166666666667,148.2857142857143
157.6666666666667,157.4,157.625,155.5,156.4615384615385,155.2142857142857,156.0526315789473,153,150,148.4285714285714
158,157.5,157.6875,156,156.3846153846154,155.2857142857143,156.1578947368421,152.9433962264151,149.8888888888889,148.5714285714286
158.3333333333333,157.6,157.75,156.5,156.3076923076923,155.3571428571429,156.2631578947368,152.8867924528302,149.7777777777778,148.7142857142857
158.6666666666667,157.7,157.8125,157,156.2307692307692,155.4285714285714,156.3684210526316,152.8301886792453,149.6666666666667,148.8571428571429
159,157.8,157.875,157.5,156.1538461538462,155.5,156.4736842105263,152.7735849056604,149.5555555555556,149
159.3333333333333,157.9,157.9375,158,156.0769230769231,155.5714285714286,156.578947368421,152.7169811320754,149.4444444444445,149.1111111111111
159.6666666666667,158,158,158.5,156,155.6428571428571,156.6842105263158,152.6603773584906,149.3333333333333,149.2222222222222
160,158.0285714285714,158.2727272727273,159,155.9090909090909,155.7142857142857,156.7894736842105,152.6037735849056,149.2222222222222,149.3333333333333
160,158.0571428571428,158.5454545454546,159.5,155.8181818181818,155.7857142857143,156.8947368421053,152.5471698113207,149.1111111111111,149.4444444444445
160,158.0857142857143,158.8181818181818,160,155.7272727272727,155.8571428571428,157,152.4905660377358,149,149.5555555555555
160,158.1142857142857,159.0909090909091,160,155.6363636363636,155.9285714285714,157,152.4339622641509,149.0833333333333,149.6666666666667
160,158.1428571428571,159.3636363636364,160,155.5454545454545,156,157,152.377358490566,149.1666666666667,149.7777777777778
160,158.1714285714285,159.6363636363636,160,155.4545454545454,156.1052631578948,157,152.3207547169811,149.25,149.8888888888889
160,158.2,159.9090909090909,160,155.3636363636363,156.2105263157895,157,152.2641509433962,149.3333333333333,150
160,158.2285714285714,160.1818181818182,160,155.2727272727272,156.3157894736842,157,152.4179104477611,149.4166666666667,150
160,158.2888888888888,160.4545454545455,160,155.8124999999999,156.421052631579,157,152.6417910447761,149.5,150
160,158.4444444444444,160.7272727272727,160,156.5624999999999,156.5263157894737,157,152.865671641791,149.5833333333333,150
160,158.6,161,160,157.3124999999999,156.6315789473684,157,153.0895522388059,149.6666666666667,150
160,158.7555555555555,160.9375,160,158.0624999999999,156.7368421052632,157,153.3134328358208,149.75,150
160,158.9111111111111,160.875,160,158.4,156.8421052631579,157,153.5373134328358,149.8333333333333,150
160,159.0666666666666,160.8125,160,158.6,156.9473684210527,157,153.7611940298507,149.9166666666667,150
160,159.2222222222222,160.75,160,158.8,157.0526315789474,157,153.9850746268656,150,150
160,159.3777777777777,160.6875,160,159,157.1578947368421,157,154.2089552238806,150,150
160,159.5333333333333,160.625,160,158.9444444444444,157.2631578947368,157,154.3913073883702,150,150
160,159.6888888888889,160.5625,160,158.8888888888889,157.3684210526316,157,154.5069408021259,150,150.1489361702128
160,159.8444444444444,160.5,160,158.8333333333333,157.4736842105263,157,154.6225742158816,150,150.2978723404255
160,160,160.4375,160,158.7777777777778,157.578947368421,157,154.7382076296374,150,150.4468085106383
160,159.9375,160.375,160,158.7222222222222,157.6842105263158,157,154.8538410433931,150,150.595744680851
160,159.875,160.3125,159.952380952381,158.6666666666667,157.7894736842105,157.0909090909091,154.9694744571488,150,150.7446808510638
160,159.8125,160.25,159.9047619047619,158.6111111111111,157.8947368421053,157.1818181818182,155.0851078709046,150,150.8936170212766
160,159.75,160.1875,159.8571428571429,158.5555555555555,158,157.2727272727273,155.2007412846603,150,151.0425531914893
160,159.6875,160.125,159.8095238095238,158.5,158,157.3636363636364,155.316374698416,150.375,151.1914893617021
160.0909090909091,159.625,160.0625,159.7619047619048,158.4444444444445,158,157.4545454545454,155.4320081121717,150.75,151.3404255319148
160.1818181818182,159.5625,160,159.7142857142857,158.3888888888889,158,157.5454545454546,155.5476415259274,151.125,151.4893617021276
160.2727272727273,159.5,160,159.6666666666667,158.3333333333333,158,157.6363636363636,155.6632749396831,151.5,151.6382978723404
160.3636363636364,159.4375,160,159.6190476190476,158.2777777777778,158,157.7272727272727,155.6538461538461,151.875,151.7555555555555
160.4545454545454,159.375,160,159.5714285714286,158.2222222222222,158,157.8181818181818,155.2692307692307,152.25,151.7777777777777
160.5454545454546,159.3125,160,159.5238095238095,158.1666666666667,158,157.9090909090909,154.8846153846153,152.625,151.8
160.6363636363636,159.25,160,159.4761904761905,158.1111111111111,158,158,154.4999999999999,153,151.8222222222222
160.7272727272727,159.1875,160,159.4285714285714,158.0555555555556,158,158,154.1153846153846,153.4814814814815,151.8444444444444
160.8181818181818,159.125,160,159.3809523809524,158,158,158,153.7307692307692,153.9629629629629,151.8666666666666
160.9090909090909,159.0625,160,159.3333333333333,157.9444444444445,158,158,153.3461538461538,154.4444444444444,151.8888888888889
161,159,160,159.2857142857143,157.8888888888889,158,158,153.2499999999999,154.9259259259259,151.9111111111111
160.9166666666667,159,160,159.2380952380952,157.8333333333333,158,158,153.2499999999999,155.4074074074074,151.9333333333333
160.8333333333333,159,160,159.1904761904762,157.7777777777778,158,158,153.2499999999999,155.8888888888888,151.9555555555555
160.75,159,160.0810810810811,159.1428571428571,157.7222222222222,158,158,153.2499999999999,156.0454545454545,151.9777777777778
160.6666666666667,159,160.1621621621622,159.0952380952381,157.6666666666667,158,158,153.2499999999999,155.2272727272727,152
160.5833333333333,159,160.2432432432432,159.047619047619,157.6111111111111,158,158,153.2499999999999,154.4090909090908,152.0909090909091
160.5,159,160.3243243243243,159,157.5555555555555,158,158,153.3448275862069,153.590909090909,152.1818181818182
160.4166666666667,159,160.4054054054054,158.9545454545455,157.5,158,158,153.7241379310344,152.7727272727272,152.2727272727273
160.3333333333333,159,160.4864864864865,158.9090909090909,157.4444444444445,158,158,154.103448275862,151.9545454545454,152.3636363636363
160.25,159,160.5675675675675,158.8636363636363,157.3888888888889,157.9259259259259,158,154.4827586206896,152.2857142857142,152.4545454545454
160.1666666666667,159,160.6486486486486,158.8181818181818,157.3333333333333,157.8518518518518,158,154.8620689655172,152.9999999999999,152.5454545454546
160.0833333333333,159,160.7297297297297,158.7727272727273,157.2777777777778,157.7777777777778,158,155.2413793103448,153.7142857142857,152.6363636363636
160,159.1333333333334,160.6315789473684,158.7272727272727,157.2222222222222,157.7037037037037,158,155.6206896551724,154.2807017543859,152.7272727272727
160.0666666666667,159.2666666666667,160.4736842105263,158.6818181818182,157.1666666666667,157.6296296296296,158,156,154.4035087719298,152.8181818181818
160.1333333333334,159.4,160.3157894736842,158.6363636363636,157.1111111111111,157.5555555555555,158,156,154.5263157894736,152.9090909090909
160.2,159.5333333333333,160.1578947368421,158.5909090909091,157.0555555555555,157.4814814814815,158,156,154.6491228070175,153
160.2666666666667,159.6666666666667,160,158.5454545454545,157,157.4074074074074,158,156,154.7719298245614,153.0909090909091
160.3333333333333,159.8,159.9444444444444,158.5,157,157.3333333333333,158,156,154.8947368421052,153.1818181818182
160.4,159.9333333333333,159.8888888888889,158.4545454545454,157,157.2592592592592,158,156,155.0175438596491,153.2727272727273
160.4666666666667,160.0666666666667,159.8333333333333,158.4090909090909,157,157.1851851851852,158,156,155.140350877193,153.3636363636364
160.5333333333333,160.2,159.7777777777778,158.3636363636364,157,157.1111111111111,158,156,155.2631578947368,153.4545454545454
160.6,160.3333333333333,159.7222222222222,158.3181818181818,157,157.037037037037,158,156,155.3859649122807,153.5454545454546
160.6666666666667,160.4666666666667,159.6666666666667,158.2727272727273,157,156.962962962963,158,156,155.5087719298245,153.6363636363636
160.7333333333333,160.6,159.6111111111111,158.2272727272727,157,156.8888888888889,157.9444444444445,156.0769230769231,155.6315789473684,153.7272727272727
160.8,160.7333333333333,159.5555555555555,158.1818181818182,157,156.8148148148148,157.8888888888889,156.1538461538462,155.7543859649123,153.8181818181818
160.8666666666667,160.8666666666667,159.5,158.1363636363637,157,156.7407407407407,157.8333333333333,156.2307692307692,155.8771929824561,153.9090909090909
160.9333333333333,161,159.4444444444445,158.0909090909091,157,156.6666666666667,157.7777777777778,156.3076923076923,156,154
161,161,159.3888888888889,158.0454545454545,157,156.5925925925926,157.7222222222222,156.3846153846154,156.1,154.1111111111111
161,161,159.3333333333333,158,157,156.5185185185185,157.6666666666667,156.4615384615385,156.2,154.2222222222222
161,161,159.2777777777778,157.9230769230769,157,156.4444444444444,157.6111111111111,156.5384615384615,156.3,154.3333333333333
161,161,159.2222222222222,157.8461538461538,157,156.3703703703704,157.5555555555555,156.6153846153846,156.4,154.4444444444445
161,161,159.1666666666667,157.7692307692308,156.9285714285714,156.2962962962963,157.5,156.6923076923077,156.5,154.5555555555555
161,161,159.1111111111111,157.6923076923077,156.8571428571429,156.2222222222222,157.4444444444445,156.7692307692308,156.6,154.6666666666667
161,161,159.0555555555555,157.6153846153846,156.7857142857143,156.1481481481482,157.3888888888889,156.8461538461538,156.7,154.7777777777778
161,161,159,157.5384615384615,156.7142857142857,156.074074074074,157.3333333333333,156.9230769230769,156.8,154.8888888888889
161,161,158.9230769230769,157.4615384615385,156.6428571428571,156,157.2777777777778,157,156.9,155
161,161,158.8461538461538,157.3846153846154,156.5714285714286,156,157.2222222222222,156.9629629629629,157,155.5862068965517
161,161,158.7692307692308,157.3076923076923,156.5,156,157.1666666666667,156.9259259259259,156.7777777777778,156.1724137931034
161,161,158.6923076923077,157.2307692307692,156.4285714285714,156,157.1111111111111,156.8888888888889,156.5555555555555,156.7586206896552
161,161,158.6153846153846,157.1538461538462,156.3571428571429,156,157.0555555555555,156.8518518518518,156.3333333333333,157.3448275862069
161,161,158.5384615384615,157.0769230769231,156.2857142857143,156,157,156.8148148148148,156.1111111111111,157.9310344827586
161,161.0714285714286,158.4615384615385,157,156.2142857142857,156,156.9285714285714,156.7777777777777,155.8888888888889,158.5172413793103
161,161.1428571428571,158.3846153846154,157.0833333333333,156.1428571428571,156,156.8571428571429,156.6749999999999,155.6666666666667,159.103448275862
160.9285714285714,161.2142857142857,158.3076923076923,157.1666666666667,156.0714285714286,156,156.7857142857143,156.3749999999999,155.4444444444445,159.3684210526315
160.8571428571429,161.2857142857143,158.2307692307692,157.25,156,156,156.7142857142857,156.075,155.2222222222222,159.5263157894736
160.7857142857143,161.3571428571428,158.1538461538461,157.3333333333333,156.2,156,156.6428571428571,155.7749999999999,155,159.6842105263158
160.7142857142857,161.4285714285714,158.0769230769231,157.4166666666667,156.4,156,156.5714285714286,155.4749999999999,155.0857142857143,159.8421052631579
160.6428571428571,161.5,158,157.5,156.6,156,156.5,155.2249999999999,155.1714285714285,160
160.5714285714286,161.5714285714286,158,157.5833333333333,156.8,156,156.4285714285714,155.1249999999999,155.2571428571428,159.9333333333333
160.5,161.6428571428571,158,157.6666666666667,156.9148936170212,155.9523809523809,156.3571428571429,155.0249999999999,155.3428571428571,159.8666666666667
160.4285714285714,161.7142857142857,158,157.75,157.0042553191489,155.9047619047619,156.2857142857143,154.925,155.4285714285714,159.8
160.3571428571429,161.7857142857143,158,157.8333333333333,157.0936170212766,155.8571428571429,156.2142857142857,154.8249999999999,155.5142857142857,159.7333333333333
160.2857142857143,161.8571428571429,158,157.9166666666667,157.1829787234042,155.8095238095238,156.1428571428571,154.8333333333333,155.6,159.6666666666667
160.2142857142857,161.9285714285714,158,158,157.2054263565891,155.7619047619048,156.0714285714286,155.1666666666666,155.6857142857142,159.6
160.1428571428572,162,158,157.9545454545455,157.0271317829457,155.7142857142857,156,155.4999999999999,155.7857142857142,159.5333333333333
160.0714285714286,162.0666666666667,158,157.9090909090909,156.8488372093023,155.6666666666667,155.9333333333333,155.8333333333333,155.9285714285714,159.4666666666667
160,162.1333333333333,158,157.8636363636363,156.6705426356588,155.6190476190476,155.8666666666667,156.1666666666666,156.0714285714285,159.4
160.1428571428571,162.2,158,157.8181818181818,156.4922480620154,155.5714285714286,155.8,156.4999999999999,156.2142857142857,159.3333333333333
160.2857142857143,162.2666666666667,158,157.7727272727273,156.313953488372,155.5238095238095,155.7333333333333,156.7499999999999,156.3571428571428,159.2666666666667
160.4285714285714,162.3333333333333,158,157.7272727272727,156.1356589147286,155.4761904761905,155.6666666666667,156.7499999999999,156.4999999999999,159.2
160.5714285714286,162.4,158.0344827586207,157.6818181818182,155.9468085106382,155.4285714285714,155.6,156.7499999999999,156.6428571428571,159.1333333333333
160.7142857142857,162.4666666666667,158.0689655172414,157.6363636363636,155.7553191489361,155.3809523809524,155.5333333333333,156.7499999999999,156.7297297297297,159.0666666666667
160.8571428571428,162.5333333333333,158.103448275862,157.5909090909091,155.563829787234,155.3333333333333,155.4666666666667,156.7499999999999,156.6486486486486,159
161,162.6,158.1379310344827,157.5454545454546,155.3723404255318,155.2857142857143,155.4,156.7499999999999,156.5675675675675,158.8333333333333
161.1428571428572,162.6666666666667,158.1724137931034,157.5,155.1808510638297,155.2380952380952,155.3333333333333,156.7499999999999,156.4864864864865,158.6666666666667
161.2857142857143,162.7333333333333,158.2068965517241,157.4545454545454,154.9893617021276,155.1904761904762,155.2666666666667,156.7499999999999,156.4054054054054,158.5
161.4285714285714,162.8,158.2413793103448,157.4090909090909,154.7978723404255,155.1428571428572,155.2,156.7499999999999,156.3243243243243,158.3333333333333
161.5714285714286,162.8666666666667,158.4,157.3636363636364,154.6976744186046,155.0952380952381,155.1333333333333,156.7499999999999,156.2432432432432,158.1666666666667
161.7142857142857,162.9333333333333,158.6,157.3181818181818,154.6279069767442,155.0476190476191,155.0666666666667,156.975,156.1621621621621,158
161.8571428571428,163,158.8,157.2727272727273,154.5581395348837,155,155,157.275,156.0810810810811,157.8333333333333
162,163,159,157.2272727272727,154.4883720930232,154.952380952381,155,157.575,156,157.6666666666667
162.0666666666667,163,158.9285714285714,157.1818181818182,154.4186046511628,154.9047619047619,155,157.8749999999999,156.2,157.5
162.1333333333333,163,158.8571428571429,157.1363636363636,154.3488372093023,154.8571428571429,155,158.175,156.4,157.3333333333333
162.2,163,158.7857142857143,157.0909090909091,154.2790697674419,154.8095238095238,155,157.9999999999999,156.6,157.1666666666667
162.2666666666667,163,158.7142857142857,157.0454545454545,154.2093023255814,154.7619047619048,155,157.6666666666666,156.8,157
162.3333333333333,163,158.6428571428571,157,154.1395348837209,154.7142857142857,155,157.3333333333333,157,157.0769230769231
162.4,163,158.5714285714286,156.8,154.0697674418604,154.6666666666667,155,156.9999999999999,157.2,157.1538461538462
162.4666666666667,163,158.5,156.6,154,154.6190476190476,155,156.6666666666666,157.4,157.2307692307692
162.5333333333333,163,158.4285714285714,156.4,153.9180327868852,154.5714285714286,155,156.3333333333333,157.6,157.3076923076923
162.6,163,158.3571428571429,156.2,153.8360655737705,154.5238095238095,155,156.3199999999999,157.8,157.3846153846154
162.6666666666667,163,158.2857142857143,156,153.7540983606557,154.4761904761905,155,156.4133333333333,158,157.4615384615385
162.7333333333333,163,158.2142857142857,155.8,153.672131147541,154.4285714285714,155,156.5066666666666,158.0769230769231,157.5384615384615
162.8,163,158.1428571428571,155.6,153.5901639344262,154.3809523809524,155,156.6,158.1538461538461,157.6153846153846
162.8666666666667,162.6666666666667,158.0714285714286,155.4,153.5081967213115,154.3333333333333,155,156.6933333333333,158.2307692307692,157.6923076923077
162.9333333333333,162.3333333333333,158,155.2,153.4262295081967,154.2857142857143,155,156.7866666666666,158.3076923076923,157.7692307692308
163,162,158.0555555555555,155,153.3442622950819,154.2380952380952,155,156.88,158.3846153846154,157.8461538461538
163.1176470588235,161.6666666666667,158.1111111111111,154.8,153.2622950819672,154.1904761904762,155,156.9733333333333,158.4615384615385,157.9230769230769
163.235294117647,161.3333333333333,158.1666666666667,154.6,153.1803278688524,154.1428571428571,155,157.0666666666667,158.5384615384615,158
163.3529411764706,161,158.2222222222222,154.4,153.0983606557377,154.0952380952381,155,157.16,158.6153846153846,158.2142857142857
163.4705882352941,160.6666666666667,158.2777777777778,154.2,153.0163934426229,154.047619047619,155,157.2533333333333,158.6923076923077,158.4285714285714
163.5882352941177,160.3333333333333,158.3333333333333,154,152.9344262295081,154,154.9411764705882,157.3466666666666,158.7692307692308,158.6428571428571
163.7058823529412,160,158.3888888888889,153.8,152.8524590163934,153.9375,154.8823529411765,157.44,158.8461538461538,158.8571428571429
163.8235294117647,159.875,158.4444444444445,153.6,152.7704918032786,153.875,154.8235294117647,157.5333333333333,158.9230769230769,159.0714285714286
163.9411764705882,159.75,158.5,153.4,152.7142857142857,153.8125,154.7647058823529,157.6266666666667,159,159.2857142857143
164.0588235294118,159.625,158.5555555555555,153.2,152.6666666666666,153.75,154.7058823529412,157.72,159.1515151515151,159.5
164.1764705882353,159.5,158.6111111111111,153,152.6190476190476,153.6875,154.6470588235294,157.8133333333333,159.3030303030303,159.7142857142857
164.2941176470588,159.375,158.6666666666667,153.2,152.5714285714285,153.625,154.5882352941177,157.9066666666667,159.4545454545454,159.9285714285714
164.4117647058824,159.25,158.7222222222222,153.4,152.5238095238095,153.5625,154.5294117647059,158,159.6060606060606,160.1428571428571
164.5294117647059,159.125,158.7777777777778,153.6,152.4761904761904,153.5,154.4705882352941,158.12,159.7575757575757,160.3571428571429
164.6470588235294,159,158.8333333333333,153.8,152.4285714285714,153.4375,154.4117647058823,158.24,159.9090909090909,160.5714285714286
164.764705882353,159.2727272727273,158.8888888888889,154,152.3809523809524,153.375,154.3529411764706,158.36,160.060606060606,160.7857142857143
164.8823529411765,159.5454545454546,158.9444444444445,154.2,152.3333333333333,153.3125,154.2941176470588,158.48,160.2121212121212,161
165,159.8181818181818,159,154.4,152.2857142857143,153.25,154.235294117647,158.6,160.1290322580645,161.1428571428571
165.2857142857143,160.0909090909091,158.8823529411765,154.6,152.2380952380952,153.1875,154.1764705882353,158.7199999999999,159.9677419354838,161.2857142857143
165.5714285714286,160.3636363636364,158.7647058823529,154.8,152.1904761904762,153.125,154.1176470588235,158.3749999999999,159.8064516129032,161.4285714285714
165.8571428571429,160.6363636363636,158.6470588235294,155,152.1428571428571,153.0625,154.0588235294118,157.8749999999999,159.6451612903226,161.5714285714286
166.1428571428571,160.9090909090909,158.5294117647059,155,152.0952380952381,153,154,157.3749999999999,159.4838709677419,161.7142857142857
166.4285714285714,161.1818181818182,158.4117647058823,155,152.047619047619,153,153.8333333333333,156.8749999999999,159.3225806451613,161.8571428571428
166.7142857142857,161.4545454545455,158.2941176470588,155,152,153,153.6666666666667,156.3749999999999,159.1612903225806,161.9999999999999
167,161.7272727272727,158.1764705882353,155,152.0588235294118,153,153.5,155.9687499999999,159,162.1428571428571
166.8666666666667,162,158.0588235294118,155,152.1176470588235,153,153.3333333333333,155.5937499999999,158.9846153846154,162.2295081967213
166.7333333333333,161.9090909090909,157.9411764705882,155,152.1764705882353,153,153.1666666666667,155.2187499999999,158.9692307692308,162.1475409836065
166.6,161.8181818181818,157.9811032289628,155,152.235294117647,153,153,154.8437499999999,158.9538461538461,162.0655737704917
166.4666666666667,161.7272727272727,158.5253791585127,155,152.2941176470588,153,152.8333333333333,155.0499999999999,158.9384615384615,161.983606557377
166.3333333333333,161.6363636363636,159.0696550880626,155,152.3529411764706,153,152.6666666666667,155.4499999999999,158.9230769230769,161.9016393442623
166.2,161.5454545454545,159.6139310176125,155,152.4117647058824,153,152.5,155.85,158.9076923076923,161.8196721311475
166.0666666666667,161.4545454545454,159.6428571428571,155,152.4705882352941,153,152.3333333333333,156.2499999999999,158.8923076923077,161.7377049180328
165.9333333333333,161.3636363636364,159.4999999999999,155,152.5294117647059,153,152.1666666666667,156.6499999999999,158.876923076923,161.655737704918
165.8,161.2727272727273,159.3571428571428,155,152.5882352941177,153,152,156.6499999999999,158.8615384615384,161.5737704918033
165.6666666666667,161.1818181818182,157,154.9565217391304,152.6470588235294,153,152.1666666666667,156.5166666666666,158.8461538461538,161.4918032786885
165.5333333333333,161.0909090909091,156.5263157894737,154.9130434782609,152.7058823529412,153,152.3333333333333,156.3833333333333,158.8307692307692,161.4206693440428
165.4,161,156.0526315789473,154.8695652173913,152.7647058823529,153,152.5,156.2499999999999,158.8153846153846,161.3847389558233
165.2666666666667,160.9375,155.578947368421,154.8260869565217,152.8235294117647,153,152.6666666666667,156.1166666666666,158.8,161.3488085676037
165.1333333333333,160.875,155.1052631578947,154.7826086956522,152.8823529411765,153,152.8333333333333,155.9833333333333,158.7846153846153,161.3128781793842
165,160.8125,154.6470588235294,154.7391304347826,152.9411764705882,153,153,155.8499999999999,158.7692307692307,161.2769477911646
165.047619047619,160.75,154.235294117647,154.695652173913,153,152.9615384615385,153.1666666666667,155.7931034482758,158.7538461538461,161.4583333333333
165.0952380952381,160.6875,153.8235294117647,154.6521739130435,152.875,152.9230769230769,153.3333333333333,155.9655172413792,158.8235294117646,162.2916666666666
165.1428571428572,160.625,153.4117647058823,154.6086956521739,152.75,152.8846153846154,153.5,156.1379310344827,158.9215686274509,163.1249999999999
165.1904761904762,160.5625,153,154.5652173913044,152.625,152.8461538461538,153.6666666666667,156.3103448275862,159.0196078431372,163.8611111111111
165.2380952380952,160.5,153.1538461538462,154.5217391304348,152.5,152.8076923076923,153.8333333333333,156.4827586206897,159.1176470588235,164.3055555555555
165.2857142857143,160.4375,153.3076923076923,154.4782608695652,152.375,152.7692307692308,154,156.6551724137931,159.2156862745098,164.7499999999999
165.3333333333333,160.375,153.4615384615385,154.4347826086957,152.25,152.7307692307692,154.1666666666667,156.8275862068965,159.313725490196,165.1944444444444
165.3809523809524,160.3125,153.6153846153846,154.3913043478261,152.125,152.6923076923077,154.3333333333333,157,159.4117647058823,165.6388888888888
165.4285714285714,160.25,153.7692307692308,154.3478260869565,152,152.6538461538461,154.5,157.2121212121212,159.5098039215686,165.4
165.4761904761905,160.1875,153.9230769230769,154.3043478260869,151.875,152.6153846153846,154.6666666666667,157.4242424242424,159.6078431372549,164.9333333333333
165.5238095238095,160.125,154.0769230769231,154.2608695652174,151.75,152.5769230769231,154.8333333333333,157.6363636363636,159.7058823529412,164.4666666666666
165.5714285714286,160.0625,154.2307692307692,154.2173913043478,151.625,152.5384615384615,155,157.8484848484848,159.8039215686275,164
165.6190476190476,160,154.3846153846154,154.1739130434783,151.5,152.5,154.9166666666667,158.060606060606,159.9019607843137,164.2222222222222
165.6666666666667,159.9019607843137,154.5384615384615,154.1304347826087,151.375,152.4615384615385,154.8333333333333,158.2727272727272,160,164.4444444444445
165.7142857142857,159.8039215686275,154.6923076923077,154.0869565217391,151.25,152.4230769230769,154.75,158.4848484848484,160,164.6666666666667
165.7619047619048,159.7058823529412,154.8461538461539,154.0434782608696,151.125,152.3846153846154,154.6666666666667,158.6969696969696,160,164.8888888888889
165.8095238095238,159.6078431372549,155,154,151,152.3461538461538,154.5833333333333,158.6634615384615,160,165.1111111111111
165.8571428571429,159.5098039215686,154.9090909090909,153.75,151.0588235294118,152.3076923076923,154.5,158.5480769230769,160,165.3333333333333
165.9047619047619,159.4117647058823,154.8181818181818,153.5,151.1176470588235,152.2692307692308,154.4166666666667,158.4326923076923,160,165.5555555555555
165.9523809523809,159.313725490196,154.7272727272727,153.25,151.1764705882353,152.2307692307692,154.3333333333333,158.3173076923076,160.2727272727273,165.7777777777778
166,159.2156862745098,154.6363636363636,153,151.2352941176471,152.1923076923077,154.25,158.201923076923,160.5454545454545,166
166,159.1176470588235,154.5454545454545,152.75,151.2941176470588,152.1538461538462,154.1666666666667,158.0865384615384,160.8181818181818,165.9411764705882
166,159.0196078431372,154.4545454545455,152.5,151.3529411764706,152.1153846153846,154.0833333333333,157.9711538461538,161.0909090909091,165.8823529411765
166,158.9215686274509,154.3636363636364,152.25,151.4117647058823,152.0769230769231,154,157.8557692307692,161.3636363636363,165.8235294117647
166,158.8235294117646,154.2727272727273,152,151.4705882352941,152.0384615384615,153.9473684210526,157.7403846153846,161.6363636363636,165.7647058823529
166,158.7999999999999,154.1818181818182,150.8,151.5294117647059,152,153.8947368421053,157.6249999999999,161.9090909090909,165.7058823529412
166,159,154.0909090909091,149.6,151.5882352941177,151.9411764705882,153.8421052631579,157.5096153846153,162.1818181818181,165.6470588235294
166,159.2,154,148.4,151.6470588235294,151.8823529411765,153.7894736842105,157.3942307692307,162.2727272727272,165.5882352941177
166,159.3999999999999,153.9268292682927,147.2,151.7058823529412,151.8235294117647,153.7368421052632,157.2788461538461,162.3030303030303,165.5294117647059
166,159.6,153.8536585365854,146,151.7647058823529,151.7647058823529,153.6842105263158,157.3275862068965,162.3333333333333,165.4705882352941
166,159.8,153.780487804878,147.6,151.8235294117647,151.7058823529412,153.6315789473684,157.4310344827585,162.3636363636363,165.4117647058823
166,160,153.7073170731707,149.2,151.8823529411765,151.6470588235294,153.578947368421,157.5344827586206,162.3939393939393,165.3529411764706
166,160.2,153.6341463414634,150.8,151.9411764705882,151.5882352941177,153.5263157894737,157.6379310344827,162.4242424242424,165.2941176470588
166,160.4,153.5609756097561,152.4,152,151.5294117647059,153.4736842105263,157.7413793103448,162.4545454545454,165.2352941176471
166,160.6,153.4878048780488,154,151.9285714285714,151.4705882352941,153.421052631579,157.8448275862068,162.4848484848484,165.1764705882353
166,160.8,153.4146341463415,153.9333333333333,151.8571428571429,151.4117647058823,153.3684210526316,157.9482758620689,162.5151515151515,165.1176470588235
166,161,153.3414634146341,153.8666666666667,151.7857142857143,151.3529411764706,153.3157894736842,158.051724137931,162.5454545454545,165.0588235294118
166,161.047619047619,153.2682926829268,153.8,151.7142857142857,151.2941176470588,153.2631578947368,158.1551724137931,162.5757575757575,165
166,161.0952380952381,153.3023255813953,153.7333333333333,151.6428571428571,151.2352941176471,153.2105263157895,158.2586206896551,162.6060606060606,165.1333333333334
166,161.1428571428571,153.3720930232558,153.6666666666667,151.5714285714286,151.1764705882353,153.1578947368421,158.3620689655172,162.6363636363636,165.2666666666667
166,161.1904761904762,153.4418604651163,153.6,151.5,151.1176470588235,153.1052631578947,158.4655172413792,162.6666666666666,165.4
166,161.2380952380952,153.5116279069767,153.5333333333333,151.4285714285714,151.0588235294118,153.0526315789474,158.5689655172413,162.6969696969697,165.5333333333333
166,161.2857142857143,153.5813953488372,153.4666666666667,151.3571428571429,151,153,158.6724137931034,162.7272727272727,165.6666666666667
166,161.3333333333333,153.6511627906977,153.4,151.2857142857143,150.9473684210526,152.875,158.7124999999999,162.7575757575758,165.8
166,161.3809523809524,153.7209302325581,153.3333333333333,151.2142857142857,150.8947368421053,152.75,158.5624999999999,162.7878787878788,165.9333333333333
166,161.4285714285714,153.7906976744186,153.2666666666667,151.1428571428571,150.8421052631579,152.625,158.4124999999999,162.8181818181818,166.0666666666667
166,161.4761904761905,153.8604651162791,153.2,151.0714285714286,150.7894736842105,152.5,158.2625,162.8484848484848,166.2
166,161.5238095238095,153.9302325581395,153.1333333333333,151,150.7368421052632,152.375,158.1124999999999,162.8787878787879,166.3333333333333
166,161.5714285714286,154,153.0666666666667,150.9787234042553,150.6842105263158,152.25,157.9624999999999,162.9090909090909,166.4666666666667
166,161.6190476190476,154.1538461538462,153,150.9574468085106,150.6315789473684,152.125,157.8124999999999,162.9393939393939,166.6
166,161.6666666666667,154.3076923076923,153.0714285714286,150.936170212766,150.578947368421,152,157.6624999999999,162.969696969697,166.7333333333333
166,161.7142857142857,154.4615384615385,153.1428571428571,150.9148936170213,150.5263157894737,151.875,157.5125,163,166.8666666666667
166,161.7619047619048,154.6153846153846,153.2142857142857,150.8936170212766,150.4736842105263,151.75,157.3625,163.1034482758621,167
166.0666666666667,161.8095238095238,154.7692307692308,153.2857142857143,150.8723404255319,150.421052631579,151.625,157.2749999999999,163.2068965517241,167.0588235294118
166.1333333333333,161.8571428571429,154.9230769230769,153.3571428571429,150.8510638297872,150.3684210526316,151.5,157.3749999999999,163.3103448275862,167.1176470588235
166.2,161.9047619047619,155.0769230769231,153.4285714285714,150.8297872340426,150.3157894736842,151.375,157.475,163.4137931034483,167.1764705882353
166.2666666666667,161.9523809523809,155.2307692307692,153.5,150.8085106382979,150.2631578947368,151.25,157.5749999999999,163.5172413793103,167.2352941176471
166.3333333333333,162,155.3846153846154,153.5714285714286,150.7872340425532,150.2105263157895,151.125,157.675,163.6206896551724,167.2941176470588
166.4,161.9565217391304,155.5384615384615,153.6428571428571,150.7659574468085,150.1578947368421,151,157.8181818181818,163.7241379310344,167.3529411764706
166.4666666666667,161.9130434782609,155.6923076923077,153.7142857142857,150.7446808510638,150.1052631578947,151.0322580645161,158.0909090909091,163.8275862068965,167.4117647058824
166.5333333333333,161.8695652173913,155.8461538461538,153.7857142857143,150.7234042553191,150.0526315789474,151.0645161290323,158.3636363636363,163.9310344827586,167.4705882352941
166.6,161.8260869565217,156,153.8571428571429,150.7021276595745,150,151.0967741935484,158.6363636363636,164.0344827586207,167.5294117647059
166.6666666666667,161.7826086956522,156.2,153.9285714285714,150.6808510638298,149.9761904761905,151.1290322580645,158.9090909090909,164.1379310344827,167.5882352941177
166.7333333333333,161.7391304347826,156.4,154,150.6595744680851,149.952380952381,151.1612903225807,159.1818181818182,164.2413793103448,167.6470588235294
166.8,161.6956521739131,156.6,153.9166666666667,150.6382978723404,149.9285714285714,151.1935483870968,159.4545454545454,164.3448275862069,167.7058823529412
166.8666666666667,161.6521739130435,156.8,153.8333333333333,150.6170212765958,149.9047619047619,151.2258064516129,159.7272727272727,164.4482758620689,167.7647058823529
166.9333333333333,161.6086956521739,157,153.75,150.5957446808511,149.8809523809524,151.258064516129,160,164.551724137931,167.8235294117647
167,161.5652173913044,157.2,153.6666666666667,150.5744680851064,149.8571428571429,151.2903225806452,160.0549450549451,164.6551724137931,167.8823529411765
167,161.5217391304348,157.4,153.5833333333333,150.5531914893617,149.8333333333333,151.3225806451613,160.1098901098901,164.7586206896551,167.9411764705882
167,161.4782608695652,157.6,153.5,150.531914893617,149.8095238095238,151.3548387096774,160.1648351648352,164.8620689655172,168
167,161.4347826086957,157.8,153.4166666666667,150.5106382978723,149.7857142857143,151.3870967741935,160.2197802197802,164.9655172413792,168.0909090909091
167,161.3913043478261,158,153.3333333333333,150.4893617021277,149.7619047619048,151.4193548387097,160.2747252747253,165.0689655172413,168.1818181818182
167,161.3478260869565,157.9189189189189,153.25,150.468085106383,149.7380952380952,151.4516129032258,160.3296703296703,165.1724137931034,168.2727272727273
167,161.304347826087,157.8378378378378,153.1666666666667,150.4468085106383,149.7142857142857,151.483870967742,160.3846153846154,165.2578124999999,168.3636363636364
167,161.2608695652174,157.7567567567567,153.0833333333333,150.4255319148936,149.6904761904762,151.516129032258,160.4395604395604,165.2890624999999,168.4545454545454
167,161.2173913043478,157.6756756756757,153,150.4042553191489,149.6666666666667,151.5483870967742,160.4945054945055,165.3203124999999,168.5454545454546
167,161.1739130434783,157.5945945945946,153.4444444444445,150.3829787234043,149.6428571428571,151.5806451612903,160.5494505494505,165.3515624999999,168.6363636363636
167,161.1304347826087,157.5135135135135,153.8888888888889,150.3617021276596,149.6190476190476,151.6129032258065,160.6043956043956,165.3828124999999,168.7272727272727
167,161.0869565217391,157.4324324324324,154.3333333333333,150.3404255319149,149.5952380952381,151.6451612903226,160.6593406593406,165.4140624999999,168.8181818181818
167,161.0434782608696,157.3513513513513,154.7777777777778,150.3191489361702,149.5714285714286,151.6774193548387,160.7142857142857,165.4453124999999,168.9090909090909
167,161,157.2702702702702,155.2222222222222,150.2978723404255,149.5476190476191,151.7096774193548,160.7692307692307,165.4765624999999,169
167,161.1794871794872,157.1538461538461,155.6666666666667,150.2765957446809,149.5238095238095,151.741935483871,160.8241758241758,165.5078124999999,169.0833333333333
167,161.3589743589744,157.025641025641,156.1111111111111,150.2553191489362,149.5,151.7741935483871,160.8791208791208,165.5390624999999,169.1666666666667
166.75,161.5384615384615,156.8974358974359,156.5555555555555,150.2340425531915,149.4761904761905,151.8064516129032,160.9340659340659,165.5703124999999,169.25
166.5,161.7179487179487,156.7692307692307,157,150.2127659574468,149.452380952381,151.8387096774194,160.9890109890109,165.6015624999999,169.3333333333333
166.25,161.8974358974359,156.6410256410256,156.6666666666667,150.1914893617021,149.4285714285714,151.8709677419355,161.043956043956,165.6328124999999,169.4166666666667
166,162.076923076923,156.5128205128205,156.3333333333333,150.1702127659574,149.4047619047619,151.9032258064516,161.098901098901,165.6640624999999,169.5
165.75,162.2564102564102,156.3846153846154,156,150.1489361702128,149.3809523809524,151.9354838709677,161.1538461538461,165.6953124999999,169.5833333333333
165.5,162.4358974358974,156.2564102564102,155.6666666666667,150.1276595744681,149.3571428571429,151.9677419354839,161.2087912087912,165.7265624999999,169.6666666666667
165.25,162.6153846153846,156.1282051282051,155.3333333333333,150.1063829787234,149.3333333333333,152,161.2187499999999,165.7777777777777,169.75
165,162.7105263157894,156,155,150.0851063829787,149.3095238095238,151.9666666666667,161.0937499999999,165.8888888888888,169.8333333333333
164.75,162.5526315789473,156.4074074074074,154.6666666666667,150.063829787234,149.2857142857143,151.9333333333333,160.9687499999999,165.9999999999999,169.9166666666667
164.5,162.3947368421052,156.8148148148148,154.3333333333333,150.0425531914894,149.2619047619048,151.9,160.8437499999999,166.1111111111111,170
164.25,162.2368421052631,157.2222222222222,154,150.0212765957447,149.2380952380952,151.8666666666667,160.7187499999999,166.2222222222222,169.9090909090909
164,162.078947368421,157.6296296296296,153.6666666666667,150,149.2142857142857,151.8333333333333,160.5937499999999,166.3333333333333,169.8181818181818
164.1428571428571,161.9210526315789,158.037037037037,153.3333333333333,150.0416666666667,149.1904761904762,151.8,160.4687499999999,166.4444444444444,169.7272727272727
164.2857142857143,161.7631578947368,158.4444444444444,153,150.0833333333333,149.1666666666667,151.7666666666667,160.3437499999999,166.5555555555555,169.6363636363636
164.4285714285714,161.6052631578947,158.7878787878787,153.0555555555555,150.125,149.1428571428571,151.7333333333333,160.2999999999999,166.6666666666667,169.5454545454545
164.5714285714286,161.4473684210526,158.9393939393939,153.1111111111111,150.1666666666667,149.1190476190476,151.7,160.4999999999999,166.7777777777778,169.4545454545454
164.7142857142857,161.2894736842105,159.090909090909,153.1666666666667,150.2083333333333,149.0952380952381,151.6666666666667,160.6999999999999,166.8888888888889,169.3636363636364
164.8571428571428,161.3999999999999,159.2424242424242,153.2222222222222,150.25,149.0714285714286,151.6333333333333,160.8999999999999,167,169.2727272727273
165,161.5999999999999,159.3939393939394,153.2777777777778,150.2916666666667,149.047619047619,151.6,161.0999999999999,166.9230769230769,169.1818181818182
165.1428571428571,161.7999999999999,159.5454545454545,153.3333333333333,150.3333333333333,149.0238095238095,151.5666666666667,161.3,166.8461538461538,169.0909090909091
165.2857142857143,162,159.6969696969697,153.3888888888889,150.375,149,151.5333333333333,161.4999999999999,166.7692307692307,169
165.4285714285714,162.2,159.8484848484848,153.4444444444445,150.4166666666667,149.0909090909091,151.5,161.6999999999999,166.6923076923077,169.1333333333334
165.5714285714286,162.4,160,153.5,150.4583333333333,149.1818181818182,151.4666666666667,161.8999999999999,166.6153846153846,169.2666666666667
165.7142857142857,162.6,159.8181818181818,153.5555555555555,150.5,149.2727272727273,151.4333333333333,162.0999999999999,166.5384615384615,169.4
165.8571428571428,162.8,159.6363636363636,153.6111111111111,150.5416666666667,149.3636363636364,151.4,162.3,166.4615384615385,169.5333333333333
166,163,159.4545454545455,153.6666666666667,150.5833333333333,149.4545454545455,151.3666666666667,162.4999999999999,166.3846153846154,169.6666666666667
166,163.2,159.2727272727273,153.7222222222222,150.625,149.5454545454545,151.3333333333333,162.7,166.3076923076923,169.8
166,163.4,159.0909090909091,153.7777777777778,150.6666666666667,149.6363636363636,151.3,162.8999999999999,166.2307692307692,169.9333333333333
166,163.6,158.9090909090909,153.8333333333333,150.7083333333333,149.7272727272727,151.2666666666667,163.1,166.1538461538462,170.0666666666667
166,163.8,158.7272727272727,153.8888888888889,150.75,149.8181818181818,151.2333333333333,163.2439024390243,166.0769230769231,170.2
166,164,158.5454545454545,153.9444444444445,150.7916666666667,149.9090909090909,151.2,163.2195121951219,166,170.3333333333333
166,164.2,158.3636363636364,154,150.8333333333333,150,151.1666666666667,163.1951219512195,165.9375,170.4666666666667
166,164.4,158.1818181818182,154.125,150.875,150.0909090909091,151.1333333333333,163.170731707317,165.875,170.6
166,164.6,158,154.25,150.9166666666667,150.1818181818182,151.1,163.1463414634146,165.8125,170.7333333333333
166,164.8,158.1111111111111,154.375,150.9583333333333,150.2727272727273,151.0666666666667,163.1219512195122,165.75,170.8666666666666
166,165,158.2222222222222,154.5,151,150.3636363636364,151.0333333333333,163.0975609756097,165.6875,171
166,165.1851851851852,158.3333333333333,154.625,151.1428571428571,150.4545454545455,151,163.0731707317073,165.625,170.8965517241379
166,165.3703703703704,158.4444444444445,154.75,151.2857142857143,150.5454545454545,151.1578947368421,163.0487804878049,165.5625,170.7931034482758
165.9285714285714,165.5555555555555,158.5555555555555,154.875,151.4285714285714,150.6363636363636,151.3157894736842,163.0243902439024,165.5,170.6896551724138
165.8571428571429,165.7407407407407,158.6666666666667,155,151.5714285714286,150.7272727272727,151.4736842105263,163,165.4375,170.5862068965517
165.7857142857143,165.9259259259259,158.7777777777778,155.125,151.7142857142857,150.8181818181818,151.6315789473684,162.7317073170732,165.375,170.4827586206896
165.7142857142857,166.1111111111111,158.8888888888889,155.25,151.8571428571428,150.9090909090909,151.7894736842105,162.4634146341463,165.3125,170.3793103448275
165.6428571428572,166.1999999999999,159,155.375,152,151,151.9473684210526,162.1951219512195,165.25,170.2758620689655
165.5714285714286,166,159.1111111111111,155.5,152.1428571428571,151.0833333333333,152.1052631578947,161.9268292682927,165.1875,170.3478260869565
165.5,165.8,159.2222222222222,155.625,152.2857142857143,151.1666666666667,152.2631578947368,161.6585365853658,165.125,170.4782608695652
165.4285714285714,165.6,159.3333333333333,155.75,152.4285714285714,151.25,152.421052631579,161.390243902439,165.0625,170.6086956521739
165.3571428571429,165.4,159.4444444444445,155.875,152.5714285714285,151.3333333333333,152.578947368421,161.1219512195121,165,170.7391304347826
165.2857142857143,165.2,159.5555555555555,156,152.7142857142857,151.4166666666667,152.7368421052632,160.8536585365853,165.0588235294117,170.8695652173913
165.2142857142857,165,159.6666666666667,156.1666666666667,152.8571428571428,151.5,152.8947368421053,160.5853658536585,165.1176470588235,171
165.1428571428571,164.8947368421053,159.7777777777778,156.3333333333333,152.9999999999999,151.5833333333333,153.0526315789474,160.3170731707316,165.1764705882353,171.0819672131148
165.0714285714286,164.7894736842105,159.8888888888889,156.5,153.1428571428571,151.6666666666667,153.2105263157895,160.3863636363636,165.235294117647,171.1639344262295
165,164.6842105263158,160,156.6666666666667,153.2456140350876,151.75,153.3684210526316,160.5681818181818,165.2941176470588,171.2459016393443
165,164.578947368421,160.12,156.8333333333333,153.2280701754385,151.8333333333333,153.5263157894737,160.7499999999999,165.3529411764706,171.327868852459
165,164.4736842105263,160.24,157,153.2105263157894,151.9166666666667,153.6842105263158,160.9318181818181,165.4117647058823,171.4098360655738
165,164.3684210526316,160.36,155.8,153.1929824561403,152,153.8421052631579,161.1136363636363,165.4705882352941,171.4918032786885
165,164.2631578947368,160.48,154.6,153.1754385964912,152.0181818181818,154,161.2954545454545,165.5294117647059,171.5737704918033
165,164.1578947368421,160.6,153.4,153.1578947368421,152.0363636363636,154.3,161.4772727272727,165.5882352941177,171.655737704918
165,164.0526315789473,160.7199999999999,152.2,153.1403508771929,152.0545454545455,154.6,161.6590909090908,165.6470588235294,171.7377049180328
165,163.9473684210526,160.7118644067796,151,153.1228070175438,152.0727272727273,154.9,161.840909090909,165.7058823529412,171.8196721311475
165,163.8421052631579,160.6610169491525,150.8,153.1052631578947,152.0909090909091,155.2,162.0227272727272,165.764705882353,171.9016393442623
165,163.7368421052632,160.6101694915254,150.6,153.0877192982456,152.1090909090909,155.5,162.2045454545454,165.8235294117647,171.983606557377
165,163.6315789473684,160.5593220338983,150.4,153.0701754385965,152.1272727272727,155.8,162.2499999999999,165.8823529411765,172.0655737704918
165,163.5263157894737,160.5084745762711,150.2,153.0526315789474,152.1454545454545,156.1,162.2499999999999,165.9411764705882,172.1475409836065
165,163.421052631579,160.457627118644,150,153.0350877192982,152.1636363636363,156.4,162.2499999999999,166,172.2295081967212
165,163.3157894736842,160.4067796610169,151.3333333333333,153.0175438596491,152.1818181818181,156.7,162.2499999999999,166.1475409836066,170.7499999999999
165,163.2105263157895,160.3559322033898,152.6666666666667,153,152.1999999999999,157,162.2499999999999,166.2950819672131,168.7499999999999
165,163.1052631578947,160.3050847457627,154,152.9473684210526,152.2181818181818,157.1034482758621,162.4999999999999,166.4426229508197,167.2954545454545
165,163,160.2542372881356,155.3333333333333,152.8947368421053,152.2363636363636,157.2068965517241,162.8333333333333,166.5901639344262,167.4772727272727
164.9,162.9019607843137,160.2033898305085,156.6666666666667,152.8421052631579,152.2972972972973,157.3103448275862,163.1666666666666,166.7377049180328,167.6590909090908
164.8,162.8039215686274,160.1525423728814,158,152.7894736842105,152.4864864864864,157.4137931034483,163.4999999999999,166.8852459016393,167.840909090909
164.7,162.7058823529412,160.1016949152542,157.9473684210527,152.7368421052632,152.6756756756756,157.5172413793103,163.8499999999999,167.0327868852459,168.0227272727272
164.6,162.6078431372549,160.0508474576271,157.8947368421053,152.6842105263158,152.8648648648648,157.6206896551724,164.2499999999999,167.1803278688524,168.2045454545454
164.5,162.5098039215686,160,157.8421052631579,152.6315789473684,153.054054054054,157.7241379310344,164.6499999999999,167.327868852459,168.3863636363636
164.4,162.4117647058823,160.1875,157.7894736842105,152.578947368421,153.2432432432432,156.8749999999999,165.05,167.4754098360656,168.5681818181818
164.3,162.313725490196,160.375,157.7368421052632,152.5263157894737,153.4324324324324,155.7083333333333,165.45,167.6229508196721,168.7499999999999
164.2,162.2156862745098,160.5625,157.6842105263158,152.4736842105263,153.6216216216216,154.5416666666666,165.7205882352941,167.7704918032786,168.9318181818181
164.1,162.1176470588235,160.75,157.6315789473684,152.421052631579,153.8108108108108,154,165.6029411764705,167.9180327868852,169.1136363636363
164,162.0196078431372,160.9375,157.578947368421,152.3684210526316,154,153.6666666666666,165.485294117647,168.0655737704917,169.3026315789473
163.9,161.9215686274509,161.125,157.5263157894737,152.3157894736842,154.1,153.3333333333333,165.3676470588235,168.2131147540983,169.5131578947368
163.8,161.8235294117647,161.3125,157.4736842105263,152.2631578947368,154.2,153,165.2499999999999,168.1666666666666,169.7236842105263
163.7,161.7681159420289,161.5,157.421052631579,152.2105263157895,154.3,153.2222222222222,165.1323529411764,168.0555555555555,169.9342105263158
163.6,161.8405797101449,161.6875,157.3684210526316,152.1578947368421,154.4,153.4444444444445,165.0147058823529,167.9444444444444,170.1447368421052
163.5,161.9130434782608,161.875,157.3157894736842,152.1052631578947,154.5,153.6666666666667,164.8970588235294,167.8333333333333,170.3552631578947
163.4,161.9855072463768,162.0625,157.2631578947368,152.0526315789474,154.6,153.8888888888889,164.7794117647058,167.7222222222222,170.5657894736842
163.3,162.0579710144927,162.25,157.2105263157895,152,154.7,154.1111111111111,164.6999999999999,167.6111111111111,170.7763157894736
163.2,162.1304347826087,162.4375,157.1578947368421,152.1111111111111,154.8,154.3333333333333,164.6333333333333,167.4999999999999,170.9868421052631
163.1,162.2028985507246,162.625,157.1052631578947,152.2222222222222,154.9,154.5555555555555,164.5666666666666,167.3888888888888,171.1973684210526
163,162.2753623188406,162.8125,157.0526315789474,152.3333333333333,155,154.7777777777778,164.4999999999999,167.2777777777777,171.2799999999999
163.0833333333333,162.3478260869565,163,157,152.4444444444445,155.0769230769231,155,164.4333333333333,167.111111111111,171.3199999999999
163.1666666666667,162.4202898550724,162.9090909090909,157.1363636363637,152.5555555555555,155.1538461538461,155.2,164.3666666666666,166.9259259259259,171.36
163.25,162.4927536231884,162.8181818181818,157.2727272727273,152.6666666666667,155.2307692307692,155.4,164.3,166.7407407407407,171.3999999999999
163.3333333333333,162.5652173913043,162.7272727272727,157.4090909090909,152.7777777777778,155.3076923076923,155.6,164.3260869565217,166.5555555555555,171.4399999999999
163.4166666666667,162.6376811594203,162.6363636363636,157.5454545454545,152.8888888888889,155.3846153846154,155.8,164.6304347826086,166.3703703703704,171.48
163.5,162.7101449275362,162.5454545454545,157.6818181818182,153,155.4615384615385,156,164.9347826086956,166.1851851851852,171.52
163.5833333333333,162.7826086956522,162.4545454545454,157.8181818181818,153.8,155.5384615384615,156.2,165.2391304347826,166,171.56
163.6666666666667,162.8550724637681,162.3636363636363,157.9545454545455,154.6,155.6153846153846,156.4,165.5434782608695,166.6,171.6
163.75,162.9275362318841,162.2727272727272,158.0909090909091,155.4,155.6923076923077,156.6,165.8478260869565,167.2,171.64
163.8333333333333,163,161.9999999999999,158.2272727272727,156.2,155.7692307692308,156.8,165.9961742201294,167.8,171.68
163.9166666666667,163.1176470588235,161.6666666666666,158.3636363636363,157,155.8461538461538,157,166.0638610947616,168.3214285714285,171.72
164,163.235294117647,161.3333333333333,158.5,157.0588235294117,155.9230769230769,157.2,166.1315479693937,168.6071428571428,171.76
164.125,163.3529411764706,161,158.6363636363636,157.1176470588235,156,157.4,166.1992348440259,168.8928571428571,171.8
164.25,163.4705882352941,160.6666666666667,158.7727272727273,157.1764705882353,156.2222222222222,157.6,166.2291666666666,169.1785714285714,171.84
164.375,163.5882352941176,160.3333333333333,158.9090909090909,157.235294117647,156.4444444444444,157.8,166.1458333333333,169.0526315789473,171.88
164.5,163.7058823529412,160,159.0454545454545,157.2941176470588,156.6666666666667,158,166.0624999999999,168.7894736842105,171.92
164.625,163.8235294117647,160.3333333333333,159.1818181818182,157.3529411764706,156.8888888888889,157.8461538461538,165.9791666666666,168.5263157894737,171.96
164.75,163.9411764705882,160.6666666666667,159.3181818181818,157.4117647058824,157.1111111111111,157.6923076923077,165.8958333333333,168.2631578947368,172
164.875,164.0588235294118,161,159.4545454545454,157.4705882352941,157.3333333333333,157.5384615384615,165.8124999999999,168,172.2
165,164.1764705882353,161.3333333333333,159.5909090909091,157.5294117647059,157.5555555555555,157.3846153846154,165.7249999999999,167.6666666666667,172.4
165.125,164.2941176470588,161.6666666666667,159.7272727272727,157.5882352941176,157.7777777777778,157.2307692307692,165.6249999999999,167.3333333333333,172.6
165.25,164.4117647058823,162,159.8636363636364,157.6470588235294,158,157.0769230769231,165.525,167,172.8
165.375,164.5294117647059,162.28,160,157.7058823529412,157.9230769230769,156.9230769230769,165.425,166.6666666666667,173
165.5,164.6470588235294,162.56,160.0526315789474,157.7647058823529,157.8461538461538,156.7692307692308,165.3249999999999,166.3333333333333,173.2
165.625,164.764705882353,162.84,160.1052631578947,157.8235294117647,157.7692307692308,156.6153846153846,165.2888888888888,166,173.4
165.75,164.8823529411765,163.12,160.1578947368421,157.8823529411765,157.6923076923077,156.4615384615385,165.4444444444444,166.1162790697674,173.6
165.875,165,163.4,160.2105263157895,157.9411764705883,157.6153846153846,156.3076923076923,165.6,166.2325581395349,173.8
166,164.9333333333333,163.6799999999999,160.2631578947368,158,157.5384615384615,156.1538461538461,165.7555555555555,166.3488372093023,174
165.5,164.8666666666667,163.5312499999999,160.3157894736842,158.0714285714286,157.4615384615385,156,165.9111111111111,166.4651162790697,174.0555555555556
165,164.8,163.2395833333333,160.3684210526316,158.1428571428572,157.3846153846154,156.125,166.0666666666666,166.5813953488372,174.1111111111111
164.5,164.7333333333333,162.9479166666666,160.421052631579,158.2142857142857,157.3076923076923,156.25,166.2222222222222,166.6976744186046,174.1666666666667
164,164.6666666666667,162.65625,160.4736842105263,158.2857142857143,157.2307692307692,156.375,166.3777777777778,166.8139534883721,174.2222222222222
163.5,164.6,162.3645833333333,160.5263157894737,158.3571428571428,157.1538461538462,156.5,166.5333333333333,166.9302325581395,174.2777777777778
163,164.5333333333333,162.0729166666667,160.578947368421,158.4285714285714,157.0769230769231,156.625,166.6888888888889,167.0465116279069,174.3333333333333
162.5,164.4666666666667,162.28125,160.6315789473684,158.5,157,156.75,166.8444444444445,167.1627906976744,174.3888888888889
162,164.4,162.65625,160.6842105263158,158.5714285714286,156.6666666666667,156.875,167,167.35,174.4444444444445
161.5,164.3333333333333,163.03125,160.7368421052632,158.6428571428571,156.3333333333333,157,167.12,167.75,174.5
161,164.2666666666667,163.40625,160.7894736842105,158.7142857142857,156,157.125,167.24,168.1499999999999,174.5555555555555
161.2352941176471,164.2,163.7812499999999,160.8421052631579,158.7857142857143,155.6666666666666,157.25,167.36,168.55,174.6111111111111
161.4705882352941,164.1333333333333,164.1562499999999,160.8947368421053,158.8571428571429,155.3333333333333,157.375,167.48,168.9499999999999,174.6666666666667
161.7058823529412,164.0666666666667,163.8947368421052,160.9473684210526,158.9285714285714,154.9999999999999,157.5,167.6,169.3499999999999,174.7222222222222
161.9411764705882,164,163.4210526315789,161,159,154.7812499999999,157.625,167.7199999999999,169.7499999999999,174.7777777777778
162.1764705882353,163.9866666666667,162.9473684210526,161.08,159.0555555555555,154.9062499999999,157.75,167.9374999999999,170.1499999999999,174.8333333333333
162.4117647058823,163.9733333333333,162.4736842105263,161.16,159.1111111111111,155.0312499999999,157.875,168.1874999999999,170.2285714285714,174.8888888888889
162.6470588235294,163.96,162,161.24,159.1666666666667,155.1562499999999,158,168.4374999999999,170.2,174.9444444444445
162.8823529411765,163.9466666666667,162.1052631578947,161.32,159.2222222222222,155.2812499999999,158,168.6874999999999,170.1714285714285,175
163.1176470588235,163.9333333333333,162.2105263157895,161.4,159.2777777777778,155.4062499999999,158,168.9374999999999,170.1428571428571,174.8888888888889
163.3529411764706,163.92,162.3157894736842,161.48,159.3333333333333,155.5312499999999,158,169.1874999999999,170.1142857142857,174.7777777777778
163.5882352941177,163.9066666666666,162.4210526315789,161.56,159.3888888888889,155.6562499999999,158,169.1904761904761,170.0857142857143,174.6666666666667
163.8235294117647,163.8933333333333,162.5263157894737,161.64,159.4444444444445,155.9411764705882,158,169.111111111111,170.0571428571428,174.5555555555555
164.0588235294118,163.88,162.6315789473684,161.72,159.5,156.7058823529411,158,169.031746031746,170.0285714285714,174.4444444444445
164.2941176470588,163.8666666666666,162.7368421052632,161.8,159.5555555555555,157.4705882352941,158,168.9523809523809,170,174.3333333333333
164.5294117647059,163.8533333333333,162.8421052631579,161.88,159.6111111111111,158.235294117647,158,168.8730158730158,169.8813559322034,174.2222222222222
164.7647058823529,163.84,162.9473684210526,161.96,159.6666666666667,159,158,168.7936507936507,169.7627118644068,174.1111111111111
165,163.8266666666666,163.0526315789474,162.04,159.7222222222222,159.1111111111111,158,168.7142857142857,169.6440677966102,174
164.8333333333333,163.8133333333333,163.1578947368421,162.12,159.7777777777778,159.2222222222222,158,168.6349206349206,169.5254237288136,173.8888888888889
164.6666666666667,163.8,163.2631578947368,162.2,159.8333333333333,159.3333333333333,158,168.5555555555555,169.4067796610169,173.7777777777778
164.5,163.7866666666666,163.3684210526316,162.28,159.8888888888889,159.4444444444445,158.1111111111111,168.4761904761905,169.2881355932203,173.6666666666667
164.3333333333333,163.7733333333333,163.4736842105263,162.36,159.9444444444445,159.5555555555555,158.2222222222222,168.3968253968254,169.1694915254237,173.5555555555555
164.1666666666667,163.7599999999999,163.578947368421,162.44,160,159.9524539877301,158.3333333333333,168.3174603174603,169.0508474576271,173.4444444444445
164,163.7555555555555,163.6842105263158,162.52,160.15,161.2653374233128,158.4444444444445,168.2380952380952,168.9322033898305,173.3333333333333
163.8333333333333,163.7777777777777,163.7894736842105,162.6,160.3,162.1562499999999,158.5555555555555,168.1587301587302,168.8135593220339,173.2222222222222
163.6666666666667,163.8,163.8947368421053,162.68,160.45,161.7812499999999,158.6666666666667,168.0793650793651,168.6949152542372,173.1111111111111
163.5,163.8222222222222,164,162.76,160.6,161.4062499999999,158.7777777777778,168,168.5762711864406,173
163.3333333333333,163.8444444444444,164.2592592592592,162.84,160.75,161.0312499999999,158.8888888888889,167.8205128205128,168.457627118644,172.7317073170732
163.1666666666667,163.8666666666666,164.5185185185185,162.92,160.9,160.8124999999999,159,167.6410256410256,168.3389830508474,172.4634146341463
163,163.8888888888889,164.7777777777778,163,161.05,161.0624999999999,159.1111111111111,167.4615384615385,168.1931818181818,172.1951219512195
162.9090909090909,163.9111111111111,165.037037037037,163.0769230769231,161.2,161.3124999999999,159.2222222222222,167.2820512820513,167.965909090909,171.9268292682927
162.8181818181818,163.9333333333333,165.2962962962962,163.1538461538462,161.35,161.5624999999999,159.3333333333333,167.1025641025641,167.7386363636363,171.6585365853658
162.7272727272727,163.9555555555555,165.5555555555555,163.2307692307692,161.5,161.8124999999999,159.4444444444445,166.9230769230769,167.5113636363636,171.390243902439
162.6363636363636,163.9777777777778,165.7374999999999,163.3076923076923,161.65,162.0624999999999,159.5555555555555,166.7435897435897,167.2840909090908,171.1219512195121
162.5454545454546,164,165.6874999999999,163.3846153846154,161.8,162.1818181818181,159.6666666666667,166.5641025641025,167.0568181818181,170.8536585365853
162.4545454545454,164,165.6374999999999,163.4615384615385,161.95,161.9090909090909,159.7777777777778,166.3846153846153,166.8295454545454,170.5853658536585
162.3636363636364,164,165.5874999999999,163.5384615384615,162.1,161.6363636363636,159.8888888888889,166.1875,166.6022727272727,170.3170731707316
162.2727272727273,164,165.5374999999999,163.6153846153846,162.25,161.3636363636363,160,165.9374999999999,166.3749999999999,169.578947368421
162.1818181818182,164,165.4875,163.6923076923077,162.4,161.0909090909091,160.125,165.6874999999999,166.1477272727272,168.6842105263158
162.0909090909091,164,165.4374999999999,163.7692307692308,162.55,160.8181818181818,160.25,165.4374999999999,165.9204545454545,167.7894736842105
162,164,165.3874999999999,163.8461538461538,162.7,160.5454545454545,160.375,165.1874999999999,165.7115384615384,166.8947368421053
162.0714285714286,164,165.3374999999999,163.9230769230769,162.85,160.2727272727273,160.5,164.9374999999999,165.5576923076922,166
162.1428571428571,164,165.2874999999999,164,163,160,160.625,164.7307692307692,165.4038461538461,165.8
162.2142857142857,164,165.2631578947368,164.0769230769231,163.0909090909091,160,160.75,164.6538461538461,165.2499999999999,165.6
162.2857142857143,164,165.3157894736842,164.1538461538461,163.1818181818182,160,160.875,164.576923076923,165.0961538461538,165.4
162.3571428571429,164,165.3684210526315,164.2307692307692,163.2727272727273,160,161,164.4999999999999,164.9423076923076,165.2
162.4285714285714,163.8666666666667,165.4210526315789,164.3076923076923,163.3636363636363,160,161.1538461538462,164.4230769230768,164.7884615384615,165
162.5,163.7333333333333,165.4736842105262,164.3846153846154,163.4545454545454,160,161.3076923076923,164.3461538461538,164.8571428571428,164.8
162.5714285714286,163.6,165.5263157894736,164.4615384615385,163.5454545454545,160,161.4615384615385,164.2692307692307,164.9999999999999,164.6
162.6428571428571,163.4666666666667,165.578947368421,164.5384615384615,163.6363636363636,160,161.6153846153846,164.1944444444444,165.1428571428571,164.4
162.7142857142857,163.3333333333333,165.6315789473684,164.6153846153846,163.7272727272727,160,161.7692307692308,164.1203703703703,165.2857142857142,164.2
162.7857142857143,163.2,165.6842105263157,164.6923076923077,163.6964285714285,160,161.9230769230769,164.0462962962962,165.4285714285714,164
162.8571428571428,163.0666666666667,165.7368421052631,164.7692307692308,163.6249999999999,160,162.0769230769231,163.9722222222222,165.5714285714285,163.8695652173913
162.9285714285714,162.9333333333333,165.7173913043478,164.8461538461538,163.5535714285714,160,162.2307692307692,163.8981481481481,165.7142857142856,163.7391304347826
163,162.8,165.6739130434782,164.9230769230769,163.4821428571428,160,162.3846153846154,163.824074074074,165.9428571428571,163.6086956521739
162.9333333333333,162.6666666666667,165.6304347826086,165,163.4107142857142,160.2,162.5384615384615,163.7499999999999,166.2,163.4782608695652
162.8666666666667,162.5333333333333,165.5869565217391,164.9444444444445,163.3392857142857,160.4,162.6923076923077,163.6759259259259,166.4571428571428,163.3478260869565
162.8,162.4,165.5434782608695,164.8888888888889,163.2678571428571,160.6,162.8461538461539,163.6018518518518,166.7142857142857,163.2799999999999
162.7333333333333,162.2666666666667,165.4999999999999,164.8333333333333,163.1964285714285,160.8,163,163.5277777777777,166.9714285714285,163.4
162.6666666666667,162.1333333333333,165.4565217391304,164.7777777777778,163.1249999999999,161,163.05,163.4537037037036,167.2285714285714,163.52
162.6,162,165.4130434782608,164.7222222222222,163.0535714285714,161.2,163.1,163.3796296296296,167.4857142857143,163.64
162.5333333333333,161.9375,165.3695652173913,164.6666666666667,162.9821428571428,161.4,163.15,163.3055555555555,167.7428571428571,163.76
162.4666666666667,161.875,165.3260869565217,164.6111111111111,162.9107142857142,161.6,163.2,163.2031249999999,168,163.88
162.4,161.8125,165.2826086956521,164.5555555555555,162.8392857142857,161.8,163.25,163.0156249999999,167.8771929824561,164
162.3333333333333,161.75,165.2424242424242,164.5,162.7678571428571,162,163.3,162.8281249999999,167.7543859649123,164.0833333333333
162.2666666666667,161.6875,165.2121212121212,164.4444444444445,162.6499999999999,161.9090909090909,163.35,162.6406249999999,167.6315789473684,164.1666666666667
162.2,161.625,165.1818181818181,164.3888888888889,162.5166666666666,161.8181818181818,163.4,162.4531249999999,167.5087719298245,164.25
162.1333333333333,161.5625,165.1515151515151,164.3333333333333,162.3833333333333,161.7272727272727,163.45,162.2656249999999,167.3859649122807,164.3333333333333
162.0666666666667,161.5,165.1212121212121,164.2777777777778,162.2499999999999,161.6363636363636,163.5,162.0781249999999,167.2631578947368,164.4166666666667
162,161.4375,165.0909090909091,164.2222222222222,162.1166666666666,161.5454545454545,163.55,161.8906249999999,167.1403508771929,164.5
161.7692307692308,161.375,165.0606060606061,164.1666666666667,161.9833333333333,161.4545454545454,163.6,161.8799999999999,167.0175438596491,164.5833333333333
161.5384615384615,161.3125,165.030303030303,164.1111111111111,161.85,161.3636363636364,163.65,162.3999999999999,166.8947368421052,164.6666666666667
161.3076923076923,161.25,165,164.0555555555555,161.780487804878,161.2727272727273,163.7,162.92,166.7719298245614,164.75
161.0769230769231,161.1875,164.8947368421053,164,161.9024390243902,161.1818181818182,163.75,163.44,166.6491228070175,164.8333333333333
160.8461538461539,161.125,164.7894736842105,164.0714285714286,162.0243902439024,161.0909090909091,163.8,163.96,166.5263157894736,164.9166666666667
160.6153846153846,161.0625,164.6842105263158,164.1428571428572,162.1463414634146,161,163.85,164.48,166.4035087719298,165
160.3846153846154,161,164.578947368421,164.2142857142857,162.2682926829268,161.2820512820513,163.9,165,166.2807017543859,164.8181818181818
160.1538461538462,161,164.4736842105263,164.2857142857143,162.390243902439,161.5641025641025,163.95,165,166.1627906976744,164.6363636363636
159.9230769230769,161,164.3684210526316,164.3571428571428,162.5121951219512,161.8461538461538,164,165,166.0465116279069,164.4545454545454
159.6923076923077,161,164.2631578947368,164.4285714285714,162.6341463414634,162.1282051282051,163.9333333333333,165,165.9302325581395,164.2727272727273
159.4615384615385,161,164.1578947368421,164.5,162.7560975609756,162.4102564102564,163.8666666666667,165,165.8139534883721,164.0909090909091
159.2307692307692,161,164.0526315789474,164.5714285714286,162.8780487804878,162.6923076923077,163.8,165,165.6976744186046,163.9090909090909
159,161,163.9473684210526,164.6428571428571,163,162.9743589743589,163.7333333333333,165,165.5813953488372,163.7272727272727
158.7692307692308,161,163.8421052631579,164.7142857142857,163.0588235294118,163.2564102564102,163.6666666666667,165,165.4651162790697,163.5454545454546
158.5384615384615,161,163.7368421052632,164.7857142857143,163.1176470588235,163.5384615384615,163.6,164.4705882352941,165.3488372093023,163.3636363636364
158.3076923076923,161,163.6315789473684,164.8571428571429,163.1764705882353,163.7023809523809,163.5333333333333,163.9411764705882,165.2325581395349,163.1818181818182
158.0769230769231,161,163.5263157894737,164.9285714285714,163.235294117647,163.5119047619047,163.4666666666667,163.4117647058823,165.1162790697674,163
157.8461538461539,161.1428571428571,163.4210526315789,165,163.2941176470588,163.3214285714285,163.4,162.8823529411764,165,162.8571428571429
157.6153846153846,161.2857142857143,163.3157894736842,164.9166666666667,163.3529411764706,163.1309523809523,163.3333333333333,162.7499999999999,164.9166666666667,162.7142857142857
157.3846153846154,161.4285714285714,163.2105263157895,164.8333333333333,163.4117647058824,162.9404761904761,163.2666666666667,162.7499999999999,164.8333333333333,162.5714285714286
157.1538461538461,161.5714285714286,163.1052631578947,164.75,163.4705882352941,162.7499999999999,163.2,162.7499999999999,164.75,162.4285714285714
156.9230769230769,161.7142857142857,163,164.6666666666667,163.5294117647059,162.5595238095237,163.1333333333333,162.8571428571428,164.6666666666667,162.2857142857143
156.6923076923077,161.8571428571428,162.9375,164.5833333333333,163.5882352941176,162.3690476190476,163.0666666666667,163.2857142857142,164.5833333333333,162.1428571428571
156.4615384615385,162,162.875,164.5,163.6470588235294,162.1785714285714,163,163.7142857142857,164.5,162
156.2307692307692,162.1428571428571,162.8125,164.4166666666667,163.7058823529412,161.9880952380952,163.047619047619,164.1428571428571,164.4166666666667,161.8571428571429
156,162.2857142857143,162.75,164.3333333333333,163.7647058823529,161.797619047619,163.0952380952381,164.5714285714286,164.3333333333333,161.7142857142857
155.625,162.4285714285714,162.6875,164.25,163.8235294117647,161.7692307692307,163.1428571428571,165,164.25,161.5714285714286
155.25,162.5714285714286,162.625,164.1666666666667,163.8823529411765,161.7948717948717,163.1904761904762,164.64,164.1666666666667,161.4285714285714
154.875,162.7142857142857,162.5625,164.0833333333333,163.9411764705882,161.8205128205128,163.2380952380952,164.28,164.0833333333333,161.2857142857143
154.5,162.8571428571429,162.5,164,164,161.8461538461538,163.2857142857143,163.92,164,161.1428571428571
154.125,163,162.4375,164.0833333333333,163.9,161.8717948717948,163.3333333333333,163.56,164.3939393939394,161
153.75,162.9230769230769,162.375,164.1666666666667,163.8,161.8974358974359,163.3809523809524,163.2,164.7878787878788,160.8235294117647
153.375,162.8461538461539,162.3125,164.25,163.7,161.9230769230769,163.4285714285714,162.8399999999999,165.1818181818182,160.6470588235294
153,162.7692307692308,162.25,164.3333333333333,163.6,161.948717948718,163.4761904761905,162.5357142857142,165.5757575757576,160.4705882352941
153.1111111111111,162.6923076923077,162.1875,164.4166666666667,163.5,161.974358974359,163.5238095238095,162.2499999999999,165.9696969696969,160.2941176470588
153.2222222222222,162.6153846153846,162.125,164.5,163.4,162,163.5714285714286,161.9642857142857,166.3636363636363,160.1176470588235
153.3333333333333,162.5384615384615,162.0625,164.5833333333333,163.3,162.1578947368421,163.6190476190476,161.6785714285714,166.7575757575757,159.9411764705882
153.4444444444445,162.4615384615385,162,164.6666666666667,163.2,162.3157894736842,163.6666666666667,161.3928571428571,167.1515151515151,159.7647058823529
153.5555555555555,162.3846153846154,161.9411764705882,164.75,163.1,162.4736842105263,163.7142857142857,161.1071428571428,167.3333333333333,159.5882352941177
153.6666666666667,162.3076923076923,161.8823529411765,164.8333333333333,163,162.6315789473684,163.7619047619048,160.8214285714285,167.4444444444444,159.4117647058823
153.7777777777778,162.2307692307692,161.8235294117647,164.9166666666667,163.0909090909091,162.7894736842105,163.8095238095238,160.8888888888888,167.5555555555555,159.2352941176471
153.8888888888889,162.1538461538461,161.7647058823529,165,163.1818181818182,162.9473684210526,163.8571428571428,161.074074074074,167.6666666666666,159.0588235294118
154,162.0769230769231,161.7058823529412,164.9285714285714,163.2727272727273,163.1052631578947,163.9047619047619,161.2592592592592,167.7777777777778,158.8823529411765
153.6666666666667,162,161.6470588235294,164.8571428571429,163.3636363636363,163.2631578947368,163.9523809523809,161.4444444444444,167.8888888888889,158.7058823529412
153.3333333333333,161.8260869565217,161.5882352941177,164.7857142857143,163.4545454545454,163.421052631579,164,161.6296296296296,168,158.5294117647059
153,161.6521739130435,161.5294117647059,164.7142857142857,163.5454545454545,163.578947368421,163.9047619047619,161.8148148148148,168.0769230769231,158.3529411764706
152.6666666666667,161.4782608695652,161.4705882352941,164.6428571428571,163.6363636363636,163.7368421052632,163.8095238095238,162,168.1538461538461,158.1764705882353
152.3333333333333,161.304347826087,161.4117647058823,164.5714285714286,163.7272727272727,163.8947368421053,163.7142857142857,162,168.2307692307692,158
152,161.1304347826087,161.3529411764706,164.5,163.5689655172413,164.0526315789474,163.6190476190476,162,168.3076923076923,157.8666666666667
151.6666666666667,160.9565217391304,161.2941176470588,164.4285714285714,163.3275862068965,164.2105263157895,163.5238095238095,162,168.3846153846154,157.7333333333333
151.3333333333333,160.7826086956522,161.2352941176471,164.3571428571429,163.0862068965517,164.3684210526316,163.4285714285714,162,168.4615384615384,157.6
151,160.6086956521739,161.1764705882353,164.2857142857143,162.8448275862069,164.5263157894737,163.3333333333333,162,168.5384615384615,157.4666666666667
150.6666666666667,160.4347826086957,161.1176470588235,164.2142857142857,162.6034482758621,164.6842105263158,163.2380952380952,162,168.6153846153846,157.3333333333333
150.3333333333333,160.2608695652174,161.0588235294118,164.1428571428571,162.3620689655172,164.8421052631579,163.1428571428571,162,168.6923076923076,157.2
150,160.0869565217391,161,164.0714285714286,162.1206896551724,165,163.0476190476191,162,168.7692307692307,157.0666666666667
