174.3653846153846,179.3333333333333,179.1964285714285,181.4651162790697,181.1249999999999,178.9999999999999,178.7199999999999,179.3,174.1428571428571,173.7499999999999
174.5192307692307,179.5555555555555,179.725,181.3488372093023,181.4999999999999,179.1428571428571,179.0799999999999,179.8999999999999,174.2857142857142,173.9999999999999
174.6730769230769,179.7777777777777,180.425,181.2325581395348,181.8749999999999,179.2857142857142,179.4399999999999,180.4999999999999,174.4285714285714,174.090909090909
174.826923076923,179.9999999999999,181.1249999999999,181.1162790697674,182.2499999999999,179.4285714285714,179.8,181.0999999999999,174.5714285714285,174.1818181818181
174.9807692307692,180.0833333333333,181.215909090909,180.9999999999999,182.6249999999999,179.5714285714285,180.1599999999999,181.6999999999999,174.7142857142857,174.2727272727272
175.1346153846153,180.1666666666666,181.3068181818181,181.076923076923,182.9999999999999,179.7142857142857,180.1538461538461,182.1249999999999,174.8571428571428,174.3636363636363
175.2884615384615,180.2499999999999,181.3355263157894,181.1538461538461,182.1538461538461,179.8571428571428,180.025641025641,182.3749999999999,174.9999999999999,174.4545454545454
175.4423076923076,180.3333333333333,181.1776315789473,181.2307692307692,181.3076923076923,179.9999999999999,179.8974358974359,182.6249999999999,175.1428571428571,174.5454545454545
175.5961538461538,180.4166666666666,181.0197368421052,181.3076923076922,180.4615384615384,180.1666666666666,179.7692307692307,182.8749999999999,175.2857142857142,174.6363636363636
175.7499999999999,180.4999999999999,180.8618421052631,181.3846153846153,180.1249999999999,180.3333333333333,179.6410256410256,183.1249999999999,175.4285714285714,174.7272727272727
175.9038461538461,180.5833333333333,180.703947368421,181.4615384615384,179.9583333333333,180.4999999999999,179.5128205128204,183.3749999999999,175.5714285714285,174.8181818181818
176.0576923076922,180.6666666666666,180.7249999999999,181.5384615384615,179.7916666666666,180.6666666666666,179.3846153846153,183.6249999999999,175.7142857142857,174.9090909090908
176.2115384615384,180.7499999999999,181.1249999999999,181.6153846153846,180.090909090909,180.8333333333333,179.2564102564102,183.8749999999999,175.8571428571428,174.9999999999999
176.4193548387096,180.8333333333333,182.1249999999999,181.6923076923076,180.5454545454545,180.9999999999999,179.1282051282051,183.9166666666666,175.9999999999999,175.1764705882352
176.6451612903226,180.9166666666666,182.2916666666666,181.7692307692307,180.9999999999999,181.1666666666666,178.9999999999999,183.7499999999999,176.1111111111111,175.3529411764706
176.8709677419354,180.9999999999999,182.4583333333333,181.8461538461538,181.0714285714285,181.3333333333333,179.090909090909,183.5833333333333,176.2222222222221,175.5294117647058
177.0967741935484,180.9999999999999,182.6249999999999,181.9230769230769,181.1428571428571,181.4999999999999,179.1818181818181,183.4166666666666,176.3333333333333,175.7058823529411
177.3225806451612,180.9999999999999,182.7708333333333,181.9999999999999,181.2142857142857,181.6666666666666,179.2727272727272,183.2499999999999,176.4444444444444,175.8823529411764
177.5483870967741,180.9999999999999,182.8541666666666,182.1249999999999,181.2857142857142,181.8333333333333,179.3636363636363,183.0833333333333,176.5555555555555,176.0588235294117
177.774193548387,180.9999999999999,182.9374999999999,182.2499999999999,181.3571428571428,181.9999999999999,179.4545454545454,182.9166666666666,176.6666666666666,176.235294117647
177.9999999999999,180.9999999999999,183.0208333333333,182.3749999999999,181.4285714285714,182.1666666666666,179.5454545454545,182.7499999999999,176.7777777777777,176.4117647058823
178.3333333333333,180.9999999999999,183.1041666666666,182.4999999999999,181.4999999999999,182.3333333333333,179.6363636363636,182.5833333333333,176.8888888888889,176.5882352941176
178.6666666666666,180.9999999999999,183.1874999999999,182.6249999999999,181.5714285714285,182.4999999999999,179.7272727272727,182.4166666666666,176.9999999999999,176.7647058823529
178.9999999999999,180.9999999999999,183.2708333333333,182.7499999999999,181.6428571428571,182.6666666666666,179.8181818181818,182.2499999999999,177.111111111111,176.9411764705882
179.3333333333333,180.9999999999999,183.3541666666666,182.8749999999999,181.7142857142857,182.8333333333333,179.9090909090908,182.0833333333333,177.2222222222222,177.1176470588235
179.6666666666666,180.9999999999999,183.4374999999999,182.9999999999999,181.7857142857142,182.9999999999999,179.9999999999999,181.7499999999999,177.3333333333333,177.2941176470588
179.9999999999999,180.9999999999999,183.5208333333333,183.1249999999999,181.8571428571428,183.1666666666666,180.090909090909,181.2499999999999,177.4444444444444,177.4705882352941
179.8461538461538,181.0999999999999,183.6041666666666,183.2499999999999,181.9285714285714,183.3333333333333,180.1818181818181,180.7499999999999,177.5555555555555,177.6470588235294
179.6923076923077,181.1999999999999,183.6874999999999,183.3749999999999,181.9999999999999,183.4999999999999,180.2727272727272,180.2499999999999,177.6666666666666,177.8235294117647
179.5384615384615,181.2999999999999,183.7871621621621,183.4999999999999,182.0999999999999,183.6666666666666,180.3636363636363,179.7499999999999,177.7777777777777,177.9999999999999
179.3846153846153,181.3999999999999,183.9358108108108,183.6249999999999,182.2,183.8333333333333,180.4545454545454,179.2499999999999,177.8888888888888,178.0999999999999
179.2307692307692,181.4999999999999,184.0844594594594,183.7499999999999,182.2999999999999,183.9999999999999,180.5454545454545,178.9404761904761,177.9999999999999,178.2
179.076923076923,181.5999999999999,184.233108108108,183.8749999999999,182.3999999999999,184.0526315789473,180.6363636363636,178.8214285714285,178.1111111111111,178.3
178.9230769230768,181.6999999999999,184.3817567567567,183.9999999999999,182.4999999999999,184.1052631578947,180.7272727272727,178.7023809523809,178.2222222222222,178.3999999999999
178.7692307692307,181.8,184.5304054054054,183.6666666666666,182.6,184.157894736842,180.8181818181818,178.5833333333333,178.3333333333333,178.4999999999999
178.6153846153846,181.8999999999999,184.679054054054,183.3333333333333,182.7,184.2105263157894,180.9090909090908,178.4642857142857,178.4444444444444,178.5999999999999
178.4615384615384,181.9999999999999,184.8277027027027,182.9999999999999,182.7999999999999,184.2631578947368,180.9999999999999,178.4711538461538,178.5555555555555,178.6999999999999
178.3076923076922,182.2,184.9763513513513,183.1111111111111,182.8999999999999,184.3157894736842,181.0833333333333,178.8557692307692,178.6666666666666,178.8
178.1538461538461,182.3999999999999,185.1249999999999,183.2222222222221,182.9999999999999,184.3684210526315,181.1666666666666,179.2403846153846,178.7777777777777,178.8999999999999
177.9999999999999,182.5999999999999,185.1673728813559,183.3333333333333,183.2857142857142,184.4210526315789,181.2499999999999,179.6249999999999,178.8888888888888,178.9999999999999
178.2499999999999,182.8,185.2097457627118,183.4444444444444,183.5714285714285,184.4736842105262,181.3333333333333,179.5624999999999,178.9999999999999,179.0999999999999
178.4999999999999,182.9999999999999,185.2521186440677,183.5555555555555,183.8571428571428,184.5263157894736,181.4166666666666,179.4999999999999,179.2222222222221,179.1999999999999
178.7499999999999,183.1999999999999,185.2944915254237,183.6666666666666,184.1428571428571,184.578947368421,181.4999999999999,179.4374999999999,179.4444444444444,179.2999999999999
178.9999999999999,183.3999999999999,185.3368644067796,183.7777777777777,184.4285714285714,184.6315789473684,181.5833333333333,179.3749999999999,179.6666666666666,179.3999999999999
179.2499999999999,183.5999999999999,185.3792372881355,183.8888888888888,184.7142857142857,184.6842105263157,181.6666666666666,179.2171052631579,179.8888888888888,179.4999999999999
179.4999999999999,183.8,185.4216101694915,183.9999999999999,184.9999999999999,184.7368421052631,181.7499999999999,179.0592105263157,180.1111111111111,179.5999999999999
179.7499999999999,183.9999999999999,185.4639830508474,184.1111111111111,185.0999999999999,184.9677419354838,181.8333333333333,178.9013157894736,180.3333333333333,179.6999999999999
179.9999999999999,184.4999999999999,185.5063559322033,184.2222222222222,185.2,185.258064516129,181.9166666666666,178.7434210526315,180.5555555555555,179.7999999999999
180.2499999999999,184.9999999999999,185.5487288135593,184.3333333333333,185.2999999999999,185.5483870967741,181.9999999999999,178.6666666666666,180.7777777777777,179.8999999999999
180.4999999999999,185.4999999999999,185.5911016949152,184.4444444444444,185.3999999999999,185.8387096774193,182.2142857142857,178.8333333333333,180.9999999999999,179.9999999999999
180.7499999999999,185.9999999999999,185.6334745762711,184.5555555555555,185.4999999999999,186.1290322580645,182.4285714285714,178.9999999999999,181.2222222222222,180.1666666666666
180.9999999999999,186.4999999999999,185.675847457627,184.6666666666666,185.6,186.4193548387096,182.6428571428571,179.2499999999999,181.4444444444444,180.3333333333333
181.2499999999999,186.9999999999999,185.718220338983,184.7777777777777,185.7,186.7096774193548,182.8571428571428,179.75,181.6666666666666,180.5
181.4999999999999,187.047619047619,185.675,184.8888888888888,185.7999999999999,186.9999999999999,183.0714285714285,180.2499999999999,181.8888888888888,180.6666666666666
181.7499999999999,187.095238095238,185.3749999999999,184.9999999999999,185.8999999999999,187.1052631578947,183.2857142857142,180.7499999999999,182.1111111111111,180.8333333333333
181.9999999999999,187.1428571428571,185.0749999999999,185.2142857142857,185.9999999999999,187.2105263157894,183.4999999999999,181.2499999999999,182.3333333333333,180.9999999999999
182.0999999999999,187.1904761904761,184.7749999999999,185.4285714285714,186.2799999999999,187.3157894736842,183.7142857142857,181.7499999999999,182.5555555555555,181.1666666666666
182.2,187.2380952380952,184.725,185.6428571428571,186.5599999999999,187.4210526315789,183.9285714285714,182.0714285714285,182.7777777777777,181.3333333333333
182.2999999999999,184.2499999999999,184.925,185.8571428571428,186.8399999999999,187.5263157894736,184.1428571428571,182.2142857142856,182.9999999999999,181.4999999999999
182.3999999999999,184.2499999999999,185.1249999999999,186.0714285714285,187.1199999999999,187.6315789473684,184.3571428571428,182.3571428571428,183.0499999999999,181.6666666666666
182.4999999999999,184.9999999999999,188.1249999999999,186.2857142857142,187.3999999999999,187.7368421052631,184.5714285714285,182.4999999999999,183.1,181.8333333333333
182.6,187.2641509433961,188.25,186.4999999999999,187.6799999999999,187.8421052631578,184.7857142857142,182.6428571428571,183.1499999999999,181.9999999999999
182.7,187.3207547169811,188.3749999999999,186.7142857142857,187.5217391304347,187.9473684210526,184.9999999999999,182.7857142857142,183.1999999999999,182.1666666666666
182.7999999999999,187.377358490566,188.4999999999999,186.9285714285714,187.2173913043478,188.0526315789473,185.1176470588235,182.9285714285714,183.2499999999999,182.3333333333333
182.8999999999999,187.4339622641509,188.6249999999999,187.1428571428571,186.9130434782608,188.1578947368421,185.235294117647,182.9285714285714,183.3,182.4999999999999
182.9999999999999,187.4905660377358,188.7499999999999,187.3571428571428,186.6086956521739,188.2631578947368,185.3529411764705,182.7857142857142,183.3499999999999,182.6666666666666
183.3,187.5471698113207,188.8749999999999,187.5714285714285,186.3043478260869,188.3684210526315,185.470588235294,182.6428571428571,183.3999999999999,182.8333333333333
183.5999999999999,187.6037735849056,188.9999999999999,187.7857142857142,185.9999999999999,188.4736842105262,185.5882352941176,182.4999999999999,183.45,182.9999999999999
183.8999999999999,187.6603773584905,186.6666666666666,187.9999999999999,186.2727272727272,188.578947368421,185.7058823529411,182.3571428571428,183.4999999999999,183.0714285714285
184.1999999999999,187.7169811320754,185.5675675675675,187.9696969696969,186.5454545454545,188.6842105263157,185.8235294117646,182.2142857142857,183.55,183.1428571428571
184.4999999999999,187.7735849056603,185.7027027027027,187.9393939393939,186.8181818181818,188.7894736842105,185.9411764705882,182.0714285714285,183.5999999999999,183.2142857142857
184.8,187.8301886792452,185.8378378378378,187.9090909090908,187.090909090909,188.8947368421052,186.0588235294117,182.05,183.6499999999999,183.2857142857142
185.1,187.8867924528301,185.9729729729729,187.8787878787878,187.3636363636363,188.9999999999999,186.1764705882352,182.1499999999999,183.6999999999999,183.3571428571428
185.3999999999999,187.943396226415,186.1081081081081,187.8484848484848,187.6363636363636,188.8421052631578,186.2941176470588,182.2499999999999,183.7499999999999,183.4285714285714
185.6999999999999,187.9999999999999,186.2432432432432,187.8181818181818,187.9090909090908,188.6842105263157,186.4117647058823,182.35,183.8,183.4999999999999
185.9999999999999,187.8,186.3783783783783,187.7878787878787,188.1818181818181,188.5263157894736,186.5294117647058,182.45,183.8499999999999,183.5714285714285
186.103448275862,187.5999999999999,186.5135135135135,187.7575757575757,188.4545454545454,188.3684210526315,186.6470588235293,182.55,183.8999999999999,183.6428571428571
186.2068965517241,187.3999999999999,186.6486486486486,187.8461538461538,188.7272727272727,188.2105263157894,186.7647058823529,182.6499999999999,183.9499999999999,183.7142857142857
186.3103448275862,187.1999999999999,186.7416666666666,187.9743589743589,188.9999999999999,188.0526315789473,186.8823529411764,182.7499999999999,183.9999999999999,183.7857142857142
186.4137931034482,186.9999999999999,186.7083333333333,188.102564102564,188.5263157894736,187.8947368421052,186.9999999999999,182.85,184.1428571428571,183.8571428571428
186.5172413793103,186.8,186.675,188.2307692307692,188.0526315789473,187.7368421052631,187.076923076923,182.9499999999999,184.2857142857142,183.9285714285714
186.6206896551724,186.6,186.6416666666666,188.3589743589743,187.578947368421,187.5611966236345,187.1538461538461,183.0999999999999,184.4285714285714,183.9999999999999
186.7241379310344,186.3999999999999,186.5073529411764,188.4871794871794,187.1052631578947,187.3114448857993,187.2307692307692,183.3,184.5714285714285,184.1176470588235
186.6315789473684,186.1999999999999,186.2720588235293,188.6153846153846,186.7142857142857,187.0616931479642,187.3076923076922,183.4999999999999,184.7142857142857,184.235294117647
186.4736842105262,185.9999999999999,186.0367647058823,188.7435897435897,186.5714285714285,186.811941410129,187.3846153846153,183.6999999999999,184.8571428571428,184.3529411764705
186.3157894736842,186.2,185.8014705882352,188.8717948717948,186.4285714285714,186.5621896722939,187.4615384615384,183.8999999999999,184.9999999999999,184.4705882352941
186.157894736842,186.3999999999999,185.575,188.9999999999999,186.2857142857142,186.3124379344587,187.5384615384615,184.0999999999999,185.1428571428571,184.5882352941176
185.9999999999999,186.5999999999999,185.3749999999999,188.8999999999999,186.6842105263157,186.2105263157894,187.6153846153846,184.3,185.2857142857142,184.7058823529411
185.8,186.8,185.8194444444444,188.8,187.2631578947368,186.157894736842,187.6923076923076,184.4999999999999,185.4285714285714,184.8235294117646
185.6,186.9999999999999,186.2638888888888,188.6999999999999,187.8421052631578,186.1052631578947,187.7692307692307,184.6999999999999,185.5714285714285,184.9411764705882
185.3999999999999,187.2,186.5468749999999,188.6,188.4210526315789,186.0526315789473,187.8461538461538,184.8999999999999,185.7142857142856,185.0588235294117
185.1999999999999,187.3999999999999,185.7343749999999,188.4999999999999,188.9999999999999,185.9999999999999,187.9230769230768,184.7115384615384,185.8571428571428,185.1764705882352
184.9999999999999,187.5999999999999,185.1022727272727,188.3999999999999,189.0833333333333,186.2432432432432,187.9999999999999,184.1346153846153,185.9999999999999,185.2941176470588
184.8,187.7999999999999,185.0113636363636,188.2999999999999,189.1666666666666,186.4864864864865,188.076923076923,183.5576923076923,186.1249999999999,185.4117647058823
184.6,187.9999999999999,184.9204545454545,188.1999999999999,189.2499999999999,186.7297297297297,188.1538461538461,183.1093749999999,186.2499999999999,185.5294117647058
184.3999999999999,188.1999999999999,185.3437499999999,188.0999999999999,189.3333333333333,186.9729729729729,188.2307692307692,183.0468749999999,186.3749999999999,185.6470588235294
184.1999999999999,188.3999999999999,186.2812499999999,187.9999999999999,189.4166666666666,187.2162162162161,188.3076923076923,182.9843749999999,186.4999999999999,185.7647058823529
183.9999999999999,188.6,186.7499999999999,188.1176470588235,189.4999999999999,187.4594594594594,188.3846153846153,182.9218749999999,186.6249999999999,185.8823529411764
184.1818181818181,188.7999999999999,186.7499999999999,188.235294117647,189.5833333333333,187.7027027027027,188.4615384615384,182.8593749999999,186.7499999999999,185.9999999999999
184.3636363636363,188.9999999999999,186.7499999999999,188.3529411764706,189.6666666666666,187.9459459459459,188.5384615384615,182.7968749999999,186.8749999999999,186.1304347826086
184.5454545454545,189.0666666666666,186.7999999999999,188.4705882352941,189.7499999999999,188.1891891891891,188.6153846153846,182.7343749999999,186.9999999999999,186.2608695652173
184.7272727272727,189.1333333333333,186.9999999999999,188.5882352941176,189.8333333333333,188.2771084337349,188.6923076923077,182.6718749999999,187.1249999999999,186.391304347826
184.9090909090908,189.2,187.2,188.7058823529411,189.9166666666666,188.3132530120482,188.7692307692307,182.6847826086956,187.2499999999999,186.5217391304347
185.090909090909,189.2666666666666,187.3999999999999,188.8235294117646,189.9999999999999,188.3493975903614,188.8461538461538,182.9239130434782,187.3749999999999,186.6521739130434
185.2727272727272,189.3333333333333,187.5999999999999,188.9411764705882,187.5714285714285,188.3855421686746,188.9230769230768,183.1630434782608,187.4999999999999,186.7826086956521
185.4545454545454,189.3999999999999,187.7629310344827,189.0588235294117,185.9176577669903,188.4216867469879,188.9999999999999,183.4021739130434,187.6249999999999,186.9130434782608
185.6363636363636,189.4666666666666,187.8146551724137,189.1764705882352,186.5882888349514,188.4578313253011,188.9374999999999,183.641304347826,187.7499999999999,187.0434782608695
185.8181818181818,189.5333333333333,187.8663793103448,189.2941176470588,187.2589199029126,188.4939759036144,188.8749999999999,183.8804347826086,187.8749999999999,187.1739130434782
185.9999999999999,189.5999999999999,187.9181034482758,189.4117647058823,187.9295509708737,188.5301204819277,188.8124999999999,184.0510204081632,187.9999999999999,187.3043478260869
186.2499999999999,189.6666666666666,187.9698275862069,189.5294117647058,188.6001820388349,188.5662650602409,188.7499999999999,184.1530612244897,188.0588235294117,187.4347826086956
186.5,189.7333333333333,188.0215517241379,189.6470588235293,188.8527471209212,188.6024096385541,188.6874999999999,184.2551020408163,188.1176470588235,187.5652173913043
186.7499999999999,189.8,188.0732758620689,189.7647058823529,188.9897432821497,188.6385542168674,188.6249999999999,184.3571428571428,188.1764705882352,187.695652173913
186.9999999999999,189.8666666666666,188.1249999999999,189.8823529411764,189.1267394433781,188.6746987951807,188.5624999999999,184.4591836734693,188.235294117647,187.8260869565217
187.2499999999999,189.9333333333333,187.8858695652173,189.9999999999999,189.2637356046064,188.7108433734939,188.4999999999999,184.5612244897958,188.2941176470588,187.9565217391304
187.4999999999999,189.9999999999999,187.6467391304347,189.8965517241379,189.3805631007103,188.7469879518072,188.4374999999999,184.6632653061224,188.3529411764705,188.0869565217391
187.7499999999999,190.0666666666666,187.4076086956521,189.7931034482758,189.4166057250313,188.7831325301204,188.3749999999999,184.7653061224489,188.4117647058823,188.2173913043478
187.9999999999999,190.1333333333333,187.1684782608695,189.6896551724137,189.4526483493522,188.8192771084337,188.3124999999999,184.8673469387755,188.4705882352941,188.3478260869564
188.2499999999999,190.1999999999999,186.9293478260869,189.5862068965517,189.4886909736732,188.855421686747,188.2499999999999,184.969387755102,188.5294117647058,188.4782608695652
188.4999999999999,190.2666666666666,186.7727272727272,189.4827586206896,189.5247335979941,188.8915662650602,188.1874999999999,185.0714285714285,188.5882352941176,188.6086956521739
188.7499999999999,190.3333333333333,186.8636363636363,189.3793103448275,189.560776222315,188.9277108433734,188.1249999999999,185.173469387755,188.6470588235294,188.7391304347826
188.9999999999999,190.3999999999999,186.9545454545454,189.2758620689655,189.596818846636,188.9638554216867,188.0624999999999,185.2941176470588,188.7058823529411,188.8695652173913
189.3749999999999,190.4666666666666,187.0454545454545,189.3478260869564,189.6328614709569,188.9999999999999,187.9999999999999,185.4705882352941,188.7647058823529,188.9999999999999
189.7499999999999,190.5333333333333,187.1363636363636,189.4782608695652,189.6689040952778,188.9230769230768,188.0526315789473,185.6470588235294,188.8235294117646,189.0869565217391
190.1249999999999,190.5999999999999,187.2272727272727,189.6086956521739,189.7049467195988,188.8461538461538,188.1052631578947,185.8235294117647,188.8823529411764,189.1739130434782
190.4999999999999,190.6666666666666,187.3181818181818,189.7391304347825,189.7409893439197,188.7692307692307,188.1578947368421,185.9999999999999,188.9411764705882,189.2608695652173
190.8749999999999,190.7333333333333,187.4090909090908,189.8695652173912,182.7916666666666,188.6923076923076,188.2105263157894,186.1764705882352,188.9999999999999,189.3478260869565
191.2499999999999,190.8,187.4999999999999,189.9999999999999,182.9583333333333,188.6153846153846,188.2631578947368,186.3529411764706,189.0833333333333,189.4347826086956
191.6249999999999,190.8666666666666,187.590909090909,189.9333333333333,183.1249999999999,188.5384615384615,188.3157894736842,186.5294117647058,189.1666666666666,189.5217391304347
191.9999999999999,190.9333333333333,187.6818181818181,189.8666666666666,183.9999999999999,188.4615384615384,188.3684210526315,186.7058823529411,189.2499999999999,189.6086956521739
191.9285714285714,190.9999999999999,187.7083333333333,189.8,186.9999999999999,188.3846153846153,188.4210526315789,187.05,189.3333333333333,189.695652173913
191.8571428571428,190.3076923076923,187.5416666666666,189.7333333333333,189.9999999999999,188.3076923076922,188.4736842105263,187.4499999999999,189.4166666666666,189.7826086956521
191.7857142857142,189.6153846153846,187.3749999999999,189.6666666666666,190.111111111111,188.2444444444444,188.5263157894736,187.85,189.4999999999999,189.8695652173913
191.7142857142857,188.9230769230769,187.2083333333333,189.5999999999999,190.2222222222222,188.2222222222222,188.578947368421,188.2499999999999,189.5833333333333,189.9565217391304
191.6428571428571,188.3749999999999,187.0535714285714,189.5333333333333,190.3333333333333,188.2,188.6315789473684,188.65,189.6666666666666,190.0434782608695
191.5714285714285,188.1249999999999,186.9107142857142,189.4666666666666,190.4444444444444,188.1777777777777,188.6842105263157,189.05,189.7499999999999,190.1304347826086
191.4999999999999,187.9583333333333,186.7678571428571,189.3999999999999,190.5555555555555,188.1555555555555,188.7368421052631,189.4499999999999,189.8333333333333,190.2173913043478
191.4285714285714,187.7916666666666,186.6249999999999,189.3333333333333,190.6666666666666,188.1333333333333,188.7894736842105,189.7222222222222,189.9166666666666,190.3043478260869
191.3571428571428,187.8513513513513,186.4821428571428,189.2666666666666,190.7058823529411,188.1111111111111,188.8421052631578,189.611111111111,190,190.391304347826
191.2857142857142,187.9864864864864,186.3392857142857,189.1999999999999,190.5294117647058,188.0888888888888,188.8947368421052,189.4999999999999,190.1428571428571,190.4782608695652
191.2142857142857,188.1216216216216,186.1964285714285,189.1333333333333,190.3529411764706,188.0666666666666,188.9473684210526,189.3888888888889,190.2857142857142,190.5652173913043
191.1428571428571,188.2567567567567,186.0535714285714,189.0666666666666,190.1764705882352,188.0444444444444,188.9999999999999,189.2777777777777,190.4285714285714,190.6521739130434
191.0714285714285,188.3918918918918,185.9107142857142,188.9999999999999,189.9999999999999,188.0222222222222,189.2307692307692,189.1666666666666,190.5714285714285,190.7391304347825
190.9999999999999,188.527027027027,185.8157894736841,189.1874999999999,189.6086956521739,187.9999999999999,189.4615384615384,189.0555555555555,190.7142857142857,190.8260869565217
190.8999999999999,188.6621621621621,185.7368421052631,189.3749999999999,189.2173913043478,187.9729729729729,189.6923076923076,189.0064935064935,190.8571428571428,190.9130434782608
190.8,188.8257877986462,185.657894736842,189.5624999999999,188.8260869565217,187.9459459459459,189.9230769230769,189.0194805194805,190.9999999999999,190.9999999999999
190.6999999999999,189.0740732439822,185.578947368421,189.7499999999999,188.4347826086956,187.9189189189188,190.1538461538461,189.0324675324675,191.1428571428571,190.9999999999999
190.6,189.3223586893181,185.4999999999999,189.9374999999999,188.0434782608695,187.8918918918918,190.3846153846153,189.0454545454545,191.2857142857142,190.9999999999999
190.4999999999999,189.5706441346541,185.6282051282051,190.1249999999999,187.7499999999999,187.8648648648648,190.6153846153846,189.0584415584415,191.4285714285714,190.9999999999999
190.3999999999999,189.8189295799901,185.7564102564102,190.3124999999999,187.7499999999999,187.8378378378378,190.8461538461538,189.0714285714285,191.5714285714285,190.9999999999999
190.2999999999999,190.067215025326,185.8846153846153,190.4999999999999,187.7499999999999,187.8108108108108,191.076923076923,189.0844155844155,191.7142857142857,190.9999999999999
190.2,190.315500470662,186.0128205128204,190.6874999999999,187.7499999999999,187.7837837837837,191.3076923076922,189.0974025974025,191.8571428571428,190.9999999999999
190.0999999999999,190.563785915998,186.1410256410256,190.8749999999999,187.7499999999999,187.7567567567567,191.5384615384615,189.1103896103895,191.9999999999999,190.9999999999999
189.9999999999999,190.8124999999999,186.2692307692307,191.0624999999999,187.7499999999999,187.7777777777777,191.7692307692307,189.1233766233766,192.0588235294117,190.9999999999999
190.1111111111111,191.0624999999999,186.3974358974359,191.2499999999999,187.7499999999999,187.8148148148148,191.9999999999999,189.1363636363636,192.1176470588235,190.9999999999999
190.2222222222222,191.2499999999999,186.525641025641,191.4374999999999,187.7692307692307,187.8518518518518,191.6829268292682,189.1493506493506,192.1764705882352,190.9999999999999
190.3333333333333,191.2499999999999,186.6538461538461,191.6249999999999,187.7948717948717,187.8888888888888,191.3658536585365,189.1623376623376,192.235294117647,190.9999999999999
190.4444444444444,191.2499999999999,186.7903225806451,191.8124999999999,187.8205128205128,187.9259259259259,191.0487804878048,189.1753246753246,192.2941176470588,190.9999999999999
190.5555555555555,191.2,186.9516129032258,191.9999999999999,187.8461538461538,187.9629629629629,190.7317073170731,189.1883116883116,192.3529411764705,191.391304347826
190.6666666666666,190.9999999999999,187.1129032258064,191.9999999999999,187.8717948717948,187.9999999999999,190.4146341463414,189.2012987012986,192.4117647058823,191.7826086956521
190.7199999999999,190.8,187.274193548387,191.9999999999999,187.8974358974359,188.1333333333333,190.0975609756097,189.2142857142857,192.4705882352941,192.1739130434782
190.5999999999999,190.5999999999999,187.4354838709677,191.9999999999999,187.9230769230768,188.2666666666666,189.780487804878,189.2272727272727,192.5294117647058,192.5652173913043
190.4799999999999,190.3999999999999,187.5967741935483,191.9999999999999,187.9487179487179,188.3999999999999,189.4634146341463,189.2402597402597,192.5882352941176,192.9565217391304
190.36,190.1999999999999,187.758064516129,191.9999999999999,187.9743589743589,188.5333333333333,189.1463414634146,189.2884615384615,192.6470588235293,193.1666666666666
190.24,190,187.9193548387096,191.9999999999999,187.9999999999999,188.6666666666666,188.8292682926829,189.4423076923077,192.7058823529411,192.8333333333333
190.1199999999999,189.9333333333333,187.9499999999999,191.9999999999999,187.9803921568627,188.8,188.6477272727272,189.5961538461538,192.7647058823529,192.4999999999999
189.9999999999999,189.8666666666666,187.85,191.9999999999999,187.9607843137254,188.9333333333333,188.5113636363636,189.7499999999999,192.8235294117646,192.3333333333333
190.0833333333333,189.7999999999999,187.7499999999999,191.9999999999999,187.9411764705882,189.0666666666666,188.3749999999999,189.9038461538461,192.8823529411764,192.6666666666666
190.1666666666666,189.7333333333333,187.6499999999999,191.9999999999999,187.9215686274509,189.1999999999999,188.2386363636363,190.0576923076922,192.9411764705882,192.9999999999999
190.2499999999999,189.6666666666666,187.55,191.9999999999999,187.9019607843137,189.3333333333333,188.1022727272727,190.2115384615384,192.9999999999999,193.1904761904761
190.3333333333333,189.6,187.45,191.9999999999999,187.8823529411764,189.4666666666666,187.9999999999999,190.1346153846153,192.7272727272727,192.9523809523809
190.4166666666666,189.5333333333333,187.4280063291139,191.7777777777777,187.8627450980392,189.6,187.9999999999999,189.9807692307692,192.4545454545454,192.7142857142857
190.4999999999999,189.4666666666666,187.6400316455696,191.5555555555555,187.8431372549019,189.7333333333333,187.9999999999999,189.826923076923,192.1818181818181,192.4761904761904
190.5833333333333,189.3999999999999,187.8520569620253,191.3333333333333,187.8235294117646,189.8666666666666,187.9999999999999,189.6730769230768,191.9090909090908,192.2380952380952
190.6666666666666,189.3333333333333,188.064082278481,191.1111111111111,187.8039215686274,189.9999999999999,187.9999999999999,189.5192307692307,191.6363636363636,191.9999999999999
190.7499999999999,189.2666666666666,188.2761075949367,190.8888888888888,187.7843137254901,189.8181818181818,187.9999999999999,189.3653846153846,191.3636363636363,192.1282051282051
190.8333333333333,189.1999999999999,188.4881329113924,190.6666666666666,187.7647058823529,189.6363636363636,187.9999999999999,189.2249999999999,191.090909090909,192.2564102564102
190.9166666666666,189.1333333333333,188.700158227848,190.4444444444444,187.7551020408163,189.4545454545454,187.9999999999999,189.1249999999999,190.8181818181818,192.3846153846153
190.9999999999999,189.0666666666666,188.9121835443038,190.2222222222222,187.7755102040816,189.2727272727272,187.9999999999999,189.0249999999999,190.5921052631578,192.5128205128204
191.111111111111,188.9999999999999,189.1713709677419,189.9999999999999,187.7959183673469,189.090909090909,188.1666666666666,188.925,190.3815789473684,192.6410256410256
191.2222222222222,188.9999999999999,189.5181451612903,190.1333333333333,187.8163265306122,188.9090909090908,188.3333333333333,188.8249999999999,190.1710526315789,192.7692307692307
191.3333333333333,188.9999999999999,189.8649193548387,190.2666666666666,187.8367346938775,188.7272727272727,188.4999999999999,188.7272727272727,189.9605263157894,192.8974358974358
191.4444444444444,188.9999999999999,190.1538461538461,190.4,187.8571428571428,188.5454545454545,188.6666666666666,188.6363636363636,189.7499999999999,193.025641025641
191.5555555555555,188.9999999999999,190.2692307692307,190.5333333333333,187.8775510204081,188.3636363636363,188.8333333333333,188.5454545454545,189.5394736842105,193.1538461538461
191.6666666666666,188.9999999999999,190.3846153846153,190.6666666666666,187.8979591836734,188.1818181818181,188.9999999999999,188.4545454545454,189.328947368421,193.2499999999999
191.7777777777777,188.9999999999999,190.4999999999999,190.8,187.9183673469387,187.9999999999999,189.1666666666666,188.3636363636363,189.1184210526315,193.2499999999999
191.8888888888888,188.9999999999999,190.5833333333333,190.9333333333333,187.938775510204,188.0833333333333,189.3333333333333,188.2727272727272,188.9078947368421,193.2499999999999
191.9999999999999,188.9999999999999,190.6666666666666,191.0666666666666,187.9591836734693,188.1666666666666,189.4999999999999,188.4166666666666,189.1,193.2499999999999
191.9655172413792,188.9999999999999,190.7499999999999,191.1999999999999,187.9795918367346,188.2499999999999,189.6666666666666,188.6388888888888,190.4999999999999,193.2499999999999
191.9310344827585,189.0714285714285,190.8333333333333,191.3333333333333,187.9999999999999,188.3333333333333,189.8333333333333,188.8611111111111,192.5177514792899,193.3
191.8965517241379,189.1428571428571,190.7426470588235,191.4666666666666,188.0322580645161,188.4166666666666,189.9999999999999,189.0833333333333,194.8124999999999,193.4999999999999
191.8620689655172,189.2142857142856,190.4779411764705,191.5999999999999,188.0645161290322,188.4999999999999,190.2413793103448,189.3055555555555,195.0624999999999,193.7
191.8275862068965,189.2857142857142,190.2132352941176,191.7333333333333,188.0967741935483,188.5833333333333,190.4827586206896,189.5277777777777,195.3124999999999,193.8999999999999
191.7931034482758,189.3571428571428,189.9485294117647,191.8666666666666,188.1290322580645,188.6666666666666,190.7241379310344,189.7499999999999,195.5624999999999,194.1
191.7586206896551,189.4285714285714,189.7109374999999,191.9999999999999,188.1612903225806,188.7499999999999,190.9655172413792,189.9722222222222,195.4166666666666,194.2399999999999
191.7894736842105,189.4999999999999,189.5546874999999,191.8999999999999,188.1935483870967,188.8333333333333,191.2068965517241,190.1944444444444,194.0833333333333,194.2
191.8421052631578,189.5714285714285,189.3984374999999,191.8,188.2258064516128,188.9166666666666,191.4482758620689,189.9999999999999,192.7499999999999,194.1599999999999
191.8947368421052,189.6428571428571,189.2421874999999,191.6999999999999,188.3103448275862,188.9999999999999,191.6896551724137,189.6666666666666,191.7499999999999,194.1199999999999
191.9473684210526,189.7142857142856,189.0986842105263,191.5999999999999,188.551724137931,189.157894736842,191.5217391304347,189.3333333333333,191.7499999999999,194.0799999999999
191.9999999999999,189.7857142857142,188.9934210526315,191.4999999999999,188.7931034482758,189.3157894736842,191.2173913043478,188.9999999999999,191.7499999999999,194.04
192.1538461538461,189.8571428571428,188.8881578947368,191.3999999999999,189.0344827586206,189.4736842105262,190.9130434782608,188.7820512820512,191.7499999999999,193.9999999999999
192.3076923076923,189.9285714285714,188.7828947368421,191.3,189.2758620689655,189.6315789473684,190.6086956521739,188.9102564102564,191.7499999999999,194.0499999999999
192.4615384615384,189.9999999999999,188.6776315789473,191.1999999999999,189.5172413793103,189.7894736842105,190.3043478260869,189.0384615384615,191.8928571428571,194.1
192.6153846153846,190.0999999999999,188.5777027027027,191.0999999999999,189.7586206896551,189.9473684210526,189.9999999999999,189.1666666666666,192.4642857142857,194.1499999999999
192.7692307692307,190.2,188.483108108108,190.9999999999999,189.9999999999999,190.1052631578947,189.9285714285714,189.2948717948717,193.0357142857142,194.2
192.9230769230768,190.2999999999999,188.3885135135135,190.7499999999999,189.7999999999999,190.2631578947368,189.8571428571428,189.4230769230769,193.6071428571428,194.2499999999999
193.076923076923,190.3999999999999,188.2939189189188,190.4999999999999,189.6,190.4210526315789,189.7857142857142,189.551282051282,193.7499999999999,194.2999999999999
193.2307692307692,190.4999999999999,188.1993243243243,190.2499999999999,189.3999999999999,190.578947368421,189.7142857142856,189.6794871794871,193.7499999999999,194.3499999999999
193.3846153846153,190.6,188.1047297297297,189.9999999999999,189.1999999999999,190.7368421052631,189.6428571428571,189.8076923076923,193.7499999999999,194.3999999999999
193.5384615384615,190.7,188.0101351351351,189.7499999999999,188.9999999999999,190.8947368421052,189.5714285714285,189.9358974358974,193.7499999999999,194.4499999999999
193.6923076923076,190.7999999999999,187.9155405405405,189.4999999999999,188.8,191.0526315789473,189.4999999999999,190.2058823529411,193.7931034482758,194.4999999999999
193.8461538461538,190.8999999999999,187.8209459459459,189.2499999999999,188.6,191.2105263157894,189.4285714285714,190.6176470588235,193.9655172413793,194.55
193.9999999999999,190.9999999999999,187.7924528301886,188.9999999999999,188.3999999999999,191.3124999999999,189.3571428571428,191.0294117647058,194.1379310344827,194.5999999999999
193.8666666666666,191.0967741935484,187.9622641509434,188.7499999999999,188.2,191.3958333333333,189.2857142857142,191.4411764705882,194.3103448275862,194.6499999999999
193.7333333333333,191.1935483870967,188.132075471698,188.4999999999999,187.9999999999999,191.4791666666666,189.2142857142857,191.8249999999999,194.4827586206896,194.6999999999999
193.6,191.2903225806451,188.3018867924528,188.2499999999999,187.9803921568627,191.5624999999999,189.1428571428571,192.1249999999999,194.6551724137931,194.7499999999999
193.4666666666666,191.3870967741935,188.4716981132075,187.9999999999999,187.9607843137254,191.6458333333333,189.0714285714285,192.425,194.8275862068965,194.8
193.3333333333333,191.4838709677419,188.6415094339622,187.7272727272727,187.9411764705882,191.7291666666666,188.9999999999999,192.725,194.9999999999999,194.8499999999999
193.1999999999999,191.5806451612903,188.8113207547169,187.4545454545454,187.9215686274509,191.8709677419354,189.1428571428571,193.0249999999999,195.030303030303,194.8999999999999
193.0666666666666,191.6774193548387,188.9811320754716,187.1818181818181,187.9019607843137,192.0322580645161,189.2857142857142,193.1911764705882,195.060606060606,194.95
192.9333333333333,191.7241379310344,189.1509433962264,186.9090909090908,187.8823529411764,192.1935483870967,189.4285714285714,192.9558823529411,195.090909090909,194.9999999999999
192.8,191.6206896551724,189.3207547169811,186.6363636363636,187.8627450980392,192.3548387096774,189.5714285714285,192.7205882352941,195.1212121212121,195.1851851851851
192.6666666666666,191.5172413793103,189.4905660377358,186.3636363636363,187.8431372549019,192.516129032258,189.7142857142857,192.485294117647,195.1515151515151,195.3703703703703
192.5333333333333,191.4137931034482,189.6603773584905,186.090909090909,187.8235294117646,192.6774193548387,189.8571428571428,192.2499999999999,195.1818181818181,195.5555555555555
192.3999999999999,191.3103448275862,189.8301886792452,185.8181818181818,187.8039215686274,192.8387096774193,189.9999999999999,192.3552631578947,195.2121212121212,195.7407407407407
192.2666666666666,191.2068965517241,189.9999999999999,185.5454545454545,187.7843137254901,192.9999999999999,190.1428571428571,192.4605263157894,195.2424242424242,195.9259259259259
192.1333333333333,191.103448275862,190.2,185.2727272727272,187.7647058823529,192.9629629629629,190.2857142857142,192.5657894736842,195.111111111111,196.111111111111
191.9999999999999,190.9999999999999,190.3999999999999,184.9999999999999,187.7924528301886,192.9259259259259,190.4285714285714,192.6710526315789,194.9259259259259,195.8124999999999
191.8571428571428,190.8999999999999,190.6,184.6976744186046,187.9622641509434,192.8888888888889,190.5714285714285,192.7105263157894,194.7407407407407,194.0624999999999
191.7142857142857,190.8,190.7999999999999,184.3953488372092,188.132075471698,192.8518518518518,190.7142857142857,192.5526315789473,194.5555555555555,192.6944444444444
191.5714285714285,190.6999999999999,190.9999999999999,184.0930232558139,188.3018867924528,192.8148148148148,190.8571428571428,192.3947368421052,194.3703703703703,192.4722222222222
191.4285714285714,190.6,190.9318181818181,183.7906976744185,188.4716981132075,192.7777777777777,190.9999999999999,192.2368421052631,194.1851851851851,192.2499999999999
191.2857142857142,190.4999999999999,190.8636363636363,183.4883720930232,188.6415094339622,192.7619047619047,190.6999999999999,192.078947368421,193.9999999999999,192.0277777777777
191.1428571428571,190.3999999999999,190.7954545454545,183.1860465116279,188.8113207547169,192.8095238095237,190.3999999999999,192.0357142857142,194.1515151515151,191.8055555555555
190.9999999999999,190.2999999999999,190.7272727272727,182.8837209302325,188.9811320754716,192.8571428571428,190.0999999999999,192.1071428571428,194.3030303030302,192.05
190.8571428571428,190.2,190.6590909090908,182.5813953488371,189.1509433962264,192.9047619047618,189.7999999999999,192.1785714285714,194.4545454545454,192.4499999999999
190.7142857142857,190.0999999999999,190.4916666666666,182.2790697674418,189.3207547169811,192.9523809523809,189.4999999999999,192.2499999999999,194.6060606060606,192.8499999999999
190.5714285714285,189.9999999999999,190.2249999999999,181.9767441860465,189.4905660377358,192.9999999999999,189.1999999999999,192.3214285714285,194.7575757575757,193.2499999999999
190.4285714285714,189.8936170212765,189.9583333333333,181.7701612903225,189.6603773584905,192.9411764705882,188.8999999999999,192.3928571428571,194.9090909090909,193.6499999999999
190.2857142857142,189.7872340425531,189.6916666666666,181.8508064516128,189.8301886792452,192.8823529411764,188.6,192.4642857142857,195.060606060606,193.8699999999999
190.1428571428571,189.6808510638297,189.425,181.9314516129032,189.9999999999999,192.8235294117646,188.3,192.5357142857142,195.2121212121212,194.0299999999999
189.9999999999999,189.5744680851063,189.1583333333332,182.0120967741935,189.9333333333333,192.7647058823529,187.9999999999999,192.6071428571428,195.111111111111,194.19
190.1249999999999,189.4680851063829,188.8916666666666,182.0927419354838,189.8666666666666,192.7058823529411,188.1818181818181,192.6785714285714,194.9259259259259,194.3499999999999
190.2499999999999,189.3617021276595,188.6249999999999,182.1733870967741,189.7999999999999,192.6470588235293,188.3636363636363,192.7499999999999,194.7407407407407,194.5099999999999
190.3749999999999,189.2553191489361,188.3583333333333,182.2540322580645,189.7333333333333,192.5882352941176,188.5454545454545,192.8214285714285,194.5555555555555,194.67
190.4999999999999,189.1489361702127,188.0916666666666,182.3346774193548,189.6666666666666,192.5294117647058,188.7272727272727,192.8928571428571,194.3703703703703,194.8299999999999
190.6249999999999,189.0425531914893,187.8249999999999,182.5,189.5999999999999,192.4705882352941,188.9090909090908,192.9642857142857,194.1851851851851,194.99
190.7499999999999,188.9361702127659,187.6071428571428,182.7499999999999,189.5333333333333,192.4117647058823,189.090909090909,192.9090909090909,193.9999999999999,195.1499999999999
190.8749999999999,188.8297872340425,187.5357142857142,182.9999999999999,189.4666666666666,192.3529411764706,189.2727272727272,192.7272727272727,194.076923076923,195.3099999999999
190.9999999999999,188.7666666666666,187.4642857142857,183.2499999999999,189.3999999999999,192.2941176470588,189.4545454545454,192.5454545454545,194.1538461538461,195.4699999999999
191.1249999999999,188.8333333333333,187.3928571428571,183.4999999999999,189.3333333333333,192.235294117647,189.6363636363636,192.3636363636363,194.2307692307692,195.6299999999999
191.2499999999999,188.8999999999999,187.3214285714285,183.7499999999999,189.2666666666666,192.1764705882352,189.8181818181818,192.1818181818181,194.3076923076923,195.7538461538461
191.3749999999999,188.9666666666666,187.2499999999999,183.9999999999999,189.1999999999999,192.1176470588235,189.9999999999999,191.9999999999999,194.3846153846154,195.7692307692307
191.4999999999999,189.0333333333333,187.1785714285714,184.3416666666666,189.1333333333333,192.0588235294117,190.1999999999999,191.8181818181818,194.4615384615384,195.7846153846153
191.6249999999999,189.1,187.1071428571428,184.7749999999999,189.0666666666666,191.9999999999999,190.4,191.6363636363636,194.5384615384615,195.8
191.7499999999999,189.1666666666666,187.0357142857142,185.2083333333333,188.9999999999999,191.8461538461538,190.5999999999999,191.4545454545454,194.6153846153846,195.8153846153846
191.8749999999999,189.2333333333333,187.0238095238095,185.6416666666666,188.7692307692307,191.6923076923077,190.8,191.2727272727272,194.6923076923076,195.8307692307692
191.9999999999999,189.3,187.0714285714285,186.0749999999999,188.5384615384615,191.5384615384615,190.9999999999999,191.090909090909,194.7692307692307,195.8461538461538
191.9166666666666,189.3666666666666,187.1190476190475,186.5083333333333,188.3076923076923,191.3846153846153,191.1999999999999,191.0333333333333,194.8461538461538,195.8615384615384
191.8333333333333,189.4333333333333,187.1666666666666,186.9416666666666,188.076923076923,191.2307692307692,191.3999999999999,191.0999999999999,194.9230769230769,195.876923076923
191.7499999999999,189.4999999999999,187.2142857142857,187.3749999999999,187.8461538461538,191.076923076923,191.5999999999999,191.1666666666666,194.9999999999999,195.8923076923076
191.6666666666666,189.5666666666666,187.2619047619047,187.7434210526315,187.6153846153846,190.9230769230769,191.8,191.2333333333333,195.1818181818181,195.9076923076922
191.5833333333333,189.6333333333333,187.3095238095237,188.1118421052631,187.3846153846153,190.7692307692307,191.9999999999999,191.3,195.3636363636363,195.9230769230769
191.4999999999999,189.6999999999999,187.3571428571428,188.4802631578947,187.1538461538461,190.6153846153846,191.8,191.3666666666666,195.5454545454545,195.9384615384615
191.4166666666666,189.6923076923076,187.4047619047619,188.8486842105263,186.9230769230769,190.4615384615384,191.6,191.4333333333333,195.7272727272727,195.9538461538461
191.3333333333333,189.4615384615384,187.4523809523809,189.1576086956521,186.6923076923077,190.3076923076923,191.3999999999999,191.4999999999999,195.9090909090908,195.9692307692307
191.2499999999999,189.2307692307692,187.4999999999999,189.2880434782608,186.4615384615384,190.1538461538461,191.1999999999999,191.5666666666666,196.090909090909,195.9846153846153
191.1666666666666,188.9999999999999,187.3510638297872,189.4184782608695,186.2307692307692,189.9999999999999,190.9999999999999,191.6333333333333,196.2727272727272,195.9999999999999
191.0833333333333,188.7692307692307,187.2021276595744,189.5489130434782,185.9999999999999,188.9999999999999,190.8,191.6999999999999,196.4545454545454,196.0588235294117
190.9999999999999,188.5384615384615,187.0531914893616,189.6793478260869,186.0526315789473,187.9999999999999,190.5999999999999,191.7666666666666,196.6363636363636,196.1176470588235
191.0666666666666,188.3076923076923,186.9042553191489,189.8097826086956,186.1052631578947,187.2272727272727,190.3999999999999,191.8333333333333,196.8181818181818,196.1764705882352
191.1333333333333,188.076923076923,186.7553191489361,189.9402173913043,186.157894736842,187.1363636363636,190.1999999999999,191.8999999999999,196.9999999999999,196.235294117647
191.1999999999999,187.8461538461538,186.6063829787233,190.070652173913,186.2105263157894,187.0454545454545,189.9999999999999,191.9666666666666,196.6666666666666,196.2941176470587
191.2666666666666,187.6153846153846,186.4574468085106,190.2010869565217,186.2631578947368,186.9545454545454,189.9523809523809,191.9666666666666,196.3333333333333,196.3529411764705
191.3333333333333,187.3846153846153,186.3085106382978,190.3315217391304,186.3157894736842,186.8636363636363,189.9047619047619,191.8999999999999,195.9999999999999,196.4117647058823
191.3999999999999,187.1538461538461,186.1595744680851,190.4619565217391,186.3684210526315,186.7727272727272,189.8571428571428,191.8333333333333,195.6666666666666,196.4705882352941
191.4666666666666,186.9230769230769,186.0106382978723,190.5923913043478,186.4210526315789,186.907894736842,189.8095238095238,191.7666666666666,195.3333333333333,196.5294117647058
191.5333333333333,186.8928571428571,185.8617021276595,190.4791666666666,186.4736842105263,187.1184210526315,189.7619047619047,191.6999999999999,194.9999999999999,196.5882352941176
191.5999999999999,187.4642857142856,185.7222222222222,190.2847222222222,186.5263157894736,187.328947368421,189.7894736842105,191.6333333333333,194.7575757575757,196.6470588235293
191.6666666666666,188.0357142857142,185.6111111111111,190.0902777777777,186.578947368421,187.5394736842105,189.8421052631579,191.5666666666666,194.7878787878787,196.7058823529411
191.7333333333333,188.6071428571428,185.5,189.8958333333333,186.6315789473684,187.7499999999999,189.8947368421052,191.4999999999999,194.8181818181818,196.7647058823529
191.8,188.8095238095237,185.3888888888888,189.7013888888888,186.6842105263157,187.9605263157894,189.9473684210525,191.4333333333333,194.8484848484848,196.8235294117647
191.8666666666666,188.8888888888888,185.2777777777777,189.5069444444444,186.7368421052631,188.1710526315789,189.9999999999999,191.3666666666666,194.8787878787878,196.8823529411764
191.9333333333333,188.9682539682539,185.1666666666666,189.3124999999999,186.7894736842105,188.3815789473684,190.1538461538461,191.3,194.9090909090908,196.9411764705882
191.9999999999999,189.047619047619,185.0555555555555,189.1180555555555,186.8421052631579,188.5921052631579,190.3076923076922,191.2333333333333,194.9393939393939,196.9999999999999
191.8888888888888,189.1269841269841,184.9444444444444,188.9236111111111,186.8947368421052,188.6944444444444,190.4615384615384,191.1666666666666,194.9696969696969,197.1515151515151
191.7777777777777,189.2063492063491,184.8333333333333,188.575,186.9473684210526,188.4722222222222,190.6153846153846,191.0999999999999,194.9999999999999,197.3030303030303
191.6666666666666,189.2857142857142,184.7656249999999,188.175,186.9999999999999,188.2499999999999,190.7692307692307,191.0333333333333,195.1428571428571,197.4545454545454
191.5555555555555,189.3650793650793,184.8281249999999,187.7749999999999,186.8461538461538,188.0277777777777,190.9230769230768,191.125,195.2857142857142,197.6060606060606
191.4444444444444,189.4444444444444,184.8906249999999,187.3749999999999,186.6923076923076,187.8055555555555,191.076923076923,191.3749999999999,195.4285714285714,197.7575757575757
191.3333333333333,189.5238095238095,184.9531249999999,186.9749999999999,186.5384615384615,187.7894736842105,191.2307692307692,191.6249999999999,195.5714285714285,197.9090909090909
191.2222222222222,189.6031746031745,185.0156249999999,186.4510869565217,186.3846153846153,187.8421052631578,191.3846153846153,191.8749999999999,195.7142857142857,198.060606060606
191.1111111111111,189.6825396825396,185.0781249999999,185.8858695652173,186.2307692307692,187.8947368421052,191.5384615384615,192.1249999999999,195.8571428571428,198.2121212121212
190.9999999999999,189.7619047619047,185.1406249999999,185.320652173913,186.076923076923,187.9473684210526,191.6923076923076,192.3749999999999,195.9999999999999,198.0869565217391
191.1666666666666,189.8412698412698,185.2031249999999,184.7554347826086,185.9230769230769,187.9999999999999,191.8461538461538,192.6249999999999,196.027027027027,197.8695652173913
191.3333333333333,189.9206349206349,185.2656249999999,184.1902173913043,185.7692307692307,188.0624999999999,191.9999999999999,192.8749999999999,196.054054054054,197.6521739130434
191.4999999999999,189.9999999999999,185.3281249999999,183.6249999999999,185.6153846153846,188.1249999999999,191.9999999999999,193.1249999999999,196.081081081081,197.4347826086956
191.6666666666666,189.8571428571428,185.3906249999999,183.1964285714285,185.4615384615384,188.1874999999999,191.9999999999999,193.3749999999999,196.108108108108,197.2173913043478
191.8333333333333,189.7142857142857,185.4531249999999,182.7678571428571,185.3076923076923,188.2499999999999,191.9999999999999,193.6249999999999,196.1351351351351,196.9999999999999
191.9999999999999,189.5714285714285,185.5156249999999,182.3392857142857,185.1538461538461,188.3124999999999,191.9999999999999,193.8749999999999,196.1621621621621,197.1578947368421
192.1666666666666,189.4285714285714,185.5781249999999,182.1093749999999,184.9999999999999,188.3749999999999,191.9999999999999,193.9444444444444,196.1891891891891,197.3157894736842
192.3333333333333,189.2857142857142,185.6406249999999,182.0781249999999,185.1111111111111,188.4374999999999,191.9999999999999,193.8333333333333,196.2162162162161,197.4736842105262
192.4999999999999,189.1428571428571,185.7031249999999,182.0468749999999,185.2222222222221,188.4999999999999,191.9999999999999,193.7222222222222,196.2432432432432,197.6315789473684
192.6666666666666,188.9999999999999,185.7666666666666,182.0156249999999,185.3333333333333,188.5624999999999,191.8124999999999,193.6111111111111,196.1428571428571,197.7222222222222
192.8333333333333,189.0714285714285,185.8333333333333,181.9843749999999,185.4444444444444,188.6249999999999,191.6249999999999,193.4999999999999,196,197.6111111111111
192.9999999999999,189.1428571428571,185.8999999999999,181.9531249999999,185.5555555555555,188.6874999999999,191.4374999999999,193.3888888888888,195.8571428571428,197.4999999999999
193.1666666666666,189.2142857142857,185.9666666666666,181.9218749999999,185.6666666666666,188.7499999999999,191.2499999999999,193.2777777777777,195.7142857142857,197.3888888888888
193.3333333333333,189.2857142857142,186.0333333333333,181.8906249999999,185.7777777777777,188.8124999999999,191.0624999999999,193.1666666666666,195.5714285714285,197.2777777777777
193.4999999999999,189.3571428571428,186.0999999999999,182.0138888888888,185.8888888888889,188.8749999999999,190.8749999999999,193.0555555555555,195.4285714285714,196.4999999999999
193.6666666666666,189.4285714285714,186.1666666666666,182.2916666666666,185.9999999999999,188.9374999999999,190.6874999999999,192.9482758620689,195.2857142857142,195.4999999999999
193.8333333333333,189.4999999999999,186.2333333333333,182.5694444444444,186.111111111111,188.9999999999999,190.4999999999999,192.8448275862068,195.1428571428571,194.9166666666666
193.9999999999999,189.5714285714285,186.3,182.8472222222222,186.2222222222222,189.1666666666666,190.3124999999999,192.7413793103448,194.9999999999999,195.5833333333333
194.090909090909,189.6428571428571,186.3666666666666,183.1249999999999,186.3333333333333,189.3333333333333,190.1249999999999,192.6379310344827,195.2727272727272,196.2499999999999
194.1818181818181,189.7142857142857,186.4333333333333,183.4027777777777,186.4444444444444,189.4999999999999,189.9374999999999,192.5344827586206,195.5454545454545,196.734693877551
194.2727272727272,189.7857142857142,186.4999999999999,183.6805555555555,186.5555555555555,189.6666666666666,189.7499999999999,192.4310344827585,195.8181818181818,196.6734693877551
194.3636363636363,189.8571428571428,186.5666666666666,183.9853723404255,186.6666666666666,189.8333333333333,189.5624999999999,192.3275862068965,196.090909090909,196.6122448979591
194.4545454545454,189.9285714285714,186.6333333333333,184.2992021276595,186.7777777777777,189.9999999999999,189.3749999999999,192.2746478873239,196.3636363636363,196.5510204081632
194.5454545454545,189.9999999999999,186.6999999999999,184.6130319148936,186.8888888888888,190.1666666666666,189.1874999999999,192.3732394366197,196.6363636363636,196.4897959183673
194.6363636363636,189.9999999999999,186.6904761904761,184.9268617021276,186.9999999999999,190.3333333333333,188.9999999999999,192.4718309859154,196.9090909090908,196.4285714285714
194.7272727272727,189.9999999999999,186.4523809523809,185.2406914893617,187.0666666666666,190.4999999999999,189.2222222222222,192.5704225352112,197.1818181818181,196.3673469387755
194.8181818181818,189.9999999999999,186.2142857142857,185.5545212765957,187.1333333333333,190.6666666666666,189.4444444444444,192.669014084507,197.4545454545454,196.3061224489795
194.9090909090908,189.9999999999999,185.9761904761904,185.8683510638297,187.2,190.8333333333333,189.6666666666666,192.7676056338028,197.7272727272727,196.2448979591836
194.9999999999999,189.9999999999999,185.7380952380952,186.1428571428571,187.2666666666666,190.9999999999999,189.8888888888889,192.8661971830985,197.9999999999999,196.1836734693877
194.8636363636363,189.9999999999999,185.4999999999999,186.2857142857142,187.3333333333333,190.9166666666666,190.111111111111,192.9647887323943,197.8124999999999,196.1224489795918
194.7272727272727,189.9999999999999,185.6063829787233,186.4285714285714,187.3999999999999,190.8333333333333,190.3333333333333,193.0633802816901,197.6249999999999,196.0612244897958
194.590909090909,189.9999999999999,185.7127659574467,186.5714285714285,187.4666666666666,190.7499999999999,190.5555555555555,193.1619718309859,197.4374999999999,195.9999999999999
194.4545454545454,189.9999999999999,185.8191489361702,186.7142857142857,187.5333333333333,190.6666666666666,190.7777777777777,193.2605633802816,197.2499999999999,196.076923076923
194.3181818181818,189.9999999999999,185.9255319148936,186.8571428571428,187.6,190.5833333333333,190.9999999999999,193.3591549295774,197.0624999999999,196.1538461538461
194.1818181818181,189.9999999999999,186.031914893617,186.9999999999999,187.6666666666666,190.4999999999999,191.2222222222222,193.4577464788732,196.8749999999999,196.2307692307692
194.0454545454545,189.9999999999999,186.1382978723404,186.8181818181818,187.7333333333333,190.4166666666666,191.4444444444444,193.556338028169,196.6874999999999,196.3076923076923
193.9090909090908,189.9999999999999,186.2446808510638,186.6363636363636,187.7999999999999,190.3333333333333,191.6666666666666,193.6549295774647,196.5,196.3846153846153
193.7727272727272,189.9999999999999,186.3510638297872,186.4545454545454,187.8666666666666,190.2499999999999,191.8888888888889,193.7535211267605,196.3661616161616,196.4615384615384
193.6363636363636,189.9999999999999,186.4574468085106,186.2727272727272,187.9333333333333,190.1666666666666,192.111111111111,193.8521126760563,196.3459595959596,196.5384615384615
193.4999999999999,190.0980392156862,186.563829787234,186.090909090909,187.9999999999999,190.0833333333333,192.3333333333333,193.950704225352,196.3257575757576,196.6153846153846
193.3636363636363,190.1960784313725,186.6702127659574,185.9090909090908,187.7317073170731,189.9999999999999,192.5555555555555,194.076923076923,196.3055555555555,196.6923076923076
193.2272727272727,190.2941176470588,186.8124999999999,185.7272727272727,187.4634146341463,190.1874999999999,192.7777777777777,194.2307692307692,196.2853535353535,196.7692307692307
193.090909090909,190.3921568627451,187.0624999999999,185.5454545454545,187.1951219512194,190.3749999999999,192.9999999999999,194.3846153846153,196.2651515151515,196.8461538461538
192.9545454545454,190.4901960784313,187.3124999999999,185.3636363636363,186.9268292682926,190.5624999999999,193.0526315789473,194.5384615384615,196.2336956521739,196.9230769230769
192.8181818181818,190.5882352941176,187.5624999999999,185.1818181818181,186.6585365853658,190.7499999999999,193.1052631578947,194.6923076923076,196.1684782608695,196.9999999999999
192.6818181818181,190.6862745098039,187.8124999999999,184.9999999999999,186.390243902439,190.9374999999999,193.1578947368421,194.8461538461538,196.1032608695652,195.9999999999999
192.5454545454545,190.7843137254901,188.0624999999999,185.0624999999999,186.1219512195121,191.1249999999999,193.2105263157894,194.9999999999999,196.0380434782608,194.9999999999999
192.4090909090909,190.8823529411764,188.3124999999999,185.1249999999999,185.8536585365853,191.3124999999999,193.2631578947368,195.1538461538461,195.9728260869565,193.9999999999999
192.2727272727272,190.9803921568627,188.5624999999999,185.1874999999999,185.5853658536585,191.4999999999999,193.3157894736842,195.3076923076923,195.9076086956521,194.2
192.1363636363636,191.0784313725489,188.590909090909,185.2499999999999,185.3170731707316,191.6874999999999,193.3684210526315,195.4615384615384,195.9090909090908,194.3999999999999
191.9999999999999,191.1764705882352,187.9545454545454,185.3124999999999,185.6666666666666,191.8749999999999,193.4210526315789,195.6153846153846,196.090909090909,194.6
191.9230769230769,191.1923076923077,187.3181818181818,185.3749999999999,186.2222222222222,192.0624999999999,193.4736842105262,195.7692307692307,196.2727272727272,194.8
191.8461538461538,190.9615384615384,186.8749999999999,185.4374999999999,186.7777777777777,192.2499999999999,193.5263157894736,195.9230769230769,196.4545454545454,194.9999999999999
191.7692307692307,190.7307692307692,186.6249999999999,185.4999999999999,187.3333333333333,192.4374999999999,193.578947368421,195.9166666666666,196.6363636363636,195.1999999999999
191.6923076923076,190.4999999999999,186.5714285714285,185.5624999999999,187.7719298245613,192.6249999999999,193.6315789473684,195.7499999999999,196.8181818181818,195.3999999999999
191.6153846153846,190.2692307692307,186.7142857142857,185.6249999999999,187.859649122807,192.8124999999999,193.6842105263157,195.5833333333333,196.9999999999999,195.6
191.5384615384615,190.0384615384615,186.8571428571428,185.6874999999999,187.9473684210526,192.9999999999999,193.7368421052631,195.4166666666666,196.8823529411764,195.8
191.4615384615384,189.8076923076923,186.9999999999999,185.7499999999999,188.0350877192982,192.8163265306122,193.8372093023255,195.2499999999999,196.7647058823529,195.9999999999999
191.3846153846153,189.6249999999999,187.1428571428571,185.8124999999999,188.1228070175438,192.6326530612245,193.953488372093,195.0833333333333,196.6470588235294,195.9374999999999
191.3076923076923,189.4583333333333,187.2857142857142,185.8749999999999,188.2105263157894,192.4489795918367,194.0697674418604,194.9166666666666,196.5294117647058,195.8749999999999
191.2307692307692,189.2916666666666,187.4285714285714,185.9374999999999,188.298245614035,192.2653061224489,194.1860465116279,194.7499999999999,196.4117647058823,195.8124999999999
191.1538461538461,189.1249999999999,187.4285714285714,185.9999999999999,188.3859649122807,192.0816326530611,194.3023255813953,194.5833333333333,196.2941176470588,195.7499999999999
191.076923076923,188.9583333333333,187.2857142857142,186.0588235294117,188.4736842105262,191.8979591836734,194.4186046511628,194.6956029011785,196.1764705882352,195.6874999999999
190.9999999999999,188.7916666666666,187.1428571428571,186.1176470588235,188.5614035087719,191.7142857142857,194.5348837209302,194.9258839528558,196.0588235294117,195.6249999999999
191.0999999999999,188.8906249999999,186.9999999999999,186.1764705882352,188.6491228070175,191.5306122448979,194.6511627906976,195.156165004533,195.9411764705882,195.5624999999999
191.1999999999999,189.0781249999999,186.8571428571428,186.235294117647,188.7368421052631,191.3469387755102,194.7674418604651,195.3864460562103,195.8235294117646,195.4999999999999
191.3,189.2656249999999,186.8333333333333,186.2941176470588,188.8245614035087,191.1632653061224,194.8837209302325,195.6167271078875,195.7058823529411,195.4374999999999
191.3999999999999,189.4531249999999,187.1666666666666,186.3529411764705,188.9122807017543,190.9795918367346,194.9999999999999,195.8470081595648,195.5882352941176,195.3749999999999
191.4999999999999,189.6406249999999,187.4999999999999,186.4117647058823,188.9999999999999,190.7959183673469,195.1724137931034,196.077289211242,195.4705882352941,195.3124999999999
191.5999999999999,189.8281249999999,187.8333333333333,186.4705882352941,189.0833333333333,190.7894736842105,195.3448275862068,195.7857142857142,195.3529411764705,195.2499999999999
191.7,190.0156249999999,188.1666666666666,186.5294117647058,189.1666666666666,190.8421052631579,195.5172413793103,193.9285714285714,195.235294117647,195.1874999999999
191.7999999999999,190.2031249999999,188.4999999999999,186.5882352941176,189.2499999999999,190.8947368421052,195.6896551724137,192.9999999999999,195.1176470588235,195.1249999999999
191.8999999999999,189.4999999999999,188.7173913043478,186.6470588235294,189.3333333333333,190.9473684210526,195.8620689655172,192.9999999999999,194.9999999999999,195.0624999999999
191.9999999999999,188.4999999999999,188.9347826086956,186.7058823529411,189.4166666666666,190.9999999999999,196.0344827586206,192.9999999999999,194.9999999999999,194.9999999999999
192.0999999999999,187.4999999999999,189.1521739130434,186.7647058823529,189.4999999999999,191.0526315789473,196.2068965517241,192.9999999999999,194.9999999999999,194.6249999999999
192.1999999999999,187.2499999999999,189.3695652173912,186.8235294117646,189.5833333333333,191.1052631578947,196.1702127659574,192.9999999999999,194.9999999999999,194.2499999999999
192.3,187.2499999999999,189.5869565217391,186.8823529411764,189.6666666666666,191.157894736842,196.063829787234,192.9999999999999,194.9999999999999,193.8749999999999
192.3999999999999,187.2499999999999,189.7272727272727,186.9411764705882,189.7499999999999,191.2105263157894,195.9574468085106,193.2749999999999,194.9999999999999,193.4999999999999
192.4999999999999,187.2499999999999,189.6363636363636,186.9999999999999,189.8333333333333,191.3030303030303,195.8510638297872,194.3749999999999,194.9999999999999,193.1249999999999
192.5999999999999,188.2499999999999,189.5454545454545,186.9999999999999,189.9166666666666,191.5151515151514,195.7446808510638,195.4749999999999,194.9999999999999,192.7499999999999
192.7,191.2361111111111,189.4545454545454,186.9999999999999,189.9999999999999,191.7272727272727,195.6382978723404,195.4999999999999,194.9999999999999,192.3749999999999
192.7999999999999,191.1805555555555,189.3636363636363,186.9999999999999,190.0666666666666,191.9393939393939,195.531914893617,195.1666666666666,194.9999999999999,191.9999999999999
192.8999999999999,191.1249999999999,189.2727272727272,186.9999999999999,190.1333333333333,192.1515151515151,195.4255319148936,194.8333333333333,194.9999999999999,192.3142857142856
192.9999999999999,191.0694444444444,189.1818181818181,186.9999999999999,190.2,192.3636363636363,195.3191489361702,194.4999999999999,194.9999999999999,192.6285714285714
193.2571428571428,191.0138888888888,189.090909090909,186.9999999999999,190.2666666666666,192.5757575757575,195.2127659574467,194.1666666666666,194.9999999999999,192.9428571428571
193.5142857142856,190.9583333333333,188.9999999999999,186.9999999999999,190.3333333333333,192.7878787878787,195.1063829787233,193.8333333333333,194.9999999999999,193.2571428571428
193.7714285714285,190.9027777777777,188.9090909090909,186.9999999999999,190.3999999999999,192.9999999999999,194.9999999999999,193.4999999999999,194.9999999999999,193.5714285714285
194.0285714285714,190.8472222222222,188.8181818181818,186.9999999999999,190.4666666666666,192.8666666666666,194.95,193.1666666666666,194.9999999999999,193.8857142857142
194.2857142857142,190.7916666666666,188.7272727272727,186.9999999999999,190.5333333333333,192.7333333333333,194.8999999999999,192.9749999999999,194.9999999999999,194.1999999999999
194.5428571428571,190.7954545454545,188.6363636363636,186.9999999999999,190.6,192.6,194.8499999999999,192.925,194.9999999999999,194.5142857142856
194.7999999999999,190.9772727272727,188.5454545454545,187.1428571428571,190.6666666666666,192.4666666666666,194.8,192.8749999999999,194.9230769230769,194.7499999999999
195.0571428571428,191.1590909090908,188.4545454545454,187.2857142857142,190.7333333333333,192.3333333333333,194.7499999999999,192.825,194.8461538461538,194.7499999999999
195.2016129032258,191.340909090909,188.3636363636363,187.4285714285714,190.7999999999999,192.2,194.6999999999999,192.7749999999999,194.7692307692307,194.7499999999999
195.008064516129,191.5227272727272,188.2727272727272,187.5714285714285,190.8666666666666,192.0666666666666,194.65,192.7249999999999,194.6923076923076,194.7499999999999
194.8145161290322,191.7045454545454,188.1818181818181,187.7142857142857,190.9333333333333,191.9333333333333,194.5999999999999,192.675,194.6153846153846,194.7499999999999
194.6209677419354,191.8333333333333,188.0909090909091,187.8571428571428,190.9999999999999,191.8,194.55,192.6249999999999,194.5384615384615,194.7499999999999
194.4274193548387,191.9444444444444,187.9999999999999,187.9999999999999,191.0588235294117,191.6666666666666,194.4999999999999,192.5749999999999,194.4615384615384,194.7499999999999
194.2338709677419,192.0555555555555,187.9090909090908,188.1428571428571,191.1176470588235,191.5333333333333,194.4499999999999,192.5249999999999,194.3846153846153,194.7499999999999
194.0403225806451,192.1666666666666,187.8181818181818,188.2857142857142,191.1764705882352,191.3999999999999,194.3999999999999,192.4749999999999,194.3076923076923,194.7499999999999
193.8467741935484,192.2777777777777,187.7321428571428,188.4285714285714,191.235294117647,191.2666666666666,194.3499999999999,192.425,194.2307692307692,194.7499999999999
193.6532258064516,192.3888888888888,187.6607142857142,188.5714285714285,191.2941176470588,191.1333333333333,194.3,192.3749999999999,194.1538461538461,194.7027027027027
193.4596774193548,192.4999999999999,187.5892857142857,188.7142857142857,191.3529411764705,190.9999999999999,194.2499999999999,192.3249999999999,194.076923076923,194.5135135135135
193.266129032258,192.6111111111111,187.5178571428571,188.8571428571428,191.4117647058823,190.9230769230769,194.2,192.2749999999999,193.9999999999999,194.3243243243243
193.0725806451613,192.7222222222222,187.4464285714285,188.9999999999999,191.4705882352941,190.8461538461538,194.1499999999999,192.225,193.7857142857142,194.1351351351351
192.8790322580645,192.6153846153846,187.3749999999999,189.0746268656716,191.5294117647058,190.7692307692307,194.0999999999999,192.175,193.5714285714285,193.9459459459459
192.6854838709677,192.4358974358974,187.3035714285714,189.1492537313432,191.5882352941176,190.6923076923077,194.05,192.1249999999999,193.3571428571428,193.7567567567567
192.4919354838709,192.2564102564102,187.2321428571428,189.2238805970149,191.6470588235294,190.6153846153846,193.9999999999999,192.0749999999999,193.1428571428571,193.5675675675675
192.2983870967741,192.076923076923,187.1607142857142,189.2985074626865,191.7058823529411,190.5384615384615,193.9411764705882,192.0249999999999,192.9285714285714,193.3783783783783
192.3225806451612,191.8974358974359,187.0892857142857,189.3731343283582,191.7647058823529,190.4615384615384,193.8823529411764,191.9736842105262,192.7142857142857,193.1891891891891
192.4193548387096,191.7179487179487,187.0178571428571,189.4477611940298,191.8235294117646,190.3846153846153,193.8235294117646,191.9210526315789,192.4999999999999,192.9999999999999
192.516129032258,191.5384615384615,186.9464285714285,189.5223880597014,191.8823529411764,190.3076923076922,193.7647058823529,191.8684210526315,192.2857142857142,192.5714285714285
192.6129032258063,191.3589743589743,186.8749999999999,189.5970149253731,191.9411764705882,190.2307692307692,193.7058823529411,191.8157894736842,192.0714285714285,192.1428571428571
192.7096774193548,191.1794871794871,186.8035714285714,189.6716417910447,191.9999999999999,190.1538461538461,193.6470588235293,191.7631578947368,191.8571428571428,191.7142857142856
192.8064516129032,190.9999999999999,186.7884615384615,189.7462686567164,191.8,190.076923076923,193.5882352941176,191.7105263157894,191.6428571428571,191.2857142857142
192.9032258064516,191.076923076923,186.9423076923076,189.820895522388,191.5999999999999,189.9999999999999,193.5294117647058,191.6578947368421,191.4285714285714,190.8571428571428
192.9999999999999,191.1538461538461,187.0961538461538,189.8955223880596,191.3999999999999,189.9999999999999,193.4705882352941,191.6052631578947,191.2142857142857,190.4285714285714
192.9999999999999,191.2307692307692,187.2499999999999,189.9701492537313,191.2,189.9999999999999,193.4117647058823,191.5526315789473,190.9999999999999,189.9999999999999
192.9999999999999,191.3076923076923,187.4038461538461,190.0447761194029,190.9999999999999,189.9999999999999,193.3529411764705,191.4999999999999,191.0624999999999,189.5714285714285
192.9999999999999,191.3846153846153,187.5576923076922,190.1194029850746,190.8,189.9999999999999,193.2941176470588,191.4473684210526,191.1249999999999,189.2799999999999
192.9999999999999,191.4615384615384,187.7115384615384,190.1940298507462,190.5999999999999,189.9999999999999,193.235294117647,191.3947368421052,191.1874999999999,189.3999999999999
192.9999999999999,191.5384615384615,187.8653846153846,190.1999999999999,190.3999999999999,189.9999999999999,193.1764705882352,191.3421052631579,191.2499999999999,189.5199999999999
192.9999999999999,191.6153846153846,188.0192307692307,189.9999999999999,190.1999999999999,189.9999999999999,193.1176470588235,191.2894736842105,191.3124999999999,189.6399999999999
192.9999999999999,191.6923076923076,188.1730769230768,189.8,189.9999999999999,189.9999999999999,193.0588235294117,191.2368421052631,191.3749999999999,189.7599999999999
192.9999999999999,191.7692307692307,188.326923076923,189.6,189.7999999999999,190.1249999999999,192.9999999999999,191.1842105263157,191.4374999999999,189.8799999999999
192.9999999999999,191.8461538461538,188.4807692307692,189.3999999999999,189.5999999999999,190.2499999999999,192.9655172413793,191.1315789473684,191.4999999999999,189.9999999999999
192.9999999999999,191.9230769230768,188.6346153846153,189.1999999999999,189.3999999999999,190.3749999999999,192.9310344827586,191.078947368421,191.5624999999999,189.9999999999999
192.9999999999999,191.9999999999999,188.7656249999999,188.9999999999999,189.1999999999999,190.4999999999999,192.8965517241379,191.0263157894736,191.6249999999999,189.9999999999999
192.9999999999999,191.8461538461538,188.8281249999999,188.8,188.9999999999999,190.6249999999999,192.8620689655172,190.96,191.6874999999999,189.9999999999999
192.9999999999999,191.6923076923077,188.8906249999999,188.5999999999999,189.0588235294117,190.7499999999999,192.8275862068965,190.8799999999999,191.7499999999999,189.9999999999999
193.0999999999999,191.5384615384615,188.9531249999999,188.3999999999999,189.1176470588235,190.8749999999999,192.7931034482758,190.8,191.8124999999999,189.9999999999999
193.2,191.3846153846153,189.0156249999999,188.1999999999999,189.1764705882352,190.9999999999999,192.7586206896551,190.72,191.8749999999999,189.9999999999999
193.3,191.2307692307692,189.0781249999999,187.9999999999999,189.235294117647,191.1249999999999,192.7241379310344,190.64,191.9374999999999,189.9999999999999
193.4,191.076923076923,189.1406249999999,188.0666666666666,188.1999999999999,191.2499999999999,192.6896551724137,190.5599999999999,191.9999999999999,189.9999999999999
193.4999999999999,190.9230769230769,189.2031249999999,188.1333333333333,186.8,191.3749999999999,192.655172413793,190.4799999999999,192.1304347826087,189.9999999999999
193.5999999999999,190.7692307692307,189.2656249999999,188.1999999999999,185.7499999999999,191.4999999999999,192.6206896551724,190.3999999999999,192.2608695652173,189.9999999999999
193.6999999999999,190.6153846153846,189.3281249999999,188.2666666666666,185.7499999999999,191.6249999999999,192.5862068965517,190.3199999999999,192.391304347826,189.9999999999999
193.8,190.4615384615384,189.3906249999999,188.3333333333333,185.7499999999999,191.7499999999999,192.551724137931,190.24,192.5217391304348,189.9999999999999
193.8999999999999,190.3076923076923,189.4531249999999,188.3999999999999,185.7499999999999,191.8749999999999,192.5172413793103,190.16,192.6521739130434,189.9999999999999
193.9999999999999,190.1538461538461,189.5156249999999,188.4666666666666,185.7499999999999,191.9999999999999,192.4827586206896,190.08,192.6785714285714,189.9999999999999
194.0999999999999,189.9999999999999,189.5781249999999,188.5333333333333,187.1249999999999,191.9374999999999,192.4482758620689,189.9999999999999,192.3928571428571,189.9999999999999
194.1999999999999,190.076923076923,189.6406249999999,188.5999999999999,188.9583333333333,191.8749999999999,192.4137931034482,189.92,192.1071428571428,189.9999999999999
194.3,190.1538461538461,189.7031249999999,188.6666666666666,190.7916666666666,191.8124999999999,192.3793103448275,189.8399999999999,191.8214285714285,189.9999999999999
194.3999999999999,190.2307692307692,189.7678571428571,188.7333333333333,191.2016129032257,191.7499999999999,192.3448275862069,189.7599999999999,191.5357142857142,189.7499999999999
194.4999999999999,190.3076923076922,189.8392857142857,188.8,191.1370967741935,191.6874999999999,192.3103448275861,189.6799999999999,191.2499999999999,189.4999999999999
194.6,190.3846153846153,189.9107142857142,188.8666666666666,191.0725806451612,191.6249999999999,192.2758620689654,189.5999999999999,190.9642857142857,189.2499999999999
194.6999999999999,190.4615384615384,189.9821428571428,188.9333333333333,191.008064516129,191.5624999999999,192.2499999999999,189.52,190.7169811320754,188.9999999999999
194.7999999999999,190.5384615384615,190.0535714285714,188.9999999999999,190.9435483870967,191.4999999999999,192.2499999999999,189.4399999999999,190.5849056603773,188.7499999999999
194.8999999999999,190.6153846153846,190.1249999999999,189.0666666666666,190.8790322580645,191.4374999999999,192.2499999999999,189.3599999999999,190.4528301886792,188.4999999999999
194.9999999999999,190.6923076923077,190.1964285714285,189.1333333333333,190.8145161290322,191.3749999999999,192.2499999999999,189.2799999999999,190.3207547169811,188.2499999999999
194.64,190.7692307692307,190.2678571428571,189.2,190.7499999999999,191.3124999999999,192.2499999999999,189.2,190.188679245283,187.9999999999999
194.2799999999999,190.8461538461538,190.3392857142857,189.2666666666666,190.6854838709677,191.2499999999999,192.2499999999999,189.1199999999999,190.0566037735848,187.7499999999999
193.92,190.9230769230769,190.4107142857142,189.3333333333333,190.6209677419354,191.1874999999999,192.2499999999999,189.0399999999999,189.9245283018867,187.4999999999999
193.5599999999999,190.9999999999999,190.4821428571428,189.3999999999999,190.5564516129032,191.1249999999999,192.2499999999999,188.9444444444444,189.7924528301886,187.2499999999999
193.1999999999999,190.9411764705882,190.5535714285714,189.4666666666666,190.4919354838709,191.0624999999999,192.2758620689655,188.8333333333333,189.6603773584905,186.9999999999999
192.8399999999999,190.8823529411764,190.6249999999999,189.5333333333333,190.4274193548387,190.9999999999999,192.3793103448275,188.7222222222222,189.5283018867924,186.9999999999999
192.5806451612902,190.8235294117646,190.6964285714285,189.5999999999999,190.3629032258064,190.8666666666666,192.4827586206896,188.6111111111111,189.3962264150943,186.9999999999999
192.3548387096774,190.7647058823529,190.7291666666666,189.6666666666666,190.2983870967741,190.7333333333333,192.5862068965517,188.4999999999999,189.2641509433962,186.9999999999999
192.1290322580645,190.7058823529411,190.6458333333333,189.7333333333333,190.0749999999999,190.5999999999999,192.6896551724137,188.3888888888888,189.132075471698,186.9999999999999
191.9032258064516,190.6470588235293,190.5624999999999,189.8,189.3749999999999,190.4666666666666,192.7931034482758,188.2777777777777,188.9999999999999,186.9999999999999
191.6774193548387,190.5882352941176,190.4791666666666,189.8666666666666,188.675,190.3333333333333,192.8965517241379,188.1666666666666,188.8648648648648,186.9999999999999
191.4516129032257,190.5294117647058,190.3958333333333,189.9333333333333,187.9749999999999,190.1999999999999,192.9999999999999,188.0555555555555,188.7297297297297,186.9999999999999
191.2258064516129,190.4705882352941,190.3124999999999,189.9999999999999,187.2749999999999,190.0666666666666,192.8571428571428,187.9444444444444,188.5945945945945,186.9999999999999
190.9999999999999,190.4117647058823,190.2291666666666,190.1428571428571,186.9444444444444,189.9333333333333,192.7142857142857,187.8333333333333,188.4594594594594,186.9999999999999
191.1666666666666,190.3529411764705,190.1458333333333,190.2857142857142,187.7222222222221,189.8,192.5714285714285,187.7222222222222,188.3243243243243,186.9999999999999
191.3333333333333,190.2941176470588,190.0624999999999,190.4285714285714,188.4999999999999,189.6666666666666,192.4285714285714,187.611111111111,188.1891891891891,186.9999999999999
191.4999999999999,190.2631578947368,189.9791666666666,190.5714285714285,189.2777777777777,189.5333333333333,192.2857142857142,187.4999999999999,188.054054054054,186.9999999999999
191.6666666666666,190.3157894736842,189.8958333333333,190.7142857142856,190.0555555555555,189.3999999999999,192.1428571428571,187.3888888888889,187.9189189189188,186.9999999999999
191.8333333333333,190.3684210526315,189.8124999999999,190.8571428571428,190.3142857142857,189.2666666666666,192,187.2777777777777,187.7837837837837,186.9999999999999
191.9999999999999,190.4210526315789,189.7857142857142,190.9999999999999,190.3999999999999,189.1333333333333,191.8571428571428,187.1666666666666,187.675,186.9999999999999
192.1666666666666,190.4736842105262,189.9285714285714,191.1428571428571,190.4857142857142,188.9999999999999,191.7142857142857,187.0555555555555,187.5749999999999,186.9999999999999
192.3333333333333,190.5263157894736,190.0714285714285,191.2857142857142,190.5714285714285,189.0967741935483,191.5714285714285,186.9423076923077,187.4749999999999,186.9999999999999
192.4999999999999,190.578947368421,190.2142857142857,191.4285714285714,190.6571428571428,189.1935483870967,191.4285714285714,186.826923076923,187.3749999999999,186.8888888888888
192.6666666666666,190.6315789473684,190.3571428571428,191.5714285714285,190.7428571428571,189.2903225806451,191.2857142857142,186.7115384615384,187.2749999999999,186.7777777777777
192.8333333333333,190.6842105263157,190.4999999999999,191.7142857142857,190.8285714285714,189.3870967741935,191.1428571428571,186.5961538461538,187.175,186.6666666666666
192.9999999999999,190.7368421052631,190.6428571428571,191.8571428571428,190.9142857142857,189.4838709677419,190.9999999999999,186.4807692307692,187.0749999999999,186.5555555555555
192.8999999999999,190.7031249999999,190.7857142857142,191.9999999999999,190.9999999999999,189.5806451612902,190.8571428571428,186.3653846153846,186.9749999999999,186.4444444444444
192.8,190.6406249999999,190.9285714285714,192.1428571428571,190.9444444444444,189.6774193548386,190.7142857142857,186.2499999999999,186.8749999999999,186.3333333333333
192.6999999999999,190.5781249999999,191.0714285714285,192.2857142857142,190.8888888888889,189.7321428571428,190.5714285714285,186.1346153846153,186.7749999999999,186.2222222222222
192.5999999999999,190.5156249999999,191.2142857142857,192.4285714285714,190.8333333333333,189.6607142857142,190.4285714285714,186.0192307692307,186.6774193548387,186.111111111111
192.4999999999999,190.4531249999999,191.3571428571428,192.5714285714285,190.7777777777777,189.5892857142857,190.2857142857142,185.9038461538461,186.5806451612902,185.9999999999999
192.3999999999999,190.3906249999999,191.4999999999999,192.7142857142857,190.7222222222222,189.5178571428571,190.1428571428571,185.7884615384615,186.4838709677419,185.8888888888889
192.3,190.3281249999999,191.6428571428571,192.8571428571428,190.6666666666666,189.4464285714285,189.9999999999999,185.6730769230768,186.3870967741935,185.7777777777777
192.1999999999999,190.2656249999999,191.7916666666666,192.9999999999999,190.6111111111111,189.3749999999999,189.8124999999999,185.5576923076922,186.2903225806451,185.6666666666666
192.0999999999999,190.328947368421,191.9583333333333,192.8571428571428,190.5555555555555,189.3035714285714,189.6249999999999,185.4423076923076,186.1935483870967,185.5555555555555
191.9999999999999,190.4342105263157,192.1249999999999,192.7142857142857,190.4999999999999,189.2833333333333,189.4374999999999,185.326923076923,186.0967741935483,185.4444444444444
191.9599999999999,190.5394736842105,192.2916666666666,192.5714285714285,190.4444444444444,189.4166666666666,189.2499999999999,185.2115384615384,185.9999999999999,185.3333333333333
191.9199999999999,190.6447368421052,192.4583333333333,192.4285714285714,190.3888888888888,189.55,189.0624999999999,185.0961538461538,185.9142857142857,185.2222222222221
191.8799999999999,190.7499999999999,192.6249999999999,192.2857142857142,190.3333333333333,189.6833333333333,188.8749999999999,184.9807692307692,185.8285714285714,185.1111111111111
191.8399999999999,190.8552631578947,192.7916666666666,192.1428571428571,190.2777777777777,189.8166666666666,188.6874999999999,184.8653846153846,185.7428571428571,184.9999999999999
191.7999999999999,190.9605263157894,192.9583333333333,191.9999999999999,190.2222222222222,189.9499999999999,188.4999999999999,184.7499999999999,185.6571428571428,184.9473684210526
191.7599999999999,191.0657894736841,193.1249999999999,191.8571428571428,190.1666666666666,190.0833333333333,188.3124999999999,184.6346153846153,185.5714285714285,184.8947368421052
191.7714285714285,191.1710526315789,193.2916666666666,191.7142857142857,190.1111111111111,190.2166666666666,188.1249999999999,184.5192307692307,185.4857142857142,184.8421052631578
191.8,191.2264150943396,193.4583333333333,191.5714285714285,190.0555555555555,190.1290322580645,187.9374999999999,184.4038461538461,185.3999999999999,184.7894736842105
191.8285714285714,191.1320754716981,193.6249999999999,191.4285714285714,189.9999999999999,189.9677419354838,187.7499999999999,184.2884615384615,185.3142857142857,184.7368421052631
191.8571428571428,191.0377358490566,193.6666666666666,191.2857142857142,189.8181818181818,189.8064516129032,187.5624999999999,184.1730769230769,185.1999999999999,184.6842105263157
191.8857142857142,190.943396226415,193.3333333333333,191.1428571428571,189.6363636363636,189.6451612903225,187.3749999999999,184.0576923076922,184.9999999999999,184.6315789473684
191.9142857142857,190.8490566037735,192.9999999999999,190.9999999999999,189.4545454545454,189.4838709677419,187.1874999999999,183.9444444444444,184.8,184.578947368421
191.9428571428571,190.754716981132,192.6666666666666,190.9444444444444,189.2727272727272,189.3225806451612,186.9999999999999,183.8333333333333,184.6,184.5263157894736
191.9714285714285,190.6603773584905,192.3333333333333,190.8888888888888,189.090909090909,189.1612903225806,186.8888888888888,183.7222222222222,184.3999999999999,184.4736842105262
191.9999999999999,190.566037735849,191.9999999999999,190.8333333333333,188.9090909090908,188.9999999999999,186.7777777777777,183.6111111111111,184.1999999999999,184.4210526315789
191.9333333333333,190.4716981132075,191.6666666666666,190.7777777777777,188.7272727272727,189.0632911392404,186.6666666666666,183.4999999999999,183.9999999999999,184.3684210526315
191.8666666666666,190.377358490566,191.3333333333333,190.7222222222222,188.5454545454545,189.126582278481,186.5555555555555,183.3888888888888,183.8196721311475,184.3157894736842
191.8,190.2830188679245,190.9999999999999,190.6666666666666,188.3636363636363,189.1898734177215,186.4444444444444,183.2777777777777,183.639344262295,184.2631578947368
191.7333333333333,190.188679245283,190.6499999999999,190.6111111111111,188.1818181818181,189.253164556962,186.3333333333333,183.1666666666666,183.4590163934426,184.2105263157894
191.6666666666666,190.0943396226414,190.2499999999999,190.5555555555555,187.9999999999999,189.3164556962025,186.2222222222222,183.0555555555555,183.2786885245901,184.1578947368421
191.5999999999999,189.9999999999999,189.85,190.4999999999999,188.1249999999999,189.379746835443,186.1111111111111,182.9444444444444,183.0983606557377,184.1052631578947
191.5333333333333,190.103448275862,189.4499999999999,190.4444444444444,188.2499999999999,189.4430379746835,185.9999999999999,182.8333333333333,182.9180327868852,184.0526315789473
191.4666666666666,190.2068965517241,189.05,190.3888888888888,188.3749999999999,189.506329113924,185.9999999999999,182.7222222222222,182.7377049180327,183.9999999999999
191.3999999999999,190.3103448275862,188.7187499999999,190.3333333333333,188.4999999999999,189.5696202531645,185.9999999999999,182.6111111111111,182.5573770491803,183.7
191.3333333333333,190.4137931034482,188.5937499999999,190.2777777777777,188.6249999999999,189.632911392405,185.9999999999999,182.4999999999999,182.3770491803278,183.3999999999999
191.2666666666666,190.5172413793103,188.4687499999999,190.2222222222222,188.7499999999999,189.6962025316455,185.9999999999999,182.3888888888888,182.1967213114754,183.0999999999999
191.1999999999999,190.6206896551724,188.3437499999999,190.1666666666666,188.8749999999999,189.759493670886,185.9999999999999,182.2777777777777,182.0163934426229,182.8
191.1333333333333,190.7241379310344,188.2187499999999,190.1111111111111,188.9999999999999,189.8227848101265,186.1282051282051,182.1666666666666,181.8360655737704,182.4999999999999
191.0666666666666,190.7031249999999,188.0937499999999,190.0555555555555,188.9230769230769,189.886075949367,186.2564102564102,182.0555555555555,181.655737704918,182.1999999999999
190.9999999999999,190.640625,187.9687499999999,189.9999999999999,188.8461538461538,189.9493670886075,186.3846153846153,181.9062499999999,181.4754098360655,181.8999999999999
190.8749999999999,190.578125,187.8437499999999,189.8888888888888,188.7692307692307,190.012658227848,186.5128205128204,181.7187499999999,181.2950819672131,181.5999999999999
190.7499999999999,190.5156249999999,187.7727272727272,189.7777777777777,188.7894736842105,190.0759493670886,186.6410256410256,181.5312499999999,181.3,181.3
190.6249999999999,190.4531249999999,187.8636363636363,189.6666666666666,188.8421052631578,190.1392405063291,186.7692307692307,181.3437499999999,181.3666666666666,180.9999999999999
190.4999999999999,190.3906249999999,187.9545454545454,189.5555555555555,188.8947368421052,190.2025316455696,186.8974358974359,181.1562499999999,181.4333333333333,180.7499999999999
190.3749999999999,190.3281249999999,188.0454545454545,189.4444444444444,188.9473684210526,190.1999999999999,187.025641025641,180.9687499999999,181.4999999999999,180.4999999999999
190.2499999999999,190.2656249999999,188.1363636363636,189.3333333333333,188.9999999999999,189.9999999999999,187.1538461538461,180.7812499999999,181.5666666666666,180.2499999999999
190.1249999999999,190.2031249999999,188.2272727272727,189.2222222222222,189.047619047619,189.8,187.1896551724138,180.5937499999999,181.6333333333333,179.9999999999999
189.9999999999999,188.7475,188.3181818181818,189.1111111111111,189.095238095238,189.5999999999999,186.9482758620689,180.4062499999999,181.6999999999999,179.7499999999999
189.8749999999999,188.8499999999999,188.4090909090908,188.9999999999999,189.1428571428571,189.3999999999999,186.7068965517241,180.2187499999999,181.7666666666666,179.4999999999999
189.7499999999999,189.6499999999999,188.4999999999999,189.076923076923,189.1904761904761,189.1999999999999,186.4655172413792,180.0312499999999,181.8333333333333,179.2499999999999
189.6249999999999,190.2142857142857,188.590909090909,189.1538461538461,189.2380952380952,188.9999999999999,186.2241379310344,179.8437499999999,181.8999999999999,178.9999999999999
189.4999999999999,190.0714285714285,188.6818181818181,189.2307692307692,188.9772727272727,188.8666666666666,185.9827586206896,179.6562499999999,181.9666666666666,178.6
189.3749999999999,189.9285714285714,188.6860465116279,189.3076923076923,188.6136363636363,188.7333333333333,185.7413793103448,179.4687499999999,182.0333333333333,178.2
189.2499999999999,189.7857142857142,188.4302325581395,189.3846153846154,188.2499999999999,188.6,185.4999999999999,179.2812499999999,182.0999999999999,177.7999999999999
189.1249999999999,189.5555555555555,188.1744186046511,189.4615384615384,187.8863636363636,188.4666666666666,185.2586206896551,179.0937499999999,182.1666666666666,177.3999999999999
188.9999999999999,189.2962962962962,187.9186046511627,189.5384615384615,187.5227272727272,188.3333333333333,185.0172413793103,178.8717948717948,182.2333333333333,176.9999999999999
188.8,189.037037037037,187.6627906976744,189.6153846153846,187.2031249999999,188.1999999999999,184.7758620689655,178.6153846153846,181.1249999999999,176.5999999999999
188.5999999999999,188.7777777777777,187.406976744186,189.6923076923076,187.0156249999999,188.0666666666666,184.5344827586206,178.3589743589743,179.6249999999999,176.1999999999999
188.3999999999999,188.5185185185184,187.1511627906976,189.7692307692307,186.8281249999999,187.9333333333333,184.2931034482758,178.1025641025641,178.1249999999999,175.8
188.1999999999999,188.2592592592592,186.8953488372092,189.8461538461538,186.6406249999999,187.8,184.051724137931,177.8461538461538,177.5192307692307,175.3999999999999
187.9999999999999,187.9999999999999,186.6395348837209,189.9230769230768,186.4531249999999,187.6666666666666,183.8103448275861,177.5897435897435,177.2115384615384,174.9999999999999
187.7999999999999,187.9032258064516,186.3837209302325,189.9999999999999,186.2656249999999,187.5333333333332,183.4999999999999,177.3333333333333,176.9038461538461,174.9285714285714
187.5999999999999,187.8064516129032,186.1279069767441,189.8518518518518,186.0781249999999,187.3999999999999,183.1666666666666,177.076923076923,176.5961538461538,174.8571428571428
187.3999999999999,187.7096774193548,186.3,189.7037037037036,185.8906249999999,187.2666666666666,182.8333333333333,176.8205128205128,176.2884615384615,174.7857142857142
187.2083333333333,187.6129032258064,186.8999999999999,189.5555555555555,185.7045454545454,187.1333333333333,182.4999999999999,176.5641025641025,175.9807692307692,174.7142857142857
187.0416666666666,187.516129032258,187.4999999999999,189.4074074074073,185.5227272727272,186.9999999999999,182.1666666666666,176.3076923076923,175.7837837837837,174.6428571428571
186.8749999999999,187.4193548387096,188.0999999999999,189.2592592592592,185.340909090909,186.6842105263157,181.8333333333333,176.051282051282,175.9189189189189,174.5714285714285
186.7083333333333,187.3225806451612,188.7,189.1111111111111,185.1590909090908,186.3684210526315,181.4999999999999,175.7948717948717,176.054054054054,174.4999999999999
186.5416666666666,187.2857142857142,188.4999999999999,188.9629629629629,184.9772727272727,186.0526315789473,181.1666666666666,175.5384615384615,176.1891891891891,174.4285714285714
186.3749999999999,187.4285714285714,187.4999999999999,188.8148148148148,184.7954545454545,185.7368421052631,180.8333333333333,175.2820512820512,176.3243243243243,174.3571428571428
186.1874999999999,187.5714285714285,186.4999999999999,188.6666666666666,185.1249999999999,185.4210526315789,180.4999999999999,175.025641025641,176.4594594594594,174.2857142857142
185.9374999999999,187.7142857142857,186.7499999999999,188.5185185185185,185.6249999999999,185.1052631578947,180.1666666666666,174.7692307692307,176.5945945945945,174.2142857142857
185.840909090909,187.8571428571428,186.9999999999999,188.3703703703703,186.1249999999999,184.7894736842105,179.8333333333333,174.5128205128204,176.7297297297297,174.1428571428571
186.2045454545454,187.9999999999999,187.2499999999999,188.2222222222222,186.6249999999999,184.4736842105262,179.4999999999999,174.2564102564102,176.8648648648648,174.0714285714285
186.5681818181818,188.1428571428571,187.4999999999999,188.074074074074,187.1249999999999,184.157894736842,179.1666666666666,173.9999999999999,176.9999999999999,173.9999999999999
