284,285,284,282,279,277.423076923077,281,269.8833333333333,264.2758620689655,262.7990990990991
283.8571428571429,284.7142857142857,283.8571428571429,281.8,278.8333333333333,277.2692307692308,280.5,270.15,264.3793103448276,262.7990990990991
283.7142857142857,284.4285714285714,283.7142857142857,281.6,278.6666666666666,277.1153846153846,280,270.4166666666667,264.4827586206897,262.7990990990991
283.5714285714286,284.1428571428571,283.5714285714286,281.4,278.5,276.9615384615385,279.5,270.6833333333333,264.5862068965517,262.7990990990991
283.4285714285714,283.8571428571428,283.4285714285714,281.2240291262136,278.3333333333334,276.8076923076923,279,270.8,264.6896551724138,262.7516629290572
283.2857142857143,283.5714285714286,283.2857142857143,281.120145631068,278.1666666666666,276.6538461538461,278.5918367346939,270.8666666666667,264.7931034482759,262.5435437640514
283.1428571428571,283.2857142857143,283.1428571428571,281.0162621359223,278,276.5,278.1836734693877,270.9333333333333,264.8965517241379,262.3354245990457
283,283,283,280.9123786407768,277.8333333333333,276.3461538461539,277.7755102040817,271,265,262.1273054340398
282.875,282.9677419354839,282.8571428571429,280.8084951456311,277.6666666666667,276.1923076923077,277.3673469387755,270.8888888888889,265.2222222222222,261.9191862690341
282.75,282.9354838709677,282.7142857142857,280.7456422018349,277.5,276.0384615384615,276.9591836734694,270.7777777777778,265.4444444444445,261.7110671040283
282.625,282.9032258064516,282.5714285714286,280.7465596330275,277.3333333333333,275.8846153846154,276.5510204081633,270.6666666666667,265.6666666666666,261.5029479390225
282.5,282.8709677419355,282.4285714285714,280.7474770642202,277.1666666666667,275.7307692307692,276.1911764705882,270.5555555555555,265.8888888888889,261.2948287740168
282.375,282.8387096774193,282.2857142857143,280.7483944954129,276.9999999999999,275.5769230769231,275.8382352941176,270.4444444444445,265.95,261.086709609011
282.25,282.8064516129032,282.1428571428571,280.7493119266055,276.8888888888889,275.4166666666667,275.4852941176471,270.3333333333334,265.85,260.866011936161
282.125,282.7741935483871,282,280.703125,276.7777777777778,275.25,275.1323529411765,270.2222222222222,265.75,260.6382277800187
282,282.7931034482759,281.7142857142857,280.515625,276.6666666666667,275.0833333333333,274.9,270.1111111111111,265.65,260.4104436238764
282.5,282.9655172413793,281.4285714285714,280.328125,276.5555555555555,274.9166666666666,274.74,270,265.55,260.182659467734
283,283.1379310344828,281.1428571428571,280.140625,276.4444444444445,274.75,274.58,269.7586206896551,265.45,260.0284909909909
283.5,283.3103448275862,280.8571428571429,279.953125,276.3333333333333,274.5833333333334,274.42,269.5172413793103,265.35,259.9034909909909
284,283.4827586206897,280.5714285714286,279.765625,276.2222222222222,274.4166666666666,274.26,269.2758620689655,265.25,259.7784909909909
284.5,283.6551724137931,280.2857142857143,279.578125,276.1111111111111,274.25,274.1,269.0344827586207,265.15,259.6534909909909
285,283.8275862068966,280,279.390625,276,274.0833333333334,273.967032967033,268.7931034482758,265.05,259.5284909909909
285.5,284,280,279.2045454545454,275.8888888888889,273.9166666666666,273.8791208791209,268.551724137931,264.9473684210527,259.403490990991
286,284.0909090909091,280,279.0227272727273,275.7777777777778,273.75,273.7912087912088,268.3103448275862,264.8421052631579,259.278490990991
287.1818181818182,284.1818181818182,280,278.8409090909091,275.6666666666666,273.5833333333334,273.7032967032967,268.1818181818182,264.7368421052632,259.1807345807346
288.3636363636364,284.2727272727273,280,278.6590909090909,275.5555555555555,273.4090909090909,273.6153846153846,268.0909090909091,264.6315789473684,259.1038115038115
289.25,284.3636363636364,280,278.4772727272727,275.4444444444445,273.2272727272727,273.5274725274725,268,264.5263157894737,259.0268884268884
289.25,284.4545454545454,280,278.2954545454546,275.3333333333334,273.0454545454546,273.4395604395604,267.9090909090909,264.421052631579,258.9499653499653
289.25,284.5454545454545,280,277.8,275.2222222222222,272.8636363636364,273.3516483516484,267.8181818181818,264.3157894736842,258.8730422730422
289.25,284.6363636363636,279.9090909090909,277.2,275.1111111111111,272.6818181818182,273.2637362637362,267.76,264.2105263157895,258.7961191961192
288.5,284.7272727272727,279.8181818181818,276.75,275,272.5,273.1758241758242,267.8,264.1052631578947,258.7191961191961
287.5,284.8181818181818,279.7272727272727,276.75,274.8333333333333,272.3181818181818,273.0879120879121,267.84,264,258.642273042273
286.5,284.9090909090909,279.6363636363636,276.75,274.6666666666667,272.1363636363636,273,267.88,264.1914893617022,258.5653499653499
285.5,285,279.5454545454545,276.75,274.5,271.9545454545454,272.8387096774194,267.92,264.3829787234042,258.4884268884268
285.0454545454545,284.7826086956522,279.4545454545454,276.76,274.3333333333334,271.7727272727273,272.6774193548387,267.96,264.5744680851064,258.4115038115038
284.7727272727273,284.5652173913044,279.3636363636364,276.8,274.1666666666666,271.5909090909091,272.516129032258,268,264.7659574468085,258.3345807345807
284.5,284.3478260869565,279.2727272727273,276.84,274,271.4333333333333,272.3548387096774,267.8571428571428,264.9574468085106,258.4492117117117
284.2272727272727,284.1304347826087,279.1818181818182,276.88,273.8333333333334,271.3,272.1935483870968,267.7142857142857,265.1489361702128,258.5742117117117
283.9545454545454,283.9130434782609,279.0909090909091,276.92,273.6666666666667,271.1666666666667,272.0322580645161,267.5714285714286,265.3404255319149,258.6992117117117
283.7575757575758,283.7241379310345,279,276.96,273.5,271.0333333333333,271.8709677419355,267.4285714285714,265.531914893617,258.8242117117117
283.7878787878788,283.6206896551724,278.875,277,273.3333333333334,270.9,271.6969696969697,267.2857142857143,265.7234042553191,258.9492117117117
283.8181818181818,283.5172413793103,278.75,276.7428571428571,273.1666666666667,270.7666666666667,271.4848484848485,267.1428571428572,265.9148936170213,259.0742117117117
283.8484848484849,283.4137931034483,278.625,276.4857142857143,273,270.6333333333333,271.2727272727273,267,266.1063829787234,259.1992117117117
283.8787878787879,283.3103448275862,278.5,276.2285714285714,272.9714285714286,270.5,271.0606060606061,267.2307692307692,266.2321428571428,259.1307153187229
283.9090909090909,283.2068965517242,278.375,275.9714285714286,272.9428571428571,270.3666666666667,270.8484848484849,267.4615384615385,266.1607142857143,259.0135721437312
283.9393939393939,283.1034482758621,278.25,275.7142857142857,272.9142857142857,270.2333333333333,270.6363636363636,267.6923076923077,266.0892857142857,258.8964289687395
283.9696969696969,283,278.125,275.4571428571429,272.8857142857143,270.1,270.4242424242424,267.6,266.0178571428572,258.7792857937479
284,282.7142857142857,278,275.2,272.8571428571429,269.9666666666666,270.2121212121212,267.4,265.9464285714286,258.8115309700039
283.8181818181818,282.4285714285714,277.9166666666666,274.9428571428571,272.8285714285714,269.8333333333333,270,267.2,265.875,258.8935722633424
283.6363636363636,282.1428571428571,277.8333333333334,274.6666666666666,272.8,269.7,269.8333333333333,267,265.8035714285714,258.975613556681
283.4545454545455,281.8571428571428,277.75,274.3333333333333,272.7714285714286,269.5666666666667,269.6666666666667,266.8,265.7916666666667,259.0576548500195
283.2727272727273,281.5714285714286,277.6666666666667,274,272.6538461538462,269.4848484848485,269.5,266.6,265.9583333333333,259.139696143358
283.0909090909091,281.2857142857143,277.5833333333333,273.6666666666667,272.2692307692308,269.4545454545454,269.3333333333333,266.4,266.125,259.2217374366965
282.9090909090909,281,277.5,273.3333333333334,271.8846153846154,269.4242424242424,269.1666666666667,266.2941176470588,266.2916666666666,259.4664414414414
282.7272727272727,281,277.4166666666667,273.3333333333333,271.5,269.3939393939394,269,266.4705882352941,266.4583333333334,259.7164414414414
282.5454545454546,281,277.3333333333333,273.4444444444445,271.1153846153846,269.3636363636364,269.1578947368421,266.6470588235294,266.625,259.9664414414414
282.3636363636364,281,277.25,273.5555555555555,270.7307692307692,269.3333333333334,269.3157894736842,266.8235294117647,266.7105263157895,260.2164414414415
282.1818181818182,281,277.1666666666667,273.6666666666667,270.3461538461538,269.3030303030303,269.4736842105263,267,266.5526315789474,260.4664414414414
282,281,277.0833333333333,273.7777777777778,270.1063829787234,269.2727272727273,269.6315789473684,266.7567567567568,266.3947368421053,260.7164414414414
282.1666666666667,280.9,277,273.8888888888889,269.9148936170213,269.2551020408163,269.65,266.5135135135135,266.2368421052631,260.9664414414414
282.3333333333334,280.8,276.875,274,269.7234042553192,269.2755102040816,269.25,266.2702702702703,266.078947368421,261.2164414414414
282.5,280.7,276.75,273.6666666666667,269.531914893617,269.295918367347,268.85,266.027027027027,265.7142857142857,261.4664414414414
282.6666666666667,280.6,276.625,273.3333333333333,269.3404255319149,269.3163265306122,268.45,265.7837837837838,265.1428571428571,261.7164414414414
282.8333333333333,280.5,276.5,273,269.1489361702128,269.3367346938775,268.05,265.5405405405405,264.5714285714286,261.8809909909909
283,280.4,276.375,272.6666666666667,268.9574468085106,269.3571428571429,267.65,265.2972972972973,264,261.7809909909909
282.8,280.3,276.25,272.3333333333334,268.7659574468085,269.3605769230769,267.25,265.0540540540541,263.4285714285714,261.6809909909909
282.6,280.2,276.125,272,268.5744680851064,269.2451923076923,266.85,264.8108108108108,262.8571428571429,261.5809909909909
282.4,280.1,276,271.6666666666667,268.3829787234043,269.1298076923077,266.6,264.5714285714286,262.2857142857143,261.480990990991
282.2,280,275.8888888888889,271.3333333333334,268.1914893617021,269.0144230769231,266.4,264.3333333333333,261.9545454545454,261.3809909909909
282,279.8888888888889,275.7777777777778,271.0357142857143,268,268.8990384615385,266.2,264.0952380952381,261.8636363636364,261.280990990991
281.8695652173913,279.7777777777778,275.6666666666667,270.75,267.9375,268.7836538461539,266,263.8571428571428,261.7727272727273,261.1809909909909
281.7391304347826,279.6666666666667,275.5555555555555,270.4642857142857,267.875,268.6682692307692,265.8888888888889,263.6190476190476,261.6818181818182,261.0809909909909
281.6086956521739,279.5555555555555,275.4444444444445,270.2758620689655,267.8125,268.4081632653061,265.7777777777778,263.3809523809524,261.5909090909091,261.1620123378458
281.4782608695652,279.4444444444445,275.3333333333333,270.3793103448276,267.75,268.0612244897959,265.6666666666667,263.1428571428571,261.5,261.6512607103058
281.3478260869565,279.3333333333334,275.2222222222222,270.4827586206897,267.6875,267.7142857142857,265.5555555555555,262.9047619047619,261.4090909090909,262.1405090827659
281.2857142857143,279.2222222222222,275.1111111111111,270.5862068965517,267.625,267.3673469387755,265.4444444444445,262.6666666666667,261.3181818181818,262.6297574552259
281.4285714285714,279.1111111111111,275,270.6896551724138,267.5625,267.0204081632653,265.3333333333333,262.4285714285714,261.2272727272727,263.119005827686
281.5714285714286,279,274.7272727272727,270.7931034482759,267.5,266.6734693877551,265.2222222222222,262.25,261.1363636363636,263.3446846846846
281.7142857142857,278.8888888888889,274.4545454545455,270.896551724138,267.4375,266.4166666666666,265.1111111111111,262.25,261.0454545454546,263.4780180180179
281.8571428571428,278.7777777777778,274.1818181818182,271,267.375,266.25,265,262.25,260.952380952381,263.6113513513512
282,278.6666666666667,273.9090909090909,270.6315789473684,267.3125,266.0833333333333,264.8888888888889,262.25,260.8571428571429,263.7446846846846
281.8333333333333,278.5555555555555,273.6363636363636,270.2631578947368,267.25,265.9166666666666,264.7777777777778,262.25,260.7619047619047,263.8780180180179
281.6666666666666,278.4444444444445,273.3636363636364,269.8947368421053,267.1875,265.75,264.6666666666667,262.25,260.6666666666667,264.0113513513513
281.5,278.3333333333334,273.0909090909091,269.5263157894737,267.125,265.5833333333334,264.5555555555555,262.25,260.5714285714286,264.1342342342342
281.3333333333334,278.2222222222222,272.8181818181818,269.2272727272727,267.0625,265.4375,264.4444444444445,262.3478260869565,260.4761904761905,263.991377091377
281.1666666666667,278.1111111111111,272.7714285714285,269.1363636363636,267,265.3125,264.3333333333334,262.4782608695652,260.3809523809524,263.8485199485199
281,278,272.8,269.0454545454546,266.8571428571429,265.1875,264.2222222222222,262.6086956521739,260.2857142857143,263.7056628056627
281.3333333333333,277.7272727272727,272.8285714285714,268.9545454545454,266.7142857142857,265.0625,264.1111111111111,262.7391304347826,260.1904761904762,263.5628056628055
281.6666666666666,277.4545454545454,272.8571428571429,268.8636363636364,266.5714285714286,264.9375,264,262.8695652173913,260.0952380952381,263.4199485199484
282,277.1818181818182,272.8857142857143,268.7727272727273,266.4285714285714,264.8125,263.8695652173913,263,260,263.2770913770913
282.2222222222222,276.9090909090909,272.9142857142857,269,266.2857142857143,264.6875,263.7391304347826,262.7777777777778,260.25,263.0623855753528
282.1111111111111,276.6363636363636,272.9428571428572,269.3333333333333,266.1428571428571,264.5625,263.6086956521739,262.5555555555555,260.5,262.8276482350784
282,276.3636363636364,272.9714285714286,269.6666666666667,266,264.5333333333334,263.4782608695652,262.3333333333334,260.75,262.5929108948039
281.8888888888889,276.0909090909091,273,270,265.8571428571428,264.6,263.3478260869565,262.1111111111111,261,262.3581735545293
281.7777777777778,275.8181818181818,273.0833333333333,270.3333333333334,265.7142857142857,264.6666666666667,263.2254901960785,261.8888888888889,261.25,262.1234362142549
281.2,275.5454545454546,273.1666666666666,270.6666666666666,265.5714285714286,264.7333333333333,263.1274509803922,261.6666666666667,261.5,261.9287865823168
280.4666666666666,275.2727272727273,273.25,270.6666666666666,265.4285714285714,264.8,263.0294117647059,261.4444444444445,261.75,262.2573069161359
279.7333333333333,275,273.3333333333333,270.5555555555555,265.2857142857143,264.8666666666667,262.9313725490196,261.2222222222222,262,262.5858272499549
279,274.9090909090909,273.4166666666667,270.4444444444445,265.1428571428572,264.9333333333333,262.8333333333333,261,262.25,262.914347583774
278.9411764705882,274.8181818181818,273.5,270.3333333333333,265,265,262.7352941176471,261,262.5,263.242867917593
278.8823529411765,274.7272727272727,273.5833333333333,270.2222222222222,265.0833333333333,265.0666666666667,262.6372549019608,261,262.75,263.571388251412
278.8235294117647,274.6363636363636,273.6666666666666,270.1111111111111,265.1666666666667,265.1333333333333,262.6727272727273,261,263,263.8999085852311
278.7647058823529,274.5454545454546,273.75,270,265.25,265.2,262.7272727272727,261,263.1525423728813,264.1695226438187
278.8,274.4545454545454,273.8333333333334,269.6666666666667,265.3333333333334,265.2666666666667,262.7818181818182,261,263.3050847457627,264.2800897592819
278.8666666666667,274.3636363636364,273.9166666666667,269.3333333333333,265.4166666666666,265.3333333333333,262.8363636363636,260.8461538461538,263.4576271186441,264.3906568747449
278.9333333333333,274.2727272727273,274,269,265.5,265.4,262.8909090909091,260.6923076923077,263.6101694915254,264.501223990208
279,274.1818181818182,273.7272727272727,268.6666666666666,265.5833333333334,265.4666666666666,262.9454545454545,260.5384615384615,263.7627118644068,264.6117911056711
279.2222222222222,274.0909090909091,273.4545454545454,268.3333333333334,265.6666666666666,265.4455445544555,263,260.3846153846154,263.9152542372881,264.7223582211342
279.4444444444445,274,273.1818181818181,268,265.75,265.3366336633663,262.8888888888889,260.2307692307692,264.0677966101695,264.6617647058823
279.6666666666667,274.2,272.9090909090909,267.6666666666666,265.8333333333334,265.2277227722773,262.7777777777778,260.0769230769231,264.2203389830509,264.5441176470588
279.8888888888889,274.4,272.6363636363636,267.3333333333333,265.9166666666666,265.1188118811881,262.6666666666666,259.9230769230769,264.3728813559322,264.4264705882353
280.1111111111111,274.6,272.3636363636364,267,266,265.009900990099,262.5555555555555,259.7692307692308,264.5254237288136,264.3088235294118
280.3333333333333,274.8,272.0909090909091,266.9,265.9090909090909,264.9009900990099,262.4444444444445,259.6153846153846,264.6779661016949,264.1911764705882
280.5555555555555,275,271.8181818181818,266.8,265.8181818181818,264.7920792079208,262.3333333333333,259.4615384615385,264.8305084745763,264.0735294117647
280.7777777777778,275.2,271.5454545454546,266.7,265.7272727272727,264.6831683168317,262.16,259.3076923076923,264.9830508474576,263.9558823529412
281,275.4,271.2727272727273,266.6,265.6363636363636,264.5742574257426,261.8,259.1538461538462,265.135593220339,263.8382352941176
280.9090909090909,275.6,271,266.5,265.5454545454546,264.4653465346535,261.44,259,265.2125,263.7631578947368
280.8181818181818,275.8,270.8235294117647,266.4,265.4545454545454,264.3564356435644,261.08,258.8275862068966,265.0625,263.8157894736842
280.7272727272727,276,270.6470588235294,266.3,265.3636363636364,264.2475247524753,260.72,258.6551724137931,264.9125,263.8684210526316
280.6363636363636,276.2,270.4705882352941,266.2,265.2727272727273,264.1386138613861,260.36,258.4827586206897,264.7625,263.921052631579
280.5454545454545,276.4,270.2941176470588,266.1,265.1818181818182,263.9393939393939,260,258.3103448275862,264.6125,263.9736842105263
280.4545454545454,276.6,270.3684210526316,266,265.0909090909091,263.7272727272727,259.9655172413793,258.1379310344827,264.4625,264.0263157894736
280.3636363636364,276.8,270.5263157894736,266.0909090909091,265,263.5151515151515,259.9310344827586,257.9655172413793,264.3125,264.078947368421
280.2727272727273,277,270.6842105263158,266.1818181818182,264.8571428571429,263.3030303030303,259.8965517241379,257.7931034482759,264.1625,264.1315789473684
280.1818181818182,276.96,270.8421052631579,266.2727272727273,264.7142857142857,263.0909090909091,259.8620689655173,257.7857142857143,264.0125,264.1842105263158
280.0909090909091,276.92,271,266.3636363636364,264.5714285714286,262.8787878787879,259.8275862068965,257.8333333333334,263.8625,264.2368421052632
280,276.88,270.9230769230769,266.4545454545454,264.4285714285714,262.6666666666666,259.7931034482759,257.8809523809524,263.7142857142857,264.3901269000139
279.8888888888889,276.84,270.8461538461538,266.5454545454546,264.2857142857143,262.4545454545454,259.7586206896552,257.9285714285714,263.5714285714286,264.5769627666992
279.7777777777778,276.8,270.7692307692308,266.6363636363636,264.1428571428572,262.2424242424242,259.8888888888889,257.9761904761905,263.4285714285714,264.7637986333845
279.6666666666667,276.76,270.6923076923077,266.7272727272727,264,262.030303030303,260.074074074074,258.0238095238095,263.2857142857143,264.9506345000697
279.5555555555555,276.6666666666666,270.6153846153846,266.8181818181818,264,261.8181818181818,260.2592592592592,258.0714285714286,263.1428571428571,265.1374703667549
279.4444444444445,276.5555555555555,270.5384615384615,266.9090909090909,264,261.6060606060606,260.4444444444445,258.1190476190476,263,265.3243062334402
279.3333333333334,276.4444444444445,270.4615384615385,267,264,261.4615384615385,260.6296296296296,258.1666666666667,263.1818181818182,265.5111421001255
279.2222222222222,276.3333333333333,270.3846153846154,266.875,264,261.3846153846154,260.8148148148148,258.2142857142857,263.3636363636363,265.6979779668108
279.1111111111111,276.2222222222222,270.3076923076923,266.75,264,261.3076923076923,261,258.28,263.5454545454546,265.884813833496
279,276.1111111111111,270.2307692307692,266.625,264,261.2307692307693,260.962962962963,258.4,263.7272727272727,266.0716497001813
278.8461538461539,276,270.1538461538461,266.5,264,261.1538461538461,260.9259259259259,258.52,263.9090909090909,266.2584855668665
278.6923076923077,275.8888888888889,270.0769230769231,266.375,263.9090909090909,261.0769230769231,260.8888888888889,258.64,264.0909090909091,266.4453214335518
278.5384615384615,275.7777777777778,270,266.25,263.8181818181818,261,260.8518518518518,258.76,264.2727272727273,266.6321573002371
278.3846153846154,275.6666666666666,269.6666666666667,266.125,263.7272727272727,260.9230769230769,260.8148148148148,258.88,264.4545454545454,266.8189931669223
278.2307692307693,275.5555555555555,269.3333333333333,266,263.6363636363636,260.8461538461538,260.7777777777778,259,264.6363636363636,267.0058290336075
278.0769230769231,275.4444444444445,269,266.2173913043479,263.5454545454546,260.7692307692308,260.6964285714286,258.9090909090909,264.8181818181818,267.1926649002928
277.9230769230769,275.3333333333333,268.6666666666666,266.4347826086956,263.4545454545454,260.6923076923077,260.4821428571429,258.8181818181818,265,267.221483021483
277.7692307692308,275.2222222222222,268.3333333333334,266.6521739130435,263.3636363636364,260.6153846153846,260.2678571428572,258.7272727272727,264.8936170212766,267.1445599445599
277.6153846153846,275.1111111111111,268,266.8695652173913,263.2727272727273,260.5384615384615,260.0535714285714,258.6363636363636,264.7872340425532,267.0676368676368
277.4615384615385,275,267.6666666666666,267.0869565217391,263.1818181818182,260.4166666666667,259.8392857142857,258.5454545454546,264.6808510638298,266.9907137907138
277.3076923076923,274.923076923077,267.3333333333333,267.1904761904762,263.0909090909091,260.25,259.625,258.4545454545454,264.5744680851063,266.9137907137907
277.1538461538461,274.8461538461538,267,266.952380952381,263,260.0833333333333,259.4107142857143,258.3636363636364,264.468085106383,266.8368676368676
277,274.7692307692308,266.8,266.7142857142857,263.047619047619,259.9166666666666,259.2941176470588,258.2727272727273,264.3617021276596,266.7599445599445
276.9714285714285,274.6923076923077,266.6,266.4761904761905,263.0952380952381,259.75,259.4705882352941,258.5532454361054,264.2553191489362,266.6830214830214
276.9428571428571,274.6153846153846,266.4,266.2380952380952,263.1428571428572,259.5833333333334,259.6470588235294,258.9575726842461,264.1489361702128,266.6060984060983
276.9142857142857,274.5384615384615,266.2,266,263.1904761904762,259.4166666666666,259.8235294117647,259.3618999323867,264.0425531914893,266.5291753291753
276.8857142857143,274.4615384615385,266,265.8965517241379,263.2380952380952,259.25,260,259.7662271805274,263.9361702127659,266.4522522522522
276.8571428571429,274.3846153846154,266.0508474576271,265.7931034482759,263.2857142857143,259.0833333333334,259.9166666666666,259.8837209302326,263.8297872340426,266.3753291753292
276.8285714285714,274.3076923076923,266.1016949152543,265.6896551724138,263.3333333333334,258.9166666666666,259.8333333333334,259.9069767441861,263.7551020408163,266.1776576576576
276.8,274.2307692307692,266.1525423728814,265.5862068965517,263.3809523809524,258.75,259.75,259.9302325581396,263.7755102040816,265.9776576576576
276.7714285714285,274.1538461538461,266.2033898305085,265.4827586206897,263.4285714285714,258.5833333333334,259.6666666666666,259.953488372093,263.795918367347,265.7776576576576
276.7073170731707,274.0769230769231,266.2542372881356,265.3793103448276,263.4761904761905,258.5294117647059,259.5833333333333,259.9767441860465,263.8163265306122,265.5776576576576
276.5365853658536,274,266.3050847457627,265.2758620689655,263.5238095238095,258.5882352941176,259.5,260,263.8367346938776,265.5196119196119
276.3658536585366,273.8,266.3559322033898,265.0769230769231,263.5714285714286,258.6470588235294,259.4166666666666,259.9090909090909,263.8571428571428,265.596534996535
276.1951219512195,273.6,266.406779661017,264.8461538461538,263.6190476190476,258.7058823529412,259.3492873113472,259.8181818181818,263.8775510204082,265.6734580734581
276.0243902439025,273.4,266.457627118644,264.6153846153846,263.6666666666667,258.7647058823529,259.4510201229737,259.7272727272727,263.8979591836735,265.7503811503811
275.8536585365854,273.2,266.5084745762712,264.3846153846154,263.7142857142857,258.8235294117647,259.5527529346003,259.6363636363636,263.9183673469388,265.8273042273042
275.6829268292683,273,266.5593220338983,264.1538461538462,263.7619047619048,258.8823529411765,259.6544857462269,259.5454545454546,263.9387755102041,265.9042273042273
275.5121951219512,272.8,266.6101694915254,263.9230769230769,263.8095238095238,258.9411764705882,259.7562185578535,259.4545454545455,263.9591836734694,265.9811503811503
275.3414634146342,272.6,266.6610169491526,263.6923076923077,263.8571428571429,259,259.8579513694801,259.3636363636364,263.9795918367347,266.0580734580734
275.1707317073171,272.4,266.7118644067797,263.4615384615385,263.9047619047619,259.0588235294118,259.9596841811068,259.2727272727273,264,266.1349965349965
275.0000000000001,272.2,266.7317073170732,263.2307692307692,263.952380952381,259.1176470588235,260.0614169927334,259.4193548387097,263.8888888888889,266.2119196119196
275.1428571428572,272,266.6585365853658,263,264,259.1764705882353,260.2222222222222,259.6451612903226,263.7777777777778,266.2888426888426
275.2857142857143,271.9677419354839,266.5853658536585,263.1111111111111,263.6666666666667,259.2352941176471,260.4814814814815,259.8709677419355,263.6666666666666,266.3657657657657
275.4285714285714,271.9354838709677,266.5121951219512,263.2222222222222,263.3333333333334,259.2941176470588,260.7407407407408,260.0967741935484,263.5555555555555,266.4484234234234
275.5714285714286,271.9032258064516,266.4390243902439,263.3333333333334,263,259.3529411764706,261,260.3225806451613,263.4444444444445,266.5317567567567
275.7142857142857,271.8709677419355,266.3658536585366,263.4444444444445,262.6666666666667,259.4117647058823,261.2941176470588,260.5483870967742,263.3333333333334,266.6150900900901
275.8571428571429,271.8387096774193,266.2926829268292,263.5555555555555,262.3333333333333,259.4705882352941,261.5882352941177,260.7741935483871,263.2222222222222,266.6984234234234
276,271.8064516129032,266.2195121951219,263.6666666666667,262,259.5357142857143,261.8823529411765,261,263.1111111111111,266.7817567567567
275.9,271.7741935483871,266.1463414634146,263.7777777777778,261.8888888888889,259.6071428571429,262.1764705882353,260.8148148148148,263,266.8650900900901
275.8,271.7575757575758,266.0731707317073,263.8888888888889,261.7777777777778,259.6785714285714,262,260.6296296296296,263.12,266.9484234234234
275.7,271.7878787878788,266,264,261.6666666666667,259.75,261.6666666666667,260.4444444444445,263.24,267.0317567567567
275.6,271.8181818181818,266.0833333333333,264.125,261.5555555555555,259.8214285714286,261.3333333333334,260.2592592592592,263.36,267.1150900900901
275.5,271.8484848484848,266.1666666666667,264.25,261.4444444444445,259.8928571428572,261,260.0740740740741,263.48,267.1984234234234
275.4,271.8787878787879,266.25,264.375,261.3333333333334,259.9642857142857,260.8888888888889,259.8888888888889,263.6,267.2335135135135
275.3,271.9090909090909,266.3333333333334,264.5,261.2222222222222,260.0357142857143,260.7777777777778,259.72,263.72,267.0335135135135
275.2,271.9393939393939,266.4166666666666,264.625,261.1111111111111,260.1071428571429,260.6666666666667,259.6,263.5806451612903,266.8335135135135
275.1,271.969696969697,266.5,264.75,261,260.1785714285714,260.5555555555555,259.48,263.3548387096774,266.6335135135135
275,272,266.5833333333333,264.875,261.0833333333333,260.25,260.4444444444445,259.36,263.1290322580645,266.4335135135134
274.8888888888889,272.0909090909091,266.6666666666667,265,261.1666666666667,260.3214285714286,260.3333333333333,259.24,262.9032258064516,266.2335135135135
274.7777777777778,272.1818181818182,266.75,265.0833333333333,261.25,260.3928571428571,260.2222222222222,259.12,262.6774193548387,266.0335135135135
274.6666666666667,272.2727272727273,266.8333333333333,265.1666666666666,261.3333333333334,260.4642857142857,260.1111111111111,259,262.4516129032258,265.8335135135135
274.5555555555555,272.3636363636364,266.9166666666667,265.25,261.4166666666666,260.5666666666667,260,259.125,262.2258064516129,265.6335135135134
274.4444444444445,272.4545454545454,267,265.3333333333333,261.5,260.7,259.6,259.25,262,265.532032032032
274.3333333333333,272.5454545454546,267.125,265.4166666666667,261.5833333333333,260.8333333333334,259.2,259.375,262.1578947368421,265.7542542542542
274.2222222222222,272.6363636363636,267.25,265.5,261.6666666666667,260.9666666666666,258.8,259.5,262.3157894736842,265.9764764764764
274.1111111111111,272.7272727272727,267.375,265.5833333333333,261.75,261.1,258.4,259.625,262.4736842105263,266.1986986986986
274,272.8181818181818,267.5,265.6666666666667,261.8333333333333,261.2333333333333,258,259.75,262.6315789473684,266.4209209209209
273.7777777777778,272.9090909090909,267.625,265.75,261.9166666666667,261.3666666666667,257.8333333333333,259.875,262.7894736842105,266.6431431431431
273.5555555555555,273,267.75,265.8333333333333,262,261.5,257.6666666666667,260,262.9473684210526,266.8653653653653
273.3333333333334,272.7,267.875,265.9166666666667,261.875,261.6333333333333,257.5,259.7692307692308,263.1052631578947,267.0875875875876
273.1111111111111,272.4,268,266,261.75,261.7666666666667,257.3333333333333,259.5384615384615,263.2631578947368,267.2485585585585
272.8888888888889,272.1,267.8461538461539,265.8333333333333,261.625,261.9,257.1666666666667,259.3076923076923,263.421052631579,267.1485585585585
272.6666666666666,271.8,267.6923076923077,265.6666666666666,261.5,262.0333333333333,257,259.1428571428571,263.578947368421,267.0485585585585
272.4444444444445,271.5,267.5384615384615,265.5,261.375,262.1666666666666,257.2432432432432,259,263.7368421052631,266.9485585585585
272.2222222222222,271.2,267.3846153846154,265.3333333333333,261.25,262.3,257.4864864864865,258.8571428571428,263.8947368421052,266.8485585585585
272,270.9,267.2307692307693,265.1666666666667,261.125,262.4333333333333,257.7297297297297,258.8888888888889,264.0526315789473,266.7485585585586
272,270.6,267.0769230769231,265,261,262.5,257.972972972973,259.4444444444445,264.2105263157894,266.6485585585585
272,270.3,266.9230769230769,265.0731707317073,261.1666666666667,262.5,258.3235294117647,260,264.3684210526316,266.5485585585585
272,270,266.7692307692308,265.1463414634147,261.3333333333333,262.5,258.8529411764706,260.3333333333334,264.5263157894736,266.4485585585585
272,269.8181818181818,266.6153846153846,265.2195121951219,261.5,262.5,259.3823529411765,260.6666666666667,264.6842105263158,266.4477276136193
272,269.6363636363636,266.4615384615385,265.2926829268293,261.6666666666667,262.5,259.9117647058823,261,264.8421052631579,266.7394630268486
272,269.4545454545454,266.3076923076923,265.3658536585366,261.8333333333333,262.5,260.4142857142857,261.3333333333333,265,267.031198440078
272,269.2727272727273,266.1538461538461,265.4390243902439,262,262.5,260.7285714285714,261.6666666666667,264.8666666666667,267.3299904489016
272.1111111111111,269.0909090909091,266,265.5121951219512,262.1666666666667,262.5,261.0428571428571,262,264.7333333333333,267.6499522445081
272.2222222222222,268.9090909090909,265.9230769230769,265.5853658536585,262.3333333333333,262.4857142857143,261.3571428571429,261.8571428571429,264.6,267.9699140401146
272.3333333333334,268.7272727272727,265.8461538461538,265.6585365853659,262.5,262.4571428571428,261.6714285714286,261.7142857142857,264.4666666666667,268.2898758357211
272.4444444444445,268.5454545454546,265.7692307692307,265.7317073170732,262.6666666666667,262.4285714285714,261.9130434782609,261.5714285714286,264.3333333333333,268.6075462432476
272.5555555555555,268.3636363636364,265.6923076923077,265.5,262.8333333333333,262.4,262.1304347826087,261.4285714285714,264.2,268.5036012440661
272.6666666666667,268.1818181818182,265.6153846153846,265.1666666666666,263,262.3714285714286,262.3478260869565,261.2857142857143,264.0666666666667,268.3996562448845
272.7777777777778,268,265.5384615384615,264.8333333333333,263.1428571428572,262.3428571428572,262.5652173913044,261.1428571428571,263.9333333333333,268.295711245703
272.8888888888889,267.2666666666667,265.4615384615385,264.5,263.2857142857143,262.3142857142857,262.7826086956522,261,263.8,268.1917662465214
273,266.5333333333334,265.3846153846154,264.1666666666666,263.4285714285714,262.2857142857143,263,260.8235294117647,263.6666666666666,268.0878212473399
272.6,265.8,265.3076923076923,263.8333333333333,263.5714285714286,262.2571428571429,262.8888888888889,260.6470588235294,263.5333333333333,267.9838762481584
272.2,265.1176470588235,265.2307692307692,263.5,263.7142857142857,262.2758620689655,262.7777777777778,260.4705882352941,263.4,267.8799312489769
271.8,264.5882352941176,265.1538461538461,263.1666666666667,263.8571428571429,262.3103448275862,262.6666666666667,260.2941176470588,263.2666666666667,267.7759862497954
271.4,264.0588235294117,265.0769230769231,262.8333333333333,264,262.3448275862069,262.5555555555555,260.05,263.1333333333333,267.5769230769231
271,263.5294117647059,265,262.5,264.0909090909091,262.3793103448276,262.4444444444445,259.7833333333333,263,267.3461538461539
270.6,263.0000000000001,265.1,262.2972972972973,264.1818181818181,262.4137931034483,262.3333333333333,259.5166666666667,263.1111111111111,267.1153846153846
270.2,263.1111111111111,265.2,262.4864864864865,264.2727272727273,262.448275862069,262.2222222222222,259.25,263.2222222222222,266.8846153846154
269.8,263.2222222222222,265.3,262.6756756756757,264.3636363636364,262.4827586206897,262.0568181818182,258.9833333333333,263.3333333333334,266.6538461538461
269.4,263.3333333333333,265.4,262.8648648648649,264.4545454545454,262.542372881356,261.5113636363636,258.7166666666666,263.4444444444445,266.4230769230769
269,263.4444444444445,265.5,263.0540540540541,264.5454545454546,262.6271186440678,260.9659090909091,258.45,263.5555555555555,266.2197424048766
268.8571428571428,263.5555555555555,265.6,263.2432432432432,264.6363636363636,262.7118644067797,260.6052631578947,258.2758620689655,263.6666666666667,266.098712024383
268.7142857142857,263.6666666666667,265.7,263.4324324324324,264.7272727272727,262.7966101694915,260.5526315789474,258.3793103448276,263.7777777777778,265.9776816438895
268.5714285714286,263.7777777777778,265.8,263.6216216216216,264.8181818181818,262.8813559322034,260.5,258.4827586206897,263.8888888888889,265.8566512633959
268.4285714285714,263.8888888888889,265.9,263.8108108108108,264.9090909090909,262.9661016949153,260.4473684210527,258.5862068965517,264,265.7356208829024
268.2857142857143,264,266,264,265,263.0508474576271,260.3947368421053,258.6896551724138,264.1111111111111,265.6145905024088
268.1428571428572,264.4285714285714,265.8510638297872,264.1612903225807,264.8333333333334,263.1355932203389,260.4293478260869,258.7931034482759,264.2222222222222,265.4935601219152
268,264.8571428571429,265.7021276595744,264.3225806451613,264.6666666666667,263.2203389830509,260.5163043478261,258.8965517241379,264.3333333333333,265.3725297414217
268.1111111111111,265.2857142857143,265.5531914893617,264.483870967742,264.5,263.3050847457627,260.6032608695652,259,264.4444444444445,265.2514993609281
268.2222222222222,265.7142857142857,265.4042553191489,264.6451612903226,264.3333333333334,263.3898305084746,260.6902173913044,258.6666666666667,264.5555555555555,265.1304689804346
268.3333333333333,266.1428571428572,265.2553191489362,264.8064516129032,264.1666666666666,263.4745762711864,260.7771739130435,258.3333333333334,264.6666666666667,265.0094385999409
268.4444444444445,266,265.1063829787234,264.9677419354838,264,263.5593220338983,260.8641304347826,258,264.7777777777778,264.8884082194474
268.5555555555555,265.6666666666667,264.9574468085107,265.1290322580645,264.3,263.6440677966102,261.1290322580645,257.6666666666666,264.8888888888889,264.7673778389538
268.6666666666667,265.3333333333334,264.8085106382979,265.125,264.6,263.728813559322,261.4193548387097,257.3333333333334,265,264.6463474584602
268.7777777777778,265,264.6595744680851,264.625,264.9,263.8421052631579,261.7096774193548,257,265.1515151515151,264.6987987987987
268.8888888888889,264.6875,264.5106382978723,264.125,265.2,263.9649122807018,262,257.1428571428571,265.3030303030303,264.921021021021
269,264.4375,264.3617021276596,263.625,265.5,264.0877192982456,262.4736842105263,257.2857142857143,265.4545454545454,265.1432432432432
269.1764705882352,264.1875,264.2758620689655,263.1764705882353,265.8,264.2105263157895,262.9473684210527,257.4285714285714,265.6060606060606,265.3654654654654
269.3529411764706,263.9375,264.3793103448276,262.8823529411765,266.1,264.3333333333334,263.421052631579,257.5714285714286,265.7575757575758,265.5876876876877
269.5294117647059,263.6923076923077,264.4827586206897,262.5882352941177,266.4,264.4561403508772,263.8947368421053,257.7142857142857,265.9090909090909,265.8099099099098
269.7058823529412,263.4615384615385,264.5862068965517,262.2941176470588,266.7,264.578947368421,264.3333333333333,257.8571428571429,266.0606060606061,266.0321321321321
269.6315789473684,263.2307692307692,264.6896551724138,262,267,264.7017543859649,264.6666666666666,258,266.2121212121212,266.2543543543543
269.4736842105263,263,264.7931034482759,262.0909090909091,267.1538461538462,264.8245614035088,265,258.1428571428572,266,266.3353603603603
269.3157894736842,263.125,264.8965517241379,262.1818181818182,267.3076923076923,264.9473684210526,265.1515151515152,258.2857142857143,265.6666666666666,266.252027027027
269.1578947368421,263.25,265,262.2727272727273,267.4615384615385,265.0701754385965,264.7575757575758,258.4285714285714,265.3333333333333,266.1686936936936
269,263.375,265.0625,262.3636363636364,267.6153846153846,265.1929824561404,264.3636363636364,258.5714285714286,265,266.0853603603603
268.875,263.5,265.125,262.4545454545454,267.7692307692308,265.3157894736842,263.969696969697,258.7142857142857,264.6666666666666,266.002027027027
268.75,263.625,265.1875,262.5454545454546,267.9230769230769,265.4385964912281,263.5757575757576,258.8571428571428,264.3333333333333,265.9186936936936
268.625,263.75,265.25,262.6363636363636,268.0769230769231,265.4776119402985,263.1818181818182,259,264,265.8353603603603
268.5,263.875,265.3125,262.7272727272727,268.2307692307692,265.4328358208955,262.7878787878788,259.1111111111111,263.7272727272727,265.752027027027
268.375,264,265.375,262.8181818181818,268.3846153846154,265.3880597014925,262.3939393939394,259.2222222222222,263.4545454545454,265.6686936936936
268.25,264.125,265.4375,262.9090909090909,268.5384615384615,265.3432835820896,262,259.3333333333334,263.1818181818182,265.5853603603603
268.125,264.25,265.5,263,268.6923076923077,265.2985074626866,261.6666666666667,259.4444444444445,262.9090909090909,265.5020270270269
268,264.375,265.5625,263.1111111111111,268.8461538461539,265.2537313432836,261.3333333333334,259.5555555555555,262.6363636363636,265.50233047662
267.8571428571429,264.5,265.625,263.2222222222222,269,265.2089552238806,261,259.6666666666666,262.3636363636364,265.5323510249085
267.7142857142857,264.625,265.6875,263.3333333333334,268.8,265.1641791044776,260.6666666666667,259.7777777777778,262.1299100804543,265.562371573197
267.5714285714286,264.75,265.75,263.4444444444445,268.6,265.1194029850747,260.3333333333333,259.8888888888889,262.0641268338854,265.5923921214854
267.4285714285714,264.875,265.8125,263.5555555555555,268.4,265.0746268656716,260,260,261.9983435873166,265.622412669774
267.2857142857143,265,265.875,263.6666666666667,268.2,265.0298507462687,259.7241379310345,260.0697674418604,261.9325603407477,265.6524332180624
267.1428571428571,265.0967741935484,265.9375,263.7777777777778,268,264.9850746268656,259.4827586206897,260.1395348837209,261.8726635514018,265.6824537663509
267,265.1935483870968,266,263.8888888888889,267.8,264.9402985074627,259.2413793103448,260.2093023255813,261.8539719626168,265.7124743146394
267.1818181818182,265.2903225806452,265.9166666666666,264,267.6,264.8955223880597,259,260.2790697674419,261.8352803738318,265.7424948629279
267.3636363636364,265.3870967741935,265.8333333333334,263.8301886792453,267.4,264.8507462686567,259.1219512195122,260.3488372093024,261.8165887850467,265.9375
267.5454545454546,265.483870967742,265.75,263.6603773584906,267.2,264.8059701492538,259.2439024390244,260.4186046511628,261.8,266.1875
267.7272727272727,265.5806451612904,265.6666666666667,263.4905660377359,267,264.7611940298507,259.3658536585366,260.4883720930233,262,266.4375
267.9090909090909,265.6774193548387,265.5833333333333,263.3207547169811,266.8,264.6393442622951,259.4878048780488,260.5581395348837,262.2,266.6875
268.0909090909091,265.6923076923077,265.5,263.1509433962264,266.6,264.4918032786885,259.609756097561,260.6279069767442,262.4,266.8823529411765
268.2727272727273,265.4615384615385,265.4166666666667,262.9811320754717,266.4,264.344262295082,259.8717948717949,260.6976744186047,262.6,267.0588235294118
268.4545454545455,265.2307692307692,265.3333333333333,262.811320754717,266.2,264.1967213114754,260.1538461538462,260.8235294117647,262.8,267.2352941176471
268.6363636363636,265,265.25,262.6415094339623,266,264.0491803278688,260.4358974358975,261.1176470588235,263,267.4117647058823
268.8181818181818,264.7692307692308,265.1666666666667,262.4716981132075,265.7755102040816,263.9016393442623,260.7179487179487,261.4117647058824,263.0746268656716,267.5882352941177
269,264.5384615384615,265.0833333333333,262.3018867924528,265.5510204081633,263.7540983606557,261,261.7058823529412,263.1492537313433,267.7647058823529
268.64,264.3076923076923,265,262.1320754716981,265.3265306122449,263.6065573770492,260.8888888888889,262,263.2238805970149,267.9411764705882
268.28,264.0769230769231,264.8,261.9622641509434,265.1020408163266,263.4590163934426,260.7777777777778,261.9375,263.2985074626866,268.1176470588235
267.92,263.8461538461539,264.6,261.7924528301887,264.8775510204081,263.3114754098361,260.6666666666667,261.875,263.3731343283582,268.2823708426926
267.56,263.6153846153846,264.4,261.8181818181818,264.6530612244898,263.1639344262295,260.5555555555555,261.8125,263.4477611940299,268.4118542134628
267.2,263.3846153846154,264.2,261.9090909090909,264.4285714285714,263.0163934426229,260.4444444444445,261.75,263.5223880597015,268.541337584233
266.84,263.1538461538462,264,262,264.2040816326531,262.8688524590164,260.3333333333333,261.6875,263.5970149253732,268.6708209550033
266.66,262.9230769230769,263.9285714285714,262.0909090909091,263.9795918367347,262.7213114754098,260.2222222222222,261.625,263.6716417910448,268.8003043257734
266.54,262.6923076923077,263.8571428571429,262.1818181818182,263.7551020408163,262.5737704918033,260.1111111111111,261.5625,263.7462686567164,268.9297876965437
266.42,262.4615384615385,263.7857142857143,262.2727272727273,263.530612244898,262.4285714285714,260,261.5,263.8208955223881,269.0454311454311
266.3,262.2307692307692,263.7142857142857,262.3636363636364,263.3061224489796,262.2857142857143,259.9411764705882,261.4050672397061,263.8955223880597,268.7597168597168
266.18,262,263.6428571428571,262.4545454545454,263.0357142857143,262.1428571428571,259.8823529411765,261.3002564813531,263.9701492537313,268.4740025740025
266.06,262.1538461538462,263.5714285714286,262.5454545454546,262.75,262,259.8235294117647,261.1954457230001,264.044776119403,268.1882882882883
265.94,262.3076923076923,263.5,262.6363636363636,262.4642857142857,261.8571428571429,259.7647058823529,261.0906349646472,264.1194029850746,267.9025740025739
265.82,262.4615384615385,263.4285714285714,262.7272727272727,262.1785714285714,261.7142857142857,259.8382352941177,260.9858242062942,264.1940298507463,267.6168597168597
265.7,262.6153846153846,263.3571428571429,262.8181818181818,261.8928571428571,261.5714285714286,259.9558823529412,260.8810134479412,264.1,267.3311454311454
265.58,262.7692307692308,263.2857142857143,262.9090909090909,261.6071428571428,261.4285714285714,260.0735294117648,260.7762026895882,263.5,267.1703828828828
265.46,262.9230769230769,263.2142857142857,263,261.3214285714286,261.2857142857143,260.1911764705882,260.6,262.9,267.0453828828828
265.34,263.0769230769231,263.1428571428572,262.9333333333333,261.1111111111111,261.1428571428571,260.3088235294118,260.4,262.296875,266.9203828828828
265.275,263.2307692307692,263.0714285714286,262.8666666666667,260.9259259259259,260.9999999999999,260.4264705882352,260.2,261.671875,266.7953828828828
265.375,263.3846153846154,263,262.8,260.7407407407408,260.8571428571428,260.5441176470588,260,261.046875,266.6703828828828
265.475,263.5384615384615,262.8181818181818,262.7333333333333,260.5555555555555,260.7142857142857,260.6617647058824,259.8,260.421875,266.5453828828828
265.575,263.6923076923077,262.6363636363636,262.6666666666667,260.3703703703704,260.5714285714286,260.7794117647059,259.6,259.890625,266.4203828828828
265.675,263.8461538461539,262.4545454545454,262.6,260.1851851851852,260.4285714285714,260.8970588235294,259.4,260.015625,266.3072266074028
265.775,264,262.2727272727273,262.5333333333333,260,260.2857142857143,261.0147058823529,259.2,260.140625,266.2010882059928
265.875,264.2631578947369,262.0909090909091,262.4666666666666,259.9,260.1428571428571,261.1323529411765,259,260.265625,266.0949498045827
265.975,264.5263157894736,261.9090909090909,262.4,259.8,260,261.25,258.9285714285714,260.4625,265.9888114031726
266.075,264.7894736842105,261.7272727272727,262.3333333333333,259.7,259.8571428571428,261.3676470588235,258.8571428571429,261.1625,265.8826730017626
266.175,265.0526315789473,261.5454545454545,262.2666666666667,259.6,259.7142857142857,261.4852941176471,258.7857142857143,261.8625,265.7765346003525
266.1582101478227,265.1904761904762,261.3636363636364,262.2,259.5,259.5714285714286,261.6029411764706,258.7142857142857,262.4259259259259,265.8823529411765
265.7910507391131,264.952380952381,261.1818181818182,262.1333333333333,259.4,259.3888888888889,261.7205882352941,258.6428571428572,262.9074074074074,266.0588235294118
265.4238913304035,264.7142857142857,261,262.0666666666667,259.3,259.1666666666666,261.483870967742,258.5714285714286,263.3888888888889,266.2352941176471
265.0567319216939,264.4761904761905,260.8333333333333,262,259.2,258.9444444444445,261.1290322580645,258.5,263.8369958756644,266.4117647058823
264.6895725129844,264.2380952380952,260.6666666666667,261.7857142857143,259.1,258.7222222222222,260.7741935483871,258.4285714285714,264.1849793783219,266.5882352941176
264.3224131042749,264,260.5,261.5714285714286,259,258.5,260.4193548387097,258.3571428571428,264.5329628809795,266.7647058823529
263.9552536955653,263.7317073170732,260.3333333333333,261.3571428571429,258.9166666666666,258.2777777777778,260.0645161290323,258.2857142857143,264.880946383637,266.9411764705882
263.5880942868558,263.4634146341464,260.1666666666667,261.1428571428571,258.8333333333333,258.0555555555555,259.7096774193548,258.2142857142857,265.2289298862946,267.1176470588235
263.2209348781462,263.1951219512196,260,260.9285714285714,258.75,257.8333333333333,259.3548387096774,258.1428571428571,265.5652307731534,267.3
262.8537754694366,262.9268292682927,260.0833333333333,260.7142857142857,258.6666666666666,257.6111111111111,259,258.0714285714286,265.443787801249,267.5
262.7193987115247,262.6585365853659,260.1666666666667,260.5,258.5833333333334,257.4705882352941,258.9090909090909,258,265.3223448293446,267.7
262.7258410880458,262.390243902439,260.25,260.2857142857143,258.5,257.4117647058824,258.8181818181818,258.1578947368421,265.2009018574403,267.9
262.7322834645669,262.1219512195122,260.3333333333334,260.0714285714286,258.4166666666666,257.3529411764706,258.7272727272727,258.3157894736842,264.7894736842105,268.1
262.738725841088,261.8536585365854,260.4166666666666,259.8571428571428,258.3333333333334,257.2941176470588,258.6363636363636,258.4736842105264,263.8947368421053,268.1863397548161
262.7451682176091,261.5853658536585,260.5,259.6428571428572,258.25,257.2666666666667,258.5454545454545,258.6315789473684,263,267.9316987740805
262.76,261.3170731707317,260.5833333333333,259.4285714285714,258.1666666666666,257.3333333333334,258.4545454545454,258.7894736842105,262.6666666666667,267.677057793345
262.8,260.9090909090909,260.6666666666667,259.2142857142857,258.0833333333334,257.4,258.3636363636364,258.9473684210526,262.3333333333334,267.4224168126094
262.84,260.4545454545454,260.75,259,258,257.4666666666667,258.2727272727273,259.1052631578948,262,267.2414414414415
262.88,260,260.8333333333333,258.9019607843137,257.9230769230769,257.6,258.1818181818182,259.2631578947369,261.6666666666667,267.1747747747747
262.92,259.9090909090909,260.9166666666667,258.8039215686275,257.8461538461539,257.8,258.0909090909091,259.421052631579,261.3333333333333,267.1081081081081
262.96,259.8181818181818,261,258.7058823529412,257.7692307692308,258,258,259.578947368421,261,267.0414414414414
263,259.7272727272727,260.8461538461539,258.6078431372549,257.6923076923077,258.2,258.1111111111111,259.7368421052631,261.0892857142857,266.9747747747747
262.8571428571428,259.6363636363636,260.6923076923077,258.5098039215686,257.6153846153846,258.4,258.2222222222222,259.8947368421053,261.1785714285714,266.9081081081081
262.7142857142857,259.5454545454545,260.5384615384615,258.4117647058824,257.5384615384615,258.6,258.3333333333334,260.0526315789474,261.2678571428572,266.8414414414414
262.5714285714286,259.4545454545454,260.3846153846154,258.3137254901961,257.4615384615385,258.6956521739131,258.4444444444445,260.2105263157895,261.3571428571429,266.7747747747748
262.4285714285714,259.3636363636364,260.2307692307692,258.2156862745098,257.3846153846154,258.4782608695652,258.5555555555555,260.3684210526316,261.4464285714286,266.7081081081081
262.2857142857143,259.2727272727273,260.0769230769231,258.1176470588235,257.3076923076923,258.2608695652174,258.6666666666667,260.5263157894737,261.5357142857143,266.6414414414414
262.1428571428571,259.1818181818182,259.9230769230769,258.0196078431372,257.2040816326531,258.0434782608696,258.7777777777778,260.6842105263158,261.625,266.5747747747748
262,259.0909090909091,259.7692307692308,257.921568627451,257.0204081632653,257.8260869565217,258.8888888888889,260.8421052631579,261.7142857142857,266.508108108108
261.9,259,259.6153846153846,257.8235294117647,256.8367346938775,257.6086956521739,259,261,261.8035714285714,266.4414414414414
261.8,258.8571428571429,259.4615384615385,257.7567567567568,256.6530612244898,257.4571428571429,258.8571428571429,260.8888888888889,261.8928571428572,266.3747747747747
261.7,258.7142857142857,259.3076923076923,257.7837837837838,256.469387755102,257.3714285714286,258.7142857142857,260.7777777777778,261.9821428571429,266.431902490726
261.6,258.5714285714286,259.1538461538461,257.8108108108108,256.2857142857143,257.2857142857143,258.5714285714286,260.6666666666667,262.0714285714286,266.4907260201377
261.5,258.4285714285714,259,257.8378378378379,256.1020408163265,257.2,258.4285714285714,260.5555555555555,262.1607142857143,266.5495495495495
261.4,258.2857142857143,258.7906976744187,257.8648648648649,255.9183673469388,257.1142857142857,258.2857142857143,260.4444444444445,262.1380310097063,266.6083730789613
261.3,258.1428571428572,258.5813953488372,257.8918918918919,255.734693877551,257.0285714285714,258.1428571428572,260.3333333333333,262.106355008914,266.667196608373
261.2,258,258.3720930232558,257.9189189189189,255.5510204081633,256.9428571428571,258,260.2222222222222,262.0746790081216,266.7260201377848
261.1,258.1818181818182,258.1627906976744,257.9459459459459,255.3673469387755,256.8571428571428,257.9090909090909,260.1111111111111,262.0430030073293,266.7848436671966
261,258.3636363636363,257.953488372093,257.972972972973,255.1836734693877,256.7714285714285,257.8181818181818,260,262.0113270065369,266.8436671966084
260.7692307692308,258.5454545454546,257.7441860465116,258,255,256.6375,257.7272727272727,259.8888888888889,261.9796510057446,266.9024907260201
260.5384615384615,258.7272727272727,257.5348837209302,257.984126984127,254.8695652173913,256.4875,257.6363636363636,259.7777777777778,261.9479750049522,266.9613142554318
260.3076923076923,258.9090909090909,257.3255813953488,257.968253968254,254.7391304347826,256.3375,257.5454545454545,259.6666666666667,261.9162990041598,267.0201377848437
260.0769230769231,259.0909090909091,257.1162790697674,257.952380952381,254.6086956521739,256.1875,257.4545454545454,259.5555555555555,261.8846230033675,267.0789613142554
259.8461538461539,259.2727272727273,256.9069767441861,257.936507936508,254.4782608695652,256.0375,257.3636363636364,259.4444444444445,261.8529470025751,267.1377848436672
259.6153846153846,259.4545454545454,256.7027027027027,257.9206349206349,254.3478260869565,255.8875,257.2727272727273,259.3333333333333,261.8212710017827,267.1966083730789
259.3846153846154,259.6363636363636,256.5135135135135,257.9047619047619,254.2857142857143,255.7375,257.1818181818182,259.2222222222222,261.7895950009904,267.2554319024907
259.1538461538461,259.8181818181818,256.3243243243243,257.8888888888889,254.4285714285714,255.5875,257.0909090909091,259.1111111111111,261.7579190001981,267.1650715480025
258.9230769230769,260,256.1351351351352,257.8730158730159,254.5714285714286,255.4375,257,259,261.84375,267.0359335437832
258.6923076923077,259.5714285714286,255.945945945946,257.8571428571429,254.7142857142857,255.2875000000001,257,258.8333333333334,261.96875,266.906795539564
258.4615384615385,259.1428571428572,255.7567567567567,257.8412698412699,254.8571428571428,255.04,257,258.6666666666667,262.09375,266.8978886862322
258.2307692307692,258.7142857142857,255.5675675675676,257.8253968253969,255,254.76,257,258.5,262.21875,267.1478886862322
258,258.2857142857143,255.3783783783784,257.8095238095238,254.9285714285714,254.48,257,258.3333333333334,262.34375,267.3978886862322
257.875,257.8571428571428,255.1891891891892,257.7936507936508,254.8571428571428,254.2,257,258.1666666666666,262.46875,267.6478886862322
257.75,257.6818181818182,255,257.7777777777778,254.7857142857142,253.92,257,258,262.59375,267.9836656534919
257.625,257.5909090909091,255.1176470588235,257.7619047619048,254.7142857142857,253.64,257,258.0909090909091,262.71875,268.3492147234655
257.5,257.5,255.235294117647,257.7272727272727,254.6428571428571,253.5333333333334,256.9090909090909,258.1818181818181,262.84375,268.714763793439
257.375,257.4090909090909,255.3529411764706,257.6363636363636,254.5714285714286,253.6,256.8181818181818,258.2727272727273,262.96875,269.0442827442827
257.25,257.3181818181818,255.4705882352941,257.5454545454546,254.5,253.6666666666667,256.7272727272727,258.3636363636364,263.09375,268.8904365904365
257.125,257.2758620689655,255.5882352941177,257.4545454545454,254.4285714285714,253.7333333333333,256.6363636363637,258.4545454545454,263.21875,268.7365904365904
257,257.3793103448276,255.7058823529412,257.3636363636364,254.3571428571429,253.8,256.5454545454546,258.5454545454545,263.135593220339,268.5827442827443
257.1428571428572,257.4827586206897,255.8235294117647,257.2727272727273,254.2857142857143,253.8666666666667,256.4545454545454,258.6363636363636,262.9830508474576,268.4288981288981
257.2857142857143,257.5862068965517,255.9411764705882,257.1818181818182,254.2142857142857,253.9333333333333,256.3636363636364,258.7272727272727,262.8305084745763,268.275051975052
257.4285714285714,257.6896551724138,256.0588235294118,257.0909090909091,254.1428571428571,254,256.2727272727273,258.8181818181818,262.6779661016949,268.1212058212058
257.5714285714286,257.7931034482759,256.1764705882353,257,254.0714285714286,254.0666666666667,256.1818181818182,258.9090909090909,262.5254237288135,267.9673596673596
257.7142857142857,257.8965517241379,256.2941176470588,256.9,254,254.1333333333334,256.0909090909091,259,262.3728813559322,267.8135135135135
257.8571428571429,258,256.4117647058824,256.8,253.7619047619048,254.2,256,258.7272727272727,262.2203389830509,267.6596673596673
258,257.8181818181819,256.5294117647059,256.7,253.5238095238095,254.1851851851852,255.8,258.4545454545454,262.0677966101695,267.5058212058212
257.6315789473684,257.6363636363637,256.6470588235294,256.6,253.2857142857143,253.925925925926,255.6,258.1818181818182,261.9152542372881,267.351975051975
257.2631578947369,257.4545454545455,256.7647058823529,256.5,253.047619047619,253.6666666666667,255.4,257.9090909090909,261.7627118644068,266.9967567567567
256.8947368421053,257.2727272727273,256.8823529411765,256.4,252.8095238095238,253.4074074074074,255.2,257.6363636363636,261.6101694915254,266.3967567567567
256.5263157894737,257.0909090909091,256.9999999999999,256.3,252.75,253.1481481481482,255,257.3636363636364,261.457627118644,265.7967567567567
256.2,256.9090909090909,256.7586206896552,256.2,252.75,252.8888888888889,254.8,257.0909090909091,261.3050847457627,265.1967567567567
256,256.7272727272727,256.5172413793103,256.1,252.75,252.6296296296296,254.6,256.8181818181818,261.1525423728814,264.5967567567567
255.8,256.5454545454546,256.2758620689655,256,252.75,252.4716981132075,254.4,256.5454545454546,261,264.4881981981981
255.6,256.3636363636364,256.0344827586207,255.5,252.75,252.4150943396226,254.2,256.2727272727273,260.952380952381,264.3881981981982
255.4,256.1818181818182,255.7931034482759,255,252.75,252.3584905660377,254,256,260.9047619047619,264.2881981981981
255.2,256,255.551724137931,254.5,252.75,252.3018867924528,253.952380952381,255.8666666666667,260.8571428571429,264.1881981981982
255,255.8333333333333,255.3103448275862,254.1236263736264,252.75,252.2452830188679,253.9047619047619,255.7333333333333,260.8095238095238,264.0881981981981
257.2,255.6666666666667,255.4444444444445,254.0357142857143,252.6666666666667,252.188679245283,253.8571428571429,255.6,260.7619047619047,263.9881981981982
257.75,255.5,255.7037037037037,253.9478021978022,252.5555555555555,252.1320754716981,253.8095238095238,255.4666666666667,260.7142857142857,263.8881981981982
257.75,255.3333333333333,255.962962962963,253.8598901098901,252.4444444444444,252.0754716981132,253.7619047619048,255.3333333333333,260.6666666666667,263.7881981981982
257.75,255.1666666666667,256.2222222222222,253.771978021978,252.3333333333333,252.0188679245283,253.8571428571428,255.2,260.6190476190476,263.6897991648439
257.6470588235294,255,256.4814814814815,253.6521739130435,252.2222222222222,251.9622641509434,254,255.0666666666667,260.5714285714286,263.6246437330151
257.2352941176471,254.8333333333333,256.7407407407408,253.5217391304348,252.1111111111111,251.9056603773585,253.6666666666667,254.9333333333333,260.5238095238095,263.5594883011864
256.8235294117647,254.6666666666667,257,253.3913043478261,252,251.8490566037736,253.3333333333333,254.8,260.4761904761905,263.4943328693577
256.4117647058823,254.5,256.8333333333333,253.2608695652174,252.1818181818182,251.7924528301887,253,254.6666666666667,260.4285714285714,263.429177437529
256,254.3333333333333,256.6666666666667,253.1304347826087,252.3636363636363,251.7385320214185,252.6666666666667,254.5333333333333,260.3809523809524,263.3640220057002
255.75,254.1666666666667,256.5,253,252.5454545454546,251.6926601070925,252.3333333333333,254.4,260.3333333333333,263.2988665738716
255.5,254,256.3333333333333,252.8484848484848,252.7272727272727,251.6467881927665,252,254.2666666666667,260.2857142857143,263.3181818181818
255.25,253.9361702127659,256.1666666666666,252.6969696969697,252.9090909090909,251.6009162784404,252.1428571428572,254.1333333333333,260.2380952380952,263.5909090909091
255,253.8723404255319,256,252.5454545454545,253.0909090909091,251.5550443641144,252.2857142857143,254,260.1904761904762,263.8636363636364
254.75,253.8085106382979,255.8333333333333,252.3939393939394,253.2727272727273,251.5091724497883,252.4285714285714,254.1666666666667,260.1428571428571,264.1363636363636
254.5,253.7446808510638,255.6666666666666,252.2424242424242,253.4545454545454,251.4633005354623,252.5714285714286,254.3333333333333,260.0952380952381,264.4090909090909
254.25,253.6808510638298,255.5,252.0909090909091,253.6363636363637,251.4174286211363,252.7142857142857,254.5,260.047619047619,264.6818181818182
254,253.6170212765957,255.3333333333333,251.9393939393939,253.8181818181818,251.3715567068102,252.8571428571428,254.6666666666667,260,265.0885084389889
253.75,253.5531914893617,255.1666666666667,251.7878787878788,254,251.3256847924842,253,254.8333333333333,259.9375,265.5398530243075
253.5,253.4893617021277,255,251.8333333333333,253.8,251.3249550685697,253.1666666666666,255,259.875,265.9911976096261
253.25,253.4255319148936,254.75,251.9444444444445,253.6,251.4795168618171,253.3333333333333,255.1666666666667,259.8125,266.4425421949447
253,253.3617021276596,254.5,252.0555555555555,253.4,251.6340786550645,253.5,255.3333333333333,259.75,266.8938867802632
252.75,253.2978723404255,254.25,252.1666666666667,253.2,251.948275862069,253.6666666666666,255.5,259.6875,267.2522861652743
252.5,253.2,254,252.2777777777778,253,252.7413793103449,253.8333333333333,255.6666666666667,259.625,267.1634780158218
252.25,253,253.75,252.3888888888889,252.8,253.5344827586207,254,255.8333333333333,259.5625,267.0746698663693
252,252.8,253.5,252.5,252.6,254.3275862068966,254.304347826087,256,259.5,266.9858617169168
251.75,252.6,253.25,252.6111111111111,252.4,254.483870967742,254.6086956521739,255.7857142857143,259.4375,266.8970535674642
251.5,252.4,253,252.7222222222222,252.2,254.258064516129,254.9130434782609,255.5714285714286,259.375,266.8082454180117
251.25,252.2,252.75,252.515625,252,254.0322580645162,255.2173913043478,255.3571428571428,259.3125,266.0953160477786
251,252,252.5,252.203125,251.8888888888889,253.8064516129033,255.5217391304348,255.1428571428571,259.25,265.381030333493
251.1,251.8,252.25,251.890625,251.7777777777778,252.9286288378075,255.6551724137931,254.9285714285714,259.1875,264.6667446192072
251.2,251.6,252,251.578125,251.6666666666666,251.8334672882174,255.2758620689655,254.7142857142857,259.125,264.3365721733686
251.3,251.4,251.8125,251.265625,251.5555555555555,250.7383057386272,254.896551724138,254.5,259.0625,264.0638449006413
251.4,251.2,251.625,250.953125,251.4444444444445,250.6810810810811,254.5172413793103,254.2857142857143,259,263.791117627914
251.5,251,251.4375,250.640625,251.3333333333333,250.6810810810811,254.1379310344828,254.0714285714286,258.9,263.5183903551867
251.6,250.9333333333333,251.25,250.328125,251.2222222222222,250.6810810810811,254.0601727733095,253.8571428571428,258.8,263.2456630824595
251.7,250.8666666666666,251.0625,250.1428571428571,251.1111111111111,250.6810810810811,253.9871909442955,253.6428571428571,258.7,262.8963995248583
251.8,250.8,250.875,250,251,250.6810810810811,253.9142091152815,253.4285714285714,258.6,262.5434949779886
251.9,250.7333333333333,250.6875,249.8571428571428,250.9,250.6810810810811,253.8412272862675,253.2142857142857,258.5,262.1905904311189
252,250.6666666666667,250.5,249.7142857142857,250.8,250.6810810810811,253.7682454572535,253,258.4,261.8627627627627
251.8,250.6,250.3125,249.5714285714286,250.7,250.6810810810811,253.7894736842105,253.1428571428571,258.3,261.6405405405405
251.6,250.5333333333333,250.125,249.4285714285714,250.6,250.6810810810811,253.8421052631579,253.2857142857143,258.2,261.4183183183183
251.4,250.4666666666667,249.9375,249.2857142857143,250.5,250.6810810810811,253.8947368421053,253.4285714285714,258.1,261.196096096096
251.2,250.4,249.75,249.1428571428572,250.4,250.6562562562562,253.9473684210527,253.5714285714286,258,260.9738738738738
251,250.3333333333333,249.5625,249,250.3,250.5451451451451,254,253.7142857142857,258.0638297872341,260.7516516516516
250.8,250.2666666666667,249.375,249.0612244897959,250.2,250.434034034034,254.0526315789474,253.8571428571428,258.1276595744681,260.5294294294293
250.6,250.2,249.1875,249.1224489795918,250.1,250.3229229229229,254.1052631578948,253.9999999999999,258.1914893617022,260.3072072072072
250.4,250.1333333333333,249,249.1836734693877,250,250.2118118118118,254.1578947368421,254.1428571428571,258.2553191489362,260.0967824967824
250.2,250.0666666666667,248.8823529411765,249.2448979591837,249.8888888888889,250.1007007007007,254.2105263157895,254.2857142857142,258.3191489361702,259.9539253539253
250,250,248.7647058823529,249.3061224489796,249.7777777777778,249.9895895895895,254.2174620390456,254.4285714285714,258.3829787234043,259.8110682110681
249.9090909090909,249.9230769230769,248.6470588235294,249.3673469387755,249.6666666666667,249.8784784784784,254.0873101952278,254.5714285714285,258.4468085106383,259.668211068211
249.8181818181818,249.8461538461539,248.5294117647059,249.4285714285714,249.5555555555555,249.7673673673673,253.95715835141,254.7142857142857,258.5106382978723,259.5253539253539
249.7272727272727,249.7692307692308,248.4117647058824,249.4897959183673,249.4444444444445,249.6562562562562,253.8270065075922,254.8571428571428,258.5744680851064,259.3824967824967
249.6363636363636,249.6923076923077,248.2941176470588,249.5510204081633,249.3333333333333,249.5451451451451,253.6968546637744,255,258.6382978723404,259.2396396396396
249.5454545454545,249.6153846153846,248.1764705882353,249.6122448979592,249.2222222222222,249.434034034034,253.5667028199566,254.7272727272727,258.7021276595744,259.1499249249249
249.4545454545454,249.5384615384615,248.0588235294118,249.6734693877551,249.1111111111111,249.3229229229229,253.4365509761388,254.4545454545454,258.7586206896552,259.0665915915915
249.3636363636363,249.4615384615385,247.9411764705882,249.734693877551,249,249.2118118118117,253.25,254.1818181818182,258.7931034482759,258.9832582582582
249.2727272727273,249.3846153846154,247.8235294117647,249.5869380108992,248.9333333333333,249.1007007007006,253,253.9090909090909,258.8275862068966,258.8999249249248
249.1818181818182,249.3076923076923,247.7058823529412,249.3695220254314,248.8666666666667,248.9895895895895,252.75,253.6363636363636,258.8620689655172,258.8165915915915
249.0909090909091,249.2222222222222,247.5882352941176,249.1521060399637,248.8,248.8936936936936,252.5,253.3636363636364,258.8965517241379,258.7332582582582
249,249.1111111111111,247.4705882352941,248.9346900544959,248.7333333333333,248.8936936936936,252.25,253.0909090909091,258.9310344827586,258.6499249249249
248.6666666666667,249,247.3529411764706,248.7172740690281,248.6666666666667,248.8936936936936,252,252.8181818181818,258.9655172413793,258.5665915915915
248.3333333333333,248.8888888888889,247.2352941176471,248.4998580835604,248.6,248.8936936936936,251.8888888888889,252.5454545454546,259,258.4832582582582
248,248.7777777777778,247.1176470588235,248.2824420980926,248.5333333333334,248.8936936936936,251.7777777777778,252.2727272727273,258.7826086956522,258.3999249249249
247.6666666666667,248.6666666666667,247,248.0650261126249,248.4666666666666,248.8936936936936,251.6666666666667,252,258.5652173913044,258.3306306306306
247.3333333333333,248.5555555555555,246.9375,247.8476101271571,248.4,248.8936936936936,251.5555555555555,252.125,258.3478260869565,258.3306306306306
247,248.4444444444444,246.875,247.6,248.3333333333333,248.8936936936936,251.4444444444444,252.25,258.1304347826087,258.3306306306306
246.6666666666667,248.3333333333333,246.8125,247.3333333333333,248.2666666666667,248.8819819819819,251.3333333333333,252.375,257.9130434782609,258.3306306306306
246.3333333333333,248.2222222222222,246.75,247.0666666666667,248.2,248.7569819819819,251.2222222222222,252.5,257.6960671383906,258.3306306306306
246,248.1111111111111,246.6875,246.8,248.1333333333333,248.6319819819819,251.1111111111111,252.625,257.4803356919533,258.3306306306306
245.6666666666667,248,246.625,246.5333333333333,248.0666666666667,248.5069819819819,251,252.75,257.2646042455159,258.3306306306306
245.3333333333333,247.2666666666667,246.5625,246.2666666666667,248,248.3819819819819,250.72,252.875,257.0488727990785,258.3361980495953
245,246.5333333333334,246.5,246,248.0810810810811,248.2569819819819,250.44,253,256.8331413526411,258.6304759091605
244.6666666666667,245.8,246.4375,245.9230769230769,248.1621621621622,248.1319819819819,250.16,252.5,256.6174099062038,258.9247537687257
244.3333333333333,245.1538461538462,246.375,245.8461538461539,248.2432432432432,248.0069819819819,249.88,252,256.6170212765958,259.2190316282909
244,244.7692307692308,246.3125,245.7692307692308,248.3243243243243,247.8819819819819,249.6,251.5,256.6808510638298,258.8440911669263
243.6666666666667,244.3846153846154,246.25,245.6923076923077,248.4054054054054,247.7569819819819,249.3200000000001,251,256.7446808510638,258.4618368441307
243.3333333333333,244,246.1875,245.6153846153846,248.4864864864865,247.6319819819819,249.1864406779661,250.9285714285714,256.8085106382979,258.0022522522522
243,243.8813559322034,246.125,245.5384615384615,248.5675675675676,247.5069819819819,249.1016949152543,250.8571428571429,256.8723404255319,257.5022522522522
242.7586206896552,243.7627118644068,246.0625,245.4615384615385,248.6486486486486,247.3819819819819,249.0169491525424,250.7857142857143,256.936170212766,257.0022522522522
242.5172413793103,243.6440677966102,246,245.3846153846154,248.7297297297297,247.2569819819819,248.9322033898305,250.7142857142857,256.9999999999999,256.5250250250249
242.2758620689655,243.5254237288136,245.9090909090909,245.3076923076923,248.4615384615385,247.1319819819819,248.8474576271187,250.6428571428571,256.7,256.3028028028027
242.0344827586207,243.406779661017,245.8181818181818,245.3125,248.0769230769231,247.0451836451836,248.9651171093974,250.5714285714286,256.4,256.0805805805805
241.7931034482759,243.2881355932203,245.7272727272727,245.5625,247.6923076923077,246.9682605682605,249.6993359040275,250.5,256.1,255.8583583583583
241.551724137931,243.1694915254237,245.6363636363636,245.8125,247.3076923076923,246.8913374913374,250.0171968410953,250.4285714285714,255.8,255.6361361361361
241.3103448275862,243.0508474576271,245.5454545454545,246.0625,246.9230769230769,246.8144144144144,249.0859842054764,250.3571428571428,255.5,255.4139139139139
241.0769230769231,242.9322033898305,245.4545454545454,246.3125,246.5384615384615,246.7374913374913,248.4237288135593,250.2857142857143,255.2,255.1916916916917
240.8461538461539,242.8135593220339,245.3636363636364,246.5625,246.1538461538461,246.6605682605682,248.3389830508474,250.2142857142857,254.9,254.9694694694695
240.6153846153846,242.6949152542373,245.2727272727273,246.6911764705882,245.7692307692308,246.5836451836452,248.2542372881356,250.1428571428571,254.6,254.7636036036036
240.3846153846154,242.5762711864407,245.1818181818182,246.4558823529412,245.3846153846154,246.5067221067221,248.1694915254237,250.0714285714286,254.3,254.9636036036036
240.1538461538461,242.457627118644,245.0909090909091,246.2205882352941,245,246.429799029799,248.0847457627119,250,254,255.1636036036036
239.9230769230769,242.3389830508474,245,245.9852941176471,245.125,246.3528759528759,248,250.125,253.8888888888889,255.3636036036036
239.6923076923077,242.2727272727273,244.9090909090909,245.75,245.25,246.2759528759528,248.0769230769231,250.25,253.7777777777778,255.5636036036036
239.4615384615385,242.3636363636364,244.8181818181818,245.514705882353,245.375,246.1949549549549,248.1538461538462,250.375,253.6666666666667,255.7636036036036
239.2307692307692,242.4545454545454,244.7272727272727,245.2794117647059,245.5,246.0949549549549,248.2307692307693,250.5,253.5555555555555,255.9636036036036
239,242.5454545454545,244.6363636363636,245.0441176470588,245.625,245.9949549549549,248.025,250.625,253.4444444444444,256.1636036036035
238.9090909090909,242.6363636363636,244.5454545454545,244.8088235294118,245.75,245.8949549549549,247.725,250.75,253.3333333333333,256.3636036036036
238.8181818181818,242.7272727272727,244.4545454545455,244.7692307692308,245.875,245.7949549549549,247.425,250.875,253.2222222222222,256.4753753753753
238.7272727272727,242.8181818181818,244.3636363636364,244.7948717948718,246,245.6949549549549,247.125,251,253.1111111111111,255.8087087087087
238.6363636363636,242.9090909090909,244.2727272727273,244.8205128205128,245.9090909090909,245.5949549549549,246.825,250.75,253,255.142042042042
238.5454545454545,243,244.1818181818182,244.8461538461539,245.8181818181818,245.4949549549549,246.8709677419355,250.5,252.8524590163934,254.7839039039039
238.4545454545454,242.8,244.0909090909091,244.8717948717949,245.7272727272727,245.3949549549549,247.0322580645162,250.25,252.7049180327868,254.8505705705705
238.3636363636363,242.6,244,244.8974358974359,245.6363636363636,245.3407043407043,247.1935483870968,250,252.5573770491803,254.9172372372372
238.2727272727273,242.4,243.9230769230769,244.9230769230769,245.5454545454545,245.4316134316134,247.3548387096774,249.75,252.4098360655738,254.9839039039039
238.1818181818182,242.2,243.8461538461538,244.948717948718,245.4545454545454,245.5225225225225,247.5161290322581,249.5,252.2622950819672,255.0505705705705
238.0909090909091,242,243.7692307692308,244.974358974359,245.3636363636364,245.6134316134316,247.6774193548387,249.25,252.1147540983606,255.1172372372372
238,241.8,243.6923076923077,245,245.2727272727273,245.7043407043407,247.8387096774194,249,251.9672131147541,255.1839039039039
237.8571428571429,241.6,243.6153846153846,244.8333333333333,245.1818181818182,245.7952497952498,247.9999999999999,248.75,251.8196721311475,255.2505705705705
237.7142857142857,241.4,243.5384615384615,244.6666666666667,245.0909090909091,245.8861588861589,247.4210526315789,248.5,251.672131147541,255.3172372372372
237.5714285714286,241.2,243.4615384615385,244.5,245,245.9770679770679,246.8421052631579,248.25,251.5245901639344,255.3839039039038
237.4285714285714,241,243.3846153846154,244.3333333333333,244.9166666666667,246.067977067977,246.2631578947368,248,251.3770491803279,255.4505705705705
237.2857142857143,240.8,243.3076923076923,244.1666666666667,244.8333333333333,246.1588861588861,245.6842105263158,247.75,251.2295081967213,255.5172372372372
237.1428571428571,240.6,243.2307692307692,244,244.75,246.0196035957977,245.1666666666667,247.5,251.0819672131148,255.5839039039038
237,240.4,243.1538461538461,243.9166666666667,244.6666666666667,245.547709303585,244.8333333333333,247.25,250.9344262295082,255.6416662953594
236.6666666666667,240.2,243.0769230769231,243.8333333333333,244.5833333333333,245.0758150113722,244.5,247,250.7868852459017,255.1269361688286
236.3333333333333,240,243,243.75,244.5,244.6039207191595,244.35,247.1818181818182,250.6976744186047,254.6122060422979
236,239.6666666666667,242.8,243.6666666666667,244.4166666666667,244.1666666666667,244.75,247.3636363636363,250.6279069767442,254.0974759157671
235.6666666666667,239.3333333333334,242.6,243.5833333333333,244.3333333333333,243.8333333333333,245.15,247.5454545454546,250.5581395348837,253.6804712688148
235.3333333333333,239,242.4,243.5,244.25,243.5,245.3617021276596,247.7272727272727,250.4883720930233,253.3471379354814
235,238.6666666666667,242.2,243.4166666666667,244.1666666666667,243.1666666666667,245.5106382978724,247.9090909090909,250.4186046511628,253.0138046021481
234.8181818181818,238.3333333333333,242,243.3333333333333,244.0833333333333,242.8333333333333,245.6595744680851,248.0909090909091,250.3488372093023,252.6804712688148
234.6363636363636,238,241.8,243.25,244,242.875,245.8085106382979,248.2727272727273,250.2790697674419,252.3471379354815
234.4545454545454,237.6666666666667,241.6,243.1666666666667,243.923076923077,243.0416666666667,245.9574468085106,248.4545454545454,250.2093023255814,252.1162609433471
234.2727272727273,237.3333333333334,241.4,243.0833333333333,243.8461538461538,243.2083333333333,246.1063829787234,248.6363636363637,250.1395348837209,252.3631650525183
234.0909090909091,237,241.2,243,243.7692307692308,243.375,246.2553191489362,248.8181818181818,250.0697674418604,252.6100691616895
233.9090909090909,236.7636363636364,241,242.8,243.6923076923077,243.5416666666667,246.4042553191489,249,250,252.8569732708606
233.7272727272727,236.5272727272727,240.9166666666667,242.6,243.6153846153846,243.7083333333333,246.5531914893617,248.75,249.7111111111111,253.1038773800319
233.5454545454546,236.2909090909091,240.8333333333333,242.4,243.5384615384615,243.6759092545913,246.7021276595745,248.5,249.4222222222222,253.350781489203
233.3636363636364,236.0545454545455,240.75,242.2,243.4615384615385,243.5771215940463,246.8510638297872,248.25,249.1333333333334,253.5976855983743
233.1818181818182,235.8181818181818,240.6666666666667,242,243.3846153846154,243.4783339335014,247,248,248.8444444444444,253.8445897075455
233,235.5818181818182,240.5833333333333,241.8,243.3076923076923,243.3795462729564,246.5882352941177,247.75,248.5555555555555,253.7073573573573
232.6666666666667,235.3454545454545,240.5,241.6,243.2307692307692,243.2807586124115,246.1764705882353,247.5,248.2666666666667,253.5406906906906
232.3333333333333,235.1090909090909,240.4166666666667,241.4,243.1538461538462,243.1819709518665,245.764705882353,247.25,247.9777777777778,253.374024024024
232,234.8727272727273,240.3333333333333,241.2,243.0769230769231,243.0831832913215,245.3529411764706,247,247.6888888888889,253.2073573573573
231.6666666666667,234.6363636363636,240.25,241,243,242.9843956307766,245.1875,246.8,247.4,253.0406906906906
231.3333333333333,234.4,240.1666666666667,240.8571428571429,242.7868852459017,242.8856079702316,245.1041666666667,246.6,247.1111111111111,252.874024024024
231,234.1636363636364,240.0833333333333,240.7142857142857,242.5737704918033,242.7868203096866,245.0208333333334,246.4,246.8222222222223,252.7073573573573
230.6666666666667,233.9272727272727,240,240.5714285714286,242.3606557377049,242.6880326491417,244.9375000000001,246.2,246.6521739130435,252.5406906906906
230.3333333333333,233.6981132075472,239.8461538461539,240.4285714285714,242.1475409836066,242.5675675675675,244.8541666666667,246,246.5217391304348,252.3740240240239
230,233.4905660377358,239.6923076923077,240.2857142857143,241.9344262295082,242.4247104247104,244.7708333333334,245.8,246.3913043478261,252.2073573573573
229.6666666666667,233.2830188679245,239.5384615384615,240.1428571428571,241.7213114754098,242.2818532818532,244.5555555555556,245.6,246.2608695652174,251.913858819942
229.3333333333333,233.0754716981132,239.3846153846154,240,241.5081967213114,242.138996138996,244.2962962962963,245.4,246.1304347826087,251.1270010672358
229,232.8679245283019,239.2307692307693,239.6896551724138,241.2950819672131,241.9961389961389,244.037037037037,245.2,246,250.3401433145297
228.875,232.6603773584906,239.0769230769231,239.3793103448276,241.0819672131148,241.8532818532818,243.7777777777778,245,245.8695652173913,249.6553417928776
228.75,232.4528301886792,238.9230769230769,239.0689655172414,240.8688524590164,241.7104247104247,243.5185185185185,244.8333333333333,245.7391304347826,249.2767089643881
228.625,232.2452830188679,238.7692307692308,238.7586206896552,240.655737704918,241.5675675675675,243.2592592592593,244.6666666666667,245.6086956521739,248.8980761358985
228.5,232.0377358490566,238.6153846153846,238.448275862069,240.4426229508197,241.4247104247104,243,244.5,245.4782608695652,248.5194433074089
228.375,231.8301886792453,238.4615384615385,238.1379310344828,240.2295081967213,241.2818532818532,243,244.3333333333333,245.3478260869566,248.3723207790027
228.25,231.6226415094339,238.3076923076923,237.8275862068966,240.016393442623,241.1389961389961,243,244.1666666666667,245.2162162162163,248.2377301471822
228.125,231.4150943396226,238.1538461538462,237.5882352941177,239.8032786885246,240.9961389961389,243,244,245.0810810810811,248.1031395153618
228,231.2075471698113,238,237.3725490196079,239.6923076923077,240.8532818532818,243,243.8333333333333,244.945945945946,247.9685488835413
227.875,231,237.7857142857143,237.1568627450981,239.6153846153846,240.7104247104246,243,243.6666666666667,244.8108108108108,247.8339582517209
227.75,230.8936170212766,237.5714285714286,236.9411764705883,239.5384615384615,240.5675675675675,242.6315789473684,243.5,244.6756756756757,247.6993676199004
227.625,230.7872340425532,237.3571428571429,236.7254901960785,239.4615384615385,240.4247104247103,242.2631578947369,243.3333333333333,244.5405405405406,247.5647769880799
227.5,230.6808510638298,237.1428571428571,236.5098039215687,239.3846153846154,240.2818532818532,241.8947368421053,243.1666666666667,244.4054054054054,247.4301863562595
227.375,230.5744680851064,236.9285714285714,236.2941176470588,239.3076923076923,240.1389961389961,241.5263157894737,243,244.2702702702703,247.295595724439
227.25,230.468085106383,236.7142857142857,236.0784313725491,239.2307692307692,239.9961389961389,241.2162162162163,242.8571428571429,244.1351351351351,247.1610050926186
227.125,230.3617021276596,236.5,235.8627450980392,239.1538461538461,239.8532818532818,241.0810810810811,242.7142857142857,244,247.0264144607981
227,230.2553191489362,236.2857142857143,235.6470588235294,239.0769230769231,239.7104247104246,240.945945945946,242.5714285714286,243.923076923077,246.8918238289776
226.5454545454545,230.1489361702128,236.0714285714286,235.4313725490196,239,239.5675675675675,240.8108108108108,242.4285714285714,243.8461538461538,246.8321820073081
226.0909090909091,230.0425531914893,235.8571428571429,235.2156862745098,238.7,239.4247104247104,240.6756756756757,242.2857142857143,243.7692307692308,246.7832471585173
225.6363636363636,229.936170212766,235.6428571428571,235,238.4,239.2818532818532,240.5405405405405,242.1428571428571,243.6923076923077,246.7343123097264
225.1818181818182,229.8297872340426,235.4285714285714,234.8333333333333,238.1,239.138996138996,240.4054054054054,242,243.6153846153846,246.6853774609356
224.7272727272727,229.65,235.2142857142857,234.6666666666667,237.8,238.9803921568627,240.2702702702703,241.8571428571428,243.5384615384615,246.6364426121447
224.2727272727273,229.25,235,234.5,237.5,238.8039215686274,240.1351351351352,241.7142857142857,243.4615384615385,246.5875077633539
223.8181818181818,228.85,234.8333333333333,234.3333333333333,237.2,238.6274509803921,240,241.5714285714286,243.3846153846154,246.538572914563
223.3636363636364,228.45,234.6666666666667,234.1666666666667,236.9,238.4509803921568,239.75,241.4285714285714,243.3076923076923,246.4162162162162
222.9090909090909,228.05,234.5,234,236.6,238.2745098039215,239.5,241.2857142857143,243.2307692307692,246.273359073359
222.4545454545455,227.6985294117647,234.3333333333333,233.8333333333333,236.3,238.0980392156862,239.25,241.1428571428572,243.1538461538462,246.1305019305019
222,227.4926470588235,234.1666666666667,233.6666666666667,236,237.9215686274509,239,241,243.0769230769231,245.9876447876447
221.8333333333333,227.2867647058824,234,233.5,236.1111111111111,237.7450980392156,238.75,240.8,243,245.8447876447876
221.6666666666667,227.0808823529412,233.8333333333333,233.3333333333333,236.2222222222222,237.5686274509803,238.5,240.6,242.8,245.6369369369369
221.5,226.875,233.6666666666667,233.1666666666667,236.3333333333333,237.3921568627451,238.25,240.4,242.6,245.4147147147147
221.3333333333334,226.6691176470588,233.5,233,236.4444444444445,237.2156862745097,238,240.2,242.4,245.1924924924924
221.1666666666666,226.4632352941176,233.3333333333333,232.7719298245614,236.5555555555556,237.0392156862745,238.0833333333333,240,242.2,244.9702702702702
221,226.2573529411765,233.1666666666667,232.5438596491228,236.6666666666667,236.8627450980392,238.1666666666667,239.875,242,244.748048048048
220.8333333333333,226.0514705882353,233,232.3157894736842,236.7777777777778,236.6862745098039,238.25,239.75,241.8,244.5258258258258
220.6666666666667,225.8455882352941,232.8,232.0877192982456,236.8888888888889,236.5098039215686,238.3333333333333,239.625,241.6,244.3036036036036
220.5,225.6397058823529,232.6,231.859649122807,237,236.3302927927927,238.4166666666667,239.5,241.4,244.0813813813813
220.3333333333333,225.4338235294118,232.4,231.6315789473684,236.8888888888889,236.1427927927928,238.5,239.375,241.2,243.8763963963963
220.1666666666667,225.2279411764706,232.2,231.4035087719298,236.7777777777778,235.9552927927928,238.5833333333333,239.25,241,243.6763963963963
220,225.0220588235294,232,231.1754385964912,236.6666666666667,235.7677927927927,238.6666666666667,239.125,240.8,243.4763963963964
219.8,224.8161764705882,231.8,230.9473684210527,236.5555555555556,235.5802927927928,238.75,239,240.6,243.2763963963964
219.6,224.6102941176471,231.6,230.719298245614,236.4444444444445,235.3927927927928,238.8333333333333,238.75,240.4,243.0763963963963
219.4,224.4044117647059,231.4,230.4912280701754,236.3333333333333,235.2052927927928,238.9166666666667,238.5,240.2,242.8763963963964
219.2,224.1707317073171,231.2,230.2631578947368,236.2222222222222,235.0177927927928,239,238.25,240,242.6763963963964
219,223.8536585365854,231,230.0350877192982,236.1111111111111,234.8302927927928,239.3846153846154,238,239.8181818181818,242.4763963963964
218.8,223.5365853658537,230.8333333333333,229.8070175438596,236,234.6427927927928,239.7692307692308,237.75,239.6363636363636,242.2763963963964
218.6,223.2195121951219,230.6666666666667,229.6716417910448,235.6666666666667,234.4552927927928,240.1538461538462,237.5,239.4545454545455,242.1742492492492
218.4,222.9024390243902,230.5,229.5671641791045,235.3333333333333,234.2677927927928,239.875,237.25,239.2727272727273,242.0909159159159
218.2,222.5853658536585,230.3333333333334,229.4626865671642,235,234.0802927927928,239.3750000000001,237,239.0909090909091,242.0075825825826
218,222.2682926829268,230.1666666666666,229.3582089552239,234.6666666666667,233.8927927927928,238.8750000000001,236.9285714285714,238.9090909090909,241.9242492492492
217.8,221.9512195121951,230,229.2537313432836,234.3333333333333,233.7052927927928,238.375,236.8571428571429,238.7272727272727,241.8409159159159
217.6,221.6341463414634,229.8333333333333,229.1492537313433,234,233.8119416101157,237.6363636363637,236.7857142857143,238.5454545454546,241.7575825825826
217.4,221.3170731707317,229.6666666666667,229.044776119403,233.6666666666667,233.9256456573744,236.8181818181818,236.7142857142857,238.3636363636364,241.6742492492492
217.2,221,229.5,228.9402985074627,233.3333333333333,234.0393497046331,236,236.6428571428571,238.1818181818182,241.5909159159159
217,220.7368421052632,229.3333333333333,228.8358208955224,233,234.1530537518918,235.8666666666667,236.5714285714286,238,241.5075825825825
216.75,220.4736842105263,229.1666666666667,228.7313432835821,232.8936170212766,234.2667577991505,235.7333333333333,236.5,237.7692307692308,241.4242492492492
216.5,220.2105263157895,229,228.6268656716418,232.7872340425532,234.3804618464092,235.6,236.4285714285714,237.5384615384615,241.3400614551912
216.25,219.9473684210526,228.5714285714286,228.5223880597015,232.6808510638298,234.4941658936679,235.4666666666667,236.3571428571428,237.3076923076923,241.2492600005638
216,219.6842105263158,228.1428571428572,228.4179104477612,232.5744680851064,234.6078699409266,235.3333333333333,236.2857142857143,237.0769230769231,241.1584585459363
215.75,219.421052631579,227.7142857142857,228.3134328358209,232.468085106383,234.7215739881853,235.2,236.2142857142857,236.8461538461539,241.0676570913089
215.5,219.1578947368421,227.2857142857143,228.2089552238806,232.3617021276596,234.5131578947368,235.0666666666667,236.1428571428571,236.6153846153846,240.9768556366814
215.25,218.8947368421053,226.8571428571429,228.1044776119403,232.2553191489362,234.1973684210526,234.9333333333333,236.0714285714286,236.3846153846154,240.886054182054
215,218.6315789473684,226.4285714285714,228,232.1489361702128,233.8815789473684,234.8,236,236.1538461538461,240.7952527274265
214.75,218.3684210526316,226,227.85,232.0425531914894,233.5657894736842,234.6666666666667,235.7142857142857,235.9230769230769,240.7044512727991
214.5,218.1052631578947,225.7619047619048,227.7,231.936170212766,233.25,234.5333333333333,235.4285714285714,235.6923076923077,240.548076923077
214.25,217.8421052631579,225.5238095238095,227.55,231.8297872340426,232.9342105263158,234.4,235.1428571428571,235.4615384615385,239.9326923076924
214,217.578947368421,225.2857142857143,227.4,231.7297297297298,232.6184210526316,234.2666666666667,234.8571428571428,235.2307692307692,239.3173076923078
213.8,217.3157894736842,225.0476190476191,227.25,231.6486486486487,232.3026315789474,234.1333333333333,234.5714285714286,235,238.7019230769232
213.6,217.135593220339,224.8095238095238,227.1,231.5675675675676,231.9868421052632,234,234.2857142857143,234.8852459016394,238.0865384615386
213.4,216.9830508474576,224.6875,226.95,231.4864864864865,231.7024987251403,233.8620689655172,234,234.7704918032787,237.4711538461539
213.2,216.8305084745763,224.6041666666667,226.8,231.4054054054054,231.5124936257012,233.7241379310345,234,234.6557377049181,236.8557692307693
213,216.6779661016949,224.5208333333334,226.65,231.3243243243243,231.3224885262621,233.5862068965517,234,234.5409836065573,236.1250000000001
212.8,216.5254237288136,224.4375,226.5,231.2432432432432,231.1324834268231,233.448275862069,234,234.4262295081967,235.3250000000001
212.6,216.3728813559322,224.3541666666667,226.35,231.1621621621622,230.942478327384,233.3103448275862,234,234.3114754098361,234.5250000000001
212.4,216.2203389830509,224.2708333333333,226.2,231.0810810810811,230.7524732279449,233.1724137931035,234,234.1967213114754,233.7250000000001
212.2,216.0677966101695,224.015625,226.05,231,230.5624681285058,233.0344827586207,234,234.0819672131148,232.9250000000001
212,215.9152542372881,223.703125,225.9,230.8666666666667,230.3724630290668,232.8965517241379,234,233.9672131147541,232.1250000000001
211.6923076923077,215.7627118644068,223.390625,225.75,230.7333333333333,230.1824579296277,232.7586206896552,234,233.8524590163935,231.3250000000001
211.3846153846154,215.6101694915254,223.078125,225.6,230.6,229.9924528301887,232.6206896551724,233.8181818181818,233.7377049180328,230.6180555555557
211.0769230769231,215.457627118644,222.765625,225.45,230.4666666666667,229.8024477307496,232.4827586206897,233.6363636363636,233.6229508196722,230.5625000000001
210.7692307692308,215.3050847457627,222.453125,225.3,230.3333333333333,229.6124426313105,232.3448275862069,233.4545454545454,233.5081967213115,230.5069444444445
210.4615384615385,215.1525423728814,222.140625,225.15,230.2,229.4224375318715,232.2068965517241,233.2727272727273,233.3934426229509,230.451388888889
210.1538461538462,215,221.828125,225,230.0666666666667,229.2324324324324,232.0689655172414,233.0909090909091,233.2786885245902,230.3958333333334
