153.7954545454546,162.1750000000001,168.9090909090909,169.7678571428571,171.8,169.83,170.0000000000001,160.0000000000001,159.3293650793651,158.3157894736843
153.9772727272728,162.4750000000001,169,169.8392857142857,171.9,169.99,170.1666666666667,160.2500000000001,159.4880952380952,158.5789473684211
154.159090909091,162.775,169.0909090909091,169.9107142857143,172,170.15,170.3333333333334,160.5000000000001,159.6468253968254,158.8421052631579
154.3409090909092,163.075,169.1818181818181,169.9821428571429,172.1,170.31,170.5,160.7500000000001,159.8055555555555,159.1052631578948
154.5227272727273,163.3750000000001,169.2727272727273,170.0535714285715,172.2,170.47,170.6666666666667,161.0000000000001,159.9642857142857,159.3684210526316
154.7045454545455,163.6750000000001,169.3636363636365,170.1250000000001,172.3,170.63,170.8333333333334,161.25,160.1230158730159,159.6315789473685
155.1250000000001,164.0000000000001,169.4545454545454,170.1964285714286,172.4,170.777027027027,171,161.5,160.281746031746,159.8947368421053
155.6250000000001,164.2500000000001,169.5454545454546,170.2500000000001,172.5,170.8851351351351,171.1666666666667,161.75,160.4404761904762,160.1578947368422
156.1250000000001,164.2500000000001,169.6363636363635,170.2500000000001,172.6,170.9932432432432,171.3333333333333,162,160.5992063492063,160.421052631579
156.6250000000001,164.2500000000001,169.7272727272727,170.2500000000001,172.7,171.1013513513514,171.5,162.0909090909091,160.7579365079365,160.6842105263158
157.5000000000001,164.2500000000001,169.8181818181818,170.2500000000001,172.8,171.2094594594595,171.6666666666667,162.1818181818182,160.9166666666667,160.9687500000001
158.5000000000001,164.2500000000001,169.9090909090909,170.2500000000001,172.9,171.3175675675676,171.8333333333333,162.2727272727273,161.0753968253968,161.2604166666667
159.2738095238096,164.3088235294118,170,170.2500000000001,173,171.4256756756757,172,162.3636363636364,161.234126984127,161.5520833333334
159.3690476190477,164.5441176470589,170.0909090909091,170.2500000000001,173.1,171.5337837837838,172.0625,162.4545454545454,161.3928571428571,161.8437500000001
159.4642857142858,164.7794117647059,170.1818181818182,170.45,173.2,171.6418918918919,172.125,162.5454545454546,161.5515873015873,162.1354166666667
159.5595238095239,165.014705882353,170.2727272727273,170.7166666666667,173.3,171.75,172.1875,162.6363636363636,161.7103174603175,162.4270833333334
159.654761904762,165.2500000000001,170.3636363636364,170.9833333333333,173.4,171.8581081081081,172.25,162.7272727272727,161.9310344827586,162.7187500000001
159.7500000000001,165.4852941176471,170.4545454545454,171.25,173.5,171.9662162162162,172.3125,162.9574468085106,162.1724137931034,163.0104166666667
159.8452380952382,165.7205882352942,170.5454545454545,171.5166666666667,173.6,172.0743243243243,172.375,163.2340425531915,162.4137931034483,163.3020833333334
159.9404761904763,165.9558823529412,170.6363636363637,171.7833333333333,173.7,172.1824324324324,172.4375,163.5106382978723,162.6551724137931,163.5937500000001
160.0357142857143,166.1911764705883,170.7272727272727,172.05,173.8,172.2905405405405,172.5,163.7872340425532,162.8965517241379,163.8854166666667
160.1309523809524,166.3000000000001,170.8181818181818,172.25,173.9,172.3986486486486,172.5625,164.0638297872341,163.1379310344828,164.1770833333334
160.2261904761905,166.3666666666667,170.9090909090909,172.25,174,172.5067567567568,172.625,164.3404255319149,163.3793103448276,164.5000000000001
160.5000000000001,166.4333333333334,171,172.25,174.1,172.6148648648649,172.6875,164.6170212765958,163.6206896551724,164.8333333333334
160.8333333333334,166.5000000000001,171.0909090909091,172.25,174.2,172.722972972973,172.75,164.8936170212766,163.8620689655172,165.1666666666667
161.1666666666667,166.5666666666667,171.1818181818182,172.25,174.3,172.8450704225352,172.8125,165.1702127659574,164.1034482758621,165.5000000000001
161.5000000000001,166.6333333333334,171.2727272727273,172.25,174.4,172.9718309859155,172.875,165.4468085106383,164.3448275862069,165.8333333333334
161.8333333333334,166.7,171.3636363636363,172.297619047619,174.5,173.0985915492957,172.9375,165.7234042553192,164.5862068965517,166.1666666666667
162.1666666666667,166.7941176470589,171.4545454545454,172.4880952380952,174.6,173.2253521126761,173,166,164.8275862068965,166.5000000000001
162.4375000000001,166.9705882352942,171.5454545454546,172.6785714285714,174.7,173.3521126760563,173.1111111111111,166.265306122449,165.0689655172414,166.8333333333334
162.6875000000001,167.1470588235295,171.6363636363636,172.8690476190476,174.8,173.4788732394366,173.2222222222222,166.530612244898,165.301724137931,167.1666666666667
162.9375000000001,167.3235294117648,171.7272727272727,173.0595238095238,174.9,173.6056338028169,173.3333333333333,166.7959183673469,165.5086206896552,167.5000000000001
163.1875000000001,167.5000000000001,171.75,173.25,175,173.7323943661972,173.4444444444445,167.0612244897959,165.7155172413793,167.8333333333334
163.4375000000001,167.6764705882354,171.75,173.4404761904762,175.0769230769231,173.8591549295775,173.5555555555555,167.3265306122449,165.9224137931035,168.1666666666667
163.6875000000001,167.8529411764706,171.75,173.6309523809524,175.1538461538461,173.9859154929578,173.6666666666667,167.5918367346939,166.1293103448276,168.4583333333334
163.9375000000001,168.0294117647059,171.797619047619,173.8214285714286,175.2307692307692,174.112676056338,173.7777777777778,167.8571428571429,166.3362068965517,168.7361111111112
164.1875000000001,168.2058823529412,171.9880952380952,174.0119047619048,175.3076923076923,174.2394366197183,173.8888888888889,168.1224489795918,166.5431034482758,169.0138888888889
164.4375000000001,168.3333333333334,172.1785714285714,174.202380952381,175.3846153846154,174.3661971830986,174,168.3877551020408,166.75,169.2916666666667
164.6875000000001,168.4444444444445,172.3690476190476,174.3275862068966,175.4615384615385,174.4929577464789,174,168.6530612244898,166.9568965517241,169.5694444444445
164.9375000000001,168.5555555555556,172.5595238095238,174.4310344827587,175.5384615384615,174.6197183098591,174,168.9183673469388,167.1637931034483,169.8472222222223
165.1875000000001,168.6666666666667,172.75,174.5344827586208,175.6153846153846,174.7464788732395,174,169.1836734693877,167.3706896551724,170.1250000000001
165.3250000000001,168.7777777777778,172.9404761904762,174.6379310344828,175.6923076923077,174.8732394366197,174,169.2222222222222,167.5775862068966,170.4027777777778
165.425,168.8888888888889,173.1309523809524,174.7413793103449,175.7692307692308,175,174,169.1851851851852,167.7844827586207,170.6805555555556
165.5250000000001,169.0000000000001,173.3214285714286,174.844827586207,175.8461538461539,175.1267605633803,174,169.1481481481482,167.9913793103448,170.8716216216217
165.6250000000001,169.1111111111112,173.5119047619048,174.948275862069,175.9230769230769,175.2535211267606,174,169.1111111111111,168.198275862069,171.0337837837838
165.7250000000001,169.2222222222223,173.702380952381,175.0517241379311,176,175.3802816901408,174,169.0740740740741,168.4255319148936,171.195945945946
165.825,169.3333333333334,173.975,175.1551724137931,176.1,175.5070422535211,174,169.037037037037,168.6595744680851,171.3581081081082
165.9250000000001,169.4444444444445,174.275,175.2586206896552,176.2,175.6338028169014,174,169,168.8936170212766,171.5202702702703
166.0250000000001,169.5555555555556,174.575,175.3620689655173,176.3,175.7605633802817,174.2307692307692,169.1428571428571,169.1276595744681,171.6824324324325
166.1250000000001,169.6666666666667,174.875,175.4655172413794,176.4,175.887323943662,174.4615384615385,169.2857142857143,169.3617021276596,171.8445945945946
166.2250000000001,169.7738095238096,175.175,175.5689655172414,176.5,176.0140845070422,174.6923076923077,169.4285714285714,169.5957446808511,172.0067567567568
166.3653846153847,169.8690476190477,175.2159090909091,175.6724137931035,176.6,176.1408450704225,174.9230769230769,169.5714285714286,169.8297872340426,172.168918918919
166.5192307692308,169.9642857142858,175.1704545454546,175.7592592592593,176.7,176.2676056338028,175.1538461538461,169.7142857142857,170.0638297872341,172.3310810810812
166.673076923077,170.0595238095239,175.125,175.7962962962964,176.8,176.3943661971831,175.3846153846154,169.8571428571428,170.2978723404255,172.4932432432433
166.8269230769231,170.154761904762,175.0795454545455,175.8333333333334,176.9,176.5211267605634,175.6153846153846,170,170.531914893617,172.6554054054055
166.9807692307693,170.2500000000001,175.0340909090909,175.8703703703704,177,176.6478873239436,175.8461538461538,170.4,170.7659574468085,172.8175675675676
167.1346153846154,170.3452380952382,174.9886363636364,175.9074074074074,177.1333333333333,176.774647887324,176.0769230769231,170.8,171,172.9797297297298
167.2916666666667,170.4404761904763,174.9431818181818,175.9444444444445,177.2666666666667,176.9014084507042,176.2777777777778,171.2,171.1891891891892,173.141891891892
167.4583333333334,170.5357142857143,174.8977272727273,175.9814814814815,177.4,177.0281690140845,176.3888888888889,171.6,171.3783783783784,173.3040540540541
167.6250000000001,170.6309523809524,174.8522727272727,176.0185185185186,177.5333333333334,177.1549295774648,176.5,172,171.5675675675676,173.4662162162163
167.7916666666667,170.7261904761905,174.8068181818182,176.0555555555556,177.6666666666667,177.271186440678,176.6111111111111,172.4,171.7567567567568,173.6283783783784
167.9583333333334,170.9264705882354,174.7613636363636,176.0925925925927,177.8,177.3559322033898,176.7222222222222,172.8,171.9459459459459,173.7661290322581
168.1250000000001,171.1617647058824,174.9375,176.1296296296297,177.9333333333333,177.4406779661017,176.8333333333333,173.2,172.1351351351351,173.8306451612904
168.3750000000001,171.3970588235295,175.1875,176.1666666666667,178.0666666666667,177.5254237288136,176.9444444444445,173.6,172.3243243243243,173.8951612903226
168.8750000000001,171.6323529411765,175.4375,176.2037037037038,178.2,177.6101694915254,177.0555555555555,174,172.5135135135135,173.9596774193549
169.3750000000001,171.8676470588236,175.6875,176.2407407407408,178.3333333333333,177.6949152542373,177.1666666666667,174.2,172.7027027027027,174.0241935483872
169.8750000000001,172.1029411764706,175.825,176.34,178.4666666666667,177.7796610169491,177.265306122449,174.4,172.9375,174.0887096774194
170.3750000000001,172.3382352941177,175.925,176.46,178.6,177.864406779661,177.3265306122449,174.6,173.1875,174.1532258064517
170.8750000000001,172.5735294117648,176.025,176.58,178.7333333333333,177.9491525423729,177.3877551020408,174.8,173.4375,174.2177419354839
171.2916666666667,172.7833333333334,176.125,176.7,178.8666666666667,178.0338983050847,177.4489795918367,175,173.6875,174.2822580645162
171.4583333333334,172.9166666666667,176.225,176.8200000000001,179,178.1186440677966,177.5102040816327,175.2,173.9375,174.3467741935484
171.6250000000001,173.05,176.325,176.9400000000001,179.1,178.2033898305085,177.5714285714286,175.4,174.1875,174.4112903225807
171.7916666666667,173.1833333333334,176.425,177.06,179.2,178.2881355932203,177.6326530612245,175.6,174.4375,174.475806451613
171.9583333333334,173.3166666666667,176.525,177.18,179.3,178.3728813559322,177.6938775510204,175.8,174.6875,174.5403225806452
172.1250000000001,173.45,176.625,177.3,179.4,178.457627118644,177.7551020408163,176,174.9375,174.6048387096775
172.2916666666667,173.5833333333334,176.725,177.42,179.5,178.5423728813559,177.8163265306122,176.2,175.1875,174.6693548387098
172.4583333333334,173.7166666666667,176.8055555555555,177.54,179.6,178.6271186440678,177.8775510204082,176.4,175.4375,174.733870967742
172.6250000000001,173.8076923076923,176.8796296296296,177.66,179.7,178.7118644067797,177.9387755102041,176.6,175.6875,174.8076923076923
172.7625000000001,173.8846153846155,176.9537037037037,177.7578125,179.8,178.7966101694915,178,176.8,175.9767441860465,174.8846153846154
172.8125000000001,173.9615384615385,177.0277777777778,177.7890625,179.9,178.8813559322034,178.1372549019608,177,176.2790697674419,174.9615384615385
172.8625000000001,174.0384615384616,177.1018518518518,177.8203125,180,178.9661016949153,178.2745098039216,177.2142857142857,176.5813953488372,175.0384615384615
172.9125000000001,174.1153846153847,177.1759259259259,177.8515625,180.1,179.0508474576271,178.4117647058823,177.4285714285714,176.8837209302326,175.1153846153846
172.9625,174.1923076923077,177.25,177.8828125,180.2,179.135593220339,178.5490196078431,177.6428571428571,177.1860465116279,175.1923076923077
173.0125,174.2692307692308,177.3240740740741,177.9140625,180.3,179.2203389830509,178.6862745098039,177.8571428571429,177.4883720930233,175.375
173.0625000000001,174.3461538461539,177.3981481481482,177.9453125,180.4,179.3050847457627,178.8235294117647,178.0714285714286,177.7906976744186,175.875
173.1125000000001,174.423076923077,177.4722222222222,177.9765625,180.5,179.3898305084746,178.9607843137255,178.2857142857143,178.093023255814,176.375
173.1625000000001,174.5000000000001,177.5462962962963,178.0078125,180.6,179.4745762711864,179.0980392156863,178.5,178.3953488372093,176.875
173.2125,174.5769230769232,177.6203703703704,178.0390625,180.7,179.5593220338983,179.2352941176471,178.7142857142857,178.6976744186046,177.375
173.3125000000001,174.6538461538462,177.6944444444445,178.0703125,180.8,179.6440677966102,179.3725490196078,178.9285714285714,179,177.8823529411765
173.5625000000001,174.7307692307693,177.7954545454546,178.1015625,180.9,179.728813559322,179.5098039215686,179.1428571428571,179.2307692307692,178.4117647058823
173.8125000000001,174.9107142857143,177.9772727272727,178.1328125,181,179.8235294117647,179.6470588235294,179.3571428571429,179.4615384615385,178.9411764705882
174.0625000000001,175.1250000000001,178.1590909090909,178.1640625,181.0666666666667,179.921568627451,179.7589285714286,179.5714285714286,179.6923076923077,179.4705882352941
174.3125000000001,175.3392857142858,178.3409090909091,178.1953125,181.1333333333333,180.0196078431372,179.7946428571429,179.7857142857143,179.9230769230769,180
174.5625000000001,175.5535714285715,178.5227272727273,178.2265625,181.2,180.1176470588235,179.8303571428571,180,180.1538461538462,180.4782608695652
174.8125000000001,175.7678571428572,178.7045454545454,178.28125,181.2666666666667,180.2156862745098,179.8660714285714,180,180.3846153846154,180.9565217391304
175.0625000000001,175.9821428571429,178.8863636363636,178.40625,181.3333333333333,180.3137254901961,179.9017857142857,180,180.6153846153846,181.4347826086957
175.3000000000001,176.1964285714286,179.0681818181818,178.53125,181.4,180.4117647058824,179.9375,180,180.8461538461538,181.9130434782609
175.5000000000001,176.4107142857143,179.25,178.65625,181.4666666666667,180.5098039215686,179.9732142857143,180,181.0769230769231,182.3913043478261
175.7000000000001,176.6250000000001,179.4318181818182,178.78125,181.5333333333333,180.6078431372549,180.0089285714286,180,181.3076923076923,182.7857142857143
175.9000000000001,176.8392857142858,179.6136363636363,178.9062500000001,181.6,180.7058823529412,180.0446428571429,180,181.5384615384615,182.9285714285714
176.1000000000001,177.0535714285715,179.7352941176471,179.0312500000001,181.6666666666667,180.8039215686275,180.0803571428571,180,181.7692307692308,183.0714285714286
176.3000000000001,177.2678571428572,179.6764705882353,179.1562500000001,181.7333333333333,180.9019607843137,180.1160714285714,180,182,183.2142857142857
176.5000000000001,177.4821428571429,179.6176470588235,179.2604166666667,181.8,181,180.1517857142857,180,182.2631578947368,183.3571428571429
176.7000000000001,177.6964285714286,179.5588235294118,179.3020833333334,181.8666666666667,181.0980392156863,180.1875,180,182.5263157894737,183.5000000000001
176.9000000000001,177.9078947368422,179.5,179.3437500000001,181.9333333333333,181.1960784313725,180.2232142857143,180,182.7894736842105,183.6428571428572
177.1000000000001,178.1184210526316,179.4411764705882,179.3854166666667,182,181.2941176470588,180.2982456140351,180,183.0526315789473,183.804347826087
177.3,178.3289473684211,179.3823529411765,179.4270833333334,182.0526315789474,181.3921568627451,180.4912280701754,180,183.1538461538462,184.0217391304348
177.5000000000001,178.5394736842106,179.3235294117647,179.46875,182.1052631578947,181.4901960784314,180.6842105263158,180,182.7692307692308,184.2391304347827
177.7000000000001,178.7500000000001,179.2647058823529,179.5104166666667,182.1578947368421,181.5882352941177,180.8771929824561,180,182.3846153846154,184.4565217391305
177.9000000000001,178.9605263157895,179.34375,179.5520833333334,182.2105263157895,181.6862745098039,181.0701754385965,180,182,184.6739130434783
178.1000000000001,179.171052631579,179.46875,179.59375,182.2631578947368,181.7843137254902,181.2631578947368,180,182.5294117647059,184.8913043478261
178.264705882353,179.3815789473685,179.59375,179.6354166666667,182.3157894736842,181.8823529411765,181.4561403508772,180.25,183.0588235294118,185.108695652174
178.3235294117648,179.5921052631579,179.71875,179.6770833333333,182.3684210526316,181.9803921568627,181.6491228070175,180.5,183.5882352941177,185.3260869565218
178.3823529411765,179.7661290322581,179.84375,179.71875,182.421052631579,182.078431372549,181.8421052631579,180.75,184.1176470588235,185.5434782608696
178.4411764705883,179.8306451612904,179.96875,179.77,182.4736842105263,182.1764705882353,182.0350877192982,181,184,185.7608695652175
178.5000000000001,179.8951612903226,180.09375,179.85,182.5263157894737,182.2741935483871,182.2280701754386,181.25,183.6666666666667,185.9782608695653
178.5588235294118,179.9596774193549,180.21875,179.93,182.578947368421,182.3709677419355,182.421052631579,181.5,183.3333333333333,186.1956521739131
178.6176470588236,180.0241935483871,180.34375,180.01,182.6315789473684,182.4677419354839,182.6140350877193,181.75,183,186.4642857142858
178.6764705882353,180.0887096774194,180.46875,180.09,182.6842105263158,182.5645161290323,182.8070175438596,182,182.6666666666667,186.7500000000001
178.7352941176471,180.1532258064517,180.59375,180.17,182.7368421052632,182.6612903225806,183,182.25,182.3333333333333,187.0357142857144
178.8942307692308,180.2177419354839,180.71875,180.25,182.7894736842105,182.758064516129,183.2,182.5,182,187.3214285714286
179.0865384615385,180.2822580645162,180.7954545454545,180.33,182.8421052631579,182.8548387096774,183.4,182.75,182.3684210526316,187.6071428571429
179.2788461538462,180.3467741935484,180.8560606060606,180.41,182.8947368421053,182.9516129032258,183.6,183,182.7368421052632,187.8928571428572
179.4711538461539,180.4112903225807,180.9166666666667,180.4900000000001,182.9473684210526,183.0483870967742,183.8,183.2857142857143,183.1052631578947,188.1785714285715
179.6634615384616,180.475806451613,180.9772727272727,180.5700000000001,183,183.1451612903226,184,183.5714285714286,183.4736842105263,188.4642857142858
179.8557692307693,180.5403225806452,181.0378787878788,180.6500000000001,183.0833333333333,183.241935483871,184.2,183.8571428571428,183.9166666666667,188.7500000000001
180.048076923077,180.6048387096775,181.0984848484848,180.73,183.1666666666667,183.3387096774194,184.2058823529412,184.1428571428571,184.5833333333333,189.0357142857143
180.2403846153847,180.6693548387097,181.1590909090909,180.923076923077,183.25,183.4354838709677,184.1470588235294,184.4285714285714,185.25,189.3173076923077
180.4326923076923,180.733870967742,181.2196969696969,181.1538461538462,183.3333333333333,183.5322580645162,184.0882352941177,184.7142857142857,185.9166666666667,189.5865384615385
180.6250000000001,180.9807692307693,181.280303030303,181.3846153846154,183.4166666666667,183.6290322580645,184.0294117647059,185,186.5833333333333,189.8557692307693
180.8173076923078,181.2884615384616,181.3409090909091,181.6153846153847,183.5,183.7258064516129,183.9705882352941,185.375,186.8709677419355,190.1250000000001
181.0096153846154,181.5961538461539,181.4015151515152,181.8461538461539,183.5833333333333,183.7887931034483,183.9117647058823,185.75,187.0322580645161,190.3942307692308
181.2019230769231,181.9038461538462,181.4621212121212,182.0769230769232,183.6666666666667,183.8405172413793,183.8529411764706,186.125,187.1935483870968,190.6634615384616
181.3437500000001,182.2115384615385,181.5227272727273,182.2708333333334,183.75,183.8922413793103,183.7941176470588,186.5,187.3548387096774,190.9326923076923
181.4687500000001,182.5192307692308,181.5833333333333,182.3541666666667,183.8333333333333,183.9439655172414,183.7530864197531,186.875,187.516129032258,191.2019230769232
181.5937500000001,182.7375000000001,181.6439393939394,182.4375000000001,183.9166666666667,183.9956896551724,183.7654320987654,187.25,187.6774193548387,191.4711538461539
181.7187500000001,182.6875000000001,181.7045454545454,182.5208333333334,184,184.0474137931034,183.7777777777778,187.625,187.8387096774194,191.7403846153847
181.8333333333334,182.6375000000001,181.7666666666667,182.6041666666667,184.0833333333333,184.0991379310345,183.7901234567901,188,188,192.0096153846154
181.9444444444445,182.5875000000001,181.8333333333333,182.6875000000001,184.1666666666667,184.1508620689655,183.8024691358025,188.0714285714286,188.1794871794872,192.2788461538462
182.0555555555556,182.5375000000001,181.9,182.7884615384616,184.25,184.2025862068966,183.8148148148148,188.1428571428572,188.3589743589744,192.548076923077
182.1666666666667,182.4875000000001,181.9666666666667,182.9423076923078,184.3333333333333,184.2543103448276,183.8271604938271,188.2142857142857,188.5384615384615,192.7727272727273
182.3181818181819,182.4375000000001,182.0333333333333,183.0961538461539,184.4166666666667,184.3060344827586,183.8395061728395,188.2857142857143,188.7179487179487,192.8636363636364
182.5909090909092,182.3875000000001,182.1,183.2500000000001,184.5,184.3577586206897,183.8518518518518,188.3571428571428,188.8974358974359,192.9545454545455
182.8636363636364,182.3375000000001,182.1666666666667,183.4038461538462,184.5833333333333,184.4094827586207,183.8641975308642,188.4285714285714,189.0769230769231,193.0454545454546
183.1363636363637,182.2875000000001,182.2333333333333,183.5576923076923,184.6666666666667,184.4612068965517,183.8765432098766,188.5,189.2564102564102,193.1363636363637
183.409090909091,182.2644230769232,182.3,183.7115384615385,184.75,184.5129310344828,183.8888888888889,188.5714285714286,189.4358974358974,193.2272727272727
183.6818181818182,182.3221153846154,182.3666666666667,183.45,184.8333333333333,184.5646551724138,183.9012345679012,188.6428571428572,189.6153846153846,193.3181818181818
183.8125000000001,182.3798076923077,182.4333333333333,183.0500000000001,184.9166666666667,184.6163793103448,183.9135802469136,188.7142857142857,189.7142857142857,193.4090909090909
183.8958333333334,182.4375,182.5,182.6875000000001,185,184.6681034482759,183.9259259259259,188.7857142857143,189.5714285714286,193.5
183.9791666666667,182.4951923076924,182.5666666666667,182.4375000000001,185.0263157894737,184.7198275862069,183.9382716049383,188.8571428571429,189.4285714285714,193.5909090909091
184.0625000000001,182.5528846153847,182.6333333333334,182.1875000000001,185.0526315789474,184.7715517241379,183.9506172839506,188.9285714285714,189.2857142857143,193.6818181818182
184.1458333333334,182.610576923077,182.7,181.9375000000001,185.0789473684211,184.823275862069,183.962962962963,189,189.1428571428571,193.8214285714286
184.2291666666667,182.6682692307693,182.7604166666667,181.7884615384616,185.1052631578947,184.875,183.9753086419753,189.2307692307693,189,194.1071428571429
184.3125,182.7259615384616,182.8020833333333,181.9423076923077,185.1315789473684,184.926724137931,183.9876543209876,189.4615384615385,188.9411764705882,194.3928571428572
184.3958333333334,182.7836538461539,182.84375,182.0961538461539,185.1578947368421,184.9784482758621,184,189.6923076923077,188.8823529411765,194.6785714285714
184.4791666666667,182.8413461538462,182.8854166666667,182.2500000000001,185.1842105263158,185.0301724137931,184.125,189.9230769230769,188.8235294117647,194.9642857142857
184.5625,182.8990384615385,182.9270833333333,182.4038461538462,185.2105263157895,185.0818965517241,184.25,190.1538461538462,188.764705882353,195.25
184.6458333333333,182.9567307692308,182.96875,182.5576923076924,185.2368421052632,185.1336206896552,184.375,190.3846153846154,188.9375,195.5357142857143
184.7291666666667,183.0144230769232,183.0104166666667,182.7115384615385,185.2631578947368,185.1853448275862,184.5,190.6153846153846,189.1875,195.8214285714286
184.87,183.0721153846154,183.0520833333333,182.8653846153847,185.2894736842105,185.2370689655172,184.625,190.8461538461538,189.4375,196.1071428571429
185.03,183.1298076923077,183.09375,183.0192307692308,185.3157894736842,185.277108433735,184.75,191.0769230769231,189.6875,196.3928571428572
185.19,183.1875000000001,183.1354166666667,183.173076923077,185.3421052631579,185.3132530120482,184.875,191.3076923076923,189.9375,196.6785714285715
185.35,183.2451923076924,183.1770833333333,183.3269230769232,185.3684210526316,185.3493975903615,185,191.5384615384615,190.1875,196.8203125000001
185.51,183.3028846153847,183.21875,183.4807692307693,185.3947368421053,185.3855421686747,185.125,191.7692307692307,190.4375,196.9140625000001
185.67,183.360576923077,183.275,183.6346153846154,185.4210526315789,185.4216867469879,185.25,192,190.6875,197.0078125000001
185.83,183.4182692307693,183.375,183.7307692307693,185.4473684210527,185.4578313253012,185.375,192.0769230769231,191.2,197.1015625000001
185.99,183.4759615384616,183.475,183.6538461538462,185.4736842105263,185.4939759036145,185.5,192.1538461538462,191.8,197.1953125
186.15,183.5336538461539,183.575,183.5769230769231,185.5,185.5301204819277,185.625,192.2307692307692,192.4,197.2890625000001
186.31,183.5913461538462,183.675,183.5000000000001,185.5263157894737,185.566265060241,185.75,192.3076923076923,193,197.3828125
186.4700000000001,183.6490384615385,183.775,183.423076923077,185.5526315789474,185.6024096385542,185.875,192.3846153846154,193.6,197.4765625
186.6300000000001,183.7067307692308,183.875,183.3461538461539,185.578947368421,185.6385542168675,186,192.4615384615385,194,197.5703125
186.7638888888889,183.7727272727273,183.975,183.2692307692308,185.6052631578947,185.6746987951807,186.0561797752809,192.5384615384615,194.3333333333333,197.6640625
186.8194444444445,183.8636363636364,184.075,183.1923076923077,185.6315789473684,185.710843373494,186.1123595505618,192.6153846153846,194.6666666666667,197.7578125
186.8750000000001,183.9545454545455,184.175,183.1153846153847,185.6578947368421,185.7469879518072,186.1685393258427,192.6923076923077,195,197.8515625
186.9305555555556,184.0454545454546,184.2058823529412,183.0384615384616,185.6842105263158,185.7831325301205,186.2247191011236,192.7837837837838,195.0909090909091,197.9453125
186.9861111111112,184.1363636363637,184.0294117647059,182.9615384615385,185.7105263157895,185.8192771084337,186.2808988764045,192.9189189189189,195.1818181818182,198.0390625
187.0416666666667,184.2272727272728,183.8529411764706,182.8846153846154,185.7368421052632,185.855421686747,186.3370786516854,193.0540540540541,195.2727272727273,198.1328125
187.0972222222223,184.3181818181819,183.6764705882353,182.8076923076924,185.7631578947368,185.8915662650602,186.3932584269663,193.1891891891892,195.3636363636364,198.2265625
187.1527777777778,184.409090909091,183.5,182.7500000000001,185.7894736842105,185.9277108433735,186.4494382022472,193.3243243243243,195.4545454545454,198.4375
187.2083333333334,184.5000000000001,183.3235294117647,182.7500000000001,185.8157894736842,185.9638554216867,186.5056179775281,193.4594594594595,195.5454545454546,198.6875
187.2954545454546,184.5909090909091,183.1470588235294,182.7500000000001,185.8421052631579,186,186.561797752809,193.5945945945946,195.6363636363636,198.9375
187.4772727272728,184.6818181818182,182.9705882352941,182.7500000000001,185.8684210526316,185.96,186.6179775280899,193.7297297297297,195.7272727272727,199.1875
187.659090909091,184.7727272727273,182.7941176470588,182.7500000000001,185.8947368421053,185.92,186.6741573033708,193.8648648648649,195.8181818181818,198.96875
187.8409090909092,184.8636363636364,182.7,182.7500000000001,185.9210526315789,185.88,186.7303370786517,194,195.9090909090909,198.59375
188.0227272727273,184.9545454545455,182.6333333333333,182.7500000000001,185.9473684210526,185.84,186.7865168539326,194.1428571428572,196,198.21875
188.2045454545455,185.0454545454546,182.5666666666667,182.7500000000001,185.9736842105263,185.8,186.8426966292135,194.2857142857143,196.1818181818182,197.8437500000001
188.3863636363637,185.1363636363637,182.5,182.7500000000001,186,185.76,186.8988764044944,194.4285714285714,196.3636363636363,198.0178571428572
188.5681818181819,185.2272727272728,182.4333333333333,182.7500000000001,185.9666666666666,185.72,186.9550561797753,194.5714285714286,196.5454545454546,198.3750000000001
188.7500000000001,185.3181818181819,182.3666666666667,182.7500000000001,185.9333333333333,185.68,187.0112359550562,194.7142857142857,196.7272727272727,198.7321428571429
188.9318181818182,185.409090909091,182.3,182.7159090909092,185.9,185.64,187.0674157303371,194.8571428571428,196.9090909090909,199.0892857142858
189.1136363636364,185.5000000000001,182.25,182.5795454545455,185.8666666666667,185.6,187.123595505618,195,197.0909090909091,199.4464285714286
189.284090909091,185.5909090909092,182.25,182.4431818181819,185.8333333333333,185.56,187.1797752808989,195,197.2727272727273,199.8035714285715
189.4204545454546,185.6818181818182,182.25,182.3068181818182,185.8,185.52,187.2359550561798,195,197.4545454545454,200.1607142857143
189.5568181818182,185.7500000000001,182.25,182.1704545454546,185.7666666666667,185.48,187.175,195,197.6363636363636,200.3928571428572
189.6931818181819,185.7500000000001,182.25,182.034090909091,185.7333333333333,185.44,187.075,195,197.8181818181818,200.5833333333334
189.8295454545455,185.7500000000001,182.3035714285714,181.8977272727273,185.7,185.4,186.975,195,198,200.7738095238096
189.9659090909092,185.7500000000001,182.375,181.7613636363637,185.6666666666667,185.36,186.875,195,198.0632911392405,200.9642857142858
190.1022727272728,185.7500000000001,182.4464285714286,181.6250000000001,185.6333333333334,185.32,186.775,195.0909090909091,198.126582278481,201.154761904762
190.2386363636364,185.7500000000001,182.5178571428571,181.4886363636364,185.6,185.28,186.675,195.1818181818182,198.1898734177215,201.3452380952381
190.3750000000001,185.7500000000001,182.5892857142857,181.3522727272728,185.5666666666667,185.24,186.575,195.2727272727273,198.253164556962,201.5357142857143
190.5113636363637,185.7500000000001,182.6607142857143,181.2500000000001,185.5333333333334,185.2,186.475,195.3636363636364,198.3164556962025,201.7261904761905
190.6477272727273,185.7500000000001,182.7321428571428,181.2500000000001,185.5,185.16,186.375,195.4545454545454,198.379746835443,201.9166666666667
190.7631578947369,185.7500000000001,182.8214285714286,181.2500000000001,185.4666666666667,185.12,186.275,195.5454545454546,198.4430379746835,202.1071428571429
190.8157894736843,185.7941176470589,182.9166666666667,181.2448979591837,185.4333333333333,185.08,186.175,195.6363636363636,198.5063291139241,202.2750000000001
190.8684210526316,185.8529411764706,183.0119047619048,181.2244897959184,185.4,185.04,186.075,195.7272727272727,198.5696202531645,202.3750000000001
190.921052631579,185.9117647058824,183.1071428571428,181.2040816326531,185.3666666666667,185,185.975,195.8181818181818,198.632911392405,202.4750000000001
190.9736842105264,185.9705882352942,183.202380952381,181.1836734693878,185.3333333333333,184.9523809523809,185.875,195.9090909090909,198.6962025316456,202.575
191.0263157894738,186.0294117647059,183.297619047619,181.1632653061225,185.3,184.9047619047619,185.775,196,198.7594936708861,202.6750000000001
191.0789473684211,186.0882352941177,183.3928571428571,181.1428571428572,185.2666666666667,184.8571428571429,185.7307692307692,196.0909090909091,198.8227848101266,202.775
191.1315789473685,186.1470588235295,183.4880952380952,181.1224489795919,185.2333333333333,184.8095238095238,185.7051282051282,196.1818181818182,198.8860759493671,202.8750000000001
191.1842105263158,186.2058823529412,183.5833333333333,181.1020408163266,185.2,184.7619047619048,185.6794871794872,196.2727272727273,198.9493670886076,202.9750000000001
191.2368421052632,186.264705882353,183.6785714285714,181.0816326530613,185.1666666666667,184.7142857142857,185.6538461538462,196.3636363636364,199.0126582278481,203.075
191.2187500000001,186.3235294117648,183.7205882352941,181.061224489796,185.1333333333333,184.6666666666667,185.6282051282051,196.4545454545454,199.0759493670886,203.1750000000001
191.1770833333334,186.3823529411765,183.6029411764706,181.0408163265307,185.1,184.6190476190476,185.6025641025641,196.5454545454546,199.1392405063291,203.2750000000001
191.1354166666667,186.4411764705883,183.4852941176471,181.0204081632654,185.0666666666667,184.5714285714286,185.5769230769231,196.6363636363636,199.2025316455696,203.3750000000001
191.0937500000001,186.5000000000001,183.3676470588235,181.0000000000001,185.0333333333333,184.5238095238095,185.5512820512821,196.7272727272727,199.258064516129,203.4750000000001
191.0520833333334,186.5588235294118,183.25,180.9795918367348,185,184.4761904761905,185.5256410256411,196.8181818181818,199.2903225806452,203.575
191.0104166666667,186.6176470588236,183.1323529411765,180.9591836734695,184.9090909090909,184.4285714285714,185.5,196.9090909090909,199.3225806451613,203.6750000000001
190.9687500000001,186.6764705882354,183.0147058823529,180.9387755102042,184.8181818181818,184.3809523809524,185.474358974359,197,199.3548387096774,203.7567567567568
190.9270833333334,186.7352941176471,182.8970588235294,180.9183673469388,184.7272727272727,184.3333333333333,185.448717948718,197.1111111111111,199.3870967741935,203.7837837837838
190.8854166666667,186.7241379310345,182.7794117647059,180.8979591836735,184.6363636363636,184.2857142857143,185.4230769230769,197.2222222222222,199.4193548387097,203.8108108108109
190.8437500000001,186.6896551724138,182.5357142857143,180.8775510204082,184.5454545454546,184.2380952380952,185.3974358974359,197.3333333333333,199.4516129032258,203.8378378378379
190.8020833333334,186.6551724137931,182.25,180.8571428571429,184.4545454545454,184.1904761904762,185.3717948717949,197.4444444444445,199.4838709677419,203.8648648648649
190.7604166666667,186.6206896551725,181.9642857142857,180.8367346938776,184.3636363636364,184.1428571428571,185.3461538461538,197.5555555555556,199.516129032258,203.8918918918919
191.0227272727273,186.5862068965518,181.7692307692308,180.8163265306123,184.2727272727273,184.0952380952381,185.3205128205128,197.6666666666667,199.5483870967742,203.918918918919
191.3863636363637,186.551724137931,181.8461538461539,180.795918367347,184.1818181818182,184.0476190476191,185.2948717948718,197.7317073170732,199.5806451612903,203.945945945946
191.7500000000001,186.5172413793104,181.9230769230769,180.7755102040817,184.0909090909091,184,185.2692307692308,197.6585365853659,199.6129032258065,203.972972972973
192.1136363636364,186.4827586206897,182,180.7551020408164,184,184.0103092783505,185.25,197.5853658536585,199.6451612903226,204.0000000000001
192.4772727272728,186.448275862069,182.0769230769231,180.7094594594595,183.9545454545455,184.020618556701,185.25,197.5121951219512,199.6774193548387,204.0270270270271
192.7500000000001,186.4137931034483,182.1538461538461,180.6554054054054,183.9090909090909,184.0309278350516,185.25,197.4390243902439,199.7096774193548,204.0540540540541
192.7500000000001,186.3793103448276,182.2307692307692,180.6013513513514,183.8636363636364,184.041237113402,185.25,197.3658536585366,199.741935483871,204.0810810810811
192.7500000000001,186.3448275862069,182.2105263157895,180.5472972972973,183.8181818181818,184.0515463917526,185.25,197.2926829268293,199.7627118644068,204.1081081081082
192.7500000000001,186.3103448275862,182.1578947368421,180.4932432432433,183.7727272727273,184.0618556701031,185.25,197.219512195122,199.7796610169491,204.1351351351352
192.7500000000001,186.2758620689655,182.1052631578947,180.4391891891892,183.7272727272727,184.0721649484536,185.25,197.1463414634146,199.7966101694915,204.1621621621622
192.7500000000001,186.2625,182.0526315789474,180.3851351351352,183.6818181818182,184.0824742268042,185.25,197.0731707317073,199.8135593220339,204.1891891891892
192.7500000000001,186.3125,182,180.3310810810812,183.6363636363636,184.0927835051546,185.25,197,199.8305084745762,204.2162162162163
192.7500000000001,186.3625,181.9473684210526,180.2770270270271,183.5909090909091,184.1030927835051,185.25,197,199.8474576271186,204.2432432432433
192.675,186.4125,181.8947368421053,180.222972972973,183.5454545454545,184.1134020618557,185.25,197,199.864406779661,204.3289473684211
192.575,186.4625,181.8421052631579,180.168918918919,183.5,184.1237113402062,185.25,197,199.8813559322034,204.4342105263159
192.4750000000001,186.5125,181.7894736842105,180.1148648648649,183.4545454545454,184.1340206185567,185.25,197,199.8983050847457,204.5394736842105
192.3750000000001,186.5625,181.7375,180.0608108108109,183.4090909090909,184.1443298969072,185.25,197,199.9152542372881,204.6447368421053
192.275,186.6125,181.6875,180.0067567567568,183.3636363636364,184.1546391752577,185.25,197,199.9322033898305,204.7500000000001
192.2857142857143,186.6625,181.6375,179.9527027027028,183.3181818181818,184.1649484536082,185.2211538461538,197,199.9491525423729,204.8552631578948
192.3333333333334,186.7125,181.5875,179.8986486486487,183.2727272727273,184.1752577319588,185.1826923076923,197,199.9661016949153,204.9605263157895
192.3809523809524,186.784090909091,181.5375,179.8445945945946,183.2272727272727,184.1855670103093,185.1442307692308,197,199.9830508474576,205.0657894736842
192.4285714285714,186.9204545454546,181.4875,179.7905405405406,183.1818181818182,184.1958762886598,185.1057692307692,197,200,205.171052631579
192.4761904761905,187.0568181818182,181.4375,179.7375,183.1363636363637,184.2061855670103,185.0673076923077,197,200.0666666666667,205.2763157894738
192.5238095238096,187.1931818181819,181.3875,179.6875000000001,183.0909090909091,184.2164948453608,185.0288461538461,197,200.1333333333334,205.3815789473685
192.5714285714286,187.3295454545455,181.3375,179.6375,183.0454545454545,184.2268041237113,184.9903846153846,197,200.2,205.4868421052632
192.6190476190476,187.4659090909091,181.2875,179.5875000000001,183,184.2371134020619,184.9519230769231,197,200.2666666666667,205.5921052631579
192.6666666666667,187.6022727272728,181.25,179.5375000000001,183,184.2474226804124,184.9134615384615,197,200.3333333333333,205.6973684210527
192.7142857142857,187.7386363636364,181.25,179.4875000000001,183,184.25,184.875,197.0666666666667,200.4,205.8026315789474
192.8611111111111,187.8750000000001,181.25,179.4375000000001,183,184.25,184.8365384615385,197.1333333333334,200.4666666666667,205.9078947368421
193.3055555555556,188.0113636363637,181.25,179.3875,183,184.25,184.7980769230769,197.2,200.5333333333333,206.0131578947369
193.75,188.1477272727273,181.25,179.3375000000001,183,184.25,184.7596153846154,197.2666666666667,200.6,206.1184210526316
194.1944444444445,188.2604166666667,181.25,179.2875000000001,183,184.25,184.7714285714286,197.3333333333333,200.6666666666667,206.2236842105264
194.6388888888889,188.3020833333334,181.25,179.2407407407408,183,184.25,184.8,197.4,200.7333333333333,206.3125000000001
194.75,188.3437500000001,181.25,179.2037037037038,183,184.25,184.8285714285714,197.4666666666667,200.8,206.3958333333334
194.75,188.3854166666667,181.25,179.1666666666667,183,184.25,184.8571428571428,197.5333333333333,200.8666666666667,206.4791666666667
194.75,188.4270833333334,181.25,179.1296296296297,183,184.25,184.8857142857143,197.6,200.9333333333333,206.5625000000001
194.75,188.4687500000001,181.25,179.0925925925926,183,184.25,184.9142857142857,197.6666666666667,201,206.6458333333334
194.75,188.5104166666667,181.25,179.0555555555556,183,184.25,184.9428571428572,197.7333333333333,200.9859154929577,206.7291666666667
194.75,188.5520833333334,181.25,179.0185185185186,183,184.25,184.9714285714286,197.8,200.9718309859155,206.8125000000001
194.75,188.5937500000001,181.25,178.9814814814815,183,184.25,185,197.8666666666666,200.9577464788732,206.8958333333334
194.7500000000001,188.6354166666667,181.25,178.9444444444445,183.0714285714286,184.25,185.037037037037,197.9333333333333,200.943661971831,206.9791666666667
194.7500000000001,188.6770833333334,181.234375,178.9074074074075,183.1428571428571,184.25,185.0740740740741,198,200.9295774647887,207.0625000000001
194.7500000000001,188.7187500000001,181.171875,178.8703703703704,183.2142857142857,184.25,185.1111111111111,198,200.9154929577465,207.1458333333334
194.784090909091,188.7625,181.109375,178.8333333333334,183.2857142857143,184.25,185.1481481481482,198,200.9014084507043,207.2291666666667
194.9204545454546,188.8125000000001,181.046875,178.7962962962964,183.3571428571428,184.3,185.1851851851852,198,200.887323943662,207.3125000000001
195.0568181818182,188.8625000000001,180.984375,178.7592592592593,183.4285714285714,184.5,185.2222222222222,198,200.8732394366197,207.3958333333334
195.1931818181819,188.9125000000001,180.921875,178.7777777777778,183.5,184.7,185.2592592592592,198,200.8591549295775,207.4791666666667
195.3295454545455,188.9625,180.859375,178.8148148148149,183.5714285714286,184.9,185.2962962962963,198,200.8450704225352,207.5625000000001
195.4659090909092,189.0125,180.796875,178.8518518518519,183.6428571428571,185.1,185.3333333333333,198,200.8309859154929,207.6458333333334
195.6022727272728,189.0625,180.734375,178.8888888888889,183.7142857142857,185.3,185.3703703703704,198,200.8169014084507,207.7291666666667
195.7386363636364,189.1125,180.671875,178.925925925926,183.7857142857143,185.5,185.4074074074074,198,200.8028169014084,207.7714285714287
195.8750000000001,189.1625,180.609375,178.962962962963,183.8571428571428,185.7,185.4444444444445,198,200.7887323943662,207.8000000000001
196.0113636363637,189.2125,180.546875,179.0000000000001,183.9285714285714,185.9,185.4814814814815,198,200.7746478873239,207.8285714285715
196.1477272727273,189.25,180.484375,179.0370370370371,184,186.1,185.5185185185185,198,200.7605633802817,207.8571428571429
196.2500000000001,189.25,180.421875,179.0740740740741,184.2857142857143,186.3,185.5555555555555,198,200.7635135135135,207.8857142857144
196.2500000000001,189.25,180.359375,179.1111111111112,184.5714285714286,186.5,185.5925925925926,198,200.8175675675676,207.9142857142858
196.2500000000001,189.25,180.296875,179.1481481481482,184.8571428571428,186.7,185.6296296296296,198,200.8716216216216,207.9428571428572
196.2500000000001,189.25,180.28125,179.1851851851852,185.1428571428572,186.9,185.6666666666667,198,200.9256756756757,207.9714285714286
196.2500000000001,189.25,180.40625,179.2222222222223,185.4285714285714,187.1,185.7037037037037,198,200.9797297297297,208.0000000000001
196.2500000000001,189.25,180.53125,179.2800000000001,185.7142857142857,187.2926829268293,185.7407407407407,198,201.0337837837838,208.0285714285715
196.2500000000001,189.25,180.65625,179.4000000000001,186,187.4634146341463,185.9285714285714,198,201.0878378378378,208.0571428571429
196.2500000000001,189.25,180.78125,179.5200000000001,186.2857142857143,187.6341463414634,186.1666666666667,197.9508196721312,201.1418918918919,208.0857142857143
196.2500000000001,189.2500000000001,180.90625,179.64,186.5714285714286,187.8048780487805,186.4047619047619,197.9016393442623,201.1959459459459,208.1142857142858
196.2500000000001,189.2500000000001,181.03125,179.76,186.8571428571428,187.9756097560976,186.6428571428571,197.8524590163934,201.25,208.1428571428572
196.2500000000001,189.2500000000001,181.15625,179.8800000000001,187.1428571428572,188.1463414634146,186.8809523809524,197.8032786885246,201.3040540540541,208.1714285714286
196.2500000000001,189.2500000000001,181.24,180.0000000000001,187.4285714285714,188.3170731707317,187.1190476190476,197.7540983606557,201.3581081081081,208.2000000000001
196.2500000000001,189.2500000000001,181.2,180.1200000000001,187.7142857142857,188.4878048780488,187.3571428571429,197.7049180327869,201.4121621621622,208.2285714285715
196.2500000000001,189.2291666666667,181.16,180.2400000000001,188,188.6585365853659,187.5952380952381,197.655737704918,201.4662162162162,208.2352941176471
196.2500000000001,189.1458333333334,181.12,180.3600000000001,188.2727272727273,188.8292682926829,187.8333333333333,197.6065573770492,201.5202702702703,208.1764705882354
196.2500000000001,189.0625000000001,181.08,180.48,188.5454545454545,189,188.0714285714286,197.5573770491803,201.5743243243243,208.1176470588236
196.2500000000001,188.9791666666667,181.04,180.6000000000001,188.8181818181818,189.2558139534884,188.2916666666667,197.5081967213115,201.6283783783784,208.0588235294118
196.2500000000001,188.8958333333334,181,180.7200000000001,189.0909090909091,189.5116279069767,188.4583333333333,197.4590163934426,201.6824324324324,208.0000000000001
196.2500000000001,188.8125000000001,180.96,180.8863636363637,189.3636363636363,189.7674418604651,188.625,197.4098360655738,201.7364864864865,207.9411764705883
196.2500000000001,188.8235294117648,180.92,181.0681818181819,189.6363636363636,190.0232558139535,188.7916666666667,197.3606557377049,201.7105263157895,207.8823529411765
196.25,189.1176470588236,180.88,181.2500000000001,189.9090909090909,190.2790697674419,188.9583333333333,197.311475409836,201.6578947368421,207.8235294117647
196.2500000000001,189.4117647058824,180.84,181.4318181818182,190.1818181818182,190.5348837209302,189.125,197.2622950819672,201.6052631578947,207.764705882353
196.25,189.7058823529412,180.8,181.6136363636364,190.4545454545454,190.7906976744186,189.2916666666667,197.1513157894737,201.5526315789473,207.7058823529412
196.2500000000001,190.0000000000001,180.76,181.8181818181819,190.7272727272727,191.046511627907,189.4583333333333,197.0197368421053,201.5,207.6470588235294
196.2500000000001,190.2941176470589,180.75,182.0909090909092,191,191.3023255813954,189.625,196.8881578947368,201.4473684210527,207.5882352941177
196.25,190.5882352941177,180.75,182.3636363636364,191.4545454545454,191.5581395348837,189.811320754717,196.7565789473684,201.3947368421053,207.5294117647059
196.25,190.8823529411765,180.75,182.6363636363637,191.9090909090909,191.8620689655172,190.0566037735849,196.625,201.3421052631579,207.4705882352941
196.25,191.1764705882354,180.75,182.909090909091,192.3636363636364,192.3103448275862,190.3018867924528,196.4934210526316,201.2894736842105,207.4117647058823
196.25,191.2500000000001,180.75,183.1818181818182,192.8181818181818,192.7586206896552,190.5471698113208,196.3618421052632,201.2444444444444,207.3529411764706
196.25,191.2500000000001,180.75,183.4545454545455,193.2727272727273,193.2068965517241,190.7924528301887,196.2302631578947,201.2222222222222,207.2941176470588
196.25,191.1785714285715,180.75,183.7272727272728,193.7272727272727,193.6551724137931,191.0377358490566,196.0986842105263,201.2,207.2548076923077
196.2717391304348,190.8928571428572,180.75,184.0000000000001,194.1818181818182,194.1034482758621,191.2830188679245,195.9671052631579,201.1777777777778,207.2740384615385
196.3586956521739,190.6071428571429,180.75,184.2727272727273,194.6363636363637,194.551724137931,191.5283018867925,195.8355263157895,201.1555555555556,207.2932692307692
196.4456521739131,190.3214285714286,180.75,184.5454545454546,195.0909090909091,195,191.7735849056604,195.703947368421,201.1333333333333,207.3125
196.5326086956522,190.0357142857143,180.75,184.798076923077,195.5454545454546,195.625,192.0188679245283,195.5723684210526,201.1111111111111,207.3317307692308
196.6195652173913,189.7500000000001,180.75,184.9903846153847,196,196.25,192.2641509433962,195.4407894736842,201.0888888888889,207.3509615384615
196.7065217391304,189.4642857142858,180.75,185.1826923076924,196.8888888888889,196.875,192.5094339622642,195.3092105263158,201.0666666666667,207.3701923076923
196.7934782608696,189.1250000000001,180.75,185.3750000000001,197.7777777777778,197.5,192.7547169811321,195.1776315789474,201.0444444444444,207.3894230769231
196.8804347826087,188.6250000000001,180.75,185.5673076923078,198.6666666666667,198.125,193,195.046052631579,201.0222222222222,207.4086538461539
196.9673913043479,188.1250000000001,180.75,185.7596153846154,199.5555555555555,198.75,193.3636363636363,194.9144736842105,201,207.4278846153846
197.054347826087,187.7678571428572,180.75,185.9519230769231,200.4444444444445,199.375,193.7272727272727,194.7828947368421,200.9473684210526,207.4471153846154
197.1413043478261,187.8392857142858,180.75,186.1442307692308,201.3333333333333,200,194.0909090909091,194.7741935483871,200.8947368421053,207.4663461538461
197.2282608695653,187.9107142857144,180.75,186.3365384615385,202.2222222222222,200.625,194.4545454545455,194.8064516129032,200.8421052631579,207.4855769230769
197.2500000000001,187.9821428571429,180.8035714285714,186.5288461538462,203.1111111111111,201.25,194.8181818181818,194.8387096774194,200.7894736842105,207.5048076923077
197.2500000000001,188.0535714285715,180.875,186.7211538461539,204,201.875,195.1818181818182,194.8709677419355,200.7368421052632,207.5240384615385
197.2500000000001,188.1250000000001,180.9464285714286,186.9134615384616,204.7777777777778,202.5,195.5454545454546,194.9032258064516,200.6842105263158,207.5432692307692
197.2500000000001,188.1964285714286,181.0178571428571,187.1057692307693,205.5555555555555,203.125,195.9090909090909,194.9354838709677,200.6315789473684,207.5625
197.2500000000001,188.28,181.0892857142857,187.2954545454546,206.3333333333334,203.75,196.2727272727273,194.9677419354839,200.578947368421,207.5817307692308
197.2500000000001,188.4000000000001,181.1607142857143,187.4772727272728,207.1111111111111,204.375,196.6363636363637,195,200.5263157894737,207.6009615384615
197.2500000000001,188.5200000000001,181.2321428571428,187.659090909091,207.8888888888889,205,197,195.2380952380952,200.4736842105263,207.6201923076923
197.2500000000001,188.64,181.3035714285714,187.8409090909092,208.6666666666667,205.6410256410257,197.1428571428571,195.4761904761905,200.421052631579,207.6394230769231
197.2500000000001,188.76,181.375,188.0227272727273,209.4444444444445,206.2820512820513,197.2857142857143,195.7142857142857,200.3684210526316,207.6586538461538
197.2500000000001,188.8800000000001,181.4464285714286,188.2045454545455,210.2222222222222,206.923076923077,197.4285714285714,195.952380952381,200.3157894736842,207.6778846153846
197.2500000000001,189.0000000000001,181.5178571428572,188.3161764705883,211,207.5641025641026,197.5714285714286,196.1904761904762,200.2631578947368,207.6971153846154
197.2500000000001,189.1200000000001,181.5892857142857,188.4044117647059,211.5,208.2051282051282,197.7142857142857,196.093023255814,200.2105263157895,207.7163461538462
197.2500000000001,189.2400000000001,181.6607142857143,188.4926470588236,212,208.8461538461539,197.8571428571429,195.8837209302326,200.1578947368421,207.7355769230769
197.2500000000001,189.3600000000001,181.7321428571428,188.5808823529412,212.5,209.4871794871795,198,195.6744186046512,200.1052631578947,207.75
197.2500000000001,189.48,181.8035714285714,188.6691176470589,213,210.1282051282051,198.1428571428572,195.4651162790698,200.0526315789474,207.75
197.2500000000001,189.6000000000001,181.875,188.7573529411765,213.5,210.7692307692308,198.2857142857143,195.2558139534884,200,207.75
197.2500000000001,189.7200000000001,181.9464285714286,188.8455882352942,214,211.3333333333333,198.4285714285714,195.046511627907,199.9285714285714,207.75
197.2500000000001,189.72,182.0178571428571,188.9338235294118,214.375,211.6666666666667,198.5714285714286,194.8372093023256,199.8571428571428,207.75
197.2500000000001,189.6800000000001,182.0892857142857,189.0220588235294,214.75,212,198.7142857142857,194.6279069767442,199.7857142857143,207.75
197.2500000000001,189.6400000000001,182.1607142857143,189.1102941176471,215.125,212.3333333333333,198.8571428571429,194.4186046511628,199.7142857142857,207.75
197.2500000000001,189.6000000000001,182.2321428571429,189.1985294117648,215.5,212.6666666666667,199,194.2093023255814,199.6428571428572,207.75
197.2500000000001,189.5600000000001,182.3035714285714,189.2867647058824,215.875,213,199.0909090909091,194,199.5714285714286,207.75
197.2187500000001,189.5200000000001,182.375,189.3750000000001,216.25,213.3333333333333,199.1818181818182,194.1014492753623,199.5,207.75
197.1770833333334,189.4800000000001,182.4464285714286,189.4632352941177,216.625,213.6666666666667,199.2727272727273,194.2028985507246,199.4285714285714,207.75
197.1354166666667,189.4400000000001,182.5178571428571,189.5514705882353,217,214,199.3636363636364,194.304347826087,199.3571428571428,207.7500000000001
197.09375,189.4,182.5892857142857,189.639705882353,216.8148148148148,214.3333333333333,199.4545454545454,194.4057971014493,199.2857142857143,207.75
197.0520833333334,189.36,182.6607142857143,189.7279411764706,216.6296296296296,214.6666666666667,199.5454545454546,194.5072463768116,199.2142857142857,207.75
197.0104166666667,189.3200000000001,182.7321428571429,189.7500000000001,216.4444444444445,215,199.6363636363636,194.6086956521739,199.1428571428571,207.75
196.96875,189.2800000000001,182.75,189.7500000000001,216.2592592592593,214.8571428571429,199.7272727272727,194.7101449275362,199.0714285714286,207.7500000000001
196.9270833333334,189.2794117647059,182.75,189.7500000000001,216.0740740740741,214.7142857142857,199.8181818181818,194.8115942028986,199,207.75
196.8854166666667,189.3970588235295,182.75,189.7500000000001,215.8888888888889,214.5714285714286,199.9090909090909,194.9130434782609,199.0769230769231,207.75
196.84375,189.514705882353,182.75,189.7500000000001,215.6666666666667,214.4285714285714,200,195.0144927536232,199.1538461538462,207.75
196.8020833333333,189.6323529411765,182.75,189.7500000000001,215.3333333333333,214.2857142857143,199.7368421052632,195.1159420289855,199.2307692307692,207.75
196.7604166666667,189.7500000000001,182.75,189.7500000000001,215,214.1428571428571,199.4736842105263,195.2173913043478,199.3076923076923,207.75
196.796875,189.8676470588236,182.75,189.7500000000001,214.6666666666667,214,199.2105263157895,195.3188405797102,199.3846153846154,207.75
196.859375,189.9852941176471,182.75,189.7500000000001,214.3333333333333,213.5,198.9473684210526,195.4202898550725,199.4615384615385,207.7500000000001
196.921875,190.1029411764706,182.75,189.7500000000001,214,213,198.6842105263158,195.5217391304348,199.5384615384615,207.7500000000001
196.984375,190.2205882352942,182.75,189.7500000000001,213.6666666666667,212.5,198.4210526315789,195.6231884057971,199.6153846153846,207.75
197.046875,190.4166666666667,182.75,189.7500000000001,213.3333333333333,212,198.1578947368421,195.7246376811594,199.6923076923077,207.7500000000001
197.109375,190.6388888888889,182.75,189.7500000000001,212.6774315642061,211.5,197.8947368421053,195.6774193548387,199.7692307692308,207.75
197.1718750000001,190.8611111111112,182.7321428571429,189.7500000000001,211.9140069831477,211,197.6315789473684,195.5806451612903,199.8461538461539,207.7500000000001
197.2343750000001,191.0833333333334,182.6607142857143,189.7500000000001,211.1505824020893,210.5,197.3684210526316,195.483870967742,199.9230769230769,207.7500000000001
197.3035714285715,191.3055555555556,182.5892857142857,189.7500000000001,210.3871578210308,210,197.1052631578947,195.3870967741935,200,207.75
197.3750000000001,191.5277777777778,182.5178571428571,189.7500000000001,209.6237332399724,209.4150943396226,196.8421052631579,195.2903225806452,200.0588235294117,207.7500000000001
197.4464285714286,191.7500000000001,182.4464285714286,189.7500000000001,208.8603086589139,208.8301886792453,196.5789473684211,195.1935483870968,200.1176470588235,207.7500000000001
197.5178571428572,191.9722222222223,182.375,189.7500000000001,208.0968840778555,208.245283018868,196.3157894736842,195.0967741935484,200.1764705882353,207.75
197.5892857142858,192.1944444444445,182.3035714285714,189.7500000000001,207.3802816901409,207.6603773584906,196.0526315789474,195,200.2352941176471,207.7500000000001
197.6607142857143,192.1375000000001,182.2916666666667,189.7500000000001,206.7183098591549,207.0754716981132,195.7894736842105,194.9538461538461,200.2941176470588,207.7457627118644
197.7321428571429,191.9875000000001,182.4583333333333,189.7500000000001,206.056338028169,206.4905660377358,195.5263157894737,194.9076923076923,200.3529411764706,207.7288135593221
197.8035714285715,191.8375,182.625,189.7500000000001,205.3943661971831,205.9056603773585,195.2631578947368,194.8615384615385,200.4117647058824,207.7118644067797
197.8750000000001,191.6875000000001,182.7916666666667,189.7500000000001,204.7323943661972,205.3207547169811,195,194.8153846153846,200.4705882352941,207.6949152542373
197.9464285714286,191.5375000000001,182.9583333333333,189.7500000000001,204.0704225352113,204.7358490566038,194.9655172413793,194.7692307692308,200.5294117647059,207.6779661016949
198.0178571428572,191.3875,183.125,189.7500000000001,203.4084507042253,204.1509433962264,194.9310344827586,194.7230769230769,200.5882352941176,207.6610169491526
198.0892857142858,191.2375000000001,183.2755102040816,189.7500000000001,202.7464788732395,203.5660377358491,194.896551724138,194.6769230769231,200.6470588235294,207.6440677966102
198.1607142857143,191.0875,183.3775510204082,189.7500000000001,202.125,202.9811320754717,194.8620689655172,194.6307692307692,200.7058823529412,207.6271186440678
198.2321428571429,190.9375000000001,183.4795918367347,189.646551724138,201.625,202.3962264150943,194.8275862068966,194.5846153846154,200.7647058823529,207.6101694915255
198.3035714285715,190.7875000000001,183.5816326530612,189.5086206896552,201.125,201.9714285714286,194.7931034482759,194.5384615384615,200.8235294117647,207.5932203389831
198.3750000000001,190.7968750000001,183.6836734693878,189.3706896551724,200.625,201.6,194.7586206896552,194.4923076923077,200.8823529411765,207.5762711864407
198.4464285714286,190.8593750000001,183.7857142857143,189.2327586206897,200.125,201.2285714285714,194.3922319474836,194.4461538461539,200.9411764705883,207.5593220338984
198.5178571428572,190.9218750000001,183.8877551020408,189.0948275862069,199.625,200.8571428571428,193.9152078774617,194.4,201,207.542372881356
198.5892857142858,190.9843750000001,183.9897959183673,188.9568965517242,199.125,200.4857142857143,193.4381838074398,194.3538461538461,201.0833333333333,207.5254237288136
198.6607142857144,191.0468750000001,184.0918367346939,188.8189655172415,198.6538461538462,200.1142857142857,193.1666666666667,194.3076923076923,201.1666666666667,207.5084745762712
198.7321428571429,191.1093750000001,184.1938775510204,188.6810344827587,198.2692307692308,199.7428571428572,193,194.2615384615385,201.25,207.4915254237289
198.7924528301887,191.1718750000001,184.2959183673469,188.5431034482759,197.8846153846154,199.3714285714286,192.8333333333333,193.9354838709677,201.3333333333334,207.4745762711865
198.8490566037736,191.2343750000001,184.3979591836735,188.4051724137932,197.5,199,192.6666666666667,193.516129032258,201.4166666666667,207.4576271186441
198.9056603773585,191.0769230769231,184.5,188.2672413793104,197.1153846153846,198.655737704918,192.5,193.0967741935484,201.5,207.4406779661018
198.9622641509434,190.8461538461539,184.6020408163265,188.1293103448276,196.7307692307692,198.3114754098361,192.3333333333333,192.6774193548387,201.5833333333333,207.4237288135594
199.0188679245284,190.6153846153846,184.7040816326531,187.9913793103449,196.3461538461539,197.9672131147541,192.1666666666667,192.258064516129,201.6666666666667,207.406779661017
199.0754716981132,190.3846153846154,184.8061224489796,187.8534482758621,196.05,197.6229508196721,192,191.8387096774194,201.75,207.3898305084746
199.1320754716982,190.1538461538462,184.9081632653061,187.7363636363637,195.7833333333333,197.2786885245902,191.8333333333333,191.4193548387097,201.8333333333333,207.3728813559323
199.1886792452831,189.923076923077,185.0102040816327,187.6818181818182,195.5166666666667,196.9344262295082,191.6666666666667,191,201.9166666666667,207.3559322033899
199.245283018868,189.7500000000001,185.1122448979592,187.6272727272728,195.25,196.5901639344262,191.5,191.047619047619,202,207.3389830508475
199.3018867924528,189.7500000000001,185.2142857142857,187.5727272727273,194.9833333333333,196.2459016393443,191.3333333333333,191.0952380952381,201.5333333333334,207.3220338983051
199.3584905660378,189.7500000000001,185.3163265306122,187.5181818181819,194.7166666666667,195.9016393442623,191.1666666666667,191.1428571428571,201.0666666666667,207.3050847457628
199.4150943396227,189.7500000000001,185.4183673469388,187.4636363636364,194.45,195.5573770491803,191,191.1904761904762,200.6,207.2881355932204
199.4716981132076,189.7500000000001,185.5204081632653,187.409090909091,194.1388888888889,195.2131147540984,190.8947368421053,191.2380952380952,200.1764705882353,207.271186440678
199.5283018867925,189.7500000000001,185.6224489795918,187.3545454545455,193.6944444444444,194.8688524590164,190.7894736842105,191.3478260869565,199.8823529411765,207.2542372881357
199.5849056603774,189.7500000000001,185.7244897959184,187.3000000000001,193.25,194.5245901639344,190.6842105263158,191.4782608695652,199.5882352941177,207.2741935483872
199.6415094339623,189.7500000000001,185.7852941176471,187.2454545454546,192.8055555555556,194.1803278688525,190.578947368421,191.6086956521739,199.2941176470588,207.3064516129033
199.6981132075472,189.7500000000001,185.8323529411765,187.1909090909091,192.3611111111111,193.8360655737705,190.4736842105263,191.7391304347826,199,207.3387096774194
199.7547169811321,189.7500000000001,185.8794117647059,187.1363636363637,192.0769230769231,193.5070422535211,190.3684210526316,191.8695652173913,199.063829787234,207.3709677419355
199.811320754717,189.7500000000001,185.9264705882353,187.0818181818182,191.8461538461539,193.1830985915493,190.2631578947368,192,199.1276595744681,207.4032258064517
199.8679245283019,189.7916666666667,185.9735294117647,187.0272727272728,191.6153846153846,192.8591549295775,190.1578947368421,192.0769230769231,199.1914893617021,207.4354838709678
199.9245283018868,189.9583333333334,186.0205882352941,186.9727272727273,191.3846153846154,192.5352112676056,190.0526315789474,192.1538461538461,199.2553191489362,207.4677419354839
199.9811320754717,190.1250000000001,186.0676470588235,186.9181818181819,191.1538461538462,192.2112676056338,189.9473684210526,192.2307692307692,199.3191489361702,207.5000000000001
200.0377358490566,190.2916666666667,186.114705882353,186.8636363636364,190.9230769230769,192.011744966443,189.8421052631579,192.3076923076923,199.3829787234042,207.5322580645162
200.0943396226415,190.4583333333334,186.1617647058824,186.809090909091,190.7045454545454,192.061903920876,189.7368421052632,192.3846153846154,199.4468085106383,207.5645161290323
200.1509433962264,190.6250000000001,186.2088235294118,186.7545454545455,190.5227272727273,192.1120628753091,189.6315789473684,192.4615384615385,199.5106382978723,207.5967741935484
200.2075471698113,190.7916666666667,186.2558823529412,186.7,190.3409090909091,192.1622218297422,189.5263157894737,192.5384615384615,199.5744680851064,207.6290322580646
200.2767857142857,190.9583333333334,186.3029411764706,186.6454545454546,190.1590909090909,192.2123807841752,189.421052631579,192.6153846153846,199.6382978723404,207.6612903225807
200.3839285714286,191.1250000000001,186.35,186.5909090909092,189.9772727272727,191.1816147678538,189.3157894736842,192.6923076923077,199.7021276595745,207.6935483870968
200.4910714285714,191.2794117647059,186.3970588235294,186.5363636363637,189.7954545454546,190.0482766022144,189.2105263157895,192.7692307692308,199.7297297297297,207.725806451613
200.5982142857143,191.3970588235294,186.4441176470588,186.4818181818183,189.6136363636364,189.8604468134581,189.1052631578947,192.8461538461538,199.6486486486487,207.7183544303798
200.7053571428571,191.514705882353,186.4911764705882,186.4272727272728,189.4318181818182,189.6726170247017,189,192.9230769230769,199.5675675675676,207.5917721518988
200.8125,191.6323529411765,186.5382352941177,186.3727272727273,189.25,189.4847872359454,188.9,193,199.4864864864865,207.4651898734178
200.9196428571429,191.7500000000001,186.585294117647,186.3181818181819,189.0681818181818,189.2969574471891,188.8,193.0769230769231,199.4054054054054,207.3386075949368
201.0267857142857,191.8676470588236,186.6323529411765,186.2636363636364,188.8863636363636,189.3125,188.7,193.1538461538462,199.3243243243243,207.2120253164557
201.1339285714286,191.9852941176471,186.6794117647059,186.2500000000001,188.7314814814815,189.3958333333333,188.6,193.2307692307692,199.2432432432432,207.0854430379747
201.2410714285714,192.1029411764707,186.7264705882353,186.2500000000001,188.6574074074074,189.4791666666667,188.5,193.3076923076923,199.1621621621622,206.9588607594937
201.3482142857143,192.2205882352942,186.7735294117647,186.2500000000001,188.5833333333333,189.5625,188.4,193.3846153846154,199.0810810810811,206.8322784810127
201.4553571428572,192.4166666666667,186.8205882352941,186.2500000000001,188.5092592592593,189.6458333333333,188.3,193.4615384615385,199,206.7056962025317
201.5625,192.6388888888889,186.8676470588235,186.2500000000001,188.4351851851852,189.7291666666667,188.2,193.5384615384615,198.92,206.5791139240507
201.6696428571429,192.8611111111112,186.9147058823529,186.2500000000001,188.3611111111111,189.125,188.1,193.6153846153846,198.84,206.4525316455697
201.7767857142857,193.0833333333334,186.9617647058824,186.2500000000001,188.287037037037,188.2916666666667,188,193.6923076923077,198.76,206.3259493670887
201.8839285714286,193.3055555555556,187.0088235294118,186.2500000000001,188.212962962963,187.4583333333333,187.9,193.7692307692308,198.68,206.1993670886077
201.9910714285714,193.5277777777778,187.0558823529412,186.2500000000001,188.1388888888889,187.1971830985916,187.8,193.8461538461538,198.6,206.0727848101266
202.0982142857143,193.7500000000001,187.1029411764706,186.2500000000001,188.0648148148148,187.1267605633803,187.7,193.9230769230769,198.52,205.9462025316456
202.2053571428571,193.9722222222223,187.15,186.2500000000001,187.9907407407407,187.056338028169,187.6,194,198.44,205.8196202531646
202.3125,194.1944444444445,187.1970588235294,186.2500000000001,187.9166666666667,186.9859154929578,187.5,194.0769230769231,198.36,205.6930379746836
202.4196428571428,194.2800000000001,187.2441176470588,186.2500000000001,187.8425925925926,186.9154929577465,187.4,194.1538461538461,198.28,205.5664556962026
202.5267857142857,194.3200000000001,187.2911764705883,186.2500000000001,187.7685185185185,186.8450704225352,187.3,194.2307692307692,198.2,205.4398734177216
202.6339285714286,194.3600000000001,187.3382352941177,186.2500000000001,187.5625,186.774647887324,187.2,194.3076923076923,198.12,205.3132911392406
202.7410714285714,194.4,187.385294117647,186.2500000000001,187.3125,186.7042253521127,187.1,194.3846153846154,198.04,205.1867088607596
202.8482142857143,194.4400000000001,187.4323529411765,186.2500000000001,187.1686213297334,186.6338028169014,187,194.4615384615385,197.96,205.0601265822785
202.9553571428572,194.4800000000001,187.4794117647059,186.2500000000001,187.0601164360446,186.5633802816901,186.9545454545454,194.5384615384615,197.88,204.9335443037975
203.0625,194.52,187.5264705882353,186.2500000000001,186.9516115423557,186.4929577464789,186.9090909090909,194.6153846153846,197.8,204.8069620253165
203.1696428571428,194.5600000000001,187.5735294117647,186.2500000000001,186.8431066486669,186.4225352112676,186.8636363636364,194.6923076923077,197.72,204.6803797468355
203.2767857142857,194.6000000000001,187.6205882352941,186.2500000000001,186.7368421052632,186.3521126760563,186.8181818181818,194.6923076923077,197.64,204.5537974683545
203.3839285714286,194.6400000000001,187.6676470588235,186.2500000000001,186.6315789473684,186.2816901408451,186.7727272727273,194.4615384615385,197.56,204.4272151898735
203.4910714285714,194.6800000000001,187.7147058823529,186.2500000000001,186.5263157894737,186.2112676056338,186.7272727272727,194.2307692307692,197.48,204.3006329113925
203.5982142857143,194.7200000000001,187.7791666666667,186.2500000000001,186.421052631579,186.1408450704226,186.6818181818182,194,197.4,204.1740506329114
203.7053571428571,194.7812500000001,187.8958333333333,186.2500000000001,186.3157894736842,186.0704225352113,186.6363636363636,193.7692307692308,197.32,204.0474683544304
203.8125,194.9062500000001,188.0125,186.2500000000001,186.2105263157895,186,186.5909090909091,193.5384615384615,197.24,203.9208860759494
203.9196428571429,195.0312500000001,188.1291666666667,186.2500000000001,186.1052631578947,185.962962962963,186.5454545454546,193.3076923076923,197.16,203.7943037974684
204.0267857142857,195.1562500000001,188.2458333333333,186.2407407407408,186,185.9259259259259,186.5,193.2416666666667,197.08,203.6677215189874
204.1339285714286,195.2812500000001,188.3625,186.2037037037038,186.0909090909091,185.8888888888889,186.4545454545454,193.2305555555556,197,203.5411392405064
204.2410714285714,195.4062500000001,188.4791666666667,186.1666666666667,186.1818181818182,185.8518518518518,186.4090909090909,193.2194444444444,197.0294117647059,203.4145569620254
204.3482142857143,195.5312500000001,188.5958333333333,186.1296296296297,186.2727272727273,185.8148148148148,186.3636363636364,193.2083333333333,197.0588235294118,203.2879746835444
204.4553571428571,195.6562500000001,188.7125,186.0925925925926,186.3636363636364,185.7777777777778,186.3181818181818,193.1972222222222,197.0882352941177,203.1613924050633
204.5625,195.7812500000001,188.8291666666667,186.0555555555556,186.4545454545455,185.7407407407407,186.2727272727273,193.1861111111111,197.1176470588235,203.0348101265823
204.6696428571429,195.9062500000001,188.9458333333333,186.0185185185186,186.5454545454546,185.7037037037037,186.2272727272727,193.175,197.1470588235294,202.9082278481013
204.7788461538462,196.0312500000001,189.0625,185.9814814814815,186.6363636363636,185.6666666666667,186.1818181818182,193.1638888888889,197.1764705882353,202.7816455696203
204.8942307692308,196.1562500000001,189.1791666666667,185.9444444444445,186.7272727272727,185.6296296296296,186.1363636363636,193.1527777777778,197.2058823529412,202.6875000000001
205.0096153846154,196.2812500000001,189.2958333333333,185.9074074074074,186.8181818181818,185.5925925925926,186.0909090909091,193.1416666666667,197.235294117647,202.6041666666667
205.125,196.4062500000001,189.4125,185.8703703703704,186.9090909090909,185.5555555555555,186.0454545454545,193.1305555555555,197.264705882353,202.5208333333334
205.2403846153846,196.5312500000001,189.5291666666667,185.8333333333334,187,185.5185185185185,186,193.1194444444445,197.2941176470588,202.4375000000001
205.3557692307692,196.6562500000001,189.6458333333333,185.7962962962964,187.0909090909091,185.4814814814815,186.037037037037,193.1083333333333,197.3235294117647,202.3541666666667
205.4711538461538,196.7962962962964,189.7625,185.7592592592593,187.1818181818182,185.4444444444445,186.0740740740741,193.0972222222222,197.3529411764706,202.2708333333334
205.5865384615385,196.9814814814816,189.8791666666667,185.8804347826088,187.2727272727273,185.4074074074074,186.1111111111111,193.0861111111111,197.3823529411765,202.1875000000001
205.7019230769231,197.1666666666667,189.9958333333333,186.054347826087,187.3636363636364,185.3703703703704,186.1481481481482,193.075,197.4117647058824,202.1041666666667
205.8173076923077,197.3518518518519,190.1125,186.2282608695653,187.4545454545454,185.3333333333333,186.1851851851852,193.0638888888889,197.4411764705882,202.0208333333334
205.9326923076923,197.5370370370371,190.2291666666667,186.4021739130436,187.5454545454546,185.2962962962963,186.2222222222222,193.0527777777778,197.4705882352941,201.9375000000001
206.0480769230769,197.7222222222223,190.3458333333333,186.5760869565218,187.6363636363636,185.2592592592593,186.2592592592592,193.0416666666667,197.5,201.8541666666667
206.1634615384615,197.9074074074074,190.4625,186.7500000000001,187.7272727272727,185.2222222222222,186.2962962962963,193.0305555555556,197.5294117647059,201.7708333333334
206.2428571428572,198.0925925925927,190.5791666666667,186.9239130434783,187.8181818181818,185.1851851851852,186.3333333333333,193.0194444444444,197.5588235294118,201.6875000000001
206.2142857142857,198.2777777777778,190.6958333333333,187.0978260869566,187.9090909090909,185.1481481481481,186.3703703703704,193.0083333333333,197.5882352941176,201.6041666666667
206.1857142857143,198.462962962963,190.8125,187.2717391304348,188,185.1111111111111,186.4074074074074,192.9972222222222,197.6176470588235,201.5208333333334
206.1571428571429,198.6481481481482,190.9291666666667,187.4456521739131,188.0909090909091,185.0740740740741,186.4444444444445,192.9861111111111,197.6470588235294,201.4375000000001
206.1285714285714,198.8333333333334,191.0458333333333,187.6195652173913,188.1818181818182,185.037037037037,186.4814814814815,192.975,197.6764705882353,201.3541666666667
206.1,199.0185185185186,191.1625,187.7700000000001,188.2781954887218,185,186.5185185185185,192.9638888888889,197.7058823529412,201.2708333333334
206.0714285714286,199.2037037037038,191.2685185185185,187.8500000000001,188.390977443609,185.0434782608696,186.5555555555555,192.9527777777778,197.735294117647,201.1875000000001
206.0428571428571,199.3076923076923,191.3425925925926,187.9300000000001,188.5037593984962,185.0869565217391,186.5925925925926,192.9416666666667,197.764705882353,201.1041666666667
206.0142857142857,199.3846153846154,191.4166666666667,188.01,188.6165413533835,185.1304347826087,186.6296296296296,192.9305555555555,197.7941176470588,201.0208333333334
205.9857142857143,199.4615384615385,191.4907407407408,188.09,188.7293233082707,185.1739130434783,186.6666666666667,192.9194444444444,197.8235294117647,200.9375000000001
205.9571428571429,199.5384615384616,191.5648148148148,188.1700000000001,188.8421052631579,185.2173913043478,186.7037037037037,192.9083333333333,197.8529411764706,200.8541666666667
205.9285714285715,199.6153846153846,191.6388888888889,188.2500000000001,188.9548872180451,185.2608695652174,186.7407407407407,192.8972222222222,197.8823529411765,200.7708333333334
205.9,199.6923076923077,191.712962962963,188.33,189.0676691729323,185.3043478260869,186.7777777777778,192.8861111111111,197.9117647058823,200.5700000000001
205.8714285714286,199.7692307692308,191.787037037037,188.4100000000001,189.1804511278195,185.3478260869565,186.8148148148148,192.875,197.9411764705882,200.33
205.8428571428572,199.8461538461539,191.8611111111111,188.4900000000001,189.2932330827068,185.3913043478261,186.8518518518518,192.8638888888889,197.9705882352941,200.09
205.8142857142858,199.923076923077,191.9351851851852,188.5700000000001,189.406015037594,185.4347826086957,186.8888888888889,192.8527777777778,198,199.85
205.7857142857144,200.0000000000001,192.0092592592593,188.6500000000001,189.5187969924812,185.4782608695652,186.9259259259259,192.8416666666667,197.9523809523809,199.61
205.7571428571429,200.0769230769231,192.0833333333333,188.73,189.6315789473684,185.5217391304348,186.962962962963,192.8305555555555,197.9047619047619,199.3700000000001
205.5625000000001,200.1538461538462,192.1574074074074,188.8571428571429,189.7443609022556,185.5652173913043,187,192.8194444444445,197.8571428571429,199.13
205.3125000000001,200.2307692307693,192.2314814814815,189.0000000000001,189.8571428571428,185.6086956521739,187.125,192.8083333333333,197.8095238095238,198.89
205.0625000000001,200.2425742574258,192.3863636363637,189.1428571428572,189.9699248120301,185.6521739130435,187.25,192.7972222222222,197.7619047619048,198.65
204.8125,200.2326732673268,192.5681818181818,189.2857142857143,190.0827067669173,185.6956521739131,187.375,192.7861111111111,197.7142857142857,198.41
204.5625,200.2227722772278,192.75,189.4285714285715,190.1954887218045,185.7391304347826,187.5,192.775,197.6666666666667,198.17
204.3125,200.2128712871287,192.9318181818182,189.5714285714286,190.3082706766917,185.7826086956522,187.625,192.7638888888889,197.6190476190476,197.93
204.5227272727273,200.2029702970297,193.1136363636364,189.7142857142858,190.421052631579,185.8260869565217,187.75,192.7527777777778,197.5714285714286,197.6363636363637
204.8863636363637,200.1930693069307,193.2954545454546,189.8571428571429,190.5338345864662,185.8695652173913,187.875,192.7304347826087,197.5238095238095,197.1818181818182
205.25,200.1831683168317,193.4772727272727,190.0000000000001,190.6466165413534,185.9130434782609,188,192.7043478260869,197.4761904761905,196.7272727272727
205.6136363636364,200.1732673267327,193.6590909090909,190.1428571428572,190.7593984962406,185.9565217391304,188.125,192.6782608695652,197.4285714285714,196.2727272727273
205.9772727272727,200.1633663366337,193.8409090909091,190.264705882353,190.8721804511278,186,188.25,192.6521739130435,197.3809523809524,195.8181818181818
206.25,200.1534653465347,194.0227272727273,190.3235294117648,190.9849624060151,186.6470588235294,188.375,192.6260869565217,197.3333333333333,195.3636363636363
206.25,200.1435643564357,194.2045454545454,190.3823529411765,191.0977443609023,187.2941176470588,188.5,192.6,197.2857142857143,195.1
206.25,200.1336633663366,194.3863636363637,190.4411764705883,191.2105263157895,187.9411764705882,188.625,192.5739130434783,197.2380952380952,194.9
206.25,200.2916666666667,194.5681818181818,190.5000000000001,191.3233082706767,188.5882352941177,188.75,192.5478260869565,197.1904761904762,194.7
206.25,201.625,194.75,190.5588235294118,191.4360902255639,188.8048780487805,188.875,192.5217391304348,197.1428571428572,194.5
206.25,202.59375,194.9318181818182,190.6176470588236,191.5488721804511,188.8780487804878,189,192.495652173913,197.0952380952381,194.3
206.25,203.34375,195.1136363636363,190.6764705882354,191.6616541353383,188.9512195121951,189.125,192.4695652173913,197.0476190476191,194.1
206.25,203,195.3,190.7352941176471,191.7744360902255,189.0243902439024,189.25,192.4434782608695,197,193.9000000000001
206.25,202,195.5,190.8611111111112,191.8872180451128,189.0975609756098,189.375,192.4173913043478,196.8947368421053,193.6805555555556
206.2500000000001,200.1129032258065,195.7,191.0092592592593,192,189.1707317073171,189.5,192.3913043478261,196.7894736842105,193.4027777777778
206.25,200.0161290322581,195.9,191.1574074074074,192.0714285714286,189.2439024390244,189.625,192.3652173913043,196.6842105263158,193.1250000000001
206.25,199.9193548387097,196.1,191.3055555555556,192.1428571428571,189.3170731707317,189.75,192.3391304347826,196.5789473684211,192.8472222222223
206.2500000000001,199.8225806451613,196.3,191.4537037037038,192.2142857142857,189.390243902439,189.875,192.3130434782609,196.4736842105263,192.5694444444445
206.25,199.7878787878788,196.5,191.6018518518519,192.2857142857143,189.4634146341463,190,192.2869565217391,196.3684210526316,192.2916666666667
206.2500000000001,199.939393939394,196.7,191.7500000000001,192.3571428571429,189.5365853658537,190.0666666666667,192.2608695652174,196.2631578947368,192.0138888888889
206.25,200.0909090909092,196.796875,191.8981481481482,192.4285714285714,189.609756097561,190.1333333333334,192.2347826086956,196.1578947368421,191.7361111111112
206.2500000000001,200.2424242424243,196.859375,192.0462962962964,192.5,189.6829268292683,190.2,192.2086956521739,196.0526315789474,191.4583333333334
206.2500000000001,200.3939393939394,196.921875,192.1944444444445,192.5714285714286,189.7560975609756,190.2666666666667,192.1826086956522,195.9473684210526,191.1136363636364
206.25,200.5454545454546,196.984375,192.3425925925926,192.6428571428571,189.8292682926829,190.3333333333333,192.1565217391304,195.8421052631579,190.5681818181819
206.2500000000001,200.6969696969697,197.046875,192.4907407407408,192.7142857142857,189.9024390243902,190.4,192.1304347826087,195.7368421052632,190.0227272727273
206.2500000000001,200.8484848484849,197.109375,192.6388888888889,192.7857142857143,189.9756097560976,190.4666666666666,192.104347826087,195.6315789473684,189.4772727272727
206.2285714285715,201.0000000000001,197.171875,192.7586206896552,192.8571428571428,190.0487804878049,190.5333333333334,192.0782608695652,195.5263157894737,188.9318181818182
206.2,201.1515151515152,197.234375,192.7931034482759,192.9285714285714,190.1219512195122,190.6,192.0521739130435,195.421052631579,188.3863636363636
206.1714285714286,201.3030303030304,197.296875,192.8275862068966,193,190.1951219512195,190.6666666666667,192.0260869565217,195.3157894736842,188.15625
206.1428571428572,201.4545454545455,197.359375,192.8620689655173,193.0714285714286,190.2682926829268,190.7333333333333,192,195.2105263157895,188.03125
206.1142857142858,201.6060606060607,197.421875,192.896551724138,193.1428571428571,190.3414634146341,190.8,191.8,195.1052631578947,187.90625
206.0857142857143,201.7575757575758,197.484375,192.9310344827587,193.2142857142857,190.4146341463415,190.8666666666667,191.6,195,187.78125
206.0571428571429,201.909090909091,197.546875,192.9655172413794,193.2857142857143,190.4878048780488,190.9333333333333,191.4,194.8631578947368,187.65625
206.0285714285715,202.0606060606061,197.609375,193.0000000000001,193.3571428571428,190.5609756097561,191,191.2,194.7263157894737,187.53125
206,202.2121212121213,197.671875,193.0344827586208,193.4285714285714,190.6341463414634,191.0666666666667,191,194.5894736842105,187.4062500000001
205.9714285714286,202.3414634146342,197.734375,193.0689655172415,193.5,190.7073170731707,191.1333333333333,190.8,194.4526315789474,187.2812500000001
205.9428571428572,202.4634146341464,197.8152173913043,193.1034482758621,193.5714285714286,190.780487804878,191.2,190.6,194.3157894736842,186.7205882352942
205.9142857142857,202.5853658536586,197.9021739130435,193.1379310344828,193.6428571428572,190.8536585365854,191.2666666666667,190.4,194.1789473684211,186.014705882353
205.8857142857143,202.7073170731707,197.9891304347826,193.1724137931035,193.7142857142857,190.9268292682927,191.3333333333333,190.2,194.0421052631579,185.3088235294118
205.8571428571429,202.8292682926829,198.0760869565217,193.2068965517242,193.7857142857143,191,191.4,190,193.9052631578948,184.6029411764706
205.8285714285714,202.8023255813953,198.1630434782608,193.2413793103449,193.8571428571428,191.1052631578947,191.4666666666667,190.2173913043478,193.7684210526316,183.8970588235295
205.8,202.6860465116279,198.25,193.423076923077,193.9285714285714,191.2105263157895,191.5333333333333,190.4347826086957,193.6315789473684,183.1911764705883
205.7714285714286,202.5697674418605,198.3369565217392,193.6538461538462,194,191.3157894736842,191.6,190.6521739130435,193.4947368421053,182.4852941176471
205.7083333333333,202.453488372093,198.4239130434783,193.8846153846154,194.1063829787234,191.4210526315789,191.6666666666667,190.8695652173913,193.3578947368421,181.7794117647059
205.5416666666667,202.3372093023256,198.5108695652174,194.1153846153847,194.2127659574468,191.5263157894737,191.7333333333333,191.0869565217391,193.2210526315789,181.1875000000001
205.375,202.1774193548388,198.5978260869565,194.3461538461539,194.3191489361702,191.6315789473684,191.8,191.2682926829268,193.0842105263158,180.9375000000001
205.2083333333333,201.8870967741936,198.6847826086956,194.5769230769231,194.4255319148936,191.7368421052632,191.8666666666666,191.3414634146341,192.9473684210526,180.6875000000001
205.0416666666667,201.5967741935484,198.7717391304348,194.8064516129033,194.531914893617,191.8421052631579,191.9333333333333,191.4146341463415,192.8105263157895,180.4375000000001
204.875,201.3064516129032,198.8586956521739,195.0322580645162,194.6382978723404,191.9473684210527,192,191.4878048780488,192.6736842105263,180.1875000000001
204.7083333333333,201.054054054054,198.9456521739131,195.2580645161291,194.7446808510638,192.0526315789473,192.0769230769231,191.5609756097561,192.5368421052631,179.9375000000001
204.5416666666667,200.8648648648649,199.0326086956522,195.483870967742,194.8510638297872,192.1578947368421,192.1538461538461,191.6341463414634,192.4,179.6875000000001
204.375,200.6756756756757,199.1195652173913,195.7096774193549,194.9574468085106,192.2631578947368,192.2307692307692,191.7073170731707,192.2631578947368,179.4375000000001
204.1944444444445,200.4864864864865,199.2065217391304,195.9354838709678,195.063829787234,192.3684210526316,192.3076923076923,191.7804878048781,192.1263157894737,179.1764705882353
203.9722222222222,200.2972972972973,199.2934782608696,196.1612903225807,195.1702127659574,192.4736842105263,192.3846153846154,191.8536585365854,191.9894736842105,178.8823529411765
203.75,200.3947368421053,199.3804347826087,196.3870967741936,195.2809917355372,192.5789473684211,192.4615384615385,191.9268292682927,191.8526315789474,178.5882352941177
203.5277777777778,200.5877192982456,199.4673913043478,196.6129032258065,195.404958677686,192.6842105263158,192.5384615384615,192,191.6985294117647,178.2941176470589
203.3055555555556,200.780701754386,199.5543478260869,196.8387096774194,195.5289256198347,192.7894736842105,192.6153846153846,191.8,191.4926470588235,178.0000000000001
203.0833333333334,200.9736842105264,199.6413043478261,197.0645161290323,195.6528925619835,192.8947368421053,192.6923076923077,191.6,191.2867647058823,177.7058823529412
202.8611111111111,201.1666666666667,199.7282608695652,197.2903225806452,195.7768595041322,193,192.7692307692308,191.4,191.0808823529412,177.4117647058824
202.6388888888889,201.359649122807,199.8169642857143,197.5161290322581,195.900826446281,193.1818181818182,192.8461538461538,191.2,190.875,177.1176470588236
202.4166666666667,201.5526315789474,199.90625,197.741935483871,196.0247933884297,193.3636363636364,192.9230769230769,191,190.6691176470588,176.8235294117648
202.1634615384616,201.635593220339,199.9955357142857,197.9677419354839,196.1487603305785,193.5454545454546,193,190.8,190.4632352941177,176.5625000000001
201.8173076923077,201.6525423728814,200.0848214285714,198.1935483870968,196.2727272727273,193.7272727272727,193.0684931506849,190.6,190.2573529411765,176.3125000000001
201.4711538461539,201.6694915254238,200.1741071428571,198.3716216216217,196.396694214876,193.9090909090909,193.1369863013699,190.4,190.0514705882353,176.0625000000001
201.1250000000001,201.6864406779661,200.2633928571429,198.5337837837838,196.5206611570248,194.0909090909091,193.2054794520548,190.2079207920792,189.8455882352941,175.8125000000001
200.7788461538462,201.7033898305085,200.3526785714286,198.695945945946,196.6446280991736,194.2727272727273,193.2739726027397,190.0396039603961,189.6397058823529,175.5526315789474
200.4326923076923,201.7203389830509,200.4419642857143,198.8581081081082,196.7685950413223,194.4545454545454,193.3424657534246,189.8712871287129,189.4338235294118,175.2894736842106
200.0865384615385,201.7372881355933,200.53125,199.0202702702703,196.8925619834711,194.6363636363636,193.4109589041096,189.7029702970297,189.2279411764706,175.0263157894738
199.7403846153846,201.7205882352942,200.6205357142857,199.1824324324325,197.0165289256198,194.8181818181818,193.4794520547945,189.5346534653465,189.0220588235294,174.7631578947369
199.3942307692308,201.6029411764706,200.7098214285714,199.3445945945946,197.1404958677686,195,193.5479452054794,189.3663366336634,188.8161764705882,174.5000000000001
199.0480769230769,201.4852941176471,200.7991071428571,199.5067567567568,197.2644628099173,195.1914893617021,193.6164383561644,189.1980198019802,188.610294117647,174.2368421052632
198.7019230769231,201.3676470588236,200.8883928571429,199.668918918919,197.3884297520661,195.3829787234042,193.6849315068493,189.029702970297,188.4044117647059,173.9736842105264
198.3557692307693,201.2500000000001,200.9776785714286,199.8310810810812,197.5123966942149,195.5744680851064,193.7534246575343,188.8613861386139,188.1854838709677,173.7105263157895
198.0096153846154,201.1323529411765,201.0669642857143,199.9932432432433,197.6363636363636,195.7659574468085,193.8219178082192,188.6930693069307,187.9274193548387,173.4473684210527
197.65,201.014705882353,201.15625,200.1554054054055,197.7603305785124,195.9574468085107,193.8904109589041,188.5247524752475,187.6693548387097,173.2
197.25,200.8970588235295,201.2455357142857,200.3175675675676,197.8842975206612,196.1489361702128,193.958904109589,188.3564356435644,187.4112903225806,173.0000000000001
196.85,200.7794117647059,201.3348214285714,200.4797297297298,198.0082644628099,196.3404255319149,194.027397260274,188.1881188118812,187.1532258064516,172.8
196.45,200.6964285714286,201.4241071428572,200.641891891892,198.1322314049587,196.531914893617,194.0958904109589,188.019801980198,186.8951612903226,172.6000000000001
196.05,200.6250000000001,201.5133928571428,200.8040540540541,198.2561983471074,196.7234042553191,194.1643835616439,187.8514851485149,186.6370967741935,172.4000000000001
195.65,200.5535714285715,201.6026785714286,200.9662162162163,198.3801652892562,196.9148936170213,194.2328767123288,187.6831683168317,186.3790322580645,172.2
195.25,200.4821428571429,201.6919642857143,201.1283783783784,198.504132231405,197.1063829787234,194.25,187.5148514851485,186.1209677419355,172.0000000000001
194.85,200.4107142857143,201.78125,201.2717391304348,198.6280991735537,197.1818181818182,194.25,187.3465346534653,185.8629032258065,171.8000000000001
194.45,200.3392857142858,201.8705357142857,201.358695652174,198.7520661157025,196.9090909090909,194.25,187.1782178217822,185.6048387096774,171.6346153846154
194.05,200.2678571428572,201.9598214285714,201.4456521739131,198.8760330578513,196.6363636363637,194.25,187.009900990099,185.3467741935484,171.4807692307693
193.6607142857143,200.1891891891892,202.0491071428572,201.5326086956522,199,196.3636363636364,194.25,186.8415841584158,185.0887096774194,171.3269230769231
193.3035714285714,200.1081081081081,202.1383928571428,201.6195652173914,199.0508474576271,196.0909090909091,194.25,186.6732673267327,184.8306451612903,171.173076923077
192.9464285714286,200.027027027027,202.2276785714286,201.7065217391305,199.1016949152542,195.8181818181818,194.25,186.5049504950495,184.5725806451613,171.0192307692308
192.5892857142857,199.9459459459459,202.3181818181818,201.7934782608696,199.1525423728814,195.5454545454545,194.25,186.3366336633663,184.3145161290323,170.8653846153847
192.2321428571429,199.75,202.4090909090909,201.8804347826087,199.2033898305085,195.2727272727273,194.25,186.1683168316832,183.9722222222222,170.4375000000001
191.875,198.75,202.5,201.9673913043479,199.2542372881356,195,194.25,186,183.6018518518518,169.1875
191.5178571428571,197.8693181818182,202.5909090909091,202.054347826087,199.3050847457627,195.1764705882353,194.25,185.5882352941176,183.2314814814815,168.2058823529412
191.25,197.8238636363637,202.6818181818182,202.1413043478261,199.3559322033898,195.3529411764706,194.25,185.1764705882353,182.8611111111111,168.0294117647059
191.25,197.7784090909091,202.7727272727273,202.2282608695653,199.406779661017,195.5294117647059,194.25,184.7647058823529,182.4907407407407,167.8529411764706
191.25,197.7329545454546,202.8636363636364,202.2173913043479,199.457627118644,195.7058823529412,194.25,184.3529411764706,182.1203703703704,167.6764705882353
191.25,197.6875,202.9545454545455,202.1739130434783,199.5084745762712,195.8823529411765,194.25,183.9642857142857,181.75,167.5
191.25,197.6420454545454,203.0454545454545,202.1304347826087,199.5593220338983,196.0588235294118,194.25,183.5833333333333,181.3796296296296,167.3235294117648
191.25,196.0909090909091,203.1363636363636,202.0869565217392,199.6101694915254,196.2352941176471,194.24,183.202380952381,181.0092592592593,167.1470588235294
191.25,194.2375,203.2272727272727,202.0434782608696,199.6610169491526,196.4117647058824,194.2266666666667,182.8214285714286,180.6388888888889,166.9705882352942
191.25,194.1875000000001,203.2115384615385,202.0000000000001,199.7118644067797,196.5882352941177,194.2133333333333,182.4404761904762,180.2685185185185,166.7941176470589
191.25,194.1375,203.1602564102564,201.9565217391305,199.75,196.764705882353,194.2,182.0595238095238,179.8981481481482,166.3750000000001
191.25,194.0875000000001,203.1089743589744,201.9130434782609,199.75,196.9411764705882,194.1866666666667,181.6785714285714,179.5277777777778,165.8750000000001
191.25,194.0375000000001,203.0576923076923,201.8695652173914,199.75,197.1176470588235,194.1733333333333,181.2976190476191,179.1521739130435,165.3750000000001
191.25,193.9875000000001,203.0064102564103,201.8260869565218,199.75,197.3,194.16,180.9166666666667,178.7608695652174,164.8750000000001
191.15625,193.9375000000001,202.9551282051282,201.7826086956522,199.75,197.5,194.1466666666666,180.5357142857143,178.3695652173913,164.3750000000001
191.03125,193.8875,202.9038461538462,201.7375,199.75,197.7,194.1333333333333,180.1888888888889,177.9782608695652,164.1477272727273
190.90625,193.8375,202.8525641025641,201.6875000000001,199.75,197.9,194.12,179.9444444444445,177.5869565217391,164.0113636363637
190.78125,193.7875000000001,202.801282051282,201.6375,199.75,198.1,194.1066666666667,179.7,177.195652173913,163.8750000000001
190.65625,193.7187500000001,202.75,201.5875,199.75,198.2352941176471,194.0933333333333,179.4555555555556,176.8043478260869,163.7386363636364
190.53125,193.5937500000001,202.698717948718,201.5375000000001,199.75,198.1764705882353,194.08,179.2111111111111,176.4130434782609,163.6022727272728
190.40625,193.4687500000001,202.6474358974359,201.4875000000001,199.75,198.1176470588235,194.0666666666667,178.9666666666667,176.0217391304348,163.4659090909092
190.28125,193.3437500000001,202.5961538461538,201.4375000000001,199.75,198.0588235294118,194.0533333333333,178.7222222222222,175.6304347826087,163.3295454545455
190.55,193.2187500000001,202.5448717948718,201.3875,199.75,198,194.04,178.4777777777778,175.2391304347826,163.1931818181819
190.95,193.0937500000001,202.4935897435898,201.3375,199.75,198,194.0266666666667,178.2333333333333,174.8478260869565,163.0568181818182
191.35,192.9687500000001,202.4423076923077,201.2875000000001,199.75,198,194.0133333333333,177.9888888888889,174.3818181818182,162.9204545454546
191.75,192.8437500000001,202.3910256410256,201.1923076923078,199.78,198,194,177.7444444444445,173.8909090909091,162.784090909091
192.15,192.7291666666667,202.3397435897436,200.9615384615385,199.82,198,194,177.5,173.4,162.7500000000001
192.3333333333333,192.6458333333334,202.2884615384615,200.7307692307693,199.86,198.0869565217392,194,177.2555555555555,172.9090909090909,162.7500000000001
192.4444444444445,192.5625000000001,202.2371794871795,200.5000000000001,199.9,198.1739130434783,194,177.0111111111111,172.4181818181818,162.7500000000001
192.5555555555555,192.4791666666667,202.1858974358975,200.2692307692308,199.94,198.2608695652174,194,176.7666666666667,171.9272727272727,162.75
192.6666666666667,192.3958333333334,202.1346153846154,200.0384615384616,199.98,198.3478260869565,194,176.5222222222222,171.4363636363636,162.75
192.825,192.3125000000001,202.0833333333333,199.8076923076924,200.02,198.4347826086957,194,176.2777777777778,170.9454545454545,162.75
193.125,192.1428571428572,202.0320512820513,199.7800000000001,200.06,198.5217391304348,194,176.0333333333334,170.4545454545454,162.75
193.425,191.7142857142858,201.9807692307692,199.82,200.1,198.6086956521739,194,175.7888888888889,169.9636363636364,162.75
193.725,191.2857142857143,201.9294871794872,199.86,200.14,198.6956521739131,194,175.5444444444445,169.4727272727273,162.65625
194.025,190.8571428571429,201.8782051282051,199.9,200.18,198.7826086956522,194,175.3,168.9818181818182,162.53125
194.2142857142857,190.5000000000001,201.8269230769231,199.94,200.22,198.8695652173913,194,175.0555555555555,168.4909090909091,162.40625
194.0714285714286,190.1666666666667,201.775641025641,199.98,200.26,198.9565217391304,194,174.8111111111111,168,162.28125
