197.780303030303,208.8,215.23125,217.2616279069767,219.2321428571428,219.2666666666666,218.2633928571429,213.7155172413792,212.7743902439024,210.2916666666666
197.9015151515151,208.9999999999999,215.30625,217.3081395348837,219.3035714285714,219.3333333333333,218.3169642857142,213.853448275862,212.8719512195122,210.4583333333333
198.0227272727272,209.2,215.38125,217.3546511627906,219.3749999999999,219.3999999999999,218.3705357142857,213.9913793103448,212.9695121951219,210.6249999999999
198.1439393939393,209.4,215.45625,217.4011627906976,219.4464285714285,219.4666666666666,218.4241071428571,214.1293103448276,213.0670731707316,210.7916666666666
198.2651515151515,209.6,215.53125,217.4476744186046,219.5178571428571,219.5333333333333,218.4776785714286,214.2672413793103,213.1646341463414,210.9583333333333
198.3863636363636,209.8,215.60625,217.4941860465116,219.5892857142857,219.6,218.53125,214.4051724137931,213.2621951219512,211.1249999999999
198.5075757575757,210,215.68125,217.5406976744186,219.6607142857143,219.6666666666666,218.5848214285714,214.5431034482758,213.3597560975609,211.2916666666666
198.6287878787879,210.2,215.75625,217.5872093023256,219.7321428571428,219.7333333333333,218.6383928571428,214.6810344827586,213.4573170731707,211.4583333333333
198.75,210.2758620689655,215.83125,217.6337209302325,219.8035714285714,219.8,218.6919642857143,214.8189655172413,213.5548780487804,211.6249999999999
198.8712121212121,210.3103448275862,215.90625,217.6802325581395,219.875,219.8666666666666,218.7455357142857,214.9568965517241,213.6524390243902,211.7916666666666
198.9924242424242,210.3448275862069,215.98125,217.7267441860465,219.9464285714286,219.9333333333333,218.7991071428571,215.0948275862069,213.75,211.9583333333333
199.1136363636363,210.3793103448276,216.05625,217.7732558139535,220.0178571428571,220,218.8526785714286,215.2327586206897,213.8475609756097,212.125
199.2348484848485,210.4137931034483,216.13125,217.8197674418604,220.0892857142857,220.0666666666667,218.90625,215.3706896551724,213.9451219512195,212.2916666666666
199.3560606060606,210.448275862069,216.20625,217.8662790697674,220.1607142857143,220.1333333333333,218.9598214285714,215.5086206896552,214.0426829268293,212.4583333333333
199.4772727272727,210.4827586206897,216.28125,217.9127906976744,220.2321428571429,220.2,219.0133928571428,215.6465517241379,214.140243902439,212.625
199.5984848484848,210.5172413793103,216.35625,217.9593023255814,220.3035714285714,220.2666666666667,219.0669642857143,215.7586206896552,214.2378048780488,212.7916666666667
199.719696969697,210.551724137931,216.43125,218.0058139534883,220.375,220.3333333333333,219.1205357142857,215.7931034482759,214.3353658536585,212.9583333333333
200.1785714285714,210.5862068965517,216.50625,218.0523255813953,220.4464285714286,220.4,219.1741071428571,215.8275862068965,214.4329268292683,213.125
200.75,210.6206896551724,216.58125,218.0988372093023,220.5178571428571,220.4666666666667,219.2276785714286,215.8620689655173,214.530487804878,213.2916666666667
201.3214285714286,210.6551724137931,216.65625,218.1453488372093,220.5892857142857,220.5333333333333,219.28125,215.8965517241379,214.6280487804878,213.4583333333333
201.7857142857143,210.6896551724138,216.73125,218.1918604651163,220.6607142857143,220.6,219.3348214285714,215.9310344827586,214.7256097560976,213.625
201.9285714285714,210.7241379310345,216.8823529411765,218.2383720930233,220.7321428571429,220.6666666666667,219.3883928571428,215.9655172413793,214.8207547169811,213.775
202.0714285714286,210.8235294117647,217.0588235294118,218.2924528301887,220.7816901408451,220.7333333333333,219.4419642857143,216,214.9150943396226,213.875
202.2142857142857,211.1176470588235,217.2352941176471,218.3490566037736,220.8239436619718,220.7663043478261,219.4955357142857,216.0344827586207,215.0094339622642,213.975
202.3571428571429,211.4117647058823,217.4117647058823,218.4056603773585,220.8661971830986,220.7880434782609,219.5491071428571,216.0689655172414,215.1037735849057,214.075
202.5,211.7058823529412,217.5882352941177,218.4622641509434,220.9084507042254,220.8097826086956,219.6026785714286,216.1034482758621,215.1981132075472,214.175
202.6428571428571,212,217.7647058823529,218.5188679245283,220.9507042253521,220.8315217391304,219.65625,216.1379310344828,215.2924528301887,214.275
202.7857142857143,212.2941176470588,217.9411764705882,218.5754716981132,220.9929577464789,220.8532608695652,219.7098214285714,216.1724137931035,215.3867924528302,214.375
202.9285714285714,212.5882352941177,218.1176470588235,218.6320754716981,221.0352112676056,220.875,219.7642857142857,216.2068965517241,215.4811320754717,214.475
203.0714285714286,212.8823529411765,218.257874015748,218.688679245283,221.0774647887324,220.8967391304348,219.8214285714286,216.2413793103448,215.5754716981132,214.575
203.2142857142857,213.1764705882353,218.2893700787401,218.7452830188679,221.1197183098591,220.9184782608696,219.8785714285714,216.2875,215.6698113207547,214.675
203.3571428571429,213.2848837209303,218.3208661417323,218.8018867924528,221.1619718309859,220.9402173913044,219.9357142857143,216.3375,215.7641509433962,214.775
203.5,213.3313953488372,218.3523622047244,218.8584905660377,221.2042253521127,220.9619565217391,219.9928571428571,216.3875,215.8584905660377,214.875
203.6428571428572,213.3779069767442,218.3838582677165,218.9150943396226,221.2464788732395,220.9836956521739,220.05,216.4375,215.9528301886792,214.975
203.7857142857143,213.4244186046512,218.4153543307087,218.9716981132075,221.2887323943662,221.0054347826087,220.1071428571429,216.4875,216.0471698113208,215.075
203.9285714285714,213.4709302325581,218.4468503937008,219.0283018867925,221.330985915493,221.0271739130435,220.1642857142857,216.5375,216.1415094339623,215.175
204.0714285714286,213.5174418604651,218.4783464566929,219.0849056603774,221.3732394366197,221.0489130434783,220.2214285714286,216.5875,216.2358490566038,215.275
204.2142857142857,213.5639534883721,218.509842519685,219.1415094339623,221.4154929577465,221.0706521739131,220.2785714285714,216.6375,216.3301886792453,215.375
204.5714285714286,213.610465116279,218.5413385826772,219.1981132075472,221.4577464788732,221.0923913043478,220.3357142857143,216.6875,216.4245283018868,215.475
205,213.656976744186,218.5728346456693,219.2547169811321,221.5,221.1141304347826,220.3928571428571,216.7375,216.5188679245283,215.575
205.4285714285714,213.703488372093,218.6043307086614,219.311320754717,221.5422535211268,221.1358695652174,220.45,216.7875,216.6132075471698,215.675
205.7678571428571,213.75,218.6358267716535,219.3679245283019,221.5845070422535,221.1576086956522,220.5071428571429,216.8375,216.7075471698113,215.7826086956522
205.8392857142858,213.796511627907,218.6673228346457,219.4245283018868,221.6267605633803,221.1793478260869,220.5642857142857,216.8875,216.8018867924528,215.9130434782609
205.9107142857143,213.8430232558139,218.6988188976378,219.4811320754717,221.669014084507,221.2010869565217,220.6214285714286,216.9375,216.8962264150943,216.0434782608696
205.9821428571429,213.8895348837209,218.7303149606299,219.5377358490566,221.7112676056338,221.2228260869565,220.6785714285714,216.9875,216.9905660377358,216.1739130434783
206.0535714285714,213.9360465116279,218.761811023622,219.5943396226415,221.7535211267606,221.2445652173913,220.7252628169996,217.0375,217.0849056603774,216.304347826087
206.125,213.9825581395349,218.7933070866142,219.6509433962264,221.7957746478874,221.2663043478261,220.7684096457576,217.0875,217.1792452830189,216.4347826086957
206.1964285714286,214.0290697674419,218.8248031496063,219.7075471698113,221.8380281690141,221.2880434782609,220.8115564745154,217.1375,217.2723880597015,216.5652173913043
206.2678571428571,214.0755813953488,218.8562992125985,219.7598039215686,221.8802816901409,221.3097826086957,220.8547033032734,217.1875,217.3619402985074,216.6956521739131
206.3392857142857,214.1220930232558,218.8877952755906,219.7990196078431,221.9225352112676,221.3315217391304,220.8978501320313,217.2375,217.4514925373134,216.8260869565217
206.4107142857143,214.1686046511628,218.9192913385827,219.8382352941177,221.9647887323944,221.3532608695652,220.9409969607892,217.2916666666667,217.5410447761194,216.9565217391304
206.4821428571429,214.2151162790698,218.9507874015748,219.8774509803922,222.0070422535211,221.375,220.9841437895471,217.3472222222222,217.6305970149254,217.0869565217391
206.5535714285714,214.3181818181818,218.9822834645669,219.9166666666667,222.0492957746479,221.3967391304348,221.027290618305,217.4027777777778,217.7201492537313,217.2173913043478
206.625,214.5909090909091,219.0137795275591,219.9558823529412,222.0915492957747,221.4184782608696,221.0704374470629,217.4583333333333,217.8097014925373,217.3478260869565
206.6964285714286,214.8636363636364,219.0452755905512,219.9950980392157,222.1338028169014,221.4402173913043,221.1135842758208,217.5138888888889,217.8992537313433,217.4782608695652
206.7741935483871,215.1363636363636,219.0767716535433,220.0343137254902,222.1760563380282,221.4619565217391,221.1567311045787,217.5694444444444,217.9888059701493,217.6086956521739
206.8709677419355,215.4090909090909,219.1082677165354,220.0735294117647,222.2183098591549,221.4836956521739,221.1998779333366,217.625,218.0783582089552,217.7391304347826
206.9677419354838,215.6818181818182,219.1397637795276,220.1127450980392,222.2568493150685,221.5054347826087,221.2430247620945,217.6805555555556,218.1679104477612,217.8695652173913
207.0645161290323,215.71875,219.1712598425197,220.1519607843137,222.2842465753425,221.5271739130435,221.2861715908524,217.7361111111111,218.2574626865672,218
207.1612903225807,215.6770833333333,219.2027559055118,220.1911764705882,222.3116438356165,221.5489130434783,221.3293184196104,217.7916666666667,218.3470149253731,218.1304347826087
207.258064516129,215.6354166666667,219.2342519685039,220.2303921568628,222.3390410958904,221.5706521739131,221.3724652483683,217.8472222222222,218.4365671641791,218.2608695652174
207.3548387096774,215.59375,219.2657480314961,220.2696078431373,222.3664383561644,221.5923913043478,221.4156120771262,217.9027777777778,218.5261194029851,218.3913043478261
207.4516129032258,215.5520833333333,219.2972440944882,220.3088235294118,222.3938356164383,221.6141304347826,221.4587589058841,217.9583333333333,218.615671641791,218.5217391304348
207.5483870967742,215.5104166666667,219.3287401574803,220.3480392156862,222.4212328767123,221.6358695652174,221.501905734642,218.0138888888889,218.705223880597,218.6521739130435
207.6451612903226,215.46875,219.3602362204724,220.3872549019608,222.4486301369863,221.6576086956522,221.5450525633999,218.0694444444445,218.794776119403,218.777027027027
207.741935483871,215.4270833333333,219.3917322834646,220.4264705882353,222.4760273972603,221.6793478260869,221.5881993921578,218.125,218.884328358209,218.8851351351352
207.8387096774193,215.3854166666667,219.4232283464567,220.4656862745098,222.5034246575343,221.7010869565217,221.6313462209157,218.1805555555555,218.9738805970149,218.9932432432433
207.9354838709677,215.34375,219.4547244094488,220.5049019607843,222.5308219178082,221.7228260869565,221.6744930496736,218.2361111111111,219.0634328358209,219.1013513513514
208.0322580645161,215.3020833333333,219.4862204724409,220.5441176470588,222.5582191780822,221.7445652173913,221.7176398784315,218.2916666666667,219.1529850746269,219.2094594594595
208.1290322580645,215.2604166666667,219.5177165354331,220.5833333333333,222.5856164383562,221.7541436464088,221.7499999999999,218.3472222222222,219.2425373134328,219.3175675675676
208.2258064516129,215.3863636363637,219.5492125984252,220.6225490196078,222.6130136986301,221.7596685082873,221.7499999999999,218.4027777777778,219.3320895522388,219.4256756756757
208.3571428571428,215.5681818181818,219.5807086614173,220.6617647058824,222.6404109589041,221.7651933701657,221.7499999999999,218.4583333333333,219.4216417910448,219.5337837837838
208.5,215.75,219.6122047244095,220.7009803921569,222.6678082191781,221.7707182320442,221.7499999999999,218.5138888888889,219.5111940298507,219.6418918918919
208.6428571428571,215.9318181818182,219.6437007874016,220.7401960784314,222.6952054794521,221.7762430939227,221.7499999999999,218.5694444444445,219.6007462686567,219.75
208.7857142857143,216.1136363636364,219.6751968503937,220.75,222.722602739726,221.7817679558011,221.7499999999999,218.625,219.6902985074627,219.8581081081081
208.9285714285714,216.2954545454546,219.7066929133858,220.75,222.75,221.7872928176796,221.7499999999999,218.6805555555555,219.7798507462687,219.9662162162162
209.0714285714286,216.4772727272727,219.738188976378,220.75,222.777397260274,221.792817679558,221.7499999999999,218.7361111111111,219.8694029850746,220.0743243243243
209.2142857142857,216.6590909090909,219.7696850393701,220.75,222.8047945205479,221.7983425414365,221.7499999999999,218.7964601769911,219.9589552238806,220.1824324324324
209.3571428571429,216.8409090909091,219.8011811023622,220.75,222.8321917808219,221.8038674033149,221.7499999999999,218.858407079646,220.0485074626866,220.2905405405405
209.5,217.0227272727273,219.8326771653543,220.75,222.8595890410959,221.8093922651934,221.7562499999999,218.9203539823009,220.1380597014926,220.3986486486486
209.6428571428571,217.2045454545454,219.8641732283465,220.65625,222.8869863013699,221.8149171270718,221.7812499999999,218.9823008849558,220.2276119402985,220.5067567567568
209.7857142857143,217.25,219.8956692913386,220.53125,222.9143835616438,221.8204419889503,221.8062499999999,219.0442477876106,220.30859375,220.6148648648648
209.9285714285714,217.25,219.9271653543307,220.40625,222.9417808219178,221.8259668508287,221.83125,219.1061946902655,220.38671875,220.722972972973
210.0714285714286,217.25,219.9586614173228,220.28125,222.9691780821918,221.8314917127072,221.85625,219.1681415929204,220.46484375,220.8125
210.2142857142857,217.25,219.990157480315,220.15625,222.9965753424657,221.8370165745856,221.8812499999999,219.2300884955752,220.54296875,220.8958333333333
210.2777777777778,217.25,220.0216535433071,220.03125,223.0239726027397,221.8425414364641,221.9062499999999,219.2920353982301,220.62109375,220.9791666666667
210.3148148148148,217.25,220.0531496062992,219.90625,223.0513698630137,221.8480662983426,221.9312499999999,219.353982300885,220.69921875,221.0625
210.3518518518519,217.25,220.0846456692913,219.78125,223.0787671232877,221.853591160221,221.95625,219.4159292035398,220.77734375,221.1458333333333
210.3888888888889,217.25,220.1161417322835,219.9375,223.1061643835616,221.8591160220994,221.9812499999999,219.4778761061947,220.85546875,221.2291666666667
210.4259259259259,217.25,220.1476377952756,220.1875,223.1335616438356,221.8646408839779,222.0062499999999,219.5398230088495,220.93359375,221.3125
210.462962962963,217.25,220.1791338582677,220.4375,223.1609589041096,221.8701657458564,222.0312499999999,219.6017699115044,221.01171875,221.3958333333334
210.5,217.25,220.2106299212598,220.6875,223.1883561643835,221.8756906077348,222.0562499999999,219.6637168141593,221.08984375,221.4791666666667
210.537037037037,217.25,220.242125984252,220.9375,223.2157534246575,221.8812154696133,222.0812499999999,219.7256637168142,221.16796875,221.5625
210.5740740740741,217.25,220.2586206896552,221.1875,223.2431506849315,221.8867403314917,222.1062499999999,219.787610619469,221.24609375,221.6458333333334
210.6111111111111,217.25,220.2701149425287,221.4375,223.2263779527559,221.8922651933702,222.1312499999999,219.8495575221239,221.32421875,221.7291666666667
210.6481481481482,217.25,220.2816091954023,221.6875,223.1948818897638,221.8977900552486,222.1562499999999,219.9115044247787,221.40234375,221.8125
210.6851851851852,217.25,220.2931034482759,221.7105263157895,223.1633858267716,221.9033149171271,222.1812499999999,219.9734513274336,221.48046875,221.8958333333334
210.7222222222222,217.25,220.3045977011494,221.6578947368421,223.1318897637795,221.9088397790055,222.20625,220.0353982300885,221.55859375,221.9791666666667
210.7794117647059,217.25,220.316091954023,221.6052631578947,223.1003937007874,221.914364640884,222.2312499999999,220.0973451327434,221.63671875,222.0625
210.8970588235294,217.25,220.3275862068965,221.5526315789474,223.0688976377953,221.9198895027624,222.2545454545454,220.1592920353982,221.71484375,222.1458333333333
211.014705882353,217.2788461538462,220.3390804597701,221.5,223.0374015748031,221.9254143646409,222.2727272727272,220.2212389380531,221.79296875,222.2291666666667
211.1323529411765,217.3942307692308,220.3505747126437,221.4473684210526,223.005905511811,221.9309392265193,222.290909090909,220.283185840708,221.87109375,222.3125
211.25,217.5096153846154,220.3620689655172,221.3947368421053,222.9744094488189,221.9364640883978,222.3090909090909,220.3451327433629,221.94921875,222.3958333333333
211.3676470588235,217.625,220.3735632183908,221.3421052631579,222.9429133858268,221.9419889502763,222.3272727272727,220.4070796460177,222.02734375,222.4791666666667
211.4852941176471,217.7403846153846,220.3850574712644,221.2894736842105,222.9114173228347,221.9475138121547,222.3454545454545,220.4690265486726,222.10546875,222.5625
211.6029411764706,217.8557692307692,220.3965517241379,221.2368421052632,222.8799212598425,221.9530386740332,222.3636363636363,220.5309734513274,222.18359375,222.6458333333333
211.7205882352941,217.9711538461539,220.4080459770115,221.1842105263158,222.8484251968504,221.9585635359116,222.3818181818181,220.5929203539823,222.26171875,222.7291666666667
211.8382352941177,218.0865384615385,220.4195402298851,221.1315789473684,222.8169291338583,221.9640883977901,222.3999999999999,220.6548672566372,222.33984375,222.8125
211.9558823529412,218.2019230769231,220.4310344827587,221.078947368421,222.7854330708661,221.9696132596685,222.4181818181818,220.716814159292,222.41796875,222.8958333333333
212.0735294117647,218.3173076923077,220.4425287356322,221.0263157894737,222.753937007874,221.975138121547,222.4363636363636,220.7787610619469,222.49609375,222.9791666666667
212.1911764705882,218.4326923076923,220.4540229885058,220.9736842105263,222.7224409448819,221.9806629834254,222.4545454545454,220.8407079646018,222.57421875,223.0625
212.3088235294118,218.5480769230769,220.4655172413793,220.921052631579,222.6909448818897,221.9861878453039,222.4727272727272,220.9026548672566,222.65234375,223.1458333333333
212.4264705882353,218.6634615384615,220.4770114942529,220.8684210526316,222.6594488188977,221.9917127071823,222.490909090909,220.9646017699115,222.73046875,223.2291666666667
212.5441176470588,218.7526595744681,220.4885057471264,220.8157894736842,222.6279527559055,221.9972375690608,222.5090909090908,221.0265486725664,222.762,223.3125
212.6617647058823,218.7632978723404,220.5,220.7631578947368,222.5964566929134,222.0027624309392,222.5272727272727,221.0884955752212,222.778,223.3958333333333
212.7692307692308,218.7739361702128,220.5114942528735,220.7702702702703,222.5649606299212,222.0082872928177,222.5454545454545,221.1504424778761,222.794,223.4791666666667
212.8461538461538,218.7845744680851,220.5229885057472,220.7972972972973,222.5334645669291,222.0138121546962,222.5636363636363,221.212389380531,222.81,223.5625
212.9230769230769,218.7952127659574,220.5344827586207,220.8243243243243,222.501968503937,222.0193370165746,222.5818181818181,221.2743362831858,222.826,223.6458333333333
213,218.8058510638298,220.5459770114942,220.8513513513514,222.4704724409449,222.024861878453,222.5999999999999,221.3362831858407,222.842,223.7291666666667
213.0769230769231,218.8164893617021,220.5574712643678,220.8783783783784,222.4389763779527,222.0303867403315,222.6181818181818,221.3982300884956,222.858,223.8125
213.1538461538462,218.8271276595745,220.5689655172414,220.9054054054054,222.4074803149607,222.0359116022099,222.6363636363636,221.4601769911504,222.874,223.8958333333333
213.2307692307692,218.8377659574468,220.5804597701149,220.9324324324324,222.3759842519685,222.0414364640884,222.6545454545454,221.5221238938053,222.89,223.9791666666667
213.3076923076923,218.8484042553191,220.5919540229885,220.9594594594595,222.3444881889764,222.0469613259668,222.6727272727272,221.5840707964602,222.906,224.0625
213.3846153846154,218.8590425531915,220.6034482758621,220.9864864864865,222.3129921259843,222.0524861878453,222.690909090909,221.646017699115,222.922,224.1458333333333
213.4615384615385,218.8696808510638,220.6149425287356,221.0135135135135,222.2814960629921,222.0580110497237,222.7090909090909,221.7079646017699,222.938,224.2291666666667
213.5384615384615,218.8803191489362,220.6264367816092,221.0405405405405,222.25,222.0635359116022,222.7272727272727,221.7699115044248,222.954,224.2846153846154
213.6153846153846,218.8909574468085,220.6379310344828,221.0675675675676,222.2185039370079,222.0690607734807,222.7454545454545,221.8318584070797,222.97,224.3307692307692
213.6923076923077,218.9015957446809,220.6494252873563,221.0945945945946,222.1870078740158,222.0745856353591,222.7499999999999,221.8938053097345,222.986,224.3769230769231
213.7692307692308,218.9122340425532,220.6609195402299,221.1216216216216,222.1555118110236,222.0801104972376,222.7499999999999,221.9557522123894,223.002,224.4230769230769
213.8461538461539,218.9228723404256,220.6724137931034,221.1486486486486,222.1240157480315,222.085635359116,222.7499999999999,222.0176991150443,223.018,224.4692307692308
213.9230769230769,218.9335106382979,220.683908045977,221.1756756756757,222.0925196850393,222.0911602209945,222.75,222.0796460176991,223.034,224.5153846153846
214,218.9441489361702,220.6954022988506,221.2027027027027,222.0610236220473,222.0966850828729,222.7499999999999,222.141592920354,223.05,224.5615384615384
214.0769230769231,218.9547872340426,220.7068965517242,221.2297297297297,222.0295275590551,222.1022099447514,222.75,222.2035398230088,223.066,224.6076923076923
214.1538461538461,218.9654255319149,220.7183908045977,221.2685185185185,221.998031496063,222.1077348066298,222.7499999999999,222.264705882353,223.082,224.6538461538462
214.2307692307692,218.9760638297872,220.7298850574713,221.3425925925926,221.9665354330708,222.1132596685083,222.75,222.3235294117647,223.098,224.7
214.3108108108108,218.9867021276596,220.7413793103448,221.4166666666667,221.9350393700788,222.1187845303868,222.75,222.3823529411765,223.114,224.7461538461538
214.3918918918919,218.9973404255319,220.75,221.4907407407407,221.9035433070866,222.1243093922652,222.75,222.4411764705882,223.13,224.7923076923077
214.472972972973,219.0079787234043,220.75,221.5648148148148,221.8720472440945,222.1298342541436,222.75,222.5,223.146,224.8384615384616
214.5540540540541,219.0186170212766,220.75,221.6388888888889,221.8405511811023,222.1353591160221,222.75,222.5588235294118,223.162,224.8846153846154
214.6351351351351,219.0292553191489,220.75,221.7129629629629,221.8090551181103,222.1408839779006,222.75,222.6176470588235,223.178,224.9307692307692
214.7162162162163,219.0398936170213,220.75,221.787037037037,221.7775590551181,222.146408839779,222.75,222.6764705882353,223.194,224.9769230769231
214.7972972972973,219.0505319148936,220.75,221.8611111111111,221.746062992126,222.1519337016575,222.7575757575758,222.735294117647,223.21,225.0230769230769
214.8783783783784,219.0611702127659,220.75,221.9351851851852,221.7145669291338,222.1574585635359,222.7878787878788,222.7941176470588,223.226,225.0692307692308
214.9594594594595,219.0718085106383,220.75,222.0092592592593,221.6830708661417,222.1629834254144,222.8181818181818,222.8529411764706,223.242,225.1153846153846
215.0405405405405,219.0824468085106,220.9375,222.0833333333333,221.6515748031496,222.1685082872928,222.8484848484848,222.9117647058823,223.258,225.1615384615384
215.1216216216216,219.093085106383,221.1875,222.1574074074074,221.6200787401575,222.1740331491713,222.8787878787879,222.9705882352941,223.274,225.2076923076923
215.2027027027027,219.1037234042553,221.4375,222.2314814814815,221.5885826771654,222.1795580110497,222.9090909090909,223.0294117647059,223.29,225.2538461538462
215.2837837837838,219.1143617021277,221.6875,222.2302631578947,221.5570866141732,222.1850828729282,222.9393939393939,223.0882352941177,223.306,225.3
215.3648648648648,219.125,221.4772727272727,222.2039473684211,221.5255905511811,222.1906077348066,222.9696969696969,223.1470588235294,223.322,225.3461538461538
215.4459459459459,219.1356382978723,221.1136363636364,222.1776315789474,221.494094488189,222.1961325966851,223,223.2058823529412,223.338,225.3923076923077
215.527027027027,219.1462765957447,220.75,222.1513157894737,221.4625984251968,222.2016574585635,223.030303030303,223.2561728395062,223.354,225.4384615384616
215.6081081081081,219.156914893617,220.3863636363636,222.125,221.4311023622047,222.207182320442,223.060606060606,223.2808641975308,223.37,225.4846153846154
215.6891891891892,219.1675531914894,220.0227272727273,222.0986842105263,221.3996062992126,222.2127071823205,223.0909090909091,223.3055555555555,223.386,225.5307692307692
215.7727272727273,219.1781914893617,219.7857142857143,222.0723684210526,221.3681102362204,222.2182320441989,223.1212121212121,223.3302469135802,223.402,225.5769230769231
215.8636363636364,219.188829787234,219.9285714285714,222.0460526315789,221.3366141732284,222.2237569060774,223.1515151515151,223.3549382716049,223.418,225.623076923077
215.9545454545455,219.1994680851064,220.0714285714286,222.0197368421053,221.3051181102362,222.2292817679558,223.1818181818181,223.3796296296296,223.434,225.6692307692308
216.0454545454545,219.2101063829787,220.2142857142857,221.9934210526316,221.2736220472441,222.2348066298343,223.2121212121212,223.4043209876543,223.45,225.7153846153846
216.1363636363636,219.2207446808511,220.3571428571428,221.9671052631579,221.2678571428572,222.2403314917127,223.2424242424242,223.429012345679,223.466,225.7545454545455
216.2272727272727,219.2313829787234,220.5,221.9407894736842,221.3392857142857,222.2458563535912,223.2499999999999,223.4537037037036,223.482,225.7727272727273
216.3181818181818,219.2420212765958,220.6428571428572,221.9144736842105,221.4107142857143,222.25,223.2499999999999,223.4783950617283,223.498,225.7909090909091
216.4090909090909,219.2533783783784,220.7857142857143,221.8881578947368,221.4821428571429,222.25,223.2499999999999,223.503086419753,223.514,225.8090909090909
216.5,219.2668918918919,220.9285714285714,221.8618421052632,221.5535714285714,222.25,223.2499999999999,223.5277777777777,223.53,225.8272727272727
216.5909090909091,219.2804054054054,221.0714285714286,221.8355263157895,221.625,222.25,223.2499999999999,223.5524691358024,223.546,225.8454545454546
216.6818181818182,219.2939189189189,221.2142857142857,221.8092105263158,221.6964285714286,222.25,223.2499999999999,223.5771604938271,223.562,225.8636363636364
216.7727272727273,219.3074324324324,221.2875,221.7828947368421,221.7678571428571,222.25,223.2499999999999,223.6018518518518,223.578,225.8818181818182
216.8636363636363,219.320945945946,221.3375,221.7565789473684,221.8392857142857,222.25,223.2499999999999,223.6265432098764,223.594,225.9
216.9545454545454,219.3344594594595,221.3875,221.7045454545455,221.9107142857143,222.25,223.2499999999999,223.6512345679011,223.61,225.9181818181818
217.0454545454545,219.347972972973,221.4375,221.6439393939394,221.9821428571428,222.25,223.2499999999999,223.6759259259258,223.626,225.9363636363636
217.1363636363636,219.3614864864865,221.4875,221.5833333333333,222.0535714285714,222.25,223.2499999999999,223.7006172839505,223.642,225.9545454545454
217.2272727272727,219.375,221.5375,221.5227272727273,222.125,222.25,223.2499999999999,223.7253086419752,223.658,225.9727272727273
217.2159090909091,219.3885135135135,221.5875,221.4621212121212,222.1964285714286,222.25,223.2499999999999,223.7499999999999,223.674,225.9909090909091
217.1704545454546,219.402027027027,221.6375,221.4015151515152,222.21875,222.25,223.2499999999999,223.7499999999999,223.69,226.0090909090909
217.125,219.4155405405405,221.6875,221.3409090909091,222.09375,222.25,223.2499999999999,223.7499999999999,223.706,226.0272727272727
217.0795454545455,219.4290540540541,221.7375,221.280303030303,221.96875,222.25,223.2499999999999,223.7499999999999,223.722,226.0454545454546
217.0340909090909,219.4425675675676,221.625,221.219696969697,221.84375,222.25,223.2499999999999,223.7499999999999,223.738,226.0636363636364
216.9886363636364,219.4560810810811,221.4583333333333,221.1590909090909,221.71875,222.25,223.2499999999999,223.7499999999999,223.7461538461538,226.0818181818182
216.9431818181818,219.4695945945946,221.2916666666667,221.0984848484848,221.59375,222.25,223.2499999999999,223.7499999999999,223.7307692307692,226.1
216.8977272727273,219.4831081081081,221.125,221.0378787878788,221.46875,222.25,223.2499999999999,223.7499999999999,223.7153846153846,226.1181818181818
216.8522727272727,219.4966216216216,220.9583333333333,220.9772727272727,221.34375,222.25,223.2499999999999,223.7499999999999,223.7,226.1363636363636
216.8068181818182,219.5101351351352,220.7916666666667,220.9166666666667,221.2361111111111,222.25,223.2499999999999,223.75,223.6846153846154,226.1545454545455
216.7613636363637,219.5236486486486,220.75,220.8560606060606,221.1805555555556,222.25,223.2499999999999,223.75,223.6692307692308,226.1727272727273
216.7734375,219.5371621621622,220.75,220.7954545454545,221.125,222.25,223.2499999999999,223.75,223.6538461538462,226.1909090909091
216.8046875,219.5506756756757,220.75,220.75,221.0694444444444,222.25,223.2499999999999,223.75,223.6384615384615,226.2090909090909
216.8359375,219.5641891891892,220.75,220.75,221.0138888888889,222.25,223.2499999999999,223.75,223.6230769230769,226.2272727272727
216.8671875,219.5777027027027,220.8214285714286,220.75,220.9583333333333,222.25,223.2499999999999,223.75,223.6076923076923,226.2454545454545
216.8984375,219.5912162162162,220.9166666666667,220.75,220.9027777777778,222.25,223.2499999999999,223.75,223.5923076923077,226.1944444444445
216.9296875,219.6047297297297,221.0119047619048,220.75,220.8472222222222,222.25,223.2499999999999,223.75,223.5769230769231,226.1203703703704
216.9609375,219.6182432432432,221.1071428571429,220.75,220.7916666666667,222.1666666666667,223.2499999999999,223.75,223.5615384615385,226.0462962962963
216.9921875,219.6317567567568,221.202380952381,220.75,220.77,222.0555555555556,223.2499999999999,223.75,223.5461538461539,225.9722222222222
217.0234375,219.6452702702703,221.297619047619,220.75,220.85,221.9444444444445,223.2499999999999,223.75,223.5307692307692,225.8981481481481
217.0546875,219.6587837837838,221.3928571428572,220.75,220.93,221.8333333333333,223.2499999999999,223.75,223.5153846153846,225.824074074074
217.0859375,219.6722972972973,221.4880952380952,220.75,221.01,221.7222222222222,223.2499999999999,223.75,223.5,225.75
217.1171875,219.6858108108108,221.5833333333333,220.75,221.09,221.6111111111111,223.2499999999999,223.75,223.4846153846154,225.6759259259259
217.1484375,219.6993243243243,221.6785714285714,220.75,221.17,221.5,223.25,223.75,223.4692307692308,225.6018518518518
217.1796875,219.7128378378378,221.75,220.75,221.25,221.3888888888889,223.2499999999999,223.75,223.4538461538462,225.5277777777777
217.2109375,219.7263513513514,221.75,220.7,221.33,221.2777777777778,223.2499999999999,223.75,223.4384615384616,225.4537037037037
217.2421875,219.7398648648649,221.75,220.6333333333333,221.41,221.2222222222222,223.25,223.75,223.4230769230769,225.3796296296296
217.2083333333333,219.7448979591837,221.75,220.5666666666667,221.49,221.1851851851852,223.2499999999999,223.75,223.4076923076923,225.3055555555555
217.1527777777778,219.7244897959183,221.75,220.5,221.57,221.1481481481481,223.25,223.75,223.3923076923077,225.2314814814814
217.0972222222222,219.704081632653,221.75,220.4333333333333,221.65,221.1111111111111,223.25,223.75,223.3769230769231,225.1574074074074
217.0416666666667,219.6836734693878,221.75,220.3666666666667,221.73,221.0740740740741,223.25,223.75,223.3615384615385,225.0833333333333
216.9861111111111,219.6632653061224,221.75,220.3,221.625,221.037037037037,223.25,223.75,223.3461538461539,225.0092592592592
216.9305555555555,219.6428571428571,221.75,220.2884615384615,221.4583333333333,221,223.25,223.75,223.3307692307692,224.9351851851851
216.875,219.6224489795919,221.75,220.4423076923077,221.2916666666667,220.962962962963,223.25,223.75,223.3153846153846,224.8611111111111
216.8194444444445,219.6020408163266,221.75,220.5961538461539,221.125,220.9259259259259,223.25,223.7383720930232,223.3,224.787037037037
216.7638888888889,219.5816326530613,221.7403846153846,220.75,220.9583333333333,220.8888888888889,223.225,223.6918604651163,223.2846153846154,224.7306451612903
216.7083333333333,219.5612244897959,221.7019230769231,220.9038461538461,220.7916666666667,220.8518518518518,223.125,223.6453488372093,223.2692307692308,224.6919354838709
216.6527777777778,219.5408163265306,221.6634615384615,221.0576923076923,220.625,220.8148148148148,223.025,223.5988372093023,223.2538461538462,224.6532258064516
216.5972222222222,219.5204081632653,221.625,221.2115384615385,220.4583333333333,220.7777777777778,222.925,223.5523255813953,223.2241379310345,224.6145161290322
216.5416666666667,219.5,221.5865384615385,221.0625,220.2916666666667,220.7391304347826,222.825,223.5058139534883,223.1896551724138,224.5758064516129
216.4861111111111,219.4795918367347,221.5480769230769,220.8125,220.2125,220.695652173913,222.6428571428571,223.4593023255813,223.1551724137931,224.5370967741935
216.4305555555556,219.4591836734694,221.5096153846154,220.5625,220.1625,220.6521739130435,222.2142857142857,223.4127906976744,223.1206896551724,224.4983870967741
216.375,219.4387755102041,221.4711538461538,220.3125,220.1125,220.6086956521739,221.7857142857143,223.3662790697674,223.0862068965517,224.4596774193548
216.3194444444444,219.4183673469388,221.4326923076923,220.4107142857143,220.0625,220.5652173913043,221.3571428571429,223.3197674418604,223.051724137931,224.4209677419354
216.2638888888889,219.3979591836735,221.3942307692308,220.625,220.0125,220.5217391304348,221.25,223.2732558139534,223.0172413793103,224.3822580645161
216.2840909090909,219.3775510204082,221.3557692307692,220.8392857142857,219.9625,220.4782608695652,221.25,223.2899999999999,222.9827586206897,224.3435483870967
216.3295454545454,219.3571428571428,221.3173076923077,221.0535714285714,219.9125,220.4347826086956,221.2916666666667,223.3699999999999,222.948275862069,224.3048387096774
216.375,219.3367346938775,221.2788461538461,221.2678571428572,219.8625,220.3913043478261,221.4583333333333,223.4499999999999,222.9137931034483,224.266129032258
216.4204545454546,219.3163265306122,221.2432432432432,221.4821428571428,219.8125,220.3478260869565,221.625,223.5299999999999,222.8793103448276,224.2274193548387
216.4659090909091,219.2959183673469,221.2162162162162,221.6964285714286,219.7625,220.304347826087,221.7916666666667,223.6099999999999,222.8448275862069,224.1887096774193
216.5113636363636,219.2755102040816,221.1891891891892,221.5769230769231,219.7941176470588,220.2608695652174,221.9583333333333,223.6899999999999,222.8103448275862,224.15
216.5568181818182,219.2551020408163,221.1621621621622,221.3461538461539,219.8529411764706,220.3181818181818,222.125,223.7699999999999,222.7758620689655,224.1112903225806
216.6022727272727,219.21875,221.1351351351351,221.1153846153846,219.9117647058824,220.4090909090909,222.25,223.8499999999999,222.7413793103448,224.0725806451612
216.6477272727273,219.1770833333333,221.1081081081081,220.8846153846154,219.9705882352941,220.5,222.25,223.9299999999999,222.7068965517241,224.0338709677419
216.6931818181818,219.1354166666667,221.0810810810811,220.6538461538462,220.0294117647059,220.5909090909091,222.25,224.0099999999999,222.6724137931034,223.9951612903225
216.7386363636364,219.09375,221.0540540540541,220.4230769230769,220.0882352941177,220.6818181818182,222.25,224.0899999999999,222.6379310344827,223.9564516129032
216.75,219.0520833333333,221.027027027027,220.2833333333333,220.1470588235294,220.7727272727273,222.2499999999999,224.1699999999999,222.6034482758621,223.9177419354838
216.75,219.0104166666667,221,220.4166666666667,220.2058823529412,220.8636363636364,222.25,224.2499999999999,222.5689655172414,223.8790322580645
216.75,218.96875,220.972972972973,220.55,220.2222222222222,220.9545454545454,222.2499999999999,224.1973684210525,222.5344827586207,223.8403225806451
216.75,218.9270833333333,220.9459459459459,220.6833333333333,220.1111111111111,221.0454545454546,222.1666666666666,224.1447368421051,222.5,223.8016129032258
216.75,218.8854166666667,220.9189189189189,220.8166666666667,220,221.1363636363636,221.8333333333333,224.0921052631578,222.4655172413793,223.7629032258064
216.75,218.84375,220.8918918918919,220.95,219.8888888888889,221.2272727272727,221.4999999999999,224.0394736842104,222.4310344827586,223.7241935483871
216.75,218.8020833333333,220.8648648648649,221.0833333333333,219.7777777777778,221.2,221.1666666666666,223.9868421052631,222.3965517241379,223.6854838709677
216.75,218.7604166666667,220.8378378378379,221.2166666666667,219.6666666666667,221.1333333333333,220.8333333333333,223.9342105263157,222.3620689655172,223.6467741935484
216.75,218.9107142857143,220.8108108108108,221.3181818181818,219.5555555555555,221.0666666666667,220.7840909090908,223.8815789473683,222.3275862068965,223.608064516129
216.75,219.125,220.7837837837838,221.4090909090909,219.4444444444445,221,220.8295454545454,223.8289473684209,222.2931034482759,223.5693548387097
216.75,219.3392857142857,220.7567567567568,221.5,219.3333333333333,220.9333333333333,220.8749999999999,223.7763157894736,222.2586206896552,223.5306451612903
216.75,219.5535714285714,220.796875,221.5909090909091,219.3,220.8666666666667,220.9204545454545,223.6993670886075,222.2071428571428,223.491935483871
216.7916666666667,219.7678571428572,220.859375,221.6818181818182,219.5,220.8,220.965909090909,223.5981012658227,222.15,223.4532258064516
216.8472222222222,219.9821428571429,220.921875,221.7083333333333,219.7,220.7333333333333,221.0113636363636,223.4968354430379,222.0928571428572,223.4145161290323
216.9027777777778,220.1964285714286,220.984375,221.5416666666667,219.9,220.6666666666667,221.0568181818181,223.3955696202531,222.0357142857143,223.3758064516129
216.9583333333333,220.1818181818182,221.046875,221.375,220.1,220.6,221.1022727272727,223.2943037974683,221.9785714285714,223.3370967741936
217.0138888888889,220.0909090909091,221.109375,221.2083333333333,220.2666666666667,220.5333333333333,221.1477272727272,223.1930379746835,221.9214285714286,223.2983870967742
217.0694444444445,220,221.171875,221.0416666666667,220.3333333333333,220.4666666666667,221.1931818181818,223.0917721518987,221.8642857142857,223.2596774193549
217.125,219.9090909090909,221.234375,220.875,220.4,220.4,221.2386363636363,222.9905063291138,221.8071428571428,223.2134146341463
217.1805555555555,219.8181818181818,221.296875,220.7083333333333,220.4666666666667,220.3333333333333,221.2211538461538,222.889240506329,221.75,223.1646341463415
217.2361111111111,219.7272727272727,221.359375,220.5416666666667,220.5333333333333,220.2666666666667,221.1826923076923,222.7879746835442,221.6928571428572,223.1158536585366
217.0833333333333,219.6363636363636,221.421875,220.375,220.6,220,221.1442307692307,222.6867088607594,221.6357142857143,223.0670731707317
216.8611111111111,219.5454545454546,221.484375,220.234375,220.6666666666667,219.6666666666667,221.1057692307692,222.5854430379746,221.5785714285714,223.0182926829268
216.6388888888889,219.4545454545454,221.546875,220.171875,220.7333333333333,219.3333333333333,221.0673076923077,222.4841772151898,221.5214285714285,222.969512195122
216.4166666666667,219.3636363636364,221.609375,220.109375,220.5294117647059,219,221.0288461538461,222.382911392405,221.4642857142857,222.9207317073171
216.2833333333333,219.2727272727273,221.671875,220.046875,220.2352941176471,218.7,220.9903846153846,222.2816455696202,221.4071428571428,222.8719512195122
216.4166666666667,219.1818181818182,221.734375,219.984375,219.9411764705882,218.5,220.9519230769231,222.1803797468354,221.35,222.8231707317073
216.55,219.0909090909091,221.6847826086957,219.921875,219.6470588235294,218.3,220.9134615384615,222.0791139240506,221.2928571428571,222.7743902439024
216.6833333333333,219,221.5978260869565,219.859375,219.3529411764706,218.1,220.875,221.9778481012658,221.2357142857143,222.7256097560976
216.8166666666667,218.9090909090909,221.5108695652174,219.796875,219.0588235294118,217.9,220.8365384615385,221.876582278481,221.1785714285714,222.6768292682927
216.95,218.8181818181818,221.4239130434783,219.75,218.764705882353,217.7,220.7980769230769,221.7753164556962,221.1214285714286,222.6280487804878
217.0833333333333,218.7272727272727,221.3369565217391,219.75,218.4705882352941,217.5,220.7596153846154,221.7720588235294,221.0642857142857,222.5792682926829
217.2166666666667,218.6363636363636,221.25,219.75,218.2083333333333,217.3,220.6818181818182,221.8014705882353,221.0071428571429,222.530487804878
217.301724137931,218.5454545454545,221.1630434782609,219.75,218.0416666666667,217.1,220.5909090909091,221.8308823529412,220.95,222.4817073170732
217.3706896551724,218.4545454545455,221.0760869565217,219.75,217.875,216.9,220.5,221.8602941176471,220.8928571428571,222.4329268292683
217.4396551724138,218.3636363636364,220.9891304347826,219.75,217.7083333333333,216.7142857142857,220.4090909090909,221.8897058823529,220.8357142857143,222.3841463414634
217.5086206896552,218.2727272727273,220.9021739130435,219.7678571428571,217.5416666666667,216.5714285714286,220.3181818181818,221.9191176470588,220.7785714285714,222.3353658536585
217.5775862068965,218.3076923076923,220.8152173913043,219.8392857142857,217.375,216.4285714285714,220.2272727272727,221.9485294117647,220.7214285714286,222.2865853658537
217.6465517241379,218.3846153846154,220.7083333333333,219.9107142857143,217.2916666666667,216.2857142857143,220.1363636363636,221.9779411764706,220.6642857142857,222.22
217.7155172413793,218.4615384615385,220.5416666666667,219.9821428571428,217.4583333333333,216.1428571428571,220.0454545454546,222.0073529411765,220.6071428571429,222.1
217.7844827586207,218.5384615384615,220.375,220.0535714285714,217.625,216,219.9545454545454,222.0367647058823,220.55,221.98
217.8534482758621,218.6153846153846,220.2083333333333,220.125,217.7916666666667,215.8571428571429,219.8636363636364,222.0661764705882,220.4928571428572,221.86
217.9224137931034,218.6923076923077,220.0416666666667,220.1964285714286,217.9583333333333,215.7826086956522,219.7727272727273,222.0955882352941,220.4357142857143,221.74
217.9913793103448,218.7692307692308,219.875,220.25,218.125,215.9130434782609,219.75,222.125,220.3785714285714,221.62
218.0603448275862,218.8461538461539,219.7638888888889,220.25,218.2222222222222,216.0434782608696,219.75,222.1544117647059,220.3214285714286,221.5
218.1293103448276,218.9230769230769,219.8194444444445,220.25,218.1111111111111,216.1739130434783,219.75,222.1838235294118,220.2642857142857,221.38
218.198275862069,219,219.875,220.25,218,216.3043478260869,219.75,222.2132352941176,220.2232142857143,221.26
218.203125,219.0769230769231,219.9305555555555,220.25,217.8888888888889,216.4347826086956,219.75,222.2426470588235,220.1875,221.14
218.015625,219.1538461538461,219.9861111111111,220.25,217.7777777777778,216.5652173913043,219.75,222.203125,220.1517857142857,221.02
217.828125,219.2307692307692,220.0416666666667,220.203125,217.7083333333333,216.695652173913,219.75,222.140625,220.1160714285714,220.9
217.640625,218.9166666666667,220.0972222222222,220.015625,217.6527777777778,216.8260869565217,219.75,222.078125,220.0803571428571,220.78
217.453125,218.4722222222222,220.1527777777778,219.828125,217.5972222222222,216.9565217391304,219.7499999999999,222.015625,220.0446428571429,220.7094594594595
217.265625,218.0277777777778,220.2083333333333,219.640625,217.5416666666667,217.0869565217391,219.7499999999999,221.953125,220.0089285714286,220.6554054054054
217.078125,217.5833333333333,220.15625,219.453125,217.4861111111111,217.2173913043478,219.7499999999999,221.890625,219.9732142857143,220.6013513513514
216.890625,217.2692307692308,219.78125,219.265625,217.4305555555555,217.325,219.7499999999999,221.828125,219.9375,220.5472972972973
216.7045454545455,217.3461538461538,219.40625,219.078125,217.375,217.425,219.7499999999999,221.765625,219.9017857142857,220.4932432432432
216.5227272727273,217.4230769230769,219.03125,218.890625,217.3194444444445,217.525,219.7327586206896,221.703125,219.8660714285714,220.4391891891892
216.3409090909091,217.5,218.7403846153846,218.7403846153846,217.2638888888889,217.625,219.6637931034482,221.640625,219.8303571428571,220.3851351351351
216.1590909090909,217.5769230769231,218.7019230769231,218.7019230769231,217.2083333333333,217.725,219.5948275862069,221.578125,219.7946428571429,220.3310810810811
215.9772727272727,217.6538461538462,218.6634615384615,218.6634615384615,217.1527777777778,217.825,219.5258620689655,221.515625,219.7589285714286,220.277027027027
215.7954545454545,217.7307692307692,218.625,218.625,217.0972222222222,217.925,219.4568965517241,221.453125,219.7232142857143,220.222972972973
215.85,217.7211538461538,218.5865384615385,218.5865384615385,217.0416666666667,218.025,219.3879310344827,221.390625,219.6875,220.1689189189189
215.9833333333333,217.6826923076923,218.5480769230769,218.5480769230769,216.9861111111111,218.125,219.3189655172413,221.328125,219.6517857142857,220.1148648648649
216.1166666666666,217.6442307692308,218.5096153846154,218.5096153846154,216.9305555555555,218.225,219.25,221.265625,219.6160714285714,220.0608108108108
216.25,217.6057692307692,218.4711538461539,218.4711538461539,216.875,218.05,219.1810344827586,220.95,219.5803571428571,220.0067567567567
216.3833333333333,217.5673076923077,218.4326923076923,218.4326923076923,216.8194444444445,217.7833333333333,219.1120689655172,220.55,219.5446428571429,219.9527027027027
216.5166666666667,217.5288461538461,218.3942307692308,218.3942307692308,216.7638888888889,217.5166666666667,219.0431034482759,220.15,219.5089285714286,219.8986486486486
216.65,217.4903846153846,218.3557692307692,218.3557692307692,216.8275862068966,217.25,218.9741379310345,219.75,219.4732142857143,219.8445945945946
216.71875,217.4519230769231,218.3173076923077,218.3173076923077,216.9310344827586,216.9833333333333,218.9051724137931,219.35,219.4375,219.7905405405405
216.59375,217.4134615384615,218.2788461538462,218.2788461538462,217.0344827586207,216.7166666666667,218.8362068965517,219.2857142857143,219.4017857142857,219.75
216.46875,217.375,218.3571428571429,218.2386363636363,217.1379310344828,216.45,218.7672413793103,219.3333333333333,219.3660714285714,219.75
216.34375,217.3365384615385,218.7857142857143,218.1931818181818,217.2413793103448,216.2421875,218.6875,219.3809523809524,219.3303571428571,219.75
216.21875,217.2980769230769,219.2142857142857,218.1477272727273,217.3448275862069,216.2109375,218.6041666666667,219.4285714285714,219.2946428571429,219.75
216.09375,217.2596153846154,219.6428571428572,218.1022727272727,217.448275862069,216.1796875,218.5208333333333,219.4761904761905,219.2589285714286,219.75
215.96875,217.125,219.75,218.0568181818182,217.551724137931,216.1484375,218.4375,219.5238095238095,219.1477272727273,219.75
215.84375,216.9583333333333,219.75,218.0113636363636,217.6551724137931,216.1171875,218.3541666666667,219.5714285714286,219.0113636363636,219.75
215.7058823529412,216.7916666666667,219.75,217.9659090909091,217.7586206896552,216.0859375,218.2708333333333,219.6190476190476,218.875,219.75
215.5294117647059,216.625,219.75,217.9204545454545,217.8620689655172,216.0546875,218.1875,219.6666666666667,218.7386363636364,219.75
215.3529411764706,216.4583333333333,219.75,217.875,217.9655172413793,216.0234375,218.1041666666667,219.7142857142857,218.6022727272727,219.75
215.1764705882353,216.2916666666667,219.75,217.8295454545455,218.0689655172414,215.9921875,218.0208333333333,219.7236842105263,218.4659090909091,219.75
215,216.125,219.625,217.7840909090909,218.1724137931034,215.9609375,217.9375,219.6184210526316,218.3295454545454,219.75
214.8235294117647,215.9583333333333,219.4583333333333,217.78125,218.2583333333333,215.9296875,217.8541666666667,219.5131578947368,218.1931818181818,219.75
214.6470588235294,215.7916666666667,219.2916666666667,217.90625,218.2916666666667,215.8984375,217.7708333333333,219.4078947368421,218.0568181818182,219.75
214.4705882352941,215.625,219.125,218.03125,218.325,215.8671875,217.6964285714286,219.3026315789473,217.9204545454545,219.63
214.2941176470588,215.4583333333333,218.9583333333333,218.15625,218.3583333333333,215.8359375,217.625,219.1973684210526,217.7840909090909,219.47
214.3,215.2916666666667,218.7916666666667,218.28125,218.3916666666667,215.8046875,217.5535714285714,219.0921052631578,217.6477272727273,219.31
214.3666666666667,215.1964285714286,218.75,218.40625,218.425,215.7734375,217.4821428571429,218.9868421052631,217.5113636363637,219.15
214.4333333333333,215.125,218.75,218.53125,218.4583333333333,215.7727272727273,217.4107142857143,218.8815789473684,217.375,218.99
214.5,215.0535714285714,218.75,218.65625,218.4916666666667,215.8636363636363,217.3392857142857,218.7763157894736,217.2386363636364,218.83
214.5666666666667,214.9821428571428,218.75,218.7333333333333,218.525,215.9545454545455,217.2678571428572,218.6710526315789,217.1022727272727,218.67
214.6333333333333,214.9107142857143,218.7142857142857,218.6666666666667,218.5583333333333,216.0454545454546,217.28,218.5657894736841,216.9659090909091,218.51
214.7,214.8392857142857,218.5714285714286,218.6,218.5916666666666,216.1363636363636,217.32,218.4605263157894,216.8295454545454,218.35
214.7777777777778,214.7678571428571,218.4285714285714,218.5333333333333,218.625,216.2272727272727,217.36,218.3552631578947,216.6931818181818,218.19
214.8888888888889,214.801724137931,218.2857142857143,218.4666666666667,218.6583333333334,216.3181818181818,217.4,218.2499999999999,216.5568181818182,218.03
215,214.8706896551724,218.1818181818182,218.4,218.6916666666667,216.4090909090909,217.44,218.2129629629628,216.4204545454546,217.87
215.1111111111111,214.9396551724138,218.0909090909091,218.3333333333333,218.725,216.5,217.48,218.1759259259258,216.2840909090909,217.7201492537313
215.2222222222222,215.0086206896552,218,218.2666666666667,218.7321428571429,216.5909090909091,217.52,218.1388888888888,216.2941176470588,217.6007462686567
215.3333333333333,215.0775862068966,217.9090909090909,218.15625,218.6607142857143,216.6818181818182,217.56,218.1018518518517,216.3529411764706,217.4813432835821
215.4444444444445,215.1465517241379,217.8181818181818,218.03125,218.5892857142857,216.7291666666667,217.6,218.0648148148147,216.4117647058823,217.3619402985074
215.5555555555555,215.2155172413793,217.6666666666667,217.90625,218.5178571428571,216.6458333333333,217.64,218.0277777777777,216.4705882352941,217.2425373134328
215.6666666666667,215.2844827586207,217.3333333333333,217.78125,218.4464285714286,216.5625,217.6799999999999,217.9907407407406,216.5294117647059,217.1231343283582
215.6666666666667,215.3534482758621,217,217.65625,218.375,216.4791666666667,217.72,217.9537037037036,216.5882352941176,217.0037313432836
215.3333333333333,215.4224137931035,216.6666666666667,217.53125,218.3035714285714,216.3958333333333,217.7023809523809,217.9166666666665,216.6470588235294,216.8843283582089
215,215.4913793103448,216.3333333333333,217.40625,218.2321428571428,216.3125,217.5119047619047,217.8796296296295,216.7058823529412,216.7649253731343
214.6666666666667,215.5603448275862,216,217.28125,218.1607142857143,216.2291666666667,217.3214285714285,217.8425925925925,216.625,216.6455223880596
214.3333333333333,215.6293103448276,215.7291666666667,217.1710526315789,218.0892857142857,216.1458333333333,217.1309523809524,217.8055555555555,216.125,216.526119402985
214,215.698275862069,215.6458333333333,217.0657894736842,218.0178571428571,216.0625,216.9404761904761,217.7685185185184,215.625,216.4067164179104
213.7380952380952,215.7265625,215.5625,216.9605263157895,217.9464285714286,215.9791666666667,216.75,217.6918604651162,215.265625,216.2873134328358
213.6904761904762,215.6328125,215.4791666666667,216.8552631578947,217.875,215.8958333333333,216.5595238095238,217.5755813953487,215.328125,216.1679104477611
213.6428571428571,215.5390625,215.3958333333333,216.75,217.8035714285714,215.8125,216.3690476190476,217.4593023255813,215.390625,216.0485074626865
213.5952380952381,215.4453125,215.3125,216.6447368421053,217.75,215.7386363636364,216.1785714285714,217.3430232558138,215.453125,215.9291044776119
213.547619047619,215.3515625,215.2291666666667,216.5394736842105,217.75,215.6931818181818,215.9880952380952,217.2267441860464,215.515625,215.8097014925373
213.5,215.2578125,215.1458333333333,216.4342105263158,217.75,215.6477272727273,215.7976190476191,217.110465116279,215.578125,215.7136363636363
213.452380952381,215.1640625,215.0625,216.3289473684211,217.75,215.6022727272727,215.7,216.9941860465115,215.640625,215.640909090909
213.4047619047619,215.0703125,214.9791666666667,216.265625,217.75,215.5568181818182,215.6333333333333,216.8779069767441,215.703125,215.5681818181818
213.3571428571428,214.9765625,214.8958333333333,216.328125,217.75,215.5113636363636,215.5666666666667,216.7616279069767,215.7083333333333,215.4954545454545
213.3095238095238,214.8828125,214.8125,216.390625,217.75,215.4659090909091,215.5,216.6453488372092,215.5416666666667,215.4227272727272
213.2619047619048,214.7890625,214.7708333333333,216.453125,217.75,215.4204545454546,215.4333333333333,216.5290697674418,215.375,215.35
213.21875,214.6953125,214.8541666666667,216.515625,217.5454545454546,215.375,215.3666666666667,216.4127906976743,215.2083333333333,215.2772727272727
213.1770833333333,214.6015625,214.9375,216.578125,217.2727272727273,215.3295454545455,215.3,216.2965116279069,215.0416666666667,215.2045454545454
213.1354166666667,214.5078125,215.0208333333333,216.640625,217,215.2840909090909,215.2613636363637,216.1802325581394,214.875,215.1318181818182
213.09375,214.4140625,215.1041666666667,216.703125,216.7272727272727,215.2386363636364,215.3068181818182,216.063953488372,214.7115384615385,215.0590909090909
213.0520833333333,214.3203125,215.1875,216.7307692307692,216.4545454545454,215.1931818181818,215.3522727272727,215.9476744186046,214.5576923076923,214.9863636363636
213.0104166666667,214.2403846153846,215.2708333333333,216.6538461538462,216.2267441860465,215.1477272727273,215.3977272727273,215.8313953488371,214.4038461538462,214.9136363636364
212.96875,214.2019230769231,215.3541666666667,216.5769230769231,216.1337209302326,215.1022727272727,215.4431818181818,215.7151162790697,214.25,214.8409090909091
212.9270833333333,214.1634615384615,215.4375,216.5,216.0406976744186,215.0568181818182,215.4886363636364,215.5988372093023,214.0961538461538,214.7681818181818
212.8854166666667,214.125,215.5208333333333,216.4230769230769,215.9476744186046,215.0113636363636,215.5340909090909,215.4825581395348,213.9423076923077,214.6443661971831
212.84375,214.0865384615385,215.6041666666667,216.3461538461539,215.8546511627907,214.9659090909091,215.5795454545454,215.3662790697674,213.7884615384615,214.5035211267605
212.8020833333333,214.0480769230769,215.6875,216.2692307692308,215.7616279069767,214.9204545454546,215.625,215.2499999999999,213.6428571428572,214.362676056338
212.7604166666667,214.0096153846154,215.72,215.6875,215.6686046511628,214.875,215.6704545454546,215.0978260869565,213.5,214.2218309859155
212.7875,213.9711538461539,215.6,214.9375,215.5755813953488,214.8295454545454,215.7159090909091,214.945652173913,213.3571428571429,214.080985915493
212.8375,213.9326923076923,215.48,214.7857142857143,215.4825581395348,214.7840909090909,215.6818181818182,214.7934782608695,213.2142857142857,213.9401408450704
212.8875,213.8942307692308,215.36,214.8333333333333,215.3895348837209,214.7083333333333,215.4090909090909,214.641304347826,213.0714285714286,213.7992957746479
212.9375,213.8557692307692,215.24,214.8809523809524,215.2965116279069,214.5416666666667,215.1363636363636,214.4891304347826,212.9285714285714,213.6584507042253
212.9875,213.8173076923077,215.12,214.9285714285714,215.2214285714285,214.375,214.8636363636364,214.3369565217391,212.7857142857143,213.5176056338028
213.0375,213.7788461538462,215,214.9761904761905,215.1642857142857,214.2083333333333,214.5909090909091,214.1847826086956,212.6428571428571,213.3767605633803
213.0875,213.7386363636364,214.88,215.0238095238095,215.1071428571428,214.0416666666667,214.3181818181818,214.0326086956521,212.5,213.2359154929577
213.1375,213.6931818181818,214.76,215.0714285714286,215.05,213.875,214.1923076923077,213.8804347826086,212.3571428571429,213.0950704225352
213.1875,213.6477272727273,214.64,215.1190476190476,214.9928571428571,213.7083333333333,214.1153846153846,213.7282608695652,212.2142857142857,212.9542253521126
213.2375,213.6022727272727,214.52,215.1666666666667,214.9357142857143,213.5416666666667,214.0384615384615,213.5760869565217,212.0714285714286,212.8133802816901
213.1136363636364,213.5568181818182,214.4,215.2142857142857,214.8785714285714,213.375,213.9615384615385,213.4239130434782,211.9285714285714,212.6725352112676
212.9318181818182,213.5113636363636,214.28,215.235294117647,214.8214285714286,213.2083333333333,213.8846153846154,213.2717391304347,211.7857142857143,212.531690140845
212.75,213.4659090909091,214.2058823529412,215.1764705882353,214.7642857142857,213.0416666666667,213.8076923076923,213.1195652173913,211.6428571428571,212.3908450704225
212.5681818181818,213.4204545454545,214.1470588235294,215.1176470588235,214.6477272727273,212.875,213.65,212.9673913043478,211.5,212.2499999999999
212.3863636363636,213.375,214.0882352941177,215.0588235294118,214.5113636363636,212.7083333333333,213.25,212.8152173913043,211.3571428571429,212.0394736842105
212.1666666666667,213.3295454545455,214.0294117647059,215,214.375,212.5416666666667,212.85,212.6630434782608,211.2142857142857,211.828947368421
211.8333333333333,213.2840909090909,213.9705882352941,214.9411764705882,214.2386363636364,212.375,212.45,212.5108695652173,211.0714285714286,211.6184210526316
211.5,213.1818181818182,213.9117647058823,214.8823529411765,214.1022727272727,212.2363636363636,212.05,212.3586956521739,210.9285714285714,211.4078947368421
211.1666666666667,212.9090909090909,213.8529411764706,214.8235294117647,213.9659090909091,212.1818181818182,211.7375,212.2065217391304,210.7857142857143,211.2222222222222
210.8333333333333,212.6363636363636,213.7941176470588,214.764705882353,213.8295454545455,212.1272727272728,211.6875,212.0543478260869,210.6666666666667,211.1111111111111
210.6875,212.3636363636364,213.6805555555555,214.7125,213.6931818181818,212.0727272727273,211.6375,211.9021739130434,210.5555555555555,211
210.6041666666667,212.0909090909091,213.4027777777778,214.6625,213.5568181818182,212.0181818181818,211.5875,211.7499999999999,210.4444444444444,210.8888888888889
210.5208333333333,211.8181818181818,213.125,214.6125,213.4204545454545,211.9636363636363,211.5375,211.5797872340425,210.3333333333333,210.7777777777778
210.4375,211.6666666666667,212.8472222222222,214.5625,213.2840909090909,211.9090909090909,211.4875,211.4095744680851,210.2222222222222,210.6666666666667
210.3541666666667,211.5555555555556,212.5694444444445,214.5125,213.2216981132075,211.8545454545454,211.4375,211.2393617021276,210.1111111111111,210.5555555555555
210.2708333333333,211.4444444444444,212.2916666666667,214.4625,213.1839622641509,211.8,211.3874999999999,211.0691489361701,210,210.4444444444445
210.1875,211.3333333333333,212.0138888888889,214.4125,213.1462264150943,211.7454545454545,211.3374999999999,210.8989361702127,209.8888888888889,210.3333333333333
210.1041666666667,211.2222222222222,211.7361111111111,214.3625,213.1084905660377,211.6909090909091,211.2874999999999,210.7287234042553,209.7777777777778,210.2211538461538
210.0208333333333,211.1111111111111,211.4583333333333,214.3125,213.0707547169811,211.6363636363636,211.2631578947368,210.5585106382978,209.6666666666667,210.1057692307692
209.9375,211,211.24,214.2625,213.0330188679245,211.5818181818182,211.3157894736842,210.3882978723403,209.5555555555555,209.9903846153846
209.8541666666667,210.8888888888889,211.2,214.109375,212.9952830188679,211.5272727272727,211.3684210526315,210.2180851063829,209.4444444444445,209.875
209.7708333333333,210.7777777777778,211.16,213.921875,212.9575471698113,211.4727272727273,211.4210526315789,210.0478723404255,209.3333333333333,209.7596153846154
209.8,210.6666666666667,211.12,213.734375,212.9198113207547,211.4181818181818,211.4736842105262,209.877659574468,209.1833333333333,209.6442307692308
209.8666666666666,210.5555555555555,211.08,213.546875,212.8820754716981,211.3636363636364,211.5263157894736,209.7074468085106,208.9166666666667,209.5288461538461
209.9333333333333,210.4444444444445,211.04,213.359375,212.8443396226415,211.3090909090909,211.578947368421,209.5372340425531,208.65,209.4134615384615
210,210.3333333333333,211,213.171875,212.8066037735848,211.2545454545455,211.6315789473684,209.3670212765957,208.3833333333333,209.2980769230769
210.0666666666667,210.2222222222222,210.96,212.984375,212.7688679245282,211.2,211.6842105263157,209.1968085106382,208.1166666666667,209.1826923076923
210.1333333333334,210.1111111111111,210.92,212.796875,212.79,211.1454545454546,211.7368421052631,209.0265957446808,207.85,209.0673076923077
210.2,210,210.88,212.6346153846154,212.87,211.0909090909091,211.5999999999999,208.8563829787234,207.5833333333333,208.9519230769231
210.203125,209.8888888888889,210.84,212.4807692307693,212.95,211.0363636363636,211.3999999999999,208.6861702127659,207.3166666666667,208.8365384615385
210.015625,209.7777777777778,210.8,212.3269230769231,213.03,210.9818181818182,211.2,208.5159574468084,207.1875,208.7065217391304
209.828125,209.6875,210.76,212.1730769230769,213.11,210.9272727272727,211,208.345744680851,207.1041666666667,208.5326086956522
209.640625,209.6041666666667,210.6136363636363,212.0192307692308,213.19,210.8727272727273,210.8,208.1755319148936,207.0208333333333,208.3586956521739
209.453125,209.5208333333333,210.4318181818182,211.8653846153846,213.1029411764706,210.8181818181818,210.6,208.0053191489361,206.9375,208.1847826086957
209.265625,209.4375,210.25,211.7083333333333,212.5147058823529,210.7636363636364,210.4,207.8351063829787,206.8541666666667,208.0108695652174
209.078125,209.3541666666667,210.0681818181818,211.5416666666667,211.9264705882352,210.6666666666667,210.2,207.7124999999999,206.7708333333333,207.8369565217391
208.890625,209.2708333333333,209.8863636363636,211.375,211.3382352941176,210.5555555555556,210,207.6375,206.6875,207.6630434782609
208.7222222222222,209.1875,209.75,211.1944444444445,210.7499999999999,210.4444444444445,209.8,207.5624999999999,206.6041666666667,207.4891304347826
208.6111111111111,209.1041666666667,209.75,210.9722222222223,210.6590909090908,210.3333333333333,209.6136363636364,207.4875,206.5208333333333,207.3152173913043
208.5,209.0208333333333,209.75,210.75,210.5681818181818,210.2222222222222,209.4318181818182,207.4125,206.4375,207.1413043478261
208.3888888888889,208.9375,209.75,210.5277777777778,210.4772727272727,210.1111111111111,209.25,207.3374999999999,206.3541666666667,206.9673913043478
208.2777777777778,208.8541666666667,209.75,210.3055555555556,210.3863636363636,210,209.0681818181818,207.2624999999999,206.2708333333333,206.7934782608696
208.1666666666667,208.7708333333333,209.75,210.1666666666667,210.2954545454545,209.8888888888889,208.8863636363636,207.1874999999999,206.2125,206.609375
208.0555555555555,208.6875,209.75,210.0555555555556,210.2045454545454,209.7777777777778,208.76,207.1124999999999,206.1625,206.421875
207.9444444444445,208.6041666666667,209.75,209.9444444444445,210.1136363636363,209.6666666666667,208.8,207.0375,206.1125,206.234375
207.8333333333333,208.5208333333333,209.75,209.8333333333333,210.0227272727272,209.5555555555555,208.84,206.9624999999999,206.0625,206.046875
207.7222222222222,208.4375,209.75,209.6500000000001,209.9318181818181,209.4444444444445,208.88,206.8874999999999,206.0125,205.859375
207.6111111111111,208.3541666666667,209.75,209.25,209.840909090909,209.3333333333333,208.92,206.8124999999999,205.9625,205.671875
207.5,208.2708333333333,209.75,208.85,209.7499999999999,209.2222222222222,208.96,206.7375,205.9125,205.484375
207.3888888888889,208.1375,209.75,208.8522727272727,209.6590909090909,209.1111111111111,209,206.6624999999999,205.8625,205.296875
207.2777777777778,207.9875,209.75,208.9886363636363,209.5681818181818,209,209.04,206.5874999999999,205.8125,205.109375
207.1818181818182,207.8375,209.3214285714286,209.125,209.4772727272727,208.8888888888889,209.08,206.5124999999999,205.7625,204.921875
207.0909090909091,207.6875,208.75,209.2613636363636,209.3863636363636,208.7777777777778,209.1199999999999,206.4374999999999,205.4375,204.734375
207,207.5375,208.1785714285714,209.3977272727273,209.2954545454545,208.6666666666667,209.16,206.3624999999999,205.0208333333333,204.546875
206.9090909090909,207.3875,207.7361111111111,209.5340909090909,209.2045454545454,208.5555555555555,209.2,206.2874999999999,204.6041666666667,204.359375
206.8181818181818,207.2375,207.6805555555556,209.6704545454545,209.1136363636363,208.4444444444444,209.24,206.1722222222222,204.1875,204.171875
206.7272727272727,207.0875,207.625,209.8068181818182,209.0227272727272,208.3333333333333,209.0892857142856,206.0166666666666,203.7708333333333,203.984375
206.6363636363636,206.9375,207.5694444444444,209.9431818181818,208.9318181818181,208.2386363636364,208.8749999999999,205.8611111111111,203.3541666666667,203.796875
206.5454545454545,206.7875,207.5138888888889,210.0795454545455,208.840909090909,208.1931818181818,208.6607142857142,205.7055555555555,203.2083333333333,203.6388888888889
206.4545454545455,206.6642857142857,207.4583333333333,210.2159090909091,208.7499999999999,208.1477272727273,208.4464285714285,205.55,203.1527777777778,203.4907407407407
206.3636363636364,206.55,207.4027777777778,209.9875,208.6590909090908,208.1022727272727,208.2321428571428,205.3944444444444,203.0972222222222,203.3425925925926
206.2727272727273,206.4357142857143,207.3472222222222,209.6375,208.5681818181818,208.0568181818182,208.0178571428571,205.2388888888889,203.0416666666667,203.1944444444445
206.1774193548387,206.3214285714286,207.2916666666667,209.2875,208.4772727272727,208.0113636363636,207.8035714285714,205.0833333333333,202.9861111111111,203.0462962962963
206.0806451612903,206.2071428571429,207.3,208.9375,208.3863636363636,207.9659090909091,207.5892857142857,204.9277777777777,202.9305555555555,202.8981481481482
205.983870967742,206.0928571428571,207.5,208.5875,208.2954545454545,207.9204545454546,207.3749999999999,204.7722222222222,202.875,202.75
205.8870967741935,205.9785714285714,207.7,208.2375,208.205223880597,207.875,207.1607142857142,204.6166666666666,202.8194444444445,202.6018518518518
205.7903225806452,205.8642857142857,207.9,207.8875,208.115671641791,207.8295454545455,206.9464285714285,204.4611111111111,202.7638888888889,202.4537037037037
205.6935483870968,205.75,208.1,207.5375,208.026119402985,207.7840909090909,206.7321428571428,204.3055555555555,202.66,202.3055555555556
205.5967741935484,205.6357142857143,208.1388888888889,207.1875,207.9365671641791,207.6875,206.5178571428571,204.1499999999999,202.54,202.1574074074074
205.5,205.5214285714286,207.6944444444445,206.8375,207.8470149253731,207.4375,206.3035714285714,203.9944444444444,202.42,202.0092592592593
205.4032258064516,205.4071428571429,207.25,206.675,207.7574626865671,207.1875,206.2016129032258,203.8388888888888,202.3,201.8611111111111
205.3064516129032,205.2928571428571,206.8055555555556,206.575,207.6679104477612,206.9375,206.1370967741935,203.6833333333333,202.18,201.7222222222222
205.2096774193548,205.1785714285714,206.3611111111111,206.475,207.5783582089552,206.6875,206.0725806451612,203.5277777777777,202.06,201.6111111111111
205.1129032258065,205.0642857142857,206.2010869565217,206.375,207.4888059701492,206.4375,206.008064516129,203.3722222222222,201.94,201.5
205.0161290322581,204.95,206.1358695652174,206.275,207.3992537313433,206.1875,205.9435483870967,203.2166666666666,201.82,201.3888888888889
204.9193548387097,204.8357142857143,206.070652173913,206.175,207.3097014925373,205.9375,205.8790322580645,203.0611111111111,201.7,201.2777777777778
204.8225806451613,204.73,206.0054347826087,206.075,207.2201492537313,205.75,205.8145161290322,202.9055555555555,201.58,201.1666666666667
204.7348484848485,204.65,205.9402173913043,205.975,207.1305970149254,205.75,205.75,202.75,201.46,201.0555555555555
204.6742424242424,204.57,205.875,205.875,207.0410447761194,205.75,205.6854838709677,202.6630434782608,201.34,200.9444444444445
204.6136363636364,204.49,205.8097826086957,205.775,206.9514925373134,205.75,205.6209677419354,202.5760869565217,201.2083333333333,200.8333333333333
204.5530303030303,204.41,205.7445652173913,205.7297297297297,206.8619402985074,205.75,205.5564516129032,202.4891304347826,201.0416666666667,200.7222222222222
204.4924242424242,204.33,205.679347826087,205.7027027027027,206.7723880597015,205.7416666666667,205.4919354838709,202.4021739130434,200.875,200.6111111111111
204.4318181818182,204.25,205.6141304347826,205.6756756756757,206.6796875,205.7083333333333,205.4274193548387,202.3152173913043,200.7083333333333,200.5
204.3712121212121,204.17,205.5489130434783,205.6486486486486,206.5859375,205.675,205.3629032258064,202.2282608695652,200.5416666666667,200.3888888888889
204.3106060606061,204.09,205.4836956521739,205.6216216216216,206.4921875,205.6416666666667,205.2983870967742,202.141304347826,200.375,200.2777777777778
204.25,204.01,205.4184782608696,205.5945945945946,206.3984375,205.6083333333333,205.2068965517242,202.0543478260869,200.2083333333333,200.015625
204.1893939393939,203.93,205.3532608695652,205.5675675675676,206.3046875,205.575,205.0344827586207,201.9673913043478,200.0416666666667,199.703125
204.1287878787879,203.85,205.2880434782609,205.5405405405405,206.2109375,205.5416666666667,204.8620689655172,201.8804347826087,199.875,199.390625
204.0681818181818,203.77,205.2228260869565,205.5135135135135,206.1171875,205.5083333333333,204.6896551724138,201.7934782608695,199.7142857142857,199.078125
204.0075757575758,203.6136363636364,205.1576086956522,205.4864864864865,206.0234375,205.475,204.5172413793103,201.7065217391304,199.5714285714286,198.765625
203.9469696969697,203.4318181818182,205.0923913043478,205.4594594594595,205.9296875,205.4416666666667,204.3448275862069,201.6195652173913,199.4285714285714,198.453125
203.8863636363637,203.25,205.0271739130435,205.4324324324324,205.8359375,205.4083333333333,204.1724137931035,201.5326086956521,199.2857142857143,198.140625
203.8257575757576,203.0681818181818,204.9619565217391,205.4054054054054,205.7421875,205.375,204,201.445652173913,199.1428571428571,197.828125
203.7651515151515,202.8863636363636,204.8967391304348,205.3783783783784,205.6484375,205.3416666666666,203.8275862068966,201.3586956521739,199,197.6818181818182
203.6847826086957,202.7045454545454,204.8315217391304,205.3513513513514,205.5546875,205.3083333333333,203.6551724137931,201.2717391304347,198.8571428571429,197.5909090909091
203.5978260869565,202.5227272727273,204.7663043478261,205.3243243243243,205.4609375,205.275,203.4827586206897,201.1847826086956,198.7142857142857,197.5
203.5108695652174,202.3409090909091,204.6785714285714,205.2972972972973,205.3671875,205.2152777777778,203.3103448275862,201.0978260869564,198.5714285714286,197.4090909090909
203.4239130434783,202.1590909090909,204.5833333333333,205.2702702702703,205.2734375,205.0763888888889,203.1379310344828,201.0108695652173,198.4285714285714,197.3181818181818
203.3369565217392,201.9772727272727,204.4880952380952,205.2083333333333,205.1328125,204.9375,202.9655172413793,200.9239130434782,198.2857142857143,197.2272727272727
203.25,201.7954545454546,204.3928571428572,205.0416666666667,204.9765625,204.7986111111111,202.7931034482759,200.8369565217391,198.1428571428571,197.1363636363636
203.1630434782609,201.6875,204.297619047619,204.875,204.8203125,204.6597222222222,202.6944444444445,200.7499999999999,198,197.0454545454546
203.0760869565217,201.6041666666667,204.202380952381,204.7083333333333,204.6640625,204.5208333333333,202.6203703703704,200.6071428571428,197.8571428571429,196.9545454545454
202.9891304347826,201.5208333333333,204.1071428571428,204.5416666666667,204.5078125,204.3819444444445,202.5462962962963,200.4642857142857,197.7142857142857,196.8636363636364
202.9021739130435,201.4375,204.0119047619048,204.375,204.3515625,204.2430555555556,202.4722222222222,200.3214285714285,197.5714285714286,196.7727272727273
202.8152173913043,201.3541666666667,203.9166666666667,204.2083333333333,204.1953125,204.1041666666667,202.3981481481482,200.1785714285714,197.4285714285714,196.5948275862069
202.6911764705883,201.2708333333333,203.8214285714286,204.0416666666667,204.0390625,203.9652777777778,202.3240740740741,200.0357142857142,197.2857142857143,196.3879310344828
202.4558823529412,201.3,203.7261904761905,203.875,203.8828125,203.8263888888889,202.25,199.8928571428571,197.1428571428571,196.1810344827586
202.2205882352941,201.3666666666667,203.6309523809524,203.7083333333333,203.7265625,203.6875,202.1759259259259,199.7499999999999,197,195.9741379310345
201.9852941176471,201.4333333333333,203.5357142857143,203.5416666666667,203.5703125,203.5486111111111,202.1018518518518,199.6071428571428,196.8571428571429,195.7672413793104
201.75,201.5,203.4404761904762,203.375,203.4140625,203.4097222222222,202.0277777777778,199.4642857142857,196.7071428571429,195.5603448275862
201.514705882353,201.5666666666667,203.3452380952381,203.2083333333333,203.2578125,203.2708333333334,201.9537037037037,199.3214285714285,196.5357142857143,195.3534482758621
201.2794117647059,201.6333333333333,203.25,203.0416666666667,203.1015625,203.1319444444445,201.8796296296296,199.1996402877697,196.3642857142857,195.146551724138
201.0441176470588,201.7,203.1547619047619,202.875,202.9453125,202.9930555555556,201.8055555555555,199.0989208633093,196.1928571428572,194.9396551724138
200.8088235294118,201.6818181818182,203.0595238095238,202.7321428571429,202.7890625,202.8541666666667,201.74,198.9982014388489,196.0214285714286,194.7327586206897
200.6875,201.4090909090909,202.9642857142857,202.6607142857143,202.7894736842105,202.7166666666667,201.7,198.8974820143885,195.85,194.5258620689655
200.6041666666667,201.1363636363637,202.8690476190476,202.5892857142857,202.8421052631579,202.5833333333333,201.66,198.796762589928,195.6785714285714,194.3189655172414
200.5208333333333,200.8636363636364,202.7738095238095,202.5178571428572,202.8947368421053,202.45,201.62,198.6960431654676,195.5071428571429,194.1120689655172
200.4375,200.5909090909091,202.6136363636364,202.4464285714286,202.9473684210526,202.3166666666667,201.58,198.5953237410071,195.3357142857143,193.9051724137931
200.3541666666667,200.3181818181818,202.4318181818182,202.375,203,202.1833333333334,201.54,198.4946043165467,195.1642857142857,193.7166666666667
200.2708333333334,200.2058823529412,202.25,202.3035714285714,203.0526315789474,202.05,201.5,198.3938848920863,194.9928571428571,193.5833333333334
200.1875,200.1470588235294,202.0681818181818,202.2321428571429,203.1052631578947,201.9166666666667,201.46,198.2931654676259,194.8214285714286,193.45
200.1041666666667,200.0882352941177,201.8863636363636,202.1607142857143,203.1578947368421,201.7833333333333,201.42,198.1924460431654,194.65,193.3166666666667
200.0208333333333,200.0294117647059,201.7045454545455,202.0892857142857,203.2105263157895,201.65,201.38,198.091726618705,194.4785714285715,193.1833333333333
199.9375,199.9705882352941,201.5227272727273,202.0178571428572,203.2,201.5166666666667,201.34,197.9910071942446,194.3071428571429,193.05
199.8541666666667,199.9117647058824,201.3409090909091,201.9464285714286,203,201.3833333333334,201.3,197.8902877697842,194.1357142857143,192.9166666666667
199.7708333333333,199.8529411764706,201.1590909090909,201.875,202.8,201.25,201.26,197.7895683453237,193.9642857142857,192.7833333333333
199.671052631579,199.7941176470588,200.9772727272727,201.8035714285714,202.6,201.1166666666667,201.0454545454546,197.6888489208633,193.7928571428571,192.65
199.5657894736842,199.65625,200.7954545454546,201.7159090909091,202.4,200.9833333333333,200.7727272727273,197.5881294964028,193.671052631579,192.5166666666667
199.4605263157895,199.28125,200.6796875,201.5795454545455,202.2,200.85,200.5,197.4874100719424,193.5657894736842,192.3833333333334
199.3552631578947,198.90625,200.5859375,201.4431818181818,202,200.7421875,200.2272727272727,197.3866906474819,193.4605263157895,192.25
199.25,198.53125,200.4921875,201.3068181818182,201.8,200.7109375,199.9545454545455,197.2859712230215,193.3552631578947,192.1166666666667
199.1447368421053,198.15625,200.3984375,201.1704545454546,201.375,200.6796875,199.7222222222222,197.1852517985611,193.25,191.9833333333333
199.0394736842105,197.78125,200.3046875,201.0340909090909,200.875,200.6484375,199.6111111111111,197.0845323741007,193.1447368421053,191.85
198.9342105263158,197.4062500000001,200.2109375,200.8977272727273,200.375,200.6171875,199.5,196.9838129496403,193.0394736842105,191.68
198.828947368421,197.0312500000001,200.1171875,200.7613636363636,199.875,200.5859375,199.3888888888889,196.8830935251798,192.9342105263158,191.4
198.703125,196.7666666666667,200.0234375,200.625,199.7857142857143,200.5546875,199.2777777777778,196.7823741007194,192.828947368421,191.12
198.515625,196.8333333333333,199.9296875,200.4886363636364,199.8333333333333,200.5234375,199.1666666666667,196.6816546762589,192.7236842105263,190.84
198.328125,196.9,199.8359375,200.3522727272727,199.8809523809524,200.4921875,199.0555555555555,196.5809352517985,192.6184210526316,190.56
198.140625,196.9666666666667,199.7421875,200.25,199.9285714285714,200.4609375,198.9444444444445,196.4802158273381,192.5131578947368,190.28
197.953125,197.0333333333333,199.6484375,200.25,199.9761904761905,200.4296875,198.8333333333333,196.3794964028776,192.4078947368421,190
197.765625,197.1,199.5546875,200.25,200.0238095238095,200.3984375,198.75,196.2787769784172,192.3026315789474,189.72
197.578125,197.1666666666667,199.4609375,200.25,200.0714285714286,200.3671875,198.75,196.1780575539568,192.1973684210526,189.44
197.390625,197.2333333333333,199.3671875,200.25,200.1190476190476,200.3359375,198.75,196.0773381294964,192.0921052631579,189.16
197.2142857142857,197.15,199.2734375,200.25,200.1666666666667,200.3046875,198.75,195.9766187050359,191.9868421052632,188.88
197.0714285714286,197.0166666666667,199.2151162790698,200.25,200.2142857142857,200.2734375,198.75,195.8758992805755,191.8815789473684,188.6
196.9285714285714,196.8833333333334,199.1686046511628,200.25,200.234375,200.2227272727273,198.75,195.775179856115,191.7763157894737,188.32
196.7857142857143,196.75,199.1220930232558,200.25,200.171875,200.1136363636363,198.6964285714286,195.6,191.6081081081081,188.1136363636363
196.6428571428572,196.6166666666667,199.0755813953488,200.1875,200.109375,200.0045454545455,198.4821428571428,195.3999999999999,191.4189189189189,187.9318181818182
196.5,196.4833333333333,199.0290697674419,199.9375,200.046875,199.8954545454545,198.2678571428572,195.1999999999999,191.2297297297297,187.75
196.3571428571428,196.35,198.9825581395349,199.6875,199.984375,199.7863636363636,198.0535714285714,194.9999999999999,191.0405405405405,187.5681818181818
196.1944444444445,196.225,198.9360465116279,199.4375,199.921875,199.6772727272727,197.8392857142857,194.8,190.8513513513513,187.3863636363637
195.9722222222222,196.125,198.8895348837209,199.2261904761905,199.859375,199.5681818181818,197.625,194.5999999999999,190.6621621621622,187.2045454545454
195.75,196.025,198.8430232558139,199.1309523809524,199.796875,199.4590909090909,197.4107142857143,194.3999999999999,190.472972972973,187.0227272727273
195.5277777777777,195.925,198.796511627907,199.0357142857143,199.6973684210526,199.35,197.2214285714286,194.2,190.2837837837838,186.8409090909091
195.3055555555555,195.825,198.75,198.9404761904762,199.4868421052632,199.2409090909091,197.1071428571429,193.9999999999999,190.0945945945946,186.6590909090909
195.1176470588235,195.775,198.703488372093,198.8452380952381,199.2763157894737,199.1318181818182,196.9928571428571,193.8,189.9054054054054,186.4772727272727
194.9411764705882,195.875,198.6569767441861,198.75,199.0657894736842,199.0227272727273,196.8785714285714,193.6696428571428,189.7162162162162,186.2954545454546
194.7647058823529,195.975,198.6104651162791,198.6547619047619,198.8552631578947,198.9136363636364,196.7642857142857,193.5624999999999,189.527027027027,186.1136363636364
194.5882352941176,196.075,198.5639534883721,198.5595238095238,198.6447368421053,198.8045454545455,196.65,193.4553571428571,189.3378378378379,185.9318181818182
194.4117647058823,196.175,198.5174418604651,198.4642857142857,198.4342105263158,198.6954545454545,196.5357142857143,193.3482142857142,189.1486486486486,185.75
194.235294117647,196.22,198.4709302325581,198.3690476190476,198.2236842105263,198.5863636363636,196.4214285714286,193.2410714285714,188.9594594594595,185.5681818181818
194.0588235294117,196.1,198.4244186046512,198.2738095238095,198.0131578947368,198.4772727272727,196.3071428571428,193.1339285714285,188.7702702702703,185.3863636363637
193.8823529411764,195.98,198.3779069767442,198.1666666666667,197.8026315789474,198.3681818181818,196.1928571428572,193.0267857142857,188.5810810810811,185.1826923076923
193.7777777777777,195.86,198.3313953488372,198.0555555555555,197.6964285714286,198.2590909090909,196.0785714285714,192.9196428571428,188.3918918918919,184.9134615384615
193.8888888888889,195.74,198.2848837209302,197.9444444444445,197.625,198.15,195.9642857142857,192.8124999999999,188.2058823529412,184.6442307692308
194,195.62,198.2232142857143,197.8333333333333,197.5535714285714,198.0409090909091,195.85,192.7053571428571,188.0294117647059,184.375
194.1111111111111,195.5,198.1160714285714,197.7222222222222,197.4821428571429,197.9318181818182,195.7357142857143,192.5982142857142,187.8529411764706,184.1057692307693
194.2222222222222,195.38,198.0089285714286,197.6111111111111,197.4107142857143,197.8227272727273,195.6214285714286,192.4910714285714,187.6764705882353,183.8365384615385
193.96875,195.26,197.9017857142857,197.5,197.3392857142857,197.7136363636364,195.5071428571429,192.3839285714285,187.5,183.5673076923077
193.59375,195.14,197.7946428571428,197.3888888888889,197.2678571428571,197.6045454545455,195.3928571428572,192.2767857142857,187.3235294117647,183.2980769230769
193.21875,195.02,197.6875,197.2777777777778,197.1964285714286,197.4954545454545,195.2785714285714,192.0624999999999,187.1470588235294,183.0288461538461
192.84375,194.9,197.5803571428572,197.16,197.125,197.3863636363637,195.225,191.8124999999999,186.9705882352941,182.7596153846154
192.72,194.78,197.4732142857143,197.04,197.0535714285714,197.2772727272727,195.1916666666667,191.5624999999999,186.7941176470588,182.4903846153846
192.68,194.6642857142857,197.3660714285714,196.92,196.9821428571429,197.1875,195.1583333333333,191.3124999999999,186.6176470588235,182.2211538461538
192.64,194.55,197.2589285714286,196.8,196.9107142857143,197.1041666666667,195.125,191.0624999999999,186.4411764705882,181.9519230769231
192.6,194.4357142857143,197.1517857142857,196.68,196.8392857142857,197.0208333333333,195.0916666666667,190.8124999999999,186.264705882353,181.695652173913
192.56,194.3214285714286,197.0446428571429,196.56,196.7678571428571,196.9375,195.0583333333333,190.5624999999999,186.0882352941177,181.4782608695652
192.52,194.2071428571429,196.9375,196.44,196.6617647058824,196.8541666666667,195.025,190.3124999999999,185.9117647058823,181.2608695652174
192.48,194.0928571428572,196.8303571428571,196.32,196.5441176470588,196.7708333333333,194.9916666666667,190.0624999999999,185.735294117647,181.0434782608696
192.44,193.9785714285715,196.7272727272727,196.2,196.4264705882353,196.6875,194.9583333333333,189.8124999999999,185.5588235294118,180.8260869565217
192.4,193.8642857142857,196.6363636363637,196.08,196.3088235294118,196.6041666666667,194.925,189.7105263157894,185.3823529411765,180.6086956521739
192.36,193.75,196.5454545454545,195.96,196.1911764705882,196.5208333333333,194.8916666666667,189.6578947368421,185.1842105263158,180.3913043478261
192.32,193.6357142857143,196.4545454545455,195.84,196.0735294117647,196.4375,194.8583333333333,189.6052631578947,184.921052631579,180.1739130434783
192.28,193.5214285714286,196.3636363636364,195.765625,195.9558823529412,196.3541666666667,194.825,189.5526315789473,184.6578947368421,179.9565217391304
192.1964285714286,193.4071428571429,196.2727272727273,195.828125,195.8382352941177,196.2708333333333,194.7916666666667,189.4999999999999,184.3947368421053,179.7391304347826
191.9821428571429,193.2928571428571,196.1818181818182,195.890625,195.7205882352941,196.1,194.7583333333333,189.4473684210526,184.1315789473684,179.5217391304348
191.7678571428571,193.1785714285714,196.0909090909091,195.953125,195.6029411764706,195.9,194.4285714285714,189.3947368421052,183.8684210526316,179.304347826087
191.5535714285714,193.0642857142857,196,196.015625,195.4852941176471,195.7,194,189.3421052631578,183.6052631578947,179.0625
191.3392857142857,192.95,195.9090909090909,196.078125,195.3676470588235,195.5,193.5714285714286,189.2894736842105,183.3421052631579,178.8125
191.125,192.8357142857143,195.8181818181818,196.140625,195.25,195.3,193.2327586206896,189.235294117647,183.0789473684211,178.5625
190.9107142857143,192.7211538461538,195.7272727272727,196.203125,195.1323529411765,195.1,193.1637931034483,189.1764705882352,182.8157894736842,178.3125
190.7121212121212,192.6057692307692,195.6363636363636,196.1944444444445,195.0147058823529,194.9,193.0948275862069,189.1176470588235,182.6875,178.0625
190.560606060606,192.4903846153846,195.5454545454546,195.9722222222222,194.8970588235294,194.725,193.0258620689655,189.0588235294117,182.6041666666667,177.8125
190.4090909090909,192.375,195.4545454545454,195.75,194.7794117647059,194.625,192.9568965517241,188.9999999999999,182.5208333333333,177.5625
190.2575757575758,192.2596153846154,195.3636363636364,195.5277777777778,194.6388888888889,194.525,192.8879310344828,188.9411764705882,182.4375,177.3125
190.1060606060606,192.1442307692308,195.2727272727273,195.3055555555555,194.4907407407407,194.425,192.8189655172414,188.8823529411764,182.3541666666667,177.1428571428571
189.9545454545455,192.0288461538461,195.1818181818182,195.1818181818182,194.3425925925926,194.325,192.75,188.8235294117646,182.2708333333333,177
189.8030303030303,191.9134615384615,195.0909090909091,195.0909090909091,194.1944444444445,194.225,192.6810344827586,188.7647058823529,182,176.8571428571429
189.6515151515151,191.7980769230769,195,195,194.0462962962963,194.125,192.6120689655172,188.6057692307692,181.6666666666667,176.7142857142857
189.5,191.6826923076923,194.9090909090909,194.9090909090909,193.8981481481482,194.025,192.5431034482759,188.4134615384615,181.3333333333333,176.5714285714286
189.3484848484848,191.5673076923077,194.8181818181818,194.8181818181818,193.75,193.925,192.4741379310345,188.2211538461538,181,176.4285714285714
189.1969696969697,191.4519230769231,194.6833333333333,194.7272727272727,193.6018518518518,193.825,192.4051724137931,188.0288461538461,180.6666666666667,176.2857142857143
189.0454545454546,191.3365384615385,194.4166666666667,194.6363636363636,193.4537037037037,193.7142857142857,192.3362068965517,187.8365384615384,180.3333333333333,176.1428571428571
188.8939393939394,191.2241379310345,194.15,194.5454545454546,193.3055555555556,193.5714285714286,192.2672413793103,187.6442307692307,180,176
188.7424242424242,191.1206896551724,193.8833333333333,194.4545454545454,193.1574074074074,193.4285714285714,192.13,187.451923076923,179.7155172413793,175.8571428571429
188.5909090909091,191.0172413793103,193.6166666666667,194.3636363636364,193.0092592592593,193.2857142857143,191.97,187.2596153846153,179.5775862068965,175.65
188.4393939393939,190.9137931034483,193.35,194.2727272727273,192.8611111111111,193.1428571428572,191.81,187.0673076923076,179.4396551724138,175.25
188.2878787878788,190.8103448275862,193.0833333333333,194.125,192.7177419354839,193,191.65,186.8749999999999,179.301724137931,174.85
188,190.7068965517242,192.8166666666667,193.9583333333333,192.5887096774193,192.8571428571429,191.49,186.6826923076922,179.1637931034483,174.45
187.6666666666667,190.6034482758621,192.675,193.7916666666667,192.4596774193548,192.725,191.33,186.4903846153846,179.0258620689655,174.05
187.3333333333333,190.5,192.575,193.625,192.3306451612903,192.625,191.17,186.2980769230769,178.8879310344828,173.65
187,190.3965517241379,192.475,193.4583333333333,192.2016129032258,192.525,191.01,186.0833333333333,178.75,173.25
186.7307692307693,190.2931034482759,192.375,193.2916666666667,192.0725806451613,192.425,190.85,185.8611111111111,178.6120689655172,172.85
186.6538461538461,190.1896551724138,192.275,193.125,191.9435483870968,192.325,190.69,185.6388888888889,178.4741379310345,172.45
186.5769230769231,190.0862068965517,192.175,192.9583333333333,191.8145161290323,192.21875,190.53,185.4166666666666,178.3362068965517,172.05
186.5,189.9827586206897,192.075,192.7916666666667,191.6854838709677,192.09375,190.37,185.1944444444444,178.198275862069,171.7045454545454
186.4230769230769,189.8793103448276,191.975,192.6176470588235,191.5564516129032,191.96875,190.1979166666667,184.9722222222222,178.0603448275862,171.5227272727273
186.3461538461539,189.7758620689655,191.875,192.4411764705883,191.4274193548387,191.84375,189.9895833333333,184.7499999999999,177.9224137931035,171.3409090909091
186.2692307692307,189.65625,191.775,192.264705882353,191.2983870967742,191.7291666666667,189.78125,184.5277777777777,177.7844827586207,171.1590909090909
185.8214285714286,189.53125,191.6634615384615,192.0882352941177,191.1693548387097,191.6458333333333,189.5729166666667,184.3055555555555,177.59375,170.9772727272727
185.25,189.40625,191.5480769230769,191.9117647058823,191.0403225806452,191.5625,189.3645833333333,184.1666666666666,177.3854166666667,170.7954545454546
184.6785714285714,189.28125,191.4326923076923,191.735294117647,190.9112903225806,191.4791666666667,189.15625,184.0555555555555,177.1770833333333,170.4615384615385
184.2142857142857,189.15625,191.3173076923077,191.5588235294118,190.7822580645161,191.3958333333333,188.9479166666667,183.9444444444444,176.96875,170.0769230769231
184.0714285714286,189.03125,191.2019230769231,191.3823529411765,190.6428571428571,191.3125,188.7395833333333,183.8333333333333,176.7604166666667,169.6923076923077
183.9285714285714,188.90625,191.0865384615385,191.1911764705882,190.5,191.1590909090909,188.53125,183.7222222222222,176.5520833333333,169.3076923076923
183.7857142857143,188.78125,190.9711538461538,190.9558823529412,190.3571428571429,190.7954545454545,188.3229166666667,183.6111111111111,176.34375,168.9230769230769
183.6428571428572,188.6,190.8557692307692,190.7205882352941,190.2142857142857,190.4318181818182,188.1145833333333,183.4999999999999,176.1354166666667,168.5384615384615
183.5,188.4,190.7403846153846,190.4852941176471,190.0714285714286,190.0681818181818,187.90625,183.3888888888888,175.9270833333333,168.1875
183.3571428571428,188.2,190.625,190.25,189.9285714285714,189.7045454545455,187.7096774193548,183.2777777777777,175.71875,167.9375
183.2142857142857,188,190.5096153846154,190.0147058823529,189.7857142857143,189.3409090909091,187.5483870967742,183.0454545454545,175.5104166666667,167.6875
183.0714285714286,187.8,190.3942307692308,189.7794117647059,189.5454545454545,189.1176470588235,187.3870967741936,182.7727272727272,175.3020833333333,167.4375
182.9285714285714,187.6,190.2788461538461,189.5441176470588,189.2727272727273,188.9411764705883,187.2258064516129,182.4999999999999,175.0357142857143,167.1875
182.7857142857143,187.4,190.16,189.3088235294118,189,188.764705882353,187.0645161290323,182.2272727272727,174.75,166.9375
182.6521739130435,187.2065217391304,190.04,189.1847826086957,188.7272727272727,188.5882352941177,186.9032258064516,181.9545454545454,174.4642857142857,166.6875
182.5217391304348,187.0326086956522,189.92,189.0978260869565,188.4545454545455,188.4117647058823,186.741935483871,181.6818181818181,174.1785714285714,166.4375
182.3913043478261,186.8586956521739,189.8,189.0108695652174,188.25,188.2352941176471,186.5806451612903,181.4090909090909,173.8928571428571,166.1458333333333
182.2608695652174,186.6847826086957,189.68,188.9239130434783,188.25,188.0588235294118,186.4193548387097,181.1363636363636,173.6071428571429,165.7291666666667
182.1304347826087,186.5108695652174,189.56,188.8369565217391,188.25,187.8823529411765,186.258064516129,180.8636363636363,173.3214285714286,165.3125
182,186.3369565217391,189.44,188.75,188.25,187.6964285714286,186.0967741935484,180.590909090909,173.0555555555555,164.8958333333333
181.8695652173913,186.1630434782609,189.32,188.6630434782609,188.25,187.4821428571428,185.9354838709677,180.3181818181818,172.7962962962963,164.4791666666667
181.7391304347826,185.9891304347826,189.2,188.5760869565217,188.25,187.2678571428572,185.7741935483871,180.1,172.537037037037,164.0625
181.6086956521739,185.8152173913043,189.08,188.4891304347826,188.1666666666667,187.0535714285714,185.6129032258065,179.8999999999999,172.2777777777778,163.7083333333333
181.4782608695652,185.6413043478261,188.96,188.4021739130435,187.8333333333333,186.8392857142857,185.4516129032258,179.6999999999999,172.0185185185185,163.5416666666667
181.3478260869565,185.4673913043478,188.84,188.3152173913043,187.5,186.625,185.2903225806452,179.4999999999999,171.7592592592592,163.375
181.1875,185.2934782608696,188.703125,188.2053571428571,187.1666666666667,186.4107142857143,185.09375,179.3,171.5,163.2083333333333
180.9375,185.1617647058823,188.515625,188.0267857142857,186.8333333333333,186.2166666666667,184.8854166666667,179.1,171.2407407407408,163.0416666666667
180.6875,185.0441176470588,188.328125,187.8482142857143,186.5,186.0833333333333,184.6770833333333,178.8999999999999,170.9814814814815,162.875
180.4375,184.9264705882353,188.140625,187.6696428571429,186.2045454545454,185.95,184.46875,178.6999999999999,170.7222222222222,162.7083333333333
180.1874999999999,184.8088235294118,187.953125,187.4910714285714,186.0227272727273,185.8166666666667,184.2604166666667,178.4999999999999,170.462962962963,162.5416666666667
179.9375,184.6911764705882,187.765625,187.3125,185.8409090909091,185.6833333333333,184.0520833333333,178.2999999999999,170.2037037037037,162.375
179.6875,184.5735294117647,187.578125,187.1339285714286,185.6590909090909,185.55,183.84375,178.141304347826,169.9444444444444,162.1875
179.4374999999999,184.4558823529412,187.390625,186.9553571428571,185.4772727272727,185.4166666666667,183.6354166666667,177.9963768115941,169.6875,161.9375
179.1874999999999,184.3382352941177,187.1964285714286,186.7767857142857,185.2954545454546,185.2833333333333,183.4270833333333,177.8514492753623,169.4375,161.6875
178.9374999999999,184.1590909090909,186.9821428571429,186.5982142857143,185.25,185.1923076923077,183.21875,177.7065217391304,169.1875,161.4375
178.6764705882352,183.7954545454546,186.7678571428571,186.4196428571428,185.25,185.1153846153846,183.0104166666667,177.5615942028985,168.9375,161.1875
178.3823529411764,183.4318181818182,186.5535714285714,186.2410714285714,185.25,185.0384615384615,182.8020833333333,177.4166666666666,168.6875,160.9375
178.0882352941176,183.0681818181818,186.3392857142857,186.0625,185.1666666666667,184.9615384615385,182.6136363636364,177.2717391304348,168.4375,160.625
177.7941176470588,182.7045454545454,186.125,185.8839285714286,184.8333333333333,184.8846153846154,182.4318181818182,177.1268115942028,168.1875,160.125
177.4999999999999,182.3409090909091,185.9107142857143,185.6617647058823,184.5,184.8076923076923,182.25,176.9818840579709,167.9375,159.625
177.2058823529411,182.1176470588235,185.6833333333333,185.3088235294118,184.1666666666667,184.7,182.0681818181818,176.8369565217391,167.6875,159.125
176.9117647058823,181.9411764705883,185.4166666666667,184.9558823529412,183.8333333333333,184.5,181.8863636363636,176.6920289855072,167.4375,158.625
176.6176470588235,181.764705882353,185.15,184.6029411764706,183.5,184.3,181.7045454545454,176.5471014492753,167.1875,158.125
176.3235294117646,181.5882352941176,184.8833333333333,184.25,183.1666666666667,184.1,181.5227272727273,176.4021739130434,166.9375,157.671052631579
175.985294117647,181.4117647058824,184.6166666666667,183.8970588235294,182.8333333333333,183.9,181.3409090909091,176.2572463768115,166.6875,157.3552631578947
175.6323529411764,181.2352941176471,184.35,183.5441176470588,182.5,183.7,181.1590909090909,176.1123188405796,166.4375,157.0394736842105
175.2794117647058,181.0588235294118,184.0833333333333,183.1911764705882,182.1666666666667,183.5,180.9772727272727,175.9673913043478,166.1875,156.7236842105263
174.9264705882352,180.8823529411765,183.8166666666667,182.8382352941177,181.8333333333333,183.3,180.7954545454546,175.8224637681159,165.9375,156.4078947368421
