209.8750000000001,219.7105263157896,229.2803030303031,231.3388888888889,230.8421985815603,227.7894736842106,226.8928571428571,218,214.8617021276596,218.7187500000001
210.3750000000001,219.8684210526316,229.3409090909091,231.5166666666667,231.0265957446809,228,227.1785714285714,218.1818181818182,215.0851063829787,218.8437500000001
210.8750000000001,220.0263157894738,229.4015151515152,231.6944444444445,231.2109929078014,228.2105263157895,227.4642857142857,218.3636363636364,215.3085106382979,218.9687500000001
211.3750000000001,220.1842105263158,229.4621212121212,231.8722222222222,231.395390070922,228.421052631579,227.75,218.5454545454546,215.531914893617,219.0937500000001
211.8076923076924,220.342105263158,229.5227272727273,232.05,231.5797872340426,228.6315789473685,228.0357142857143,218.7272727272727,215.7553191489362,219.2187500000001
212.0384615384616,220.5000000000001,229.5833333333333,232.2277777777778,231.7641843971631,228.8421052631579,228.3214285714286,218.9090909090909,215.9787234042553,219.7
212.2692307692308,220.6578947368421,229.6439393939394,232.4055555555556,231.9485815602837,229.0526315789474,228.6071428571428,219.0909090909091,216.2021276595744,220.3000000000001
212.5000000000001,220.8157894736843,229.7045454545454,232.5833333333333,232.1329787234043,229.2631578947369,228.8928571428572,219.2727272727273,216.4255319148936,220.7884615384616
212.7307692307693,220.9736842105264,229.8392857142857,232.7611111111111,232.3173758865248,229.4736842105264,229.1785714285714,219.4545454545454,216.6489361702128,220.9423076923077
212.9615384615385,221.1315789473685,230.1964285714286,232.9388888888889,232.5017730496454,229.6842105263158,229.4642857142857,219.6363636363637,216.8723404255319,221.0961538461539
213.1923076923078,221.2916666666667,230.5535714285714,233.1166666666667,232.6861702127659,229.8947368421053,229.75,219.8181818181818,217.0957446808511,221.2500000000001
213.423076923077,221.4583333333334,230.9107142857143,233.2944444444445,232.8705673758865,230.1052631578947,230.0357142857143,220,217.3191489361702,221.4038461538462
213.6538461538462,221.6250000000001,231.2678571428571,233.4722222222222,233.0549645390071,230.3157894736842,230.2807017543859,220.25,217.5425531914894,221.5576923076924
213.8846153846154,221.7916666666667,231.625,233.65,233.2393617021277,230.5263157894737,230.4035087719298,220.5,217.7659574468085,221.7115384615385
214.1153846153847,221.9583333333334,231.9821428571429,233.8277777777778,233.4237588652482,230.7368421052632,230.5263157894737,220.75,217.9893617021277,222.0714285714286
214.3461538461539,222.1250000000001,232.3125,234.0055555555556,233.6081560283688,230.9473684210526,230.6491228070175,221,218.2127659574468,222.5000000000001
214.5769230769232,222.2916666666667,232.5625,234.1688394507978,233.7925531914894,231.1578947368421,230.7719298245614,221.25,218.4361702127659,222.9285714285715
214.8157894736843,222.4583333333334,232.8125,234.2838329452852,233.9769503546099,231.3684210526316,230.8947368421053,221.5,218.6595744680851,223.3461538461539
215.0789473684211,222.6250000000001,233.0625,234.3988264397727,234.1613475177305,231.5789473684211,231.0175438596491,221.75,218.8829787234043,223.7307692307693
215.342105263158,222.7976190476191,233.3125,234.5138199342601,234.3457446808511,231.7894736842105,231.140350877193,222,219.1063829787234,224.1153846153847
215.6052631578948,222.9880952380953,233.5625,234.6288134287475,234.5301418439716,232,231.2631578947368,222.25,219.3297872340426,224.5000000000001
215.8684210526316,223.1785714285715,233.8125,234.743806923235,234.7145390070922,232.1875,231.3859649122807,222.5,219.5531914893617,224.8846153846155
216.1315789473685,223.3690476190477,234.0625000000001,234.8588004177224,234.8989361702127,232.375,231.5087719298245,222.75,219.7765957446809,225.2692307692308
216.3947368421053,223.5595238095239,234.3125,234.9737939122098,235.0833333333333,232.5625,231.6315789473684,223,220,225.6538461538462
216.6578947368421,223.7500000000001,234.5625,235.0887874066973,235.2677304964539,232.75,231.7543859649123,223.125,220.3267326732673,226.0000000000001
216.921052631579,223.9404761904762,234.8125000000001,235.2037809011847,235.4521276595744,232.9375,231.8771929824561,223.25,220.6534653465347,226.3333333333334
217.1842105263158,224.1309523809525,235.0625000000001,235.3187743956721,235.636524822695,233.125,232,223.375,220.980198019802,226.6666666666667
217.4078947368421,224.3214285714286,235.3095238095239,235.4337678901595,235.8209219858156,233.3125,232.2,223.5,221.3069306930693,226.6875000000001
217.6184210526316,224.5119047619048,235.5476190476191,235.548761384647,236.0053191489362,233.5,232.4,223.625,221.6336633663366,226.6041666666667
217.8289473684211,224.702380952381,235.7857142857143,235.6637548791344,236.1897163120567,233.6875,232.6,223.75,221.960396039604,226.5208333333334
218.0394736842106,224.9062500000001,236.0238095238096,235.8571428571428,236.3741134751773,233.875,232.8,223.875,222.2871287128713,226.4375000000001
218.2500000000001,225.1145833333334,236.2619047619048,236.2857142857143,236.5585106382979,234.0625,233,224,222.6138613861386,226.3541666666667
218.4605263157895,225.3229166666667,236.5000000000001,236.7142857142857,236.7429078014184,234.25,233.2,224.4,222.940594059406,226.2708333333334
218.671052631579,225.5312500000001,236.7380952380953,237.1428571428572,236.927304964539,234.4375,233.4,224.8,223.2673267326733,226.6250000000001
218.8815789473685,225.7395833333334,236.9761904761905,237.3625,237.1117021276596,234.625,233.6,225.2,223.5940594059406,227.1250000000001
219.0921052631579,225.9479166666667,237.2142857142858,237.5125,237.2833333333333,234.8125,233.8,225.6,223.9207920792079,227.6250000000001
219.3026315789474,226.1562500000001,237.452380952381,237.6625,237.4166666666667,235,234,226,224.2475247524752,228.0000000000001
219.5131578947369,226.3645833333334,237.6904761904762,237.8125,237.55,235.1666666666667,234.2,226.4,224.5742574257426,228.3333333333334
219.7236842105264,226.5729166666667,237.7031250000001,237.9625,237.6833333333333,235.3333333333333,234.4,226.8,224.9009900990099,228.6666666666667
219.9342105263159,226.7812500000001,237.6406250000001,238.1125,237.8166666666667,235.5,234.6,227.2,225.2277227722772,229.0000000000001
220.1447368421053,226.9895833333334,237.5781250000001,238.2625,237.95,235.6666666666667,234.8,227.6,225.5544554455446,229.3333333333334
220.3552631578948,227.1979166666667,237.515625,238.4125,238.0833333333333,235.8333333333333,235,228,225.8811881188119,229.6666666666667
220.5657894736843,227.423076923077,237.453125,238.5625,238.2166666666667,236,235.2,228.25,226.2079207920792,229.9545454545455
220.7763157894738,227.6538461538462,237.390625,238.7125,238.3181818181818,236.1666666666667,235.4,228.5,226.5346534653465,230.2272727272728
220.9868421052632,227.8846153846154,237.328125,238.7941176470588,238.4090909090909,236.3333333333333,235.6,228.75,226.8613861386139,230.5000000000001
221.1973684210527,228.1153846153847,237.265625,238.8529411764706,238.5,236.5,235.8,229,227.1881188118812,230.7727272727273
221.4264705882354,228.3461538461539,237.5,238.9117647058824,238.5909090909091,236.6666666666667,236,229.25,227.5148514851485,231.0454545454546
221.6617647058824,228.5769230769232,237.8333333333333,238.9705882352941,238.6818181818182,236.8333333333333,236.1428571428571,229.5,227.8415841584159,231.2916666666667
221.8970588235294,228.8076923076924,238.1666666666667,239.0294117647059,238.7727272727273,237,236.2857142857143,229.75,228.1683168316832,231.4583333333334
222.1323529411765,229.0384615384616,238.5,239.0882352941176,238.8636363636364,237.1666666666667,236.4285714285714,230,228.45,231.6250000000001
222.3676470588236,229.2692307692308,238.8333333333333,239.1470588235294,238.9545454545454,237.3333333333333,236.5714285714286,230.25,228.7166666666667,231.7916666666667
222.6029411764706,229.5000000000001,239.1666666666667,239.2058823529412,239.0454545454546,237.5,236.7142857142857,230.5,228.9833333333333,231.9583333333334
222.8382352941177,229.7307692307693,239.5,239.2794117647059,239.1363636363636,237.6666666666667,236.8571428571429,230.75,229.25,232.1250000000001
223.0735294117648,229.9615384615385,239.765625,239.3970588235294,239.2272727272727,237.8333333333333,237,231,229.5166666666667,232.3214285714286
223.3235294117648,230.1923076923078,239.828125,239.514705882353,239.3846153846154,238,237.1428571428571,231.25,229.7833333333333,232.6071428571429
223.6176470588236,230.3750000000001,239.890625,239.6323529411765,239.5641025641025,238.1818181818182,237.2857142857143,231.5,230.05,232.8928571428572
223.9117647058824,230.5416666666667,239.953125,239.75,239.7435897435898,238.3636363636364,237.4285714285714,231.75,230.3166666666667,233.1785714285715
224.2058823529412,230.7083333333334,240.015625,239.8676470588235,239.9230769230769,238.5454545454546,237.5714285714286,232,230.5833333333333,233.325
224.5000000000001,230.8750000000001,240.078125,239.9852941176471,240.1025641025641,238.7272727272727,237.7142857142857,232.1764705882353,230.85,233.4250000000001
224.7941176470589,231.0416666666667,240.140625,240.1029411764706,240.2820512820513,238.9090909090909,237.8571428571429,232.3529411764706,231.1166666666667,233.525
225.0882352941177,231.2083333333334,240.203125,240.2205882352941,240.4615384615385,239.0909090909091,238,232.5294117647059,231.3833333333333,233.6250000000001
225.3823529411765,231.3750000000001,240.265625,240.4,240.6410256410256,239.2727272727273,238.1428571428572,232.7058823529412,231.65,233.7250000000001
225.6764705882353,231.5416666666667,240.328125,240.6,240.8205128205128,239.4545454545455,238.2857142857143,232.8823529411765,231.9166666666667,233.9375000000001
225.9107142857143,231.7083333333334,240.390625,240.8,241,239.6363636363636,238.4285714285714,233.0588235294118,232.1833333333333,234.1875000000001
226.1250000000001,231.8750000000001,240.453125,241,241.1428571428572,239.8181818181818,238.5714285714286,233.2352941176471,232.45,234.4375000000001
226.3392857142858,232.0416666666667,240.515625,241.2,241.2857142857143,240,238.7142857142857,233.4117647058824,232.7166666666667,234.6875000000001
226.5535714285715,232.2083333333334,240.578125,241.4,241.4285714285714,240.2,238.8571428571429,233.5882352941176,232.9833333333333,234.9166666666667
226.7678571428572,232.3700000000001,240.640625,241.6,241.5714285714286,240.4,239,233.764705882353,233.25,235.138888888889
226.9821428571429,232.5300000000001,240.703125,241.8,241.7142857142857,240.6,239.15,233.9411764705882,233.5166666666667,235.3611111111111
227.1964285714286,232.6900000000001,240.7822580645161,242,241.8571428571429,240.8,239.3,234.1176470588235,233.7833333333333,235.5833333333334
227.3863636363637,232.85,240.9112903225806,242.2,242,241,239.45,234.2941176470588,234.05,235.8571428571429
227.5681818181819,233.01,241.0403225806452,242.3522727272727,242.1428571428571,241.2,239.6,234.4705882352941,234.304347826087,236.2857142857143
227.7500000000001,233.1700000000001,241.1693548387097,242.4886363636364,242.2857142857143,241.4,239.75,234.6470588235294,234.5217391304348,236.7142857142858
227.9318181818182,233.33,241.2983870967742,242.625,242.4285714285714,241.6,239.9,234.8235294117647,234.7391304347826,237.1428571428572
228.1136363636364,233.4900000000001,241.4274193548387,242.7613636363636,242.5714285714286,241.8,240.05,235,234.9565217391305,237.5714285714286
228.3125000000001,233.65,241.5564516129033,242.8977272727273,242.7142857142857,242,240.2,235.2666666666667,235.1739130434783,238.0000000000001
228.5625000000001,233.8100000000001,241.6854838709677,243.0340909090909,242.8571428571428,242.2,240.35,235.5333333333333,235.3913043478261,238.4285714285715
228.8125000000001,233.9700000000001,241.8145161290323,243.1704545454546,243,242.4,240.5,235.8,235.6086956521739,238.8571428571429
229.0625000000001,234.1300000000001,241.9435483870968,243.3068181818182,243.1428571428572,242.6,240.65,236.0666666666667,235.8260869565217,239.2857142857143
229.3125,234.2700000000001,242.0725806451613,243.4431818181818,243.2857142857143,242.8,240.8,236.3333333333333,236.0434782608696,239.7142857142858
229.5625000000001,234.3500000000001,242.2016129032259,243.5795454545454,243.4285714285714,243,240.95,236.6,236.2608695652174,240.1428571428572
229.8125000000001,234.4300000000001,242.3306451612904,243.7159090909091,243.5714285714286,243.1,241.1,236.8666666666667,236.4782608695652,240.3653846153847
230.0625000000001,234.51,242.4596774193549,243.8,243.7142857142857,243.2,241.25,237.1333333333333,236.6956521739131,240.5192307692309
230.3125000000001,234.59,242.5887096774194,243.8666666666667,243.8967391304348,243.3,241.4,237.4,236.9130434782609,240.673076923077
230.5625000000001,234.6700000000001,242.7177419354839,243.9333333333333,244.0923913043478,243.4,241.55,237.6666666666667,237.1304347826087,240.8269230769231
230.8125000000001,234.7500000000001,242.8409090909092,244,244.2880434782609,243.5,241.7,237.9333333333333,237.3478260869565,240.9807692307693
231.0625000000001,234.83,242.9621212121213,244.0666666666667,244.4836956521739,243.6,241.85,238.2,237.5652173913043,241.1346153846154
231.2916666666667,234.9100000000001,243.0833333333334,244.1333333333333,244.6793478260869,243.7,242,238.4666666666667,237.7826086956522,241.3333333333334
231.4583333333334,234.9900000000001,243.2045454545455,244.2,244.875,243.8,242.1764705882353,238.7333333333333,238,241.6666666666667
231.6250000000001,235.0700000000001,243.3257575757576,244.2666666666667,245.0706521739131,243.9,242.3529411764706,239,238.25,242.0000000000001
231.7916666666667,235.1500000000001,243.4469696969697,244.3333333333333,245.2663043478261,244,242.5294117647059,239.2222222222222,238.5,242.2678571428572
231.9583333333334,235.23,243.5681818181819,244.4,245.4619565217391,244.1,242.7058823529412,239.4444444444445,238.75,242.3392857142858
232.1250000000001,235.4000000000001,243.689393939394,244.4666666666667,245.6576086956522,244.2,242.8823529411765,239.6666666666666,239,242.4107142857144
232.2916666666667,235.6000000000001,243.8106060606061,244.5333333333334,245.8532608695652,244.3,243.0588235294118,239.8888888888889,239.25,242.4821428571429
232.4583333333334,235.8000000000001,243.9318181818182,244.6,246.0489130434783,244.4,243.2352941176471,240.1111111111111,239.5,242.5535714285715
232.6250000000001,236.0000000000001,244.0530303030304,244.6666666666667,246.2445652173913,244.5,243.4117647058824,240.3333333333333,239.75,242.6250000000001
232.8000000000001,236.2000000000001,244.1742424242425,244.7333333333333,246.4402173913044,244.6,243.5882352941177,240.5555555555556,240,242.6964285714286
233.0000000000001,236.4000000000001,244.2954545454546,244.8214285714286,246.6358695652174,244.7,243.7647058823529,240.7777777777778,240.25,242.8750000000001
233.2000000000001,236.6000000000001,244.4166666666667,244.9166666666667,246.8315217391304,244.8,243.9411764705882,241,240.5,243.3750000000001
233.4000000000001,236.8000000000001,244.5378787878788,245.0119047619048,247.0271739130435,244.9,244.1176470588235,241.2222222222222,240.75,243.8750000000001
233.6,237.0000000000001,244.659090909091,245.1071428571429,247.2228260869565,245,244.2941176470588,241.4444444444445,241,244.3750000000001
233.8000000000001,237.2,244.7803030303031,245.202380952381,247.4184782608696,245.1111111111111,244.4705882352941,241.6666666666667,241.25,244.8026315789474
234.0000000000001,237.4,244.9015151515152,245.2976190476191,247.6141304347826,245.2222222222222,244.6470588235294,241.8888888888889,241.5,245.0131578947369
234.2,237.6000000000001,245.0227272727273,245.3928571428572,247.8097826086956,245.3333333333334,244.8235294117647,242.1111111111111,241.75,245.2236842105264
234.4000000000001,237.7822580645162,245.1439393939394,245.4880952380952,248.0054347826087,245.4444444444445,245,242.3333333333333,242,245.4342105263158
234.6000000000001,237.9112903225807,245.2651515151516,245.5833333333333,248.2010869565217,245.5555555555556,245.2063492063492,242.5555555555556,242.2592592592593,245.6447368421053
234.8055555555556,238.0403225806452,245.3863636363637,245.6785714285714,248.36,245.6666666666667,245.4126984126984,242.7777777777778,242.5185185185185,245.8552631578948
235.0277777777778,238.1693548387097,245.5075757575758,245.7916666666667,248.5066666666667,245.7777777777778,245.6190476190476,243,242.7777777777777,246.0657894736843
235.2500000000001,238.2983870967743,245.6287878787879,245.9583333333333,248.6533333333333,245.8888888888889,245.8253968253968,243.4444444444445,243.037037037037,246.2763157894738
235.4722222222223,238.4274193548388,245.7500000000001,246.125,248.8,246,246.031746031746,243.8888888888889,243.2962962962963,246.4868421052632
235.6944444444445,238.5564516129033,245.8712121212122,246.2916666666667,248.9466666666667,246.1111111111111,246.2380952380952,244.3333333333333,243.5555555555555,246.6973684210527
235.9166666666667,238.6854838709678,245.9924242424243,246.4583333333333,249.0933333333333,246.2222222222222,246.4444444444445,244.7777777777778,243.8148148148148,247.0000000000001
236.1388888888889,238.8145161290323,246.1136363636364,246.625,249.24,246.3333333333333,246.6507936507936,245.2222222222222,244.0740740740741,247.3333333333334
236.3611111111112,238.9435483870968,246.2348484848486,246.7916666666667,249.3866666666667,246.4444444444445,246.8571428571429,245.6666666666667,244.3333333333333,247.6666666666667
236.5833333333334,239.0725806451613,246.3560606060607,246.9583333333333,249.5333333333333,246.5555555555556,247.0634920634921,246.1111111111111,244.5925925925926,248.0000000000001
236.8055555555556,239.2016129032259,246.4772727272728,247.125,249.68,246.6666666666667,247.2698412698413,246.5555555555556,244.8518518518518,248.2857142857143
237.0277777777778,239.3306451612904,246.5984848484849,247.2777777777778,249.8266666666667,246.7777777777778,247.4761904761905,247,245.1111111111111,248.4285714285715
237.2500000000001,239.4596774193549,246.719696969697,247.3888888888889,249.9733333333333,246.8888888888889,247.6825396825397,247.1,245.3703703703704,248.5714285714286
237.4722222222223,239.5887096774194,246.8571428571429,247.5,250.12,247,247.8888888888889,247.2,245.6296296296296,248.7142857142858
237.6944444444445,239.7177419354839,247.0000000000001,247.6111111111111,250.2666666666667,247.3125,248.0952380952381,247.3,245.8888888888889,248.8571428571429
237.8906250000001,239.8750000000001,247.1428571428572,247.7222222222222,250.4133333333333,247.625,248.305,247.4,246.1481481481482,249.0000000000001
238.0781250000001,240.0416666666667,247.2857142857143,247.8333333333333,250.56,247.9375,248.525,247.5,246.4074074074074,249.1428571428572
238.2656250000001,240.2083333333334,247.4285714285715,247.9444444444445,250.7066666666666,248.25,248.745,247.6,246.6666666666667,249.3035714285715
238.4531250000001,240.3750000000001,247.5714285714286,248.0555555555555,250.8533333333333,248.5625,248.965,247.7,246.9259259259259,249.5178571428572
238.6406250000001,240.5416666666667,247.7142857142858,248.1666666666667,251,248.875,249.185,247.8,247.1851851851852,249.7321428571429
238.8281250000001,240.7083333333334,247.8571428571429,248.3055555555555,251.1739130434782,249.1875,249.405,247.9,247.4444444444444,249.9464285714286
239.0156250000001,240.8750000000001,248.0000000000001,248.5277777777778,251.3478260869565,249.5,249.625,248,247.7037037037037,250.1607142857143
239.2031250000001,241.0416666666667,248.1428571428572,248.75,251.5217391304347,249.8125,249.845,248.2,247.962962962963,250.3750000000001
239.37,241.2083333333334,248.2857142857143,248.9722222222222,251.695652173913,250.125,250.065,248.4,248.2222222222222,250.5892857142858
239.5300000000001,241.3750000000001,248.4285714285715,249.1944444444445,251.8695652173913,250.4375,250.285,248.6,248.4814814814815,250.8333333333334
239.6900000000001,241.5416666666667,248.5714285714286,249.34375,252.0434782608695,250.75,250.505,248.8,248.7407407407408,251.1666666666667
239.85,241.7083333333334,248.7142857142858,249.46875,252.2173913043478,251.0625,250.725,249,249,251.5000000000001
240.01,241.8750000000001,248.8571428571429,249.59375,252.3913043478261,251.375,250.945,249.2,249.2592592592593,251.8333333333334
240.1700000000001,242.0416666666667,249.0000000000001,249.71875,252.5652173913043,251.6875,251.165,249.4,249.5185185185185,252.1666666666667
240.33,242.2083333333334,249.1428571428572,249.84375,252.7391304347826,252,251.385,249.6,249.7777777777778,252.3076923076923
240.4900000000001,242.4444444444445,249.2857142857143,249.96875,252.9130434782608,252.125,251.605,249.8,250.037037037037,252.3846153846154
240.6500000000001,242.7037037037038,249.4285714285715,250.09375,253.0869565217391,252.25,251.825,250,250.2962962962963,252.4615384615385
240.8100000000001,242.962962962963,249.5714285714286,250.21875,253.2608695652173,252.375,252.045,250.2,250.5555555555555,252.5384615384616
240.9700000000001,243.2222222222223,249.7142857142858,250.34375,253.4347826086956,252.5,252.265,250.4,250.8148148148148,252.6153846153846
241.1300000000001,243.4814814814815,249.8958333333334,250.46875,253.6086956521739,252.625,252.485,250.6,251.0740740740741,252.6923076923078
241.2870370370371,243.7407407407408,250.0902777777778,250.59375,253.7826086956521,252.75,252.705,250.8,251.3333333333334,252.8076923076924
241.4351851851852,244.0000000000001,250.2847222222223,250.71875,253.9565217391304,252.875,252.925,251,251.5925925925926,253.0384615384616
241.5833333333334,244.2592592592593,250.4791666666667,250.975,254.1304347826087,253,253.145,251.2,251.8518518518518,253.2692307692308
241.7314814814816,244.5185185185186,250.6736111111112,251.275,254.3043478260869,253.125,253.365,251.4,252.1111111111111,253.5000000000001
241.8796296296297,244.7777777777778,250.8680555555556,251.575,254.4782608695652,253.25,253.585,251.6,252.3703703703704,253.7307692307693
242.0277777777778,245.0370370370371,251.0625000000001,251.875,254.6521739130434,253.375,253.8019801980198,251.8,252.6296296296296,253.9615384615385
242.175925925926,245.2962962962964,251.2569444444445,252.175,254.8260869565217,253.5,254.009900990099,252,252.8888888888889,254.1923076923077
242.3240740740741,245.5555555555556,251.4513888888889,252.25,255,253.625,254.2178217821782,252.1875,253.1481481481482,254.5000000000001
242.4722222222223,245.7931034482759,251.6458333333334,252.25,255.1578947368421,253.75,254.4257425742574,252.375,253.4074074074074,254.8333333333334
242.6203703703704,245.9655172413794,251.8402777777778,252.25,255.3157894736842,253.875,254.6336633663366,252.5625,253.6666666666667,255.1666666666667
242.7685185185186,246.1379310344828,252.0347222222223,252.25,255.4736842105263,254,254.8415841584159,252.75,253.9259259259259,255.2916666666667
242.9166666666667,246.3103448275862,252.2291666666667,252.3,255.6315789473684,254.2857142857143,255.0495049504951,252.9375,254.1851851851852,255.3472222222223
243.0648148148149,246.4827586206897,252.4236111111112,252.5,255.7894736842105,254.5714285714286,255.2574257425742,253.125,254.4444444444445,255.4027777777778
243.212962962963,246.6551724137932,252.6180555555556,252.7,255.9473684210526,254.8571428571428,255.4653465346535,253.3125,254.7037037037037,255.4583333333334
243.4107142857143,246.8275862068966,252.8125000000001,252.9,256.1052631578947,255.1428571428572,255.6732673267327,253.5,254.962962962963,255.5138888888889
243.6250000000001,247.0000000000001,253.0069444444445,253.1,256.2631578947368,255.4285714285714,255.8811881188119,253.6875,255.2222222222222,255.5694444444445
243.8392857142858,247.1724137931035,253.201388888889,253.3,256.421052631579,255.7142857142857,256.0891089108911,253.875,255.4814814814815,255.6250000000001
244.0535714285714,247.344827586207,253.3108108108109,253.5,256.578947368421,256,256.2970297029703,254.0625,255.7407407407407,255.6805555555556
244.2678571428572,247.5172413793104,253.391891891892,253.7,256.7368421052631,256.2857142857143,256.5049504950495,254.25,256,255.7361111111112
244.4821428571429,247.6896551724139,253.472972972973,253.8684210526316,256.8947368421053,256.5714285714286,256.7128712871287,254.4375,256.2307692307692,255.9807692307693
244.6964285714286,247.8620689655173,253.5540540540541,254.0263157894737,257.0526315789474,256.8571428571428,256.9207920792079,254.625,256.4615384615385,256.2884615384616
244.9107142857143,248.0344827586207,253.6351351351352,254.1842105263158,257.2105263157895,257.1428571428572,257.1287128712871,254.8125,256.6923076923077,256.5961538461539
245.1250000000001,248.2068965517242,253.7162162162163,254.3421052631579,257.3684210526316,257.4285714285714,257.3366336633663,255,256.9230769230769,256.9038461538462
245.3392857142858,248.3942307692308,253.7972972972973,254.5,257.5263157894736,257.7142857142857,257.5445544554456,255.2777777777778,257.1538461538461,257.2115384615385
245.5535714285715,248.5865384615385,253.8783783783784,254.6578947368421,257.6842105263158,258,257.7524752475248,255.5555555555555,257.3846153846154,257.5192307692308
245.7678571428572,248.7788461538462,253.9594594594595,254.8157894736842,257.8421052631579,258.0833333333333,257.9603960396039,255.8333333333333,257.6153846153846,257.7884615384616
245.9821428571429,248.9711538461539,254.0405405405406,254.9736842105263,258,258.1666666666667,258.1683168316832,256.1111111111111,257.8461538461538,257.9423076923077
246.1964285714286,249.1634615384616,254.1216216216217,255.1315789473684,258.1666666666666,258.25,258.3762376237623,256.3888888888889,258.0769230769231,258.0961538461539
246.3671875000001,249.3557692307693,254.2027027027028,255.2857142857143,258.3333333333333,258.3333333333334,258.5841584158416,256.6666666666666,258.3076923076923,258.2500000000001
246.5234375000001,249.548076923077,254.2837837837838,255.4285714285714,258.5,258.4166666666666,258.7920792079208,256.9444444444445,258.5384615384615,258.4038461538462
246.6796875000001,249.7403846153847,254.3648648648649,255.5714285714286,258.6666666666666,258.5,259,257.2222222222222,258.7692307692308,258.5576923076924
246.8359375000001,249.9326923076924,254.445945945946,255.7142857142857,258.8333333333334,258.5833333333333,259.1739130434783,257.5,259,258.7115384615385
246.9921875000001,250.1250000000001,254.5270270270271,255.8571428571429,259,258.6666666666667,259.3478260869565,257.7777777777778,259.2307692307692,258.9
247.1484375000001,250.3173076923077,254.6081081081082,256,259.1666666666667,258.75,259.5217391304348,258.0555555555555,259.4615384615385,259.1
247.3046875000001,250.5096153846154,254.6891891891892,256.1428571428571,259.3333333333334,258.8333333333333,259.6956521739131,258.3333333333333,259.6923076923077,259.3000000000001
247.4609375000001,250.7019230769232,254.7727272727274,256.2647058823529,259.5,258.9166666666667,259.8695652173913,258.6111111111111,259.9230769230769,259.5000000000001
247.6171875000001,250.8437500000001,254.8636363636364,256.3235294117647,259.6666666666666,259,260.0434782608695,258.8888888888889,260.1538461538462,259.7
247.7734375000001,250.9687500000001,254.9545454545455,256.3823529411765,259.8333333333333,259.1818181818182,260.2173913043478,259.1666666666667,260.3846153846154,259.9
247.9296875000001,251.0937500000001,255.0454545454546,256.4411764705883,260,259.3636363636364,260.3913043478261,259.4444444444445,260.6153846153846,260.1000000000001
248.0859375000001,251.2187500000001,255.1363636363637,256.5,260.1666666666667,259.5454545454546,260.5652173913044,259.7222222222222,260.8461538461538,260.2763157894737
248.2421875000001,251.3437500000001,255.2272727272727,256.5588235294118,260.3333333333333,259.7272727272727,260.7391304347826,260,261.0769230769231,260.3815789473685
248.3984375000001,251.4687500000001,255.3181818181819,256.6176470588235,260.5,259.9090909090909,260.9130434782609,260.1818181818182,261.3076923076923,260.4868421052632
248.5546875000001,251.5937500000001,255.4090909090909,256.6764705882353,260.6666666666667,260.0909090909091,261.0869565217391,260.3636363636364,261.5384615384615,260.592105263158
248.7109375000001,251.7187500000001,255.5,256.7352941176471,260.8333333333333,260.2727272727273,261.2608695652174,260.5454545454546,261.7692307692308,260.6973684210527
248.8700000000001,251.8437500000001,255.5909090909091,256.8653846153846,261,260.4545454545454,261.4347826086957,260.7272727272727,262,260.8026315789474
249.0300000000001,251.9687500000001,255.6818181818182,257.0192307692308,261.15,260.6363636363636,261.6086956521739,260.9090909090909,262.2307692307692,260.9078947368422
249.1900000000001,252.0937500000001,255.7727272727273,257.1730769230769,261.3,260.8181818181818,261.7826086956522,261.0909090909091,262.4615384615385,261.0131578947369
249.35,252.2187500000001,255.8636363636364,257.3269230769231,261.45,261,261.9565217391304,261.2727272727273,262.6923076923077,261.1184210526316
249.51,252.3863636363637,255.9545454545454,257.4807692307692,261.6,261.0625,262.1304347826087,261.4545454545454,262.8787878787879,261.2236842105264
249.6700000000001,252.5681818181819,256.0454545454546,257.6346153846154,261.75,261.125,262.304347826087,261.6363636363636,263.0505050505051,261.3571428571429
249.83,252.7500000000001,256.1363636363636,257.7692307692308,261.9,261.1875,262.4782608695652,261.8181818181818,263.2222222222222,261.5000000000001
249.9900000000001,252.9318181818182,256.2272727272727,257.8461538461539,262.05,261.25,262.6521739130435,262,263.3939393939394,261.6428571428572
250.1500000000001,253.1136363636364,256.390625,257.9230769230769,262.2,261.3125,262.8260869565217,262.1818181818182,263.5656565656566,261.7857142857143
250.3100000000001,253.2954545454546,256.578125,258,262.35,261.375,263,262.3636363636364,263.7373737373738,261.9285714285715
250.4700000000001,253.4772727272728,256.765625,258.0769230769231,262.5,261.4375,263.2083333333333,262.5454545454546,263.9090909090909,262.0714285714286
250.6300000000001,253.659090909091,256.953125,258.1538461538461,262.65,261.5,263.4166666666666,262.7272727272727,264.0808080808081,262.2142857142858
250.8076923076924,253.8409090909092,257.140625,258.2307692307692,262.8,261.5625,263.625,262.9090909090909,264.2525252525252,262.3000000000001
251.0384615384616,254.0227272727273,257.328125,258.4375,262.95,261.625,263.8333333333333,263.0909090909091,264.4242424242424,262.3666666666667
251.2692307692308,254.2045454545455,257.515625,258.6875,263.1,261.6875,264.0416666666667,263.2727272727273,264.5959595959596,262.4333333333334
251.5000000000001,254.2826086956522,257.703125,258.9375,263.25,261.75,264.25,263.4545454545454,264.7676767676768,262.5000000000001
251.7307692307693,254.3260869565218,257.890625,259.1875,263.4,261.8125,264.4583333333334,263.6363636363636,264.9393939393939,262.5666666666667
251.9615384615385,254.3695652173914,258.078125,259.4375,263.55,261.875,264.6666666666666,263.8181818181818,265.1111111111111,262.6333333333334
252.1923076923077,254.4130434782609,258.265625,259.6875,263.7,261.9375,264.875,264,265.2828282828283,262.7
252.423076923077,254.4565217391305,258.453125,259.9375,263.85,262,265.0833333333334,264.2272727272727,265.4545454545454,262.7777777777778
252.6538461538462,254.5000000000001,258.6406250000001,260.1875,264,262.2307692307693,265.2916666666666,264.4545454545454,265.6262626262626,262.888888888889
252.8846153846154,254.5434782608696,258.8281250000001,260.3152173913044,264.1666666666667,262.4615384615385,265.5,264.6818181818182,265.7979797979798,263.0000000000001
253.1153846153847,254.5869565217392,259.0156250000001,260.4021739130435,264.3333333333333,262.6923076923077,265.7083333333334,264.9090909090909,265.969696969697,263.1111111111111
253.3461538461539,254.6304347826087,259.2031250000001,260.4891304347826,264.5,262.9230769230769,265.9166666666667,265.1363636363636,266.1414141414141,263.2222222222223
253.5769230769231,254.6739130434783,259.2968750000001,260.5760869565217,264.6666666666667,263.1538461538462,266.125,265.3636363636364,266.3131313131313,263.3333333333334
253.8026315789474,254.7173913043479,259.3593750000001,260.6630434782609,264.8333333333333,263.3846153846154,266.3333333333334,265.5909090909091,266.4848484848485,263.4444444444445
254.0131578947369,254.7788461538462,259.4218750000001,260.75,265,263.6153846153846,266.5416666666667,265.8181818181818,266.6565656565656,263.5555555555556
254.2236842105264,254.8942307692308,259.4843750000001,260.8369565217391,265.1666666666666,263.8461538461539,266.75,266.0454545454545,266.8282828282828,263.6666666666667
254.4342105263158,255.0096153846154,259.5468750000001,260.9239130434783,265.3333333333334,264.0769230769231,266.9583333333334,266.2727272727273,267,263.7941176470589
254.6447368421053,255.1250000000001,259.6093750000001,261.0108695652174,265.5,264.3076923076923,267.1666666666667,266.5,267.1875,263.9705882352941
254.8552631578948,255.2403846153847,259.6718750000001,261.0978260869565,265.6666666666666,264.5384615384615,267.375,266.7272727272727,267.375,264.1470588235295
255.0657894736843,255.3557692307693,259.7343750000001,261.1847826086956,265.8333333333334,264.7692307692308,267.5833333333333,266.9545454545454,267.5625,264.3235294117648
255.2763157894738,255.4711538461539,259.7968750000001,261.2916666666667,266,265,267.7916666666667,267.1818181818182,267.75,264.5000000000001
255.4868421052632,255.5865384615385,259.8593750000001,261.4583333333334,266.1666666666667,265.1666666666667,268,267.4090909090909,267.9375,264.6764705882354
255.6973684210527,255.7019230769231,259.9218750000001,261.625,266.3333333333333,265.3333333333333,268.1724137931034,267.6363636363636,268.125,264.8529411764706
255.7857142857143,255.8173076923078,259.9843750000001,261.7916666666666,266.5,265.5,268.3448275862069,267.8636363636364,268.3125,265.0294117647059
255.8333333333334,255.9326923076923,260.0468750000001,261.9583333333334,266.6666666666667,265.6666666666667,268.5172413793103,268.0909090909091,268.5,265.2058823529412
255.8809523809524,256.048076923077,260.1093750000001,262.125,266.8333333333333,265.8333333333333,268.6896551724138,268.3181818181818,268.6875,265.4583333333334
255.9285714285715,256.1634615384616,260.1718750000001,262.2916666666667,267,266,268.8620689655172,268.5454545454546,268.875,265.7361111111112
255.9761904761905,256.2631578947369,260.2343750000001,262.4583333333334,267.1666666666667,266.1666666666667,269.0344827586207,268.7727272727273,269.0625,266.0138888888889
256.0238095238096,256.3157894736843,260.3833333333334,262.625,267.3333333333333,266.3333333333333,269.2068965517241,269,269.25,266.2916666666667
256.0714285714287,256.3684210526316,260.5611111111112,262.7826086956522,267.5,266.5,269.3793103448276,269.1818181818182,269.4375,266.5694444444445
256.1190476190477,256.421052631579,260.7388888888889,262.9130434782609,267.6666666666667,266.6666666666666,269.551724137931,269.3636363636364,269.625,266.8472222222223
256.1666666666667,256.4736842105264,260.9166666666667,263.0434782608696,267.8333333333334,266.8333333333334,269.7241379310345,269.5454545454546,269.8125,267.1250000000001
256.2142857142858,256.5263157894738,261.0944444444445,263.1739130434783,268,267,269.8965517241379,269.7272727272727,270,267.4027777777778
256.2833333333334,256.5789473684211,261.2722222222222,263.3043478260869,268.1,267.1666666666666,270.0689655172414,269.9090909090909,270.1875,267.6805555555556
256.4166666666667,256.6315789473685,261.45,263.4347826086957,268.2,267.3333333333334,270.2413793103448,270.0909090909091,270.375,267.9264705882354
256.5500000000001,256.6842105263158,261.6277777777779,263.5652173913044,268.3,267.5,270.4137931034483,270.2727272727273,270.5625,268.1617647058824
256.6833333333334,256.7368421052632,261.8055555555557,263.695652173913,268.4,267.6666666666666,270.5862068965517,270.4545454545455,270.75,268.3970588235295
256.8166666666667,256.8602941176471,261.9833333333334,263.8260869565217,268.5,267.8333333333334,270.7586206896552,270.6363636363636,270.9375,268.6323529411765
256.95,257.0073529411765,262.1611111111112,263.9565217391304,268.6,268,270.9310344827586,270.8181818181818,271.125,268.8676470588236
257.0833333333334,257.154411764706,262.338888888889,264.0869565217391,268.7,268.25,271.1034482758621,271,271.3125,269.1029411764707
257.2166666666667,257.3014705882354,262.5166666666668,264.2173913043479,268.8,268.5,271.2758620689655,271.1818181818182,271.5,269.3382352941177
257.3500000000001,257.4485294117648,262.6944444444445,264.34375,268.9,268.75,271.448275862069,271.3636363636364,271.6875,269.5735294117648
257.4833333333334,257.5955882352941,262.8722222222223,264.46875,269,269,271.6206896551724,271.5454545454546,271.875,269.7812500000001
257.6166666666667,257.7426470588236,263.0500000000001,264.59375,269.1,269.25,271.7931034482759,271.7272727272727,272.0625,269.9062500000001
257.7500000000001,257.889705882353,263.2277777777778,264.71875,269.2,269.5,271.9655172413793,271.9090909090909,272.25,270.0312500000001
257.8833333333334,258.0367647058824,263.4055555555556,264.84375,269.3,269.75,272.1379310344827,272.0909090909091,272.4375,270.1562500000001
258.0166666666667,258.1838235294118,263.5833333333334,264.96875,269.4,270,272.3103448275862,272.2727272727273,272.625,270.2812500000001
258.15,258.3308823529412,263.7611111111112,265.09375,269.5,270.25,272.4827586206897,272.4545454545454,272.8125,270.4062500000001
258.2758620689656,258.4779411764706,263.9388888888889,265.21875,269.6,270.5,272.6551724137931,272.6363636363636,273,270.5312500000001
258.3793103448277,258.6250000000001,264.1166666666667,265.34375,269.7,270.75,272.8275862068965,272.8181818181818,273.1260504201681,270.6562500000001
258.4827586206897,258.7720588235295,264.2916666666667,265.46875,269.8,271,273,273,273.2521008403361,270.7500000000001
258.5862068965518,258.9191176470589,264.4583333333334,265.59375,269.9,271.25,273.1111111111111,273.1363636363637,273.3781512605042,270.7500000000001
258.6896551724138,259.0661764705883,264.6250000000001,265.71875,270,271.5,273.2222222222222,273.2727272727273,273.5042016806723,270.7500000000001
258.7931034482759,259.2132352941177,264.7916666666667,265.8478260869566,270.1,271.75,273.3333333333333,273.4090909090909,273.6302521008404,270.7500000000001
258.896551724138,259.3437500000001,264.9583333333334,265.9782608695652,270.2,272,273.4444444444445,273.5454545454545,273.7563025210084,270.7500000000001
259.0000000000001,259.4687500000001,265.1250000000001,266.1086956521739,270.3,272.1818181818182,273.5555555555555,273.6818181818182,273.8823529411765,270.7500000000001
259.1034482758621,259.5937500000001,265.2916666666667,266.2391304347826,270.4,272.3636363636364,273.6666666666667,273.8181818181818,274.0084033613446,270.7500000000001
259.2068965517242,259.7187500000001,265.4583333333334,266.3695652173913,270.5,272.5454545454545,273.7777777777778,273.9545454545455,274.1344537815125,270.7941176470589
259.3103448275863,259.8437500000001,265.6250000000001,266.5,270.6,272.7272727272727,273.8888888888889,274.0909090909091,274.2605042016807,270.9705882352941
259.4137931034483,259.9687500000001,265.7837837837839,266.6304347826087,270.7,272.9090909090909,274,274.2272727272727,274.3865546218487,271.1470588235295
259.5172413793104,260.0937500000001,265.918918918919,266.7608695652174,270.8,273.0909090909091,274.1111111111111,274.3636363636364,274.5126050420168,271.3235294117648
259.6206896551724,260.2187500000001,266.0540540540541,266.8913043478261,270.9,273.2727272727273,274.2222222222222,274.5,274.6386554621849,271.5000000000001
259.7241379310345,260.3437500000001,266.1891891891893,267.0217391304348,271,273.4545454545454,274.3333333333334,274.6363636363636,274.7647058823529,271.6764705882354
259.775,260.4687500000001,266.3243243243244,267.1521739130435,271.1538461538462,273.6363636363636,274.4444444444445,274.7727272727273,274.890756302521,271.8529411764707
259.8083333333334,260.5937500000001,266.4594594594595,267.287037037037,271.3076923076923,273.8181818181818,274.5555555555555,274.9090909090909,275.0168067226891,272.0294117647059
259.8416666666667,260.7187500000001,266.5945945945946,267.4351851851852,271.4615384615385,274,274.6666666666667,275.0454545454545,275.1428571428571,272.2058823529412
259.8750000000001,260.8571428571429,266.7297297297298,267.5833333333334,271.6153846153846,274.1,274.7777777777778,275.1818181818182,275.2689075630252,272.423076923077
259.9083333333334,261.0000000000001,266.8648648648649,267.7314814814815,271.7692307692308,274.2,274.8888888888889,275.3181818181818,275.3949579831933,272.6538461538462
259.9416666666667,261.1428571428572,267.0000000000001,267.8796296296296,271.9230769230769,274.3,275,275.4545454545455,275.5210084033613,272.8846153846154
259.9750000000001,261.2857142857143,267.1351351351352,268.0277777777778,272.0769230769231,274.4,275.1111111111111,275.5909090909091,275.6470588235294,273.1153846153846
260.0083333333334,261.4285714285715,267.2702702702703,268.1759259259259,272.2307692307692,274.5,275.2222222222222,275.7272727272727,275.7731092436975,273.3461538461539
260.0416666666667,261.5714285714286,267.4054054054054,268.3240740740741,272.3846153846154,274.6,275.3333333333333,275.8636363636363,275.8991596638655,273.5769230769232
260.075,261.7142857142858,267.5405405405406,268.4722222222222,272.5384615384615,274.7,275.4444444444445,276,276.0252100840336,273.7678571428572
260.1083333333334,261.8225806451613,267.6756756756757,268.6203703703704,272.6923076923077,274.8,275.5555555555555,276.0689655172414,276.1512605042017,273.8392857142858
260.1416666666667,261.9193548387098,267.8108108108109,268.7685185185185,272.8461538461538,274.9,275.6666666666667,276.1379310344827,276.2773109243698,273.9107142857143
260.1750000000001,262.0161290322581,267.945945945946,268.9166666666666,273,275,275.7777777777778,276.2068965517241,276.4033613445378,273.9821428571429
260.2083333333334,262.1129032258065,268.0810810810812,269.0648148148148,273.1538461538461,275.1,275.8888888888889,276.2758620689655,276.5294117647059,274.0535714285714
260.2416666666667,262.2096774193549,268.2162162162163,269.212962962963,273.3076923076923,275.2,276,276.3448275862069,276.655462184874,274.1250000000001
260.3467741935485,262.3064516129033,268.325,269.3839285714286,273.4615384615385,275.3,276.1081081081081,276.4137931034483,276.7663934426229,274.1964285714286
260.4758064516129,262.4032258064516,268.4250000000001,269.5625,273.6153846153846,275.4,276.2162162162163,276.4827586206897,276.8319672131148,274.279411764706
260.6048387096775,262.5000000000001,268.525,269.7410714285714,273.7692307692308,275.5,276.3243243243243,276.551724137931,276.8975409836066,274.3970588235294
260.733870967742,262.5967741935484,268.6250000000001,269.9196428571429,273.9230769230769,275.6,276.4324324324324,276.6206896551724,276.9631147540983,274.514705882353
260.8629032258065,262.6935483870968,268.725,270.0982142857143,274.0769230769231,275.7,276.5405405405405,276.6896551724138,277.0286885245902,274.6323529411765
260.991935483871,262.7903225806452,268.825,270.2767857142857,274.2307692307692,275.8,276.6486486486486,276.7586206896552,277.094262295082,274.7500000000001
261.1209677419355,262.8870967741936,268.9250000000001,270.4553571428571,274.3846153846154,275.9,276.7567567567568,276.8275862068966,277.1598360655738,274.8676470588236
261.2500000000001,262.983870967742,269.025,270.6339285714286,274.5384615384615,276,276.8648648648649,276.8965517241379,277.2254098360656,274.9852941176471
261.3790322580646,263.0806451612904,269.1250000000001,270.8125,274.6923076923077,276.04,276.972972972973,276.9655172413793,277.2909836065574,275.1029411764707
261.5080645161291,263.1774193548388,269.225,270.9910714285714,274.8461538461538,276.08,277.081081081081,277.0344827586207,277.3565573770492,275.2205882352941
261.6370967741936,263.2857142857143,269.325,271.1696428571428,275,276.12,277.1891891891892,277.1034482758621,277.422131147541,275.2916666666667
261.7661290322581,263.4285714285715,269.4250000000001,271.3482142857143,275.0588235294118,276.16,277.2972972972973,277.1724137931035,277.4877049180328,275.3472222222223
261.8951612903226,263.5714285714287,269.5250000000001,271.5267857142857,275.1176470588235,276.2,277.4054054054054,277.2413793103448,277.5532786885246,275.4027777777778
262.0241935483871,263.7142857142858,269.6250000000001,271.7053571428571,275.1764705882353,276.24,277.5135135135135,277.3103448275862,277.6188524590164,275.4583333333334
262.1532258064516,263.8571428571429,269.7250000000001,271.8076923076923,275.2352941176471,276.28,277.6216216216216,277.3793103448276,277.6844262295082,275.5138888888889
262.2844827586207,264.0000000000001,269.8076923076924,271.8846153846154,275.2941176470588,276.32,277.7297297297297,277.448275862069,277.75,275.5694444444445
262.4224137931035,264.1428571428572,269.8846153846155,271.9615384615385,275.3529411764706,276.36,277.8378378378378,277.5172413793103,277.8155737704918,275.6250000000001
262.5603448275863,264.2777777777778,269.9615384615385,272.0384615384615,275.4117647058824,276.4,277.9459459459459,277.5862068965517,277.8811475409836,275.6805555555556
262.698275862069,264.388888888889,270.0384615384616,272.1153846153846,275.4705882352941,276.44,278.0540540540541,277.6551724137931,277.9467213114754,275.7361111111111
262.8362068965517,264.5000000000001,270.1153846153846,272.1923076923077,275.5294117647059,276.48,278.1621621621622,277.7241379310345,278.0122950819672,275.9264705882354
262.9741379310345,264.6111111111111,270.1923076923077,272.2692307692308,275.5882352941176,276.52,278.2702702702703,277.7931034482759,278.077868852459,276.1617647058824
263.1120689655173,264.7222222222223,270.2692307692308,272.3461538461539,275.6470588235294,276.56,278.3783783783784,277.8620689655173,278.1434426229508,276.3970588235295
263.2500000000001,264.8333333333334,270.3461538461539,272.4230769230769,275.7058823529412,276.6,278.4864864864865,277.9310344827587,278.2090163934427,276.6323529411765
263.3879310344828,264.9444444444445,270.423076923077,272.5,275.7647058823529,276.64,278.5945945945946,278,278.2745901639344,276.8676470588236
263.5258620689656,265.0555555555556,270.5000000000001,272.5769230769231,275.8235294117647,276.68,278.7027027027027,278.0588235294118,278.3401639344262,277.1029411764706
263.6637931034484,265.1666666666667,270.5769230769232,272.6538461538461,275.8823529411765,276.72,278.8108108108108,278.1176470588235,278.405737704918,277.3382352941177
263.8017241379311,265.2500000000001,270.6538461538462,272.7307692307692,275.9411764705882,276.76,278.9189189189189,278.1764705882353,278.4713114754098,277.5735294117648
263.9396551724138,265.2500000000001,270.7307692307693,272.78125,276,276.8,279.027027027027,278.2352941176471,278.5368852459017,277.7954545454546
264.0775862068966,265.2500000000001,270.8333333333334,272.8229166666666,275.9090909090909,276.84,279.1351351351351,278.2941176470588,278.6024590163934,277.9772727272727
264.2155172413794,265.2500000000001,270.9444444444445,272.8645833333334,275.8181818181818,276.88,279.2432432432432,278.3529411764706,278.6680327868852,278.1590909090909
264.2031250000001,265.2500000000001,271.0555555555556,272.90625,275.7272727272727,276.92,279.3513513513514,278.4117647058824,278.7336065573771,278.3409090909091
264.1406250000001,265.2500000000001,271.1666666666667,272.9479166666667,275.6363636363636,276.96,279.4594594594595,278.4705882352941,278.7607142857143,278.5227272727273
264.0781250000001,265.2500000000001,271.2777777777778,272.9895833333334,275.5454545454545,277,279.5675675675676,278.5294117647059,278.775,278.7045454545455
264.0156250000001,265.2500000000001,271.388888888889,273.03125,275.4545454545455,277.1,279.6756756756757,278.5882352941176,278.7892857142857,278.7031250000001
263.9531250000001,265.2500000000001,271.5000000000001,273.0729166666667,275.3636363636364,277.2,279.7837837837837,278.6470588235294,278.8035714285714,278.6406250000001
263.8906250000001,265.2500000000001,271.6111111111111,273.1145833333333,275.2727272727273,277.3,279.8918918918919,278.7058823529412,278.8178571428571,278.578125
263.8281250000001,265.3181818181819,271.7222222222223,273.15625,275.1818181818182,277.4,280,278.7647058823529,278.8321428571429,278.515625
263.7656250000001,265.409090909091,271.8333333333334,273.1979166666667,275.0909090909091,277.5,280.047619047619,278.8235294117647,278.8464285714286,278.453125
263.8076923076924,265.5000000000001,271.9444444444445,273.2395833333333,275,277.6,280.0952380952381,278.8823529411765,278.8607142857143,278.390625
263.8846153846155,265.5909090909091,272.0555555555556,273.3571428571428,275.1052631578947,277.7,280.1428571428572,278.9411764705882,278.875,278.328125
263.9615384615385,265.6818181818182,272.1666666666667,273.5,275.2105263157895,277.8,280.1904761904761,279,278.8892857142857,278.265625
264.0384615384616,265.7727272727273,272.2586206896552,273.6428571428572,275.3157894736842,277.9,280.2380952380952,279.0588235294118,278.9035714285714,278.2826086956522
264.1153846153846,265.8636363636364,272.2931034482759,273.7857142857143,275.421052631579,278,280.2857142857143,279.1176470588235,278.9178571428572,278.3260869565217
264.1923076923077,265.9545454545455,272.3275862068966,273.9285714285714,275.5263157894737,278.1,280.3333333333334,279.1764705882353,278.9321428571428,278.3695652173913
264.2692307692308,266.0454545454546,272.3620689655173,274.0714285714286,275.6315789473684,278.2,280.3809523809524,279.2352941176471,278.9464285714286,278.4130434782609
264.3461538461539,266.1363636363637,272.396551724138,274.2142857142857,275.7368421052631,278.3,280.4285714285714,279.2941176470588,278.9607142857143,278.4565217391304
264.423076923077,266.2272727272727,272.4310344827587,274.3571428571429,275.8421052631579,278.4,280.4761904761905,279.3529411764706,278.975,278.5
264.5000000000001,266.3522727272728,272.4655172413794,274.5,275.9473684210527,278.5,280.5238095238095,279.4117647058823,278.9892857142857,278.5434782608696
264.5769230769232,266.4886363636364,272.5000000000001,274.6428571428571,276.0526315789474,278.6,280.5714285714286,279.4705882352941,279.0035714285714,278.5869565217391
264.6538461538462,266.6250000000001,272.5344827586208,274.7857142857143,276.1578947368421,278.7,280.6190476190476,279.5294117647059,279.0178571428571,278.6304347826087
264.7307692307693,266.7613636363637,272.5689655172415,274.9285714285714,276.2631578947369,278.8,280.6666666666666,279.5882352941177,279.0321428571428,278.6739130434783
264.8100000000001,266.8977272727273,272.6034482758621,275.0714285714286,276.3684210526316,278.9,280.7142857142857,279.6470588235294,279.0464285714286,278.7173913043478
264.8900000000001,267.034090909091,272.6379310344828,275.2142857142857,276.4736842105263,279,280.7619047619048,279.7058823529412,279.0607142857143,278.7613636363637
264.9700000000001,267.1704545454546,272.6724137931035,275.3478260869565,276.578947368421,279.1,280.8095238095238,279.7647058823529,279.075,278.8068181818182
265.05,267.3068181818182,272.7068965517242,275.4782608695652,276.6842105263158,279.2,280.8571428571428,279.8235294117647,279.0892857142857,278.8522727272727
265.1300000000001,267.4431818181819,272.7413793103449,275.6086956521739,276.7894736842105,279.3,280.9047619047619,279.8823529411765,279.1035714285714,278.8977272727273
265.21,267.5795454545455,272.8000000000001,275.7391304347826,276.8947368421053,279.4,280.952380952381,279.9411764705882,279.1178571428571,278.9431818181818
265.2900000000001,267.7159090909092,272.8666666666667,275.8695652173913,277,279.5,281,280,279.1321428571429,278.9886363636364
265.3700000000001,267.7767857142858,272.9333333333334,276,277.0909090909091,279.6,281.0869565217391,280.0555555555555,279.1464285714285,279.0340909090909
265.45,267.8125000000001,273.0000000000001,276.1304347826087,277.1818181818182,279.7,281.1739130434783,280.1111111111111,279.1607142857143,279.0795454545454
265.5300000000001,267.8482142857143,273.0666666666667,276.2608695652174,277.2727272727273,279.8,281.2608695652174,280.1666666666666,279.175,279.125
265.6100000000001,267.8839285714287,273.1333333333334,276.3913043478261,277.3636363636364,279.9,281.3478260869565,280.2222222222222,279.1892857142857,279.1704545454546
265.6900000000001,267.9196428571429,273.2,276.5217391304348,277.4545454545454,280,281.4347826086956,280.2777777777778,279.2035714285714,279.2159090909091
265.7638888888889,267.9553571428572,273.2666666666667,276.6521739130435,277.5454545454546,280.1,281.5217391304348,280.3333333333334,279.2178571428571,279.2763157894737
265.8194444444445,267.9910714285714,273.3333333333334,276.7857142857143,277.6363636363636,280.2,281.6086956521739,280.3888888888889,279.2321428571429,279.3815789473684
265.8750000000001,268.0267857142858,273.4000000000001,276.9285714285714,277.7272727272727,280.3,281.6956521739131,280.4444444444445,279.2464285714286,279.4868421052632
265.9305555555556,268.0625000000001,273.4666666666667,277.0714285714286,277.8181818181818,280.4,281.7826086956522,280.5,279.3052631578948,279.5921052631579
265.9861111111111,268.0982142857143,273.5333333333334,277.2142857142857,277.9090909090909,280.5,281.8695652173913,280.5555555555555,279.378947368421,279.6973684210526
266.0416666666667,268.1339285714287,273.6,277.3571428571428,278,280.6,281.9565217391304,280.6111111111111,279.4526315789474,279.8026315789474
266.0972222222223,268.1696428571429,273.6666666666667,277.5,278.0909090909091,280.7,282.0434782608696,280.6666666666667,279.5263157894736,279.9078947368421
266.1527777777778,268.2053571428572,273.7333333333334,277.6428571428572,278.1818181818182,280.8,282.1304347826087,280.7222222222222,279.6,280.0131578947368
266.2083333333334,268.2410714285714,273.8000000000001,277.7727272727273,278.2727272727273,280.9,282.2173913043478,280.7777777777778,279.6736842105263,280.1184210526316
266.2638888888889,268.2291666666667,273.8666666666667,277.8636363636364,278.3636363636364,281,282.3043478260869,280.8333333333333,279.7473684210527,280.2236842105263
266.3194444444445,268.201388888889,273.9333333333334,277.9545454545454,278.4545454545454,281.047619047619,282.3913043478261,280.8888888888889,279.8210526315789,280.28
266.3750000000001,268.1736111111111,274.0000000000001,278.0454545454545,278.5454545454546,281.0952380952381,282.4782608695652,280.9444444444445,279.8947368421053,280.32
266.4305555555556,268.1458333333334,274.0666666666667,278.1363636363636,278.6363636363636,281.1428571428572,282.5652173913043,281,279.9684210526316,280.36
266.4861111111112,268.1180555555556,274.1333333333334,278.2272727272727,278.7272727272727,281.1904761904762,282.6521739130435,281.0555555555555,280.0421052631579,280.4
266.5416666666667,268.0902777777778,274.2,278.3181818181818,278.8181818181818,281.2380952380952,282.7391304347826,281.1111111111111,280.1157894736842,280.44
266.5972222222223,268.0625000000001,274.2621951219513,278.4090909090909,278.9090909090909,281.2857142857143,282.8260869565217,281.1666666666666,280.1894736842105,280.48
266.6527777777778,268.0347222222223,274.3109756097562,278.5,279,281.3333333333334,282.9130434782609,281.2222222222222,280.2631578947369,280.52
266.7083333333334,268.0069444444445,274.359756097561,278.5909090909091,279.0555555555555,281.3809523809524,283,281.2777777777778,280.3368421052631,280.56
266.7628205128206,267.9791666666667,274.4085365853659,278.6818181818182,279.1111111111111,281.4285714285714,282.9642857142857,281.3333333333334,280.4105263157895,280.6
266.8141025641026,267.9513888888889,274.4573170731708,278.7727272727273,279.1666666666667,281.4761904761905,282.9285714285714,281.3888888888889,280.4842105263158,280.64
266.8653846153847,267.9236111111111,274.5060975609757,278.8636363636364,279.2222222222222,281.5238095238095,282.8928571428572,281.4444444444445,280.5578947368421,280.68
266.9166666666667,267.8958333333334,274.5548780487805,278.9545454545454,279.2777777777778,281.5714285714286,282.8571428571429,281.5,280.6315789473684,280.72
266.9679487179488,267.8680555555556,274.6036585365854,279.0454545454546,279.3333333333334,281.6190476190476,282.8214285714286,281.5555555555555,280.7052631578947,280.7407407407408
267.0192307692308,267.8402777777778,274.6524390243903,279.1363636363636,279.3888888888889,281.6666666666667,282.7857142857143,281.6111111111111,280.778947368421,280.7037037037037
267.0705128205129,267.8125000000001,274.7012195121952,279.2272727272727,279.4444444444445,281.7142857142857,282.75,281.6666666666666,280.8526315789474,280.6666666666667
267.1217948717949,267.7847222222223,274.75,279.2702702702703,279.5,281.7619047619048,282.7142857142857,281.7222222222222,280.9263157894737,280.6296296296296
267.173076923077,267.7569444444445,274.7987804878049,279.2972972972973,279.5555555555555,281.8095238095238,282.6785714285714,281.7777777777778,281,280.5925925925926
267.224358974359,267.7083333333334,274.8475609756098,279.3243243243243,279.6111111111111,281.8571428571428,282.6428571428571,281.8333333333334,281.0714285714286,280.5555555555555
267.2756410256411,267.6527777777778,274.8963414634146,279.3513513513514,279.6666666666667,281.9047619047619,282.6071428571429,281.8888888888889,281.1428571428572,280.5185185185185
267.3269230769232,267.5972222222223,274.9451219512195,279.3783783783784,279.7222222222222,281.952380952381,282.5714285714286,281.9444444444445,281.2142857142857,280.4814814814815
267.3782051282052,267.5416666666667,274.9939024390244,279.4054054054054,279.7777777777778,282,282.5357142857143,282,281.2857142857143,280.4444444444445
267.4294871794872,267.4861111111112,275.0426829268293,279.4324324324324,279.8333333333333,282,282.5,281.9555555555556,281.3571428571429,280.4074074074074
267.4807692307693,267.4305555555557,275.0914634146342,279.4594594594595,279.8888888888889,282,282.4642857142857,281.9111111111111,281.4285714285714,280.3703703703704
267.5320512820513,267.3750000000001,275.140243902439,279.4864864864865,279.9444444444445,282,282.4285714285714,281.8666666666667,281.5,280.3333333333334
267.5833333333334,267.3194444444445,275.1890243902439,279.5135135135135,280,282,282.3928571428571,281.8222222222222,281.5714285714286,280.2962962962963
267.6346153846155,267.2638888888889,275.2378048780488,279.5405405405405,280.0877192982456,282,282.3571428571429,281.7777777777778,281.6428571428572,280.2592592592593
267.6858974358975,267.2083333333334,275.3035714285714,279.5675675675676,280.1754385964912,282,282.3214285714286,281.7333333333333,281.7142857142857,280.2857142857143
267.7371794871795,267.1527777777778,275.375,279.5945945945946,280.2631578947368,282,282.2857142857143,281.6888888888889,281.7857142857143,280.3333333333334
267.7105263157895,267.0972222222223,275.4464285714286,279.6216216216216,280.3508771929825,282,282.25,281.6444444444444,281.8571428571428,280.3809523809524
267.6578947368422,267.0416666666667,275.5178571428572,279.6486486486486,280.4385964912281,282,282.2142857142857,281.6,281.9285714285714,280.4285714285714
267.6052631578948,266.9861111111112,275.5892857142857,279.6756756756757,280.5263157894737,282,282.1785714285714,281.5555555555555,282,280.4761904761905
267.5526315789474,266.9305555555556,275.6607142857143,279.7027027027027,280.6140350877193,282,282.1428571428571,281.5111111111111,281.9259259259259,280.5238095238095
267.5000000000001,266.8750000000001,275.7321428571428,279.7297297297297,280.7017543859649,282,282.1071428571429,281.4666666666666,281.8518518518518,280.5714285714286
267.4473684210527,266.8194444444445,275.8035714285714,279.7352941176471,280.7894736842105,282,282.0714285714286,281.4222222222222,281.7777777777778,280.6190476190476
267.3947368421053,266.763888888889,275.875,279.6764705882353,280.8771929824561,282,282.0357142857143,281.3777777777777,281.7037037037037,280.6666666666667
267.3421052631579,266.7758620689656,275.9464285714286,279.6176470588235,280.9649122807018,281.9361702127659,282,281.3333333333334,281.6296296296296,280.7142857142857
267.2894736842106,266.8103448275863,276.0178571428571,279.5588235294118,281.0526315789474,281.8723404255319,281.974358974359,281.2888888888889,281.5555555555555,280.7321428571428
267.2368421052632,266.8448275862069,276.0892857142857,279.5,281.140350877193,281.8085106382979,281.948717948718,281.2444444444445,281.4814814814815,280.6607142857143
267.1842105263158,266.8793103448277,276.1607142857143,279.4411764705882,281.2280701754386,281.7446808510638,281.923076923077,281.2,281.4074074074074,280.5892857142857
267.1315789473685,266.9137931034484,276.2321428571429,279.3823529411765,281.2151162790698,281.6808510638298,281.8974358974359,281.1555555555556,281.3333333333333,280.5178571428571
267.0789473684211,266.948275862069,276.25,279.3235294117647,281.1686046511628,281.6170212765958,281.8717948717949,281.1111111111111,281.2592592592592,280.4464285714286
267.0263157894738,266.9827586206897,276.25,279.2647058823529,281.1220930232558,281.5531914893617,281.8461538461539,281.0666666666667,281.1851851851852,280.375
266.9736842105264,267.0172413793104,276.25,279.2058823529412,281.0755813953489,281.4893617021277,281.8205128205128,281.0222222222222,281.1111111111111,280.3035714285714
266.921052631579,267.0517241379311,276.25,279.1470588235294,281.0290697674419,281.4255319148936,281.7948717948718,280.9777777777778,281.0370370370371,280.2321428571429
266.8684210526316,267.0862068965518,276.25,279.0882352941177,280.9825581395349,281.3617021276596,281.7692307692308,280.9333333333333,280.9629629629629,280.1607142857143
266.8157894736843,267.1206896551725,276.25,279.0294117647059,280.9360465116279,281.2978723404255,281.7435897435897,280.8888888888889,280.8888888888889,280.0892857142857
266.7631578947369,267.1551724137931,276.25,278.9705882352941,280.8895348837209,281.2142857142857,281.7179487179487,280.8444444444444,280.8148148148148,280.0178571428572
266.8303571428572,267.1896551724138,276.25,278.9117647058823,280.8430232558139,281.0714285714286,281.6923076923077,280.8,280.7407407407408,279.9464285714286
266.9375000000001,267.2241379310345,276.25,278.8529411764706,280.796511627907,280.9285714285714,281.6666666666667,280.7555555555556,280.6666666666666,279.875
267.0446428571429,267.26,276.25,278.7941176470588,280.75,280.7857142857143,281.6410256410256,280.7111111111111,280.5925925925926,279.8035714285714
267.1517857142858,267.3000000000001,276.25,278.7407407407408,280.703488372093,280.6428571428571,281.6153846153846,280.6666666666667,280.5185185185185,279.7211538461539
267.2589285714286,267.3400000000001,276.25,278.7037037037037,280.6569767441861,280.5,281.5897435897436,280.6222222222222,280.4444444444445,279.6057692307692
267.3660714285715,267.3800000000001,276.2321428571428,278.6666666666667,280.6104651162791,280.3571428571429,281.5641025641025,280.5777777777778,280.3703703703704,279.4903846153846
267.4732142857143,267.4200000000001,276.1607142857143,278.6296296296297,280.5639534883721,280.2142857142857,281.5384615384615,280.5333333333333,280.2962962962963,279.375
267.5803571428572,267.4600000000001,276.0892857142857,278.5925925925926,280.5174418604651,280.0714285714286,281.5128205128206,280.4888888888889,280.2222222222222,279.2596153846154
267.6875000000001,267.5000000000001,276.0178571428572,278.5555555555555,280.4709302325581,279.9285714285714,281.4871794871795,280.4444444444445,280.1481481481482,279.1442307692308
267.7946428571429,267.5400000000001,275.9464285714286,278.5185185185185,280.4244186046512,279.7857142857143,281.4615384615385,280.4,280.0740740740741,279.0288461538461
267.9017857142858,267.58,275.8750000000001,278.4814814814815,280.3779069767442,279.84,281.4358974358975,280.3555555555556,280,278.9134615384615
268.0089285714287,267.6200000000001,275.8035714285714,278.4444444444445,280.3313953488372,279.96,281.4102564102564,280.3111111111111,279.923076923077,278.7980769230769
268.1160714285715,267.6600000000001,275.7500000000001,278.4074074074074,280.2848837209302,280.08,281.3846153846154,280.2666666666667,279.8461538461538,278.6826923076923
268.2232142857143,267.7,275.7500000000001,278.3703703703704,280.2395833333334,280.2,281.3589743589744,280.2222222222222,279.7692307692308,278.5673076923077
268.3671875000001,267.7400000000001,275.7500000000001,278.3333333333333,280.1979166666666,280.32,281.3333333333334,280.1777777777778,279.6923076923077,278.4519230769231
268.5234375000001,267.8269230769232,275.7500000000001,278.2962962962963,280.15625,280.44,281.3076923076923,280.1333333333333,279.6153846153846,278.3365384615385
268.6796875000001,267.9294871794872,275.7500000000001,278.2592592592592,280.1145833333334,280.56,281.2820512820513,280.0888888888889,279.5384615384615,278.2236842105264
268.8359375000001,268.0320512820513,275.7500000000001,278.1964285714286,280.0729166666666,280.68,281.2564102564103,280.0444444444444,279.4615384615385,278.1184210526316
268.9921875000001,268.1346153846155,275.7500000000001,278.125,280.03125,280.8,281.2027972027972,280,279.3846153846154,278.0131578947369
269.1484375000001,268.2371794871796,275.7500000000001,278.0535714285714,279.9895833333333,280.92,281.1398601398602,279.9130434782609,279.3076923076923,277.9078947368421
269.3046875000001,268.3397435897436,275.7500000000001,277.9821428571429,279.9479166666667,281.04,281.0769230769231,279.8260869565217,279.2307692307693,277.8026315789474
269.4609375000001,268.4423076923077,275.7500000000001,277.9107142857143,279.90625,281.16,281.013986013986,279.7391304347826,279.1538461538461,277.6973684210527
269.6171875000001,268.5448717948718,275.7500000000001,277.8392857142857,279.8645833333333,281.2264150943396,280.951048951049,279.6521739130435,279.0769230769231,277.5921052631579
269.7734375000001,268.647435897436,275.7500000000001,277.7678571428571,279.8229166666667,281.1320754716982,280.8881118881119,279.5652173913044,279,277.4868421052631
269.9296875000001,268.7500000000001,275.7500000000001,277.6964285714286,279.78125,281.0377358490566,280.8251748251748,279.4782608695652,278.9230769230769,277.3815789473684
270.0859375000001,268.8525641025641,275.7016129032259,277.625,279.7395833333334,280.9433962264151,280.7622377622378,279.3913043478261,278.8461538461538,277.2763157894736
270.2421875000001,268.9551282051283,275.6370967741936,277.5535714285714,279.6979166666667,280.8490566037736,280.6993006993007,279.304347826087,278.7692307692308,277.2173913043478
270.3984375000001,269.0576923076924,275.5725806451613,277.4821428571428,279.65625,280.7547169811321,280.6363636363636,279.2173913043479,278.6923076923077,277.1739130434783
270.5546875000001,269.1602564102565,275.5080645161291,277.4107142857143,279.6145833333333,280.6603773584906,280.5734265734266,279.1304347826087,278.6153846153846,277.1304347826087
270.7109375000001,269.2628205128206,275.4435483870968,277.3392857142857,279.5729166666667,280.566037735849,280.5104895104895,279.0434782608695,278.5384615384615,277.0869565217391
270.8785714285715,269.3653846153847,275.3790322580646,277.2678571428571,279.53125,280.4716981132075,280.4475524475524,278.9565217391304,278.4615384615385,277.0434782608696
271.0500000000001,269.4679487179488,275.3145161290323,277.2083333333333,279.4895833333333,280.3773584905661,280.3846153846154,278.8695652173913,278.3846153846154,277
271.2214285714286,269.5705128205129,275.2500000000001,277.1527777777778,279.4479166666667,280.2830188679245,280.3216783216783,278.7826086956521,278.3076923076923,276.9565217391304
271.3928571428572,269.673076923077,275.1854838709678,277.0972222222222,279.40625,280.188679245283,280.2587412587412,278.695652173913,278.2307692307692,276.9130434782609
271.5642857142858,269.7734375000001,275.1209677419355,277.0416666666667,279.3645833333333,280.0943396226415,280.1958041958042,278.6086956521739,278.1538461538461,276.8695652173913
271.7357142857144,269.8671875000001,275.0564516129033,276.9861111111111,279.3229166666667,280,280.1328671328671,278.5217391304348,278.076923076923,276.8260869565217
271.9071428571429,269.9609375000001,274.991935483871,276.9305555555555,279.28125,280,280.0699300699301,278.4347826086956,278,276.7826086956522
272.0785714285715,270.0546875000001,274.9274193548388,276.875,279.2359550561798,280,280.006993006993,278.3478260869565,277.9230769230769,276.71875
272.2500000000001,270.1484375000001,274.8629032258065,276.8194444444445,279.1797752808989,280,279.9440559440559,278.2608695652174,277.8461538461538,276.59375
272.4214285714286,270.2421875000001,274.7983870967742,276.7638888888889,279.123595505618,280,279.8811188811189,278.1739130434783,277.7692307692308,276.46875
272.5928571428572,270.3359375000001,274.7413793103449,276.7083333333334,279.0674157303371,280,279.8181818181818,278.0869565217391,277.6923076923077,276.34375
272.7642857142857,270.4296875000001,274.7068965517242,276.6527777777778,279.0112359550562,280,279.7552447552448,278,277.6153846153846,276.21875
272.9357142857144,270.5234375000001,274.6724137931035,276.5972222222222,278.9550561797753,280,279.6923076923077,277.9130434782609,277.5384615384615,276.09375
273.1071428571429,270.6171875000001,274.6379310344828,276.5416666666666,278.8988764044944,280,279.6293706293707,277.8260869565217,277.4615384615385,275.96875
273.2785714285715,270.7109375000001,274.6034482758621,276.4861111111111,278.8426966292135,280,279.5664335664336,277.7391304347826,277.3846153846154,275.84375
273.45,270.8046875000001,274.5689655172415,276.4305555555555,278.7865168539326,280,279.5034965034965,277.6521739130435,277.3076923076923,275.71875
273.6214285714286,270.8984375000001,274.5344827586208,276.375,278.7303370786517,280,279.4405594405595,277.5652173913043,277.2307692307692,275.59375
273.7395833333334,270.9921875000001,274.5000000000001,276.3194444444444,278.6741573033707,280,279.3776223776224,277.4782608695652,277.1538461538461,275.46875
273.6979166666667,271.0859375000001,274.4655172413794,276.2638888888889,278.6179775280899,280,279.3146853146853,277.3913043478261,277.0769230769231,275.34375
273.6562500000001,271.1796875000001,274.4310344827587,276.2173913043478,278.561797752809,280,279.2517482517483,277.3043478260869,277,275.2391304347826
273.6145833333334,271.2714285714286,274.396551724138,276.1739130434783,278.5056179775281,280,279.1888111888112,277.2173913043478,276.9230769230769,275.1956521739131
273.5729166666667,271.3571428571429,274.3620689655173,276.1304347826087,278.4494382022472,280,279.1258741258741,277.1304347826087,276.8461538461539,275.1521739130435
273.5312500000001,271.4428571428572,274.3275862068966,276.0869565217391,278.3932584269663,280,279.0629370629371,277.0434782608696,276.7692307692308,275.1086956521739
273.4895833333334,271.5285714285715,274.2931034482759,276.0434782608696,278.3370786516854,280,279,276.9565217391304,276.6923076923077,275.0652173913044
273.4479166666667,271.6142857142858,274.2586206896552,276,278.2808988764045,279.9354838709677,278.92,276.8695652173913,276.6153846153846,275.0217391304348
273.4062500000001,271.7,274.325,275.9565217391304,278.2247191011236,279.8709677419355,278.84,276.7826086956522,276.5384615384615,274.9782608695652
273.3645833333334,271.7857142857143,274.4250000000001,275.9130434782609,278.1685393258427,279.8064516129032,278.76,276.6956521739131,276.4615384615385,274.9347826086956
273.3229166666667,271.8714285714286,274.5250000000001,275.8695652173913,278.1123595505618,279.741935483871,278.68,276.6086956521739,276.3846153846154,274.8913043478261
273.2812500000001,271.9571428571429,274.6250000000001,275.8260869565217,278.056179775281,279.6774193548387,278.6,276.5217391304348,276.3076923076923,274.8478260869565
273.2651515151516,272.0428571428572,274.725,275.7826086956522,278,279.6129032258064,278.52,276.4347826086956,276.2307692307692,274.8043478260869
273.3257575757576,272.1285714285715,274.825,275.7604166666666,277.9565217391304,279.5483870967742,278.44,276.3478260869565,276.1538461538462,274.7608695652174
273.3863636363637,272.2142857142858,274.9250000000001,275.8020833333334,277.9130434782609,279.483870967742,278.36,276.2608695652174,276.0769230769231,274.71875
273.4469696969697,272.3000000000001,275.0250000000001,275.84375,277.8695652173913,279.4193548387097,278.28,276.1739130434783,276,274.6770833333333
273.5075757575758,272.3857142857144,275.1250000000001,275.8854166666667,277.8260869565217,279.3548387096774,278.2,276.0869565217391,275.9230769230769,274.6354166666667
273.5681818181819,272.4714285714286,275.225,275.9270833333333,277.7826086956522,279.2903225806451,278.12,276,275.8461538461538,274.59375
273.6287878787879,272.5571428571429,275.325,275.96875,277.7391304347826,279.2258064516129,278.04,275.9333333333333,275.7692307692308,274.5520833333334
273.689393939394,272.6428571428572,275.4250000000001,276.0104166666666,277.6956521739131,279.1612903225806,277.96,275.8666666666667,275.6923076923077,274.5104166666666
273.7500000000001,272.7285714285715,275.5250000000001,276.0520833333333,277.6521739130435,279.0967741935484,277.88,275.8,275.6153846153846,274.46875
273.8106060606061,272.8125000000001,275.6250000000001,276.09375,277.6086956521739,279.0322580645161,277.8,275.7333333333333,275.5384615384615,274.4270833333334
273.8712121212122,272.8958333333334,275.725,276.1354166666667,277.5652173913044,278.9677419354839,277.72,275.6666666666666,275.4615384615385,274.3854166666666
273.9318181818182,272.9791666666667,275.8181818181819,276.1770833333333,277.5217391304348,278.9032258064516,277.64,275.6,275.3846153846154,274.34375
273.9924242424243,273.0625000000001,275.909090909091,276.21875,277.4782608695652,278.8387096774194,277.56,275.5333333333333,275.3076923076923,274.3020833333334
274.0530303030304,273.1458333333334,276.0000000000001,276.2567567567567,277.4347826086956,278.7741935483871,277.48,275.4666666666667,275.2248062015503,274.2604166666667
274.1136363636364,273.2291666666667,276.0909090909091,276.2837837837838,277.3913043478261,278.7096774193548,277.4,275.4,275.124031007752,274.1818181818182
274.1742424242425,273.3125000000001,276.1818181818182,276.3108108108108,277.3478260869565,278.6451612903226,277.32,275.3333333333333,275.0232558139535,274.0909090909091
274.2348484848486,273.3958333333334,276.2727272727273,276.3378378378379,277.3043478260869,278.5806451612904,277.24,275.2666666666667,274.9224806201551,274
274.3203125000001,273.4791666666667,276.3636363636364,276.3648648648649,277.2608695652174,278.516129032258,277.16,275.2,274.8217054263566,273.9090909090909
274.4140625000001,273.5625000000001,276.4545454545455,276.3918918918919,277.2173913043478,278.4516129032258,277.08,275.1333333333333,274.7209302325581,273.8181818181818
274.5078125000001,273.6458333333334,276.5454545454546,276.4189189189189,277.1739130434783,278.3870967741935,277,275.0666666666667,274.6201550387597,273.7272727272727
274.6015625000001,273.7291666666667,276.6363636363637,276.4459459459459,277.1304347826087,278.3225806451613,276.9655172413793,275,274.5193798449612,273.6363636363636
274.6953125000001,273.7500000000001,276.7272727272727,276.472972972973,277.0869565217391,278.258064516129,276.9310344827586,274.9333333333333,274.4186046511628,273.5454545454546
274.7890625000001,273.7500000000001,276.8181818181819,276.5,277.0434782608696,278.1935483870968,276.8965517241379,274.8666666666667,274.3178294573643,273.4545454545454
274.8828125000001,273.7500000000001,276.909090909091,276.527027027027,277,278.1290322580645,276.8620689655172,274.8,274.2170542635659,273.3636363636364
274.9765625000001,273.7500000000001,277.0000000000001,276.5540540540541,276.9876543209877,278.0645161290323,276.8275862068966,274.7333333333333,274.1162790697674,273.2727272727273
275.0703125000001,273.7500000000001,277.0909090909092,276.5810810810811,276.9753086419753,278,276.7931034482759,274.6666666666667,274.015503875969,273.1477272727273
275.1640625000001,273.7500000000001,277.1818181818182,276.6081081081081,276.9629629629629,277.9444444444445,276.7586206896552,274.6,273.9147286821706,273.0113636363636
275.2578125000001,273.7500000000001,277.2685185185186,276.6351351351351,276.9506172839506,277.8888888888889,276.7241379310345,274.5333333333333,273.8139534883721,272.875
275.3515625000001,273.7500000000001,277.3425925925927,276.6621621621622,276.9382716049383,277.8333333333333,276.6896551724138,274.4666666666667,273.7131782945737,272.7386363636364
275.4453125000001,273.7500000000001,277.4166666666667,276.6891891891892,276.9259259259259,277.7777777777778,276.6551724137931,274.4,273.6124031007752,272.6022727272727
275.5390625000001,273.7500000000001,277.4907407407408,276.7162162162162,276.9135802469136,277.7222222222222,276.6206896551724,274.3333333333333,273.5116279069767,272.4659090909091
275.6328125000001,273.7500000000001,277.5648148148148,276.7432432432433,276.9012345679012,277.6666666666667,276.5862068965517,274.2666666666667,273.4108527131783,272.3295454545454
275.7265625000001,273.7500000000001,277.638888888889,276.75,276.8888888888889,277.6111111111111,276.551724137931,274.2,273.3100775193798,272.1931818181818
275.8225806451614,273.7500000000001,277.712962962963,276.75,276.8765432098766,277.5555555555555,276.5172413793103,274.1333333333333,273.2093023255814,272.0568181818182
275.9193548387097,273.8310810810812,277.7870370370371,276.75,276.8641975308642,277.5,276.4827586206897,274.0666666666667,273.1085271317829,271.9204545454546
276.0161290322581,273.9391891891892,277.8611111111112,276.75,276.8518518518518,277.4444444444445,276.448275862069,274,273.0077519379845,271.7840909090909
276.1129032258065,274.0472972972973,277.9351851851852,276.75,276.8395061728395,277.3888888888889,276.4137931034483,273.9333333333333,272.9069767441861,271.6
276.2096774193549,274.1554054054054,278.0092592592593,276.75,276.8271604938271,277.3333333333334,276.3793103448276,273.8666666666667,272.8062015503876,271.4
276.3064516129033,274.2635135135135,278.0833333333334,276.75,276.8148148148148,277.2777777777778,276.3448275862069,273.8,272.7054263565892,271.2
276.4032258064516,274.3716216216217,278.1574074074074,276.75,276.8024691358025,277.2222222222222,276.3103448275862,273.7333333333333,272.6046511627907,271
276.5000000000001,274.4797297297297,278.2314814814815,276.75,276.7901234567901,277.1666666666666,276.2758620689655,273.6666666666667,272.5038759689922,270.8
276.5967741935484,274.5878378378379,278.3048780487806,276.75,276.7777777777778,277.1111111111111,276.2413793103448,273.6,272.4031007751938,270.6
276.6935483870968,274.695945945946,278.3780487804879,276.75,276.7654320987654,277.0555555555555,276.2068965517241,273.5333333333334,272.3023255813953,270.4
276.7903225806452,274.8040540540541,278.4512195121952,276.75,276.7530864197531,277,276.1724137931035,273.4666666666666,272.2015503875969,270.202380952381
276.8870967741936,274.9121621621622,278.5243902439025,276.75,276.734375,276.9444444444445,276.1379310344827,273.4,272.1007751937984,270.0119047619048
276.983870967742,275.0202702702703,278.5975609756098,276.75,276.7135416666667,276.8888888888889,276.1034482758621,273.3333333333333,272,269.8214285714286
277.0806451612904,275.1283783783784,278.6707317073171,276.75,276.6927083333333,276.8333333333333,276.0689655172414,273.2666666666667,271.9285714285714,269.6309523809524
277.1774193548388,275.2364864864866,278.7439024390245,276.7416666666667,276.671875,276.7777777777778,276.0344827586207,273.2,271.8571428571429,269.4404761904762
277.2812500000001,275.3445945945946,278.8170731707318,276.7083333333333,276.6510416666667,276.7222222222222,276,273.1333333333333,271.7857142857143,269.25
277.4062500000001,275.4527027027028,278.8902439024391,276.675,276.6302083333334,276.6666666666667,275.9714285714285,273.0666666666667,271.7142857142857,269.0595238095238
277.5312500000001,275.5608108108108,278.9634146341464,276.6416666666667,276.609375,276.6111111111111,275.9428571428571,273,271.6428571428571,268.8690476190476
277.6562500000001,275.668918918919,279.0365853658537,276.6083333333333,276.5885416666666,276.5555555555555,275.9142857142857,272.9183673469388,271.5714285714286,268.6785714285714
277.7812500000001,275.7794117647059,279.109756097561,276.575,276.5677083333334,276.5,275.8857142857143,272.8367346938775,271.5,268.4880952380952
277.9062500000001,275.8970588235294,279.1829268292684,276.5416666666666,276.546875,276.4444444444445,275.8571428571429,272.7551020408163,271.4285714285714,268.297619047619
278.0312500000001,276.014705882353,279.2560975609757,276.5083333333333,276.5260416666666,276.3888888888889,275.8285714285714,272.6734693877551,271.3571428571429,268.1617647058823
278.1562500000001,276.1323529411765,279.329268292683,276.475,276.5052083333334,276.3333333333333,275.8,272.5918367346939,271.2857142857143,268.0441176470588
278.2812500000001,276.2500000000001,279.4024390243903,276.4416666666667,276.484375,276.2777777777778,275.7714285714285,272.5102040816327,271.2142857142857,267.9264705882353
278.4062500000001,276.3676470588236,279.4756097560976,276.4083333333334,276.4635416666667,276.2222222222222,275.7428571428571,272.4285714285714,271.1428571428571,267.8088235294118
278.5312500000001,276.4852941176471,279.5487804878049,276.375,276.4427083333333,276.1666666666667,275.7142857142857,272.3469387755102,271.0714285714286,267.6911764705882
278.6562500000001,276.6029411764706,279.6219512195123,276.3416666666666,276.421875,276.1111111111111,275.6857142857143,272.265306122449,271,267.5735294117648
278.7692307692308,276.7205882352941,279.6951219512196,276.3083333333333,276.4010416666667,276.0555555555555,275.6571428571428,272.1836734693878,270.9285714285714,267.4558823529412
278.8461538461539,276.8382352941177,279.7444444444445,276.275,276.3802083333333,276,275.6285714285714,272.1020408163265,270.8571428571429,267.3382352941176
278.923076923077,276.9558823529412,279.7222222222223,276.26,276.359375,276,275.6,272.0204081632653,270.7857142857143,267.2142857142857
279.0000000000001,277.0735294117648,279.7,276.3,276.3385416666667,276,275.5714285714286,271.9387755102041,270.7142857142857,267.0714285714286
279.0769230769232,277.1911764705883,279.6777777777779,276.34,276.3177083333333,276,275.5428571428571,271.8571428571428,270.6428571428571,266.9285714285714
279.1538461538462,277.3088235294118,279.6555555555556,276.38,276.296875,276,275.5142857142857,271.7755102040816,270.5714285714286,266.7857142857143
279.2307692307693,277.4264705882354,279.6333333333334,276.42,276.2760416666666,276,275.4857142857143,271.6938775510204,270.5,266.6428571428571
279.3076923076924,277.5441176470589,279.6111111111112,276.46,276.2552083333334,276,275.4571428571429,271.6122448979592,270.4285714285714,266.5
279.3846153846155,277.6617647058824,279.588888888889,276.5,276.2875,276,275.4285714285714,271.530612244898,270.3571428571429,266.3571428571429
279.4615384615385,277.7788461538462,279.5666666666667,276.54,276.3375,276,275.4,271.4489795918367,270.2857142857143,266.2166666666666
279.5384615384616,277.8942307692308,279.5444444444445,276.58,276.3875,276,275.3714285714286,271.3673469387755,270.2142857142857,266.0833333333333
279.6153846153847,278.0096153846154,279.5222222222223,276.62,276.4375,276,275.3428571428572,271.2857142857143,270.1428571428572,265.95
279.6923076923077,278.1250000000001,279.5000000000001,276.66,276.4875,276,275.3142857142857,271.204081632653,270.0714285714286,265.8166666666667
279.7407407407408,278.2403846153847,279.4777777777778,276.7,276.5375,276,275.2857142857143,271.1224489795918,270,265.6833333333333
279.7037037037038,278.3557692307693,279.4555555555556,276.74,276.5875,276,275.2571428571429,271.0408163265306,269.9295774647887,265.55
279.6666666666667,278.4711538461539,279.4333333333334,276.8125,276.6375,276,275.2285714285714,270.9591836734694,269.8591549295775,265.4166666666667
279.6296296296297,278.5865384615385,279.4111111111112,276.8958333333333,276.6875,276,275.2,270.8775510204082,269.7887323943662,265.2833333333334
279.5925925925926,278.7019230769232,279.388888888889,276.9791666666667,276.7375,276,275.1714285714286,270.7959183673469,269.7183098591549,265.1964285714286
279.5555555555556,278.8173076923077,279.3666666666667,277.0625,276.7875,276,275.1428571428571,270.7142857142857,269.6478873239437,265.125
279.5185185185186,278.9326923076924,279.3444444444445,277.1458333333333,276.8375,276,275.1142857142857,270.6326530612245,269.5774647887324,265.0535714285714
279.4814814814815,279.048076923077,279.3222222222223,277.2291666666667,276.8875,276,275.0857142857143,270.5510204081633,269.5070422535211,264.9821428571429
279.4444444444445,279.1634615384616,279.3000000000001,277.3125,276.9375,276,275.0571428571429,270.469387755102,269.4366197183099,264.9107142857143
279.4074074074074,279.2314814814815,279.2777777777778,277.3958333333333,276.9875,276,275.0285714285715,270.3877551020408,269.3661971830986,264.8392857142857
279.3703703703704,279.1574074074075,279.2555555555556,277.4791666666666,277.0375,276,275,270.3061224489796,269.2957746478874,264.7678571428572
279.3333333333334,279.0833333333334,279.2758620689656,277.5625,277.0875,276,274.9714285714286,270.2244897959184,269.225352112676,264.4285714285714
279.2962962962964,279.0092592592594,279.3103448275863,277.6458333333334,277.1375,276,274.9428571428571,270.1428571428571,269.1549295774648,264
279.2592592592593,278.9351851851852,279.3448275862069,277.7291666666666,277.1875,276,274.9142857142857,270.0612244897959,269.0845070422535,263.5714285714286
279.2758620689656,278.8611111111112,279.3793103448277,277.8125,277.2375,276,274.8857142857142,269.9795918367347,269.0140845070422,263.15625
279.3103448275863,278.7870370370371,279.4137931034483,277.8958333333333,277.2875,275.9642857142857,274.8571428571429,269.8979591836735,268.943661971831,262.78125
279.3448275862069,278.712962962963,279.448275862069,277.9791666666666,277.3375,275.9285714285714,274.8285714285714,269.8163265306122,268.8732394366197,262.40625
279.3793103448277,278.6388888888889,279.4827586206898,278.0625,277.3875,275.8928571428572,274.8,269.734693877551,268.8028169014084,262.03125
279.4137931034483,278.5648148148149,279.5172413793103,278.1458333333334,277.4375,275.8571428571429,274.7714285714285,269.6530612244898,268.7202380952381,261.7166666666667
279.448275862069,278.4907407407408,279.5517241379311,278.2291666666667,277.4875,275.8214285714286,274.7428571428571,269.5714285714286,268.6011904761905,261.5833333333333
279.4827586206898,278.4166666666667,279.5862068965518,278.31,277.5375,275.7857142857143,274.7142857142857,269.4897959183673,268.4821428571429,261.45
279.5172413793103,278.3425925925927,279.6206896551725,278.39,277.5875,275.75,274.6857142857143,269.4081632653061,268.3630952380952,261.3166666666667
279.5517241379311,278.2685185185186,279.6551724137932,278.47,277.6375,275.7142857142857,274.6571428571428,269.3265306122449,268.2440476190476,261.1833333333333
279.5862068965518,278.3225806451614,279.6896551724138,278.55,277.6875,275.6785714285714,274.6285714285714,269.2448979591837,268.125,261.05
279.6206896551725,278.4193548387097,279.7241379310345,278.63,277.7375,275.6428571428571,274.6,269.1632653061225,268.0059523809524,260.9166666666667
279.6551724137932,278.5161290322581,279.7592592592594,278.71,277.7302631578947,275.6071428571429,274.5714285714286,269.0816326530612,267.8869047619048,260.7833333333334
279.6896551724138,278.6129032258065,279.7962962962964,278.79,277.703947368421,275.5714285714286,274.5428571428571,269,267.7678571428571,260.5625
279.7241379310345,278.7096774193549,279.8333333333334,278.87,277.6776315789473,275.5357142857143,274.5142857142857,268.8648648648649,267.6488095238095,260.3125
279.7361111111112,278.8064516129033,279.8703703703704,278.95,277.6513157894736,275.5,274.4857142857143,268.7297297297297,267.5297619047619,260.0625
279.6805555555557,278.9032258064516,279.9074074074074,279.03,277.625,275.4642857142857,274.4571428571429,268.5945945945946,267.4107142857143,259.8125
279.6250000000001,279.0000000000001,279.9444444444445,279.11,277.5986842105264,275.4285714285714,274.4285714285714,268.4594594594594,267.2916666666666,259.5625
279.5694444444445,279.0967741935484,279.9814814814815,279.19,277.5723684210527,275.3928571428571,274.4,268.3243243243244,267.172619047619,259.3125
279.5138888888889,279.1935483870968,280.0185185185186,279.2625,277.546052631579,275.3571428571429,274.3714285714286,268.1891891891892,267.0535714285714,258.9285714285714
279.4583333333334,279.2903225806452,280.0555555555556,279.3125,277.5197368421053,275.3214285714286,274.3428571428572,268.0540540540541,266.9345238095238,258.5
279.4027777777778,279.3870967741936,280.0925925925927,279.3625,277.4934210526316,275.2857142857143,274.3142857142857,267.9189189189189,266.8154761904762,258.0714285714286
279.3472222222223,279.483870967742,280.1296296296297,279.4125,277.4671052631579,275.25,274.2857142857143,267.7837837837838,266.6964285714286,257.7058823529412
279.2916666666667,279.5806451612904,280.1666666666667,279.4625,277.4407894736842,275.2142857142857,274.2571428571429,267.6486486486486,266.577380952381,257.5294117647059
279.2361111111112,279.6774193548388,280.2037037037038,279.5125,277.4144736842105,275.1785714285714,274.2285714285715,267.5135135135135,266.4583333333334,257.3529411764706
279.1805555555556,279.7738095238096,280.2407407407408,279.5625,277.3881578947369,275.1428571428571,274.2,267.3783783783784,266.3392857142857,257.1764705882353
279.1250000000001,279.8690476190476,280.3231707317074,279.6125,277.3618421052631,275.1071428571429,274.1714285714286,267.2432432432432,266.1944444444445,257
279.0694444444445,279.9642857142858,280.4207317073171,279.6625,277.3355263157895,275.0714285714286,274.1428571428571,267.1081081081081,265.9722222222222,256.8235294117647
279.013888888889,280.0595238095239,280.5182926829269,279.7125,277.3092105263158,275.0357142857143,274.1142857142857,266.972972972973,265.75,256.6470588235294
278.9583333333334,280.1547619047619,280.6158536585367,279.7625,277.2828947368421,275,274.0857142857143,266.8378378378378,265.5277777777778,256.4705882352941
278.9027777777778,280.2500000000001,280.7134146341464,279.8125,277.2565789473684,275.0909090909091,274.0571428571429,266.7027027027027,265.3055555555555,256.2941176470588
278.8472222222223,280.3452380952381,280.8109756097562,279.8625,277.3617021276596,275.1818181818182,274.0285714285714,266.5675675675676,265.0833333333334,256.25
278.7916666666667,280.4404761904763,280.9085365853659,279.9125,277.5106382978723,275.2727272727273,274,266.4324324324324,264.8611111111111,256.25
278.7302631578948,280.5357142857143,281.0060975609757,279.9625,277.6595744680851,275.3636363636363,274.0280898876405,266.2972972972973,264.6388888888889,256.25
278.6513157894738,280.6309523809524,281.1036585365854,280.0125,277.8085106382979,275.4545454545454,274.0561797752809,266.1621621621622,264.4166666666666,256.25
278.5723684210527,280.7261904761905,281.2012195121952,280.0625,277.9574468085106,275.5454545454546,274.0842696629214,266.027027027027,264.1944444444445,256.1923076923077
278.4934210526316,280.5892857142858,281.2987804878049,280.1125,278.1063829787234,275.6363636363637,274.1123595505618,265.8918918918919,263.9722222222222,255.9615384615385
278.4144736842106,280.3750000000001,281.3963414634147,280.1625,278.2553191489362,275.7272727272727,274.1404494382022,265.7567567567568,263.75,255.7307692307692
278.3355263157895,280.1607142857143,281.4939024390245,280.2125,278.4042553191489,275.8181818181818,274.1685393258427,265.6216216216216,263.5277777777778,255.5
278.2565789473685,279.9464285714286,281.5914634146342,280.2777777777778,278.5531914893617,275.9090909090909,274.1966292134832,265.4864864864865,263.3055555555555,255.2692307692308
278.1776315789475,279.7321428571429,281.689024390244,280.3888888888889,278.7021276595744,276,274.2247191011236,265.3513513513514,263.126213592233,255.0384615384615
278.0986842105264,279.5178571428572,281.7865853658537,280.5,278.8510638297872,276.0909090909091,274.2528089887641,265.2162162162163,262.9611650485437,254.8076923076923
278.0197368421053,279.3035714285715,281.8841463414635,280.6111111111111,279,276.1818181818182,274.2808988764045,265.0810810810811,262.7961165048544,254.5625
277.9407894736843,279.225,281.9817073170732,280.7222222222222,279.047619047619,276.2727272727273,274.308988764045,264.9459459459459,262.6310679611651,254.3125
277.8618421052632,279.1916666666667,282.079268292683,280.8333333333334,279.0952380952381,276.3636363636364,274.3370786516854,264.8108108108108,262.4660194174757,254.0625
277.7828947368422,279.1583333333334,282.1768292682927,280.9444444444445,279.1428571428572,276.4545454545455,274.3651685393258,264.6756756756757,262.3009708737864,253.8125
277.7039473684211,279.1250000000001,282.2741935483871,281.0555555555555,279.1904761904762,276.5454545454546,274.3932584269663,264.5405405405405,262.1359223300971,253.4772727272727
277.6250000000001,279.0916666666667,282.3709677419355,281.1666666666667,279.2380952380952,276.6363636363636,274.4213483146067,264.4054054054054,261.9708737864078,253.1136363636364
277.546052631579,279.0583333333334,282.467741935484,281.2777777777778,279.2857142857143,276.7272727272727,274.4494382022472,264.2702702702703,261.8058252427185,252.75
277.467105263158,279.0250000000001,282.5645161290323,281.3888888888889,279.3333333333334,276.8181818181818,274.4775280898876,264.1351351351352,261.6407766990291,252.3863636363636
277.3881578947369,278.9916666666667,282.6612903225807,281.5,279.3809523809524,276.9090909090909,274.5056179775281,264,261.4757281553398,252.0227272727273
277.3092105263158,278.9583333333334,282.7580645161291,281.6111111111111,279.4285714285714,277,274.5337078651686,263.8846153846154,261.3106796116505,251.6071428571429
277.2333333333334,278.9250000000001,282.8548387096775,281.7222222222222,279.4761904761905,277.1176470588235,274.561797752809,263.7692307692308,261.1456310679612,251.0357142857143
277.1666666666667,278.8916666666667,282.9516129032259,281.7857142857143,279.5238095238095,277.2352941176471,274.5898876404494,263.6538461538461,260.9805825242719,250.4642857142857
277.1,278.8583333333334,283.0483870967743,281.8333333333334,279.5714285714286,277.3529411764706,274.6179775280899,263.5384615384615,260.8155339805825,249.8928571428572
277.0333333333334,278.825,283.1451612903226,281.8809523809524,279.6190476190476,277.4705882352941,274.6460674157303,263.4230769230769,260.6504854368932,249.623595505618
276.9666666666667,278.7916666666667,283.241935483871,281.9285714285714,279.6666666666667,277.5882352941176,274.6741573033708,263.3076923076923,260.4854368932039,249.4550561797753
276.9,278.7583333333334,283.3387096774194,281.9761904761905,279.7142857142857,277.7058823529412,274.7022471910112,263.1923076923077,260.3203883495145,249.2865168539326
276.8333333333334,278.6818181818182,283.4354838709678,282.0238095238095,279.7619047619048,277.8235294117648,274.7303370786517,263.0769230769231,260.1553398058252,249.1179775280899
276.7666666666667,278.5909090909092,283.5322580645162,282.0714285714286,279.8095238095238,277.9411764705882,274.7584269662921,262.9615384615385,259.9902912621359,248.9494382022472
276.6964285714287,278.5000000000001,283.6290322580646,282.1190476190476,279.8571428571429,278.0588235294118,274.7865168539326,262.8461538461539,259.8252427184466,248.7808988764045
276.6250000000001,278.4090909090909,283.725806451613,282.1666666666667,279.9047619047619,278.1764705882353,274.814606741573,262.7307692307692,259.6601941747573,248.6123595505618
276.5535714285715,278.3181818181819,283.7857142857144,282.2142857142857,279.9523809523809,278.2941176470588,274.8426966292135,262.6153846153846,259.4951456310679,248.4438202247191
276.4821428571429,278.2272727272728,283.8333333333334,282.2717391304348,280,278.4117647058823,274.870786516854,262.5,259.3300970873786,248.2752808988764
276.4107142857143,278.1363636363637,283.8809523809524,282.3586956521739,280.1481481481482,278.5294117647059,274.8988764044944,262.3846153846154,259.1650485436893,248.1067415730337
276.3392857142858,278.0454545454546,283.9285714285714,282.4456521739131,280.2962962962963,278.6470588235294,274.9269662921349,262.2692307692308,259,247.938202247191
276.2678571428572,277.9545454545455,283.9761904761906,282.5326086956522,280.4444444444445,278.7647058823529,274.9550561797753,262.1538461538461,258.8,247.7696629213483
276.0425531914894,277.8636363636364,284.0238095238096,282.6195652173913,280.5925925925926,278.8823529411765,274.9831460674157,262.0384615384615,258.6,247.6011235955056
275.7659574468086,277.7727272727273,284.0714285714287,282.7065217391304,280.7407407407408,279,275.0112359550562,261.9230769230769,258.4,247.4325842696629
275.4893617021277,277.6818181818182,284.1190476190476,282.7934782608696,280.8888888888889,279.1176470588235,275.0393258426966,261.8076923076923,258.2,247.2640449438202
275.2127659574468,277.5909090909091,284.1666666666667,282.8804347826087,281.037037037037,279.2352941176471,275.0674157303371,261.6923076923077,258,247.0955056179776
274.936170212766,277.5000000000001,284.2142857142858,282.9673913043478,281.1851851851852,279.3529411764706,275.0955056179776,261.5769230769231,257.8,246.9269662921348
274.6595744680851,277.409090909091,284.2368421052632,283.0543478260869,281.3333333333334,279.4705882352941,275.123595505618,261.4615384615385,257.6,246.7584269662921
274.3829787234043,277.3181818181819,284.1842105263158,283.1413043478261,281.4814814814815,279.5882352941177,275.1516853932584,261.3461538461539,257.4,246.5898876404494
274.1063829787234,277.2307692307693,284.1315789473684,283.2282608695652,281.6296296296296,279.7058823529412,275.1797752808989,261.2307692307692,257.2,246.4213483146067
273.8297872340426,277.1538461538462,284.078947368421,282.7142857142857,281.7777777777778,279.8235294117647,275.2078651685393,261.1153846153846,257,246.252808988764
273.5531914893617,277.0769230769231,284.0263157894737,282,281.9259259259259,279.9411764705882,275.2359550561798,261,256.8,246.0842696629213
