169.8333333333334,179.2857142857143,187.4375000000001,187.2187500000001,188,188.8409090909091,184.21875,174.7500000000001,173.3645833333333,175.0434782608696
170.1666666666667,179.1428571428572,188.1875000000001,187.0937500000001,188.3333333333334,189.0227272727273,184.34375,175.0000000000001,173.59375,175.1304347826087
170.5000000000001,179.0000000000001,188.8333333333334,186.9687500000001,188.6666666666667,189.2045454545455,184.46875,175.2500000000001,173.8229166666667,175.2173913043478
170.8333333333334,178.8571428571429,189.1666666666667,186.8437500000001,189,189.3863636363636,184.59375,175.5000000000001,174.0520833333333,175.3043478260869
171.1666666666667,178.7142857142858,188.2500000000001,186.8888888888889,189.3333333333333,189.5681818181818,184.71875,175.75,174.28125,175.3913043478261
171.5000000000001,178.5714285714286,187.1785714285715,187.4444444444445,189.6666666666667,189.75,185.875,176,174.5104166666667,175.4782608695652
171.8333333333334,178.4285714285715,186.8928571428572,188.0000000000001,190,189.9318181818182,187.375,176.25,174.7395833333333,175.78125
172.1666666666667,178.2857142857144,186.6071428571429,188.5555555555556,190.3333333333333,190.1136363636363,187.975,176.5,174.96875,176.15625
172.5000000000001,178.5500000000001,186.3214285714286,189.1111111111112,190.6666666666667,190.1,188.275,176.75,175.1979166666667,176.53125
172.8333333333334,178.95,186.7857142857143,189.8125000000001,191,189.5,188.575,177,175.4270833333333,176.90625
173.1666666666667,179.3500000000001,187.5000000000001,190.5625000000001,190.8,188.9,188.875,177.1111111111111,175.65625,177.1056547619048
173.5000000000001,179.7500000000001,188.2142857142858,191.5000000000001,190.6,188.3,189.175,177.2222222222222,175.8854166666667,177.2465277777778
173.8750000000001,180.1500000000001,188.9375000000001,192.5000000000001,190.4,188.1875,189.25,177.3333333333333,176.0454545454546,177.3874007936508
174.3750000000001,180.5312500000001,189.6875000000001,192.3750000000001,190.2,188.5625,189.25,177.4444444444445,176.1363636363636,177.5282738095238
174.8750000000001,180.9062500000001,190.2884615384616,191.8750000000001,190,188.9375,189.25,177.5555555555555,176.2272727272727,177.7384465312485
175.3750000000001,181.2812500000001,190.4423076923077,191.3750000000001,190.3103448275862,189.3125,189.25,177.6666666666667,176.3181818181818,178.2268016098203
175.8611111111112,181.6562500000001,190.5961538461539,191.1562500000001,190.6206896551724,189.6875,189.25,177.7777777777778,176.4090909090909,178.715156688392
176.3055555555556,182.5000000000001,190.7500000000001,191.0312500000001,190.9310344827586,190.0625,189.25,177.8888888888889,176.5,179.2035117669638
176.7500000000001,183.2500000000001,190.9038461538462,190.9062500000001,191.2413793103448,190.4375,189.280701754386,178,176.5909090909091,179.6918668455356
177.1944444444445,183.2500000000001,191.0576923076924,190.7812500000001,191.551724137931,190.8125,189.4035087719298,178.1818181818182,176.6818181818182,179.8928571428572
177.6388888888889,183.2500000000001,191.2115384615385,190.6562500000001,191.8620689655172,191.1111111111111,189.5263157894737,178.3636363636363,176.8050847457627,179.9214285714286
177.7500000000001,183.2500000000001,191.0000000000001,190.5312500000001,192.1724137931034,191.3333333333333,189.6491228070175,178.5454545454546,177.0254237288136,179.95
177.7500000000001,183.5161290322581,190.6666666666667,190.4062500000001,191.625,191.5555555555555,189.7719298245614,178.7272727272727,177.2457627118644,179.9785714285714
177.7500000000001,183.8709677419355,190.3333333333334,190.2812500000001,190.7916666666667,191.7777777777778,189.8947368421053,178.9090909090909,177.4661016949153,180.1666666666667
177.7500000000001,184.2258064516129,190.0000000000001,190.1666666666667,189.9583333333333,192,190.0175438596491,179.0909090909091,177.6864406779661,180.8333333333333
178.1250000000001,184.5806451612903,189.7954545454546,190.0555555555556,189.75,192.2222222222222,190.140350877193,179.2727272727273,177.906779661017,181.5
178.6250000000001,183.5,189.9772727272728,189.9444444444445,189.75,192.4444444444445,190.2631578947368,179.4545454545454,178.1271186440678,182.03125
179.1250000000001,182.3173076923077,190.159090909091,189.8333333333334,190.3333333333333,192.6666666666667,190.3859649122807,179.6363636363636,178.3474576271186,182.15625
179.6250000000001,181.8557692307692,190.3409090909092,189.7916666666667,192.6666666666667,192.8888888888889,190.5087719298246,179.8181818181818,178.5677966101695,182.28125
179.8076923076923,181.3942307692308,190.5227272727273,189.9583333333334,193.2105263157895,192.9285714285714,190.6315789473684,180,178.7881355932203,182.40625
179.8846153846154,180.9326923076923,190.7045454545455,190.1250000000001,193.1578947368421,192.7857142857143,190.7543859649123,180.5,179.0084745762712,182.5535714285714
179.9615384615385,180.9479166666667,191.0909090909091,190.2916666666667,193.1052631578947,192.6428571428571,190.8771929824561,181,179.228813559322,182.7678571428571
180.0384615384616,181.03125,191.5454545454546,190.4583333333334,193.0526315789474,192.5,191,181.5,179.4491525423729,182.9821428571429
180.1153846153847,181.1145833333333,192.0000000000001,190.6250000000001,193,192.3571428571429,191.2380952380952,182,179.6694915254237,183.1964285714286
180.1923076923077,182.1944444444445,192.4545454545455,190.9166666666667,193.2,192.2894736842105,191.4761904761905,182.3333333333333,179.8898305084746,183.4107142857143
180.2307692307693,183.4166666666667,192.909090909091,191.5833333333334,193.4,192.4473684210526,191.7142857142857,182.6666666666667,180.1666666666667,183.625
180.1538461538462,185.25,193.3181818181819,192.2500000000001,193.6,192.6052631578947,191.952380952381,183,180.5,183.8392857142857
180.0769230769231,186.6756756756757,193.5909090909092,192.9166666666667,193.8,192.7631578947368,192.1904761904762,183.3333333333333,180.8333333333333,184.125
180.0000000000001,186.8108108108108,193.8636363636364,193.5833333333334,194,192.9210526315789,192.375,183.6666666666667,181.1666666666667,184.625
179.923076923077,186.945945945946,194.1363636363637,194.2857142857143,194.2,193.0833333333333,192.5416666666667,184,181.5,185.125
179.8461538461539,187.0810810810811,194.409090909091,195.0000000000001,194.4,193.25,192.7083333333333,184,181.8333333333333,185.625
179.7692307692308,187.2162162162163,194.6818181818182,195.7142857142858,194.6,193.4166666666667,192.875,184,182.1666666666667,186.125
180.1666666666667,187.2500000000001,194.9,196.2608695652174,194.8,193.5833333333333,193.0416666666667,184,182.5,186.625
180.7222222222223,187.2500000000001,195.1000000000001,196.304347826087,195,193.75,193.2083333333333,184,182.8333333333333,187.125
181.2777777777778,187.2500000000001,195.3000000000001,196.3478260869566,195.0909090909091,193.9166666666667,193.2083333333333,185,183.1666666666667,187.5208333333333
181.8333333333334,187.2500000000001,195.5000000000001,196.3913043478261,195.1818181818182,194.0806451612903,193.1527777777778,186,183.5,187.6041666666667
182.3269230769231,187.2500000000001,195.7,196.4347826086957,195.2727272727273,194.2419354838709,193.0972222222222,187,183.8333333333333,187.6875
182.6346153846154,187.2500000000001,195.9166666666667,196.4782608695652,195.3636363636364,194.4032258064516,193.0416666666667,187.3389830508475,184.1666666666667,187.7708333333333
182.9423076923077,187.3,196.1388888888889,196.5217391304348,195.4545454545454,194.5645161290323,192.9861111111111,187.457627118644,184.5,187.8541666666667
183.2500000000001,187.5000000000001,196.3611111111112,196.5652173913044,195.5454545454546,194.7258064516129,192.9305555555555,187.5762711864407,184.8333333333333,187.9375
183.5576923076924,187.7000000000001,196.5833333333334,196.608695652174,195.6363636363636,194.8870967741935,192.875,187.6949152542373,185.1666666666667,188.0434782608696
183.8653846153847,187.9000000000001,196.8611111111111,196.6521739130435,195.7272727272727,195.0483870967742,192.8194444444445,187.8135593220339,185.5,188.2173913043478
184.173076923077,188.1000000000001,197.3055555555556,196.6956521739131,195.8181818181818,195.2096774193548,192.7638888888889,187.9322033898305,185.8333333333333,188.3913043478261
184.5714285714286,188.2857142857144,197.7500000000001,196.7391304347827,195.9090909090909,195.3823529411765,192.9130434782609,188.0508474576271,186.1666666666667,188.5652173913043
185.0000000000001,188.4285714285715,198.1944444444445,196.5625000000001,196,195.5588235294118,193.1304347826087,188.1694915254237,186.5,188.7391304347826
185.4285714285715,188.5714285714286,198.6388888888889,196.3125000000001,196.2558139534884,195.7352941176471,193.3478260869565,188.2881355932203,186.8333333333333,188.9130434782609
185.9166666666667,188.7142857142858,198.8571428571429,196.0625000000001,196.5116279069767,195.9117647058823,193.5652173913043,188.4067796610169,187.241935483871,189.0869565217391
186.5833333333334,188.8571428571429,199.0000000000001,195.8125000000001,196.7674418604651,196.0454545454546,193.7826086956522,188.5254237288136,187.7258064516129,189.2608695652174
187.2500000000001,189.0000000000001,199.1428571428572,195.5625000000001,197.0232558139535,196.1363636363637,194,188.6440677966102,188.2096774193548,189.4347826086956
187.8750000000001,189.1428571428572,199.2857142857143,195.3125000000001,197.2790697674419,196.2272727272727,194.3714285714286,188.7627118644068,188.6935483870968,189.6086956521739
188.3750000000001,189.2727272727273,199.4285714285715,195.2500000000001,197.5348837209302,196.3181818181818,194.7428571428572,188.8813559322034,189.1774193548387,189.7826086956522
188.6071428571429,189.3636363636364,199.5714285714286,195.2500000000001,197.7906976744186,196.4090909090909,195.1142857142857,189,189.6612903225806,189.9565217391304
188.0357142857143,189.4545454545455,199.7142857142858,195.2500000000001,198.046511627907,196.5,195.4857142857143,189.1666666666667,190.1451612903226,190.65625
187.4642857142858,189.5454545454546,199.6617647058824,195.2500000000001,198.3023255813953,196.5909090909091,195.6521739130435,189.3333333333333,190.6290322580645,191.53125
186.8928571428572,189.6363636363637,199.5441176470589,195.2500000000001,198.5581395348837,196.6818181818182,195.6956521739131,189.5,190.9,192.40625
186.8571428571429,189.7272727272728,199.4264705882354,195.4,198.7083333333333,196.7727272727273,195.7391304347826,189.6666666666667,191.1,193.28125
187.0000000000001,189.8863636363637,199.3088235294118,195.6000000000001,198.5416666666667,196.8636363636363,195.7826086956522,189.8333333333333,191.3,193.6071428571428
187.1428571428572,190.0681818181819,199.1911764705883,195.8000000000001,198.375,196.9545454545455,195.8260869565217,190,191.5,193.75
187.2857142857143,190.2500000000001,199.0735294117648,196.0000000000001,198.2083333333333,197.1363636363637,195.8695652173913,190.1666666666667,191.7,193.8928571428571
187.4285714285715,190.4318181818182,198.9558823529412,196.2000000000001,198.0416666666667,197.4090909090909,195.8369565217391,190.3333333333333,191.9,194.125
187.5714285714286,190.6136363636364,198.8382352941177,196.5384615384616,197.875,197.6818181818182,195.7934782608696,190.5,192.1,194.625
187.7142857142858,190.8333333333334,198.7,196.923076923077,197.8,197.9545454545455,195.75,190.6666666666667,192.225,195.125
187.7500000000001,191.1666666666667,198.5000000000001,197.3076923076923,198,198.2272727272727,195.7065217391304,190.8333333333333,192.125,195.625
187.7500000000001,191.5000000000001,198.3000000000001,197.6923076923077,198.2,198.5,195.6630434782609,191,192.025,196.45
187.7500000000001,191.8333333333334,198.1000000000001,198.0769230769231,198.4,198.7727272727273,195.6595744680851,191.2444444444444,191.925,198.25
187.7500000000001,192.1666666666667,197.9,198.4615384615385,198.6,199.0454545454545,195.9361702127659,191.4888888888889,191.825,200.05
187.984375,192.4166666666667,197.7083333333334,198.7727272727273,198.8,199.3181818181818,196.2127659574468,191.7333333333333,191.7666666666667,200.9285714285714
188.2968750000001,192.638888888889,197.5416666666667,198.8636363636364,199,199.5909090909091,196.4893617021277,191.9777777777778,191.8333333333333,201.5
188.6093750000001,192.8611111111112,197.3750000000001,198.9545454545455,199.25,199.8636363636363,196.7659574468085,192.2222222222222,191.9,202.0714285714286
188.9218750000001,193.0833333333334,197.2826086956522,199.0454545454546,199.5,200.2142857142857,197.0425531914894,192.4666666666667,191.9666666666667,202.55
189.2343750000001,193.2976190476191,197.4130434782609,199.1363636363637,199.75,200.6428571428571,197.3163265306122,192.7111111111111,192.1363636363636,202.75
189.5468750000001,193.4880952380953,197.5434782608696,199.2272727272728,200,201.0714285714286,197.5816326530612,192.9555555555555,192.4090909090909,202.95
189.8593750000001,193.6785714285715,197.6739130434783,199.3823529411765,200.25,201.5,197.8469387755102,193.2,192.6818181818182,203.15
190.1718750000001,193.8690476190477,197.804347826087,199.5588235294118,200.5,201.9285714285714,198.1122448979592,193.4444444444444,192.9545454545454,203.35
190.4500000000001,194.0595238095239,197.9347826086957,199.7352941176471,200.75,202.3571428571429,198.3775510204082,193.6888888888889,193.2272727272727,203.375
190.7166666666668,194.2500000000001,198.0652173913044,199.9117647058824,201,202.7857142857143,198.6428571428571,194.046511627907,193.5,202.875
190.9833333333334,194.4404761904763,198.1956521739131,200.0882352941177,200.9714285714286,203,198.8604651162791,194.4418604651163,193.7727272727273,202.375
191.2500000000001,194.6309523809524,198.3260869565218,200.264705882353,200.9428571428572,203,198.7441860465116,194.8372093023256,194.0454545454545,201.875
191.5166666666667,194.8214285714286,198.4565217391305,200.4411764705883,200.9142857142857,203,198.6279069767442,195.2325581395349,194.3181818181818,201.4821428571429
191.7833333333334,195.0119047619048,198.5869565217392,200.6176470588236,200.8857142857143,203,198.5116279069767,195.6279069767442,194.5909090909091,201.4107142857143
192.05,195.202380952381,198.7173913043479,200.7272727272728,200.8571428571429,203,198.3953488372093,196.0232558139535,194.8636363636364,201.3392857142857
192.3125000000001,195.3750000000001,198.9062500000001,200.6363636363637,200.8285714285715,203,198.2790697674419,196.4186046511628,195.0744680851064,201.2678571428572
192.5625000000001,195.5416666666667,199.1145833333334,200.5454545454546,200.8,203,198.2,196.8139534883721,195.2234042553191,201.1964285714286
192.8125000000001,195.7083333333334,199.3229166666667,200.4545454545455,200.7714285714286,202.5,198.1333333333333,197.2093023255814,195.3723404255319,201.125
193.0625000000001,195.8750000000001,199.5312500000001,200.3636363636364,200.8125,201.5,198.0666666666667,197.6046511627907,195.5212765957447,201.0535714285714
193.3125000000001,196.0416666666667,199.7395833333334,200.2727272727273,201.0625,200.5,198,198,195.6702127659574,201.0714285714286
193.5625000000001,196.2083333333334,199.9479166666667,200.2500000000001,201.3125,200.0769230769231,198.1666666666667,197.8571428571428,195.8191489361702,201.3571428571428
193.7968750000001,196.3750000000001,200.1562500000001,200.2500000000001,201.5625,200.2307692307692,198.3333333333333,197.7142857142857,195.968085106383,201.6428571428571
193.9843750000001,196.5416666666667,200.3645833333334,200.2500000000001,201.7604166666667,200.3846153846154,198.5,197.5714285714286,196.1170212765958,201.9285714285714
194.171875,196.7083333333334,200.5729166666667,200.2500000000001,201.8020833333333,200.5384615384615,198.6666666666667,197.4285714285714,196.2659574468085,201.625
194.3593750000001,196.7058823529412,200.7812500000001,200.2500000000001,201.84375,200.6923076923077,198.8333333333333,197.2857142857143,196.4148936170213,201.125
194.5468750000001,196.6470588235295,200.9895833333334,200.2500000000001,201.8854166666667,200.8461538461538,199,197.3684210526316,196.5638297872341,200.8125
194.7343750000001,196.5882352941177,201.1979166666667,200.1923076923077,201.9270833333333,201,199.1666666666667,197.5263157894737,196.7127659574468,200.5625
194.9218750000001,196.5294117647059,201.3653846153847,200.1153846153847,201.96875,201.1538461538462,199.3333333333333,197.6842105263158,196.9230769230769,200.3125
195.1093750000001,196.4705882352942,201.5192307692308,200.0384615384616,202.0104166666667,201.3076923076923,199.5,197.8421052631579,197.1538461538462,200.0625
195.2875000000001,196.4117647058824,201.673076923077,199.9615384615385,202.0520833333333,201.4615384615385,199.6666666666667,198,197.3846153846154,200.2083333333333
195.4375000000001,196.3529411764706,201.8269230769232,199.8846153846154,202.09375,201.6153846153846,199.8333333333333,198.4444444444444,197.6153846153846,200.4861111111111
195.5875000000001,196.2941176470589,201.9807692307693,199.8076923076924,202.1354166666667,201.7692307692308,200,198.8888888888889,197.8461538461539,200.7638888888889
195.7375000000001,196.3076923076923,202.1346153846154,199.8333333333334,202.1770833333333,201.9230769230769,200.25,199.3333333333333,198.0769230769231,201.0416666666667
195.8875,196.5384615384616,202.2875000000001,200.1666666666667,202.21875,202.2,200.5,199.7777777777778,198.3695652173913,201.3194444444445
196.0375000000001,196.7692307692308,202.4375000000001,200.5,202.3243243243244,202.6,200.75,200.2222222222222,198.8478260869565,201.5972222222222
196.1875000000001,197.0000000000001,202.5875000000001,200.8333333333334,202.6216216216216,203,201,200.6666666666667,199.3260869565217,201.875
196.3375000000001,197.2307692307693,202.7375000000001,201.1666666666667,202.9189189189189,203.4,201.25,201.1111111111111,199.8043478260869,202.1527777777778
196.4875000000001,197.4615384615385,202.8875,201.5000000000001,203.2162162162162,203.8,201.5,201.5555555555556,200.2826086956522,202.4305555555556
196.6375,197.6923076923077,203.0375000000001,201.8333333333334,203.5135135135135,204.0454545454546,201.75,202,200.7608695652174,202.8409090909091
196.7500000000001,197.8571428571429,203.1875000000001,202.1666666666667,203.8108108108108,204.1363636363636,202,202.2142857142857,201.1666666666667,203.2954545454546
196.7500000000001,198.0000000000001,203.3375,202.5000000000001,204.1081081081081,204.2272727272727,202.25,202.4285714285714,201.5,203.75
196.7500000000001,198.1428571428572,203.4875,202.8333333333334,204.4054054054054,204.1923076923077,202.5,202.6428571428571,201.8333333333333,204.2045454545454
196.7500000000001,198.2857142857143,203.6375,203.1666666666667,204.7027027027027,204.1153846153846,202.75,202.8571428571429,202.1666666666667,204.6590909090909
196.7500000000001,198.4285714285715,203.7833333333334,203.5000000000001,205,204.0384615384615,203,203.0714285714286,202.5,204.9791666666667
196.825,198.5714285714286,203.9166666666667,203.8333333333334,205.2307692307693,204.0833333333333,203.25,203.2857142857143,202.8551401869159,204.8958333333333
196.9250000000001,198.7142857142858,204.05,204.1666666666667,205.4615384615385,204.25,203.5,203.5,203.4065420560748,204.8125
197.0250000000001,198.7500000000001,204.1833333333334,204.5000000000001,205.6923076923077,204.4166666666667,203.75,203.7142857142857,203.9579439252336,204.7291666666667
197.1250000000001,198.7500000000001,204.3166666666667,204.7916666666667,205.9230769230769,204.5833333333333,204,203.9285714285714,204.5093457943925,204.6458333333333
197.2250000000001,198.7500000000001,204.45,204.9583333333334,206.1538461538462,204.75,204.0909090909091,204.1428571428571,205.0607476635514,204.5625
197.3382352941177,198.7500000000001,204.5833333333334,205.1250000000001,206.3846153846154,204.9166666666667,204.1818181818182,204.3571428571429,205.6121495327103,204.6458333333333
197.4558823529413,198.7692307692308,204.7166666666667,205.2916666666667,206.6153846153846,205.0833333333333,204.2727272727273,204.5714285714286,205.6964285714286,205.2291666666667
197.5735294117648,198.8461538461539,204.7105263157895,205.4583333333334,206.8461538461538,205.25,204.3636363636364,204.7857142857143,205.625,205.8125
197.6911764705883,198.923076923077,204.6578947368421,205.6250000000001,207.0769230769231,205.4166666666667,204.4545454545454,205,205.5535714285714,206.3958333333333
197.8088235294118,199.0000000000001,204.6052631578948,205.7500000000001,207.3076923076923,205.5833333333333,204.5454545454546,205.1333333333334,205.4821428571429,206.9791666666667
197.9264705882354,199.0769230769231,204.5526315789474,205.7500000000001,207.5384615384615,205.75,204.6363636363636,205.2666666666667,205.4107142857143,207.5625
198.0441176470589,199.1538461538462,204.5000000000001,205.7500000000001,207.7692307692308,205.9166666666667,204.7272727272727,205.4,205.3392857142857,208.0555555555555
198.1617647058824,199.2307692307693,204.4473684210527,205.7500000000001,208,206.05,204.8181818181818,205.5333333333333,205.2678571428571,208.2777777777778
198.3333333333334,199.5833333333334,204.3947368421053,205.7500000000001,207.969696969697,206.15,204.9090909090909,205.6666666666667,205.3048780487805,208.5
198.6666666666667,200.0277777777778,204.342105263158,205.7500000000001,207.9393939393939,206.25,205,205.8,205.3780487804878,208.7222222222222
199.0000000000001,200.4722222222223,204.2894736842106,205.7500000000001,207.9090909090909,206.35,205.3793103448276,205.9333333333333,205.4512195121951,208.9444444444445
199.3333333333334,200.9166666666667,204.2500000000001,205.7500000000001,207.8787878787879,206.45,205.7586206896552,206.0666666666667,205.5243902439024,209.5357142857143
199.6666666666667,201.2500000000001,204.2500000000001,205.6964285714286,207.8484848484848,206.55,206.1379310344828,206.2,205.5975609756098,210.25
200.0000000000001,201.2500000000001,204.2500000000001,205.6250000000001,207.8181818181818,206.65,206.5172413793103,206.3333333333333,205.6707317073171,210.9642857142857
200.3333333333334,201.2500000000001,204.2500000000001,205.5535714285715,207.7878787878788,206.75,206.8965517241379,206.4666666666667,205.7439024390244,211.5384615384615
200.6666666666667,201.2500000000001,204.2500000000001,205.4821428571429,207.7575757575758,206.85,207.2758620689655,206.6,205.8170731707317,211.6923076923077
201.0000000000001,201.2500000000001,204.2500000000001,205.4107142857143,207.6875,206.95,207.6551724137931,206.7333333333333,205.890243902439,211.8461538461539
201.2916666666667,201.2500000000001,204.2500000000001,205.3392857142858,207.6041666666666,207.0555555555555,207.7692307692308,206.8666666666667,205.9634146341463,212
201.4583333333334,201.2500000000001,204.2500000000001,205.2678571428572,207.5208333333333,207.1666666666667,207.7948717948718,207,206.1666666666667,212.1538461538462
201.6250000000001,201.5909090909092,204.2750000000001,205.3333333333334,207.4375,207.2777777777778,207.8205128205128,207.2307692307693,206.5,212.3076923076923
201.7368421052632,202.0454545454546,204.3750000000001,205.4444444444445,207.3541666666667,207.3888888888889,207.8461538461539,207.4615384615385,206.8333333333333,212.4615384615385
201.6842105263158,202.5000000000001,204.4750000000001,205.5555555555556,207.2708333333333,207.5,207.8717948717949,207.6923076923077,207.1666666666667,212.5
201.6315789473685,202.9545454545455,204.575,205.6666666666667,207.3653846153846,207.6111111111111,207.8974358974359,207.9230769230769,207.5,212.5
201.5789473684212,203.409090909091,204.6750000000001,205.8166666666667,207.5192307692308,207.7222222222222,207.9230769230769,208.1538461538462,207.8333333333333,212.5
201.5263157894738,203.825,204.7954545454546,206.0833333333334,207.6730769230769,207.8333333333333,207.948717948718,208.3846153846154,208.1666666666667,212.5
201.4736842105264,204.1250000000001,204.9772727272728,206.3500000000001,207.8269230769231,207.9444444444444,207.974358974359,208.6153846153846,208.5,212.5
201.421052631579,204.4250000000001,205.1590909090909,206.6166666666667,207.9807692307692,208.1428571428571,208,208.8461538461538,208.8333333333333,212.5178571428571
201.3684210526316,204.7250000000001,205.3409090909092,206.8833333333334,208.1346153846154,208.4285714285714,208.219512195122,209.0769230769231,209.1666666666667,212.5892857142857
201.3157894736843,205.025,205.5227272727273,207.15,208.28,208.7142857142857,208.4390243902439,209.3076923076923,209.5,212.6607142857143
201.2631578947369,205.275,205.7045454545455,207.4166666666667,208.4,209,208.6585365853659,209.5384615384615,209.8333333333333,212.7321428571429
201.3750000000001,205.3750000000001,206.5000000000001,207.6833333333334,208.52,209.2857142857143,208.8780487804878,209.7692307692308,210.25,212.8035714285714
201.5416666666667,205.4750000000001,207.5000000000001,207.8653846153847,208.64,209.5714285714286,209.0975609756098,210,210.75,212.875
201.7083333333334,205.575,208.5000000000001,208.0192307692308,208.76,209.8571428571429,209.3170731707317,210.2307692307693,211.25,212.9464285714286
201.8750000000001,205.6750000000001,209.2708333333334,208.173076923077,208.88,209.9615384615385,209.5365853658537,210.4615384615385,211.75,213.1666666666667
202.0416666666667,205.6944444444445,209.3541666666667,208.3269230769232,209,209.8846153846154,209.7560975609756,210.6923076923077,212.25,213.8333333333333
202.2083333333334,205.4722222222223,209.4375000000001,208.4807692307693,209.12,209.8076923076923,209.9756097560976,210.9230769230769,212.75,214.5
202.7500000000001,205.2500000000001,209.5208333333334,208.6346153846154,209.24,209.7307692307693,210.1951219512195,211.1538461538462,213.1111111111111,215.0277777777778
203.4166666666667,205.0277777777778,209.6041666666667,208.7708333333334,209.36,209.6538461538462,210.2,211.3846153846154,213.3333333333333,215.1388888888889
204.0833333333334,204.8055555555556,209.6875000000001,208.8541666666667,209.48,209.5769230769231,210.1333333333333,211.6153846153846,213.5555555555556,215.25
204.7500000000001,204.9807692307693,209.7500000000001,208.9375000000001,209.6,209.5,210.0666666666667,211.8461538461539,213.7777777777778,215.3611111111111
205.2500000000001,205.2884615384616,209.7500000000001,209.0208333333334,209.72,209.4230769230769,210,212.0769230769231,214,215.4722222222222
205.2500000000001,205.5961538461539,209.7500000000001,209.1041666666667,209.796875,209.3461538461539,210.3333333333334,212.3076923076923,214.2222222222222,215.75
205.2500000000001,205.9038461538462,209.7500000000001,209.1875000000001,209.859375,209.2692307692308,210.6666666666667,212.5384615384615,214.4444444444445,216.0833333333333
205.2500000000001,206.2115384615385,209.671052631579,209.2916666666667,209.921875,209.1923076923077,211,212.7692307692307,214.6666666666667,216.4166666666667
205.2500000000001,206.5192307692308,209.5657894736843,209.4583333333334,209.984375,209.1153846153846,211.3333333333333,213,214.8888888888889,216.4166666666667
205.2500000000001,206.7857142857144,209.4605263157895,209.6250000000001,210.046875,209.0384615384615,211.6666666666667,213.2857142857143,215.0384615384615,216.3055555555556
205.2812500000001,206.9285714285715,209.3552631578948,209.7916666666667,210.109375,209.1666666666667,212,213.5714285714286,215.1153846153846,216.1944444444444
205.4062500000001,207.0714285714286,209.2500000000001,209.9583333333334,210.171875,209.5,211.7777777777777,213.8571428571428,215.1923076923077,216.0833333333333
205.5312500000001,207.2142857142858,209.1447368421053,210.1250000000001,210.234375,209.8333333333333,211.5555555555555,214.1428571428571,215.2692307692308,216.0178571428571
205.6562500000001,207.0833333333334,209.0394736842106,210.2083333333334,210.25,210.1666666666667,211.3333333333333,214.4285714285714,215.3461538461538,216.0892857142857
205.7142857142858,206.8611111111112,208.9342105263158,210.0416666666667,210.25,210.5,211.1111111111111,214.7142857142857,215.4230769230769,216.1607142857143
205.5714285714286,206.6388888888889,208.8289473684211,209.8750000000001,210.25,210.8333333333333,210.8888888888889,215,215.5,216.2321428571429
205.4285714285715,206.4166666666667,208.7,209.7083333333334,210.25,211.1666666666667,210.6666666666667,215.0714285714286,215.5769230769231,216.3035714285714
205.2857142857143,206.2968750000001,208.5000000000001,209.5416666666667,210.25,211.5,210.4444444444445,215.1428571428571,215.6538461538461,216.375
205.1428571428572,206.4843750000001,208.3000000000001,209.3750000000001,210.25,211.8333333333333,210.2222222222222,215.2142857142857,215.7307692307692,216.4464285714286
205.0000000000001,206.6718750000001,208.1000000000001,209.2500000000001,210.2336309523809,212.0714285714286,210,215.2857142857143,215.8076923076923,216.5357142857143
204.8571428571429,206.8593750000001,207.9,209.2500000000001,210.1681547619048,212.2142857142857,210.1428571428571,215.3571428571428,215.8846153846154,216.6785714285714
204.8055555555556,207.0468750000001,207.8035714285715,209.2500000000001,210.1026785714286,212.3571428571429,210.2857142857143,215.4285714285714,215.9615384615385,216.8214285714286
205.0277777777778,207.2343750000001,208.0178571428572,209.2500000000001,210.0372023809524,212.5,210.4285714285714,215.5,216.0625,216.9642857142857
205.2500000000001,207.4218750000001,208.2321428571429,209.2500000000001,209.9717261904762,212.6428571428572,210.5714285714286,215.5714285714286,216.1875,217.1071428571429
205.4722222222223,207.6093750000001,208.4464285714286,209.2500000000001,209.90625,212.7857142857143,210.7142857142857,215.6428571428571,216.3125,217.5775862068965
205.6944444444445,207.7727272727273,208.6607142857143,209.2500000000001,209.8407738095238,212.9285714285714,210.8571428571429,215.7142857142857,216.4375,218.0948275862069
206.3333333333334,207.8636363636364,208.8750000000001,209.2500000000001,209.7752976190476,213.0714285714286,211,215.7857142857143,216.5625,218.6120689655173
207.1111111111112,207.9545454545455,209.0892857142858,209.2500000000001,209.7098214285714,213.2142857142857,211.5,215.8571428571429,216.6875,219.0833333333333
207.888888888889,208.0454545454546,209.2916666666667,209.2500000000001,209.7766393442623,213.3571428571429,212,215.9285714285714,216.8125,219.4166666666667
208.6666666666667,208.1363636363637,209.4583333333334,209.2500000000001,209.8668032786885,213.5,212.5,216,216.9375,219.75
209.3125000000001,208.2272727272728,209.6250000000001,209.125,209.9569672131148,213.6428571428571,213,216.1666666666667,217.1666666666667,220.025
209.5625000000001,208.2500000000001,209.7916666666667,208.9583333333334,210.047131147541,213.7857142857143,213.5,216.3333333333333,217.5,220.125
209.8125000000001,208.2500000000001,209.9583333333334,208.7916666666667,210.1372950819672,213.9285714285714,214,216.5,217.8333333333333,220.225
210.0625000000001,208.2500000000001,210.1250000000001,208.6250000000001,210.2274590163935,213.95,214.5,216.6666666666667,218.1666666666667,220.325
210.2105263157895,208.2500000000001,210.275,208.4583333333334,210.4444444444444,213.85,215,216.8333333333333,218.5,220.425
210.0526315789474,208.5227272727273,210.3750000000001,208.2916666666667,210.7037037037037,213.75,215.3333333333333,217,218.8333333333333,220.5166666666667
209.8947368421053,208.8863636363637,210.4750000000001,208.1250000000001,210.9629629629629,213.65,215.6666666666667,217.1666666666667,218.9736842105263,220.5833333333333
209.7368421052632,209.2500000000001,210.575,207.9583333333334,211.2222222222222,213.55,216,217.3333333333333,218.921052631579,220.65
209.5789473684211,209.6136363636364,210.6750000000001,207.7916666666667,211.4814814814815,213.45,216.3333333333333,217.5,218.8684210526316,220.7166666666667
209.421052631579,209.9772727272728,210.7625,207.8571428571429,211.7407407407407,213.35,216.6666666666667,217.6666666666667,218.8157894736842,220.7833333333333
209.2631578947369,210.2750000000001,210.8125000000001,208.0000000000001,212,213.25,217,217.8333333333333,218.7631578947368,220.85
209.1052631578948,210.3750000000001,210.8625000000001,208.1428571428572,212.1724137931035,213.15,217.25,218,218.75,220.9166666666667
208.9473684210527,210.475,210.9125000000001,208.2857142857143,212.3448275862069,213.05,217.5,218.25,218.75,220.9833333333333
208.7894736842106,210.575,210.9625,208.4285714285715,212.5172413793103,213.0769230769231,217.75,218.5,218.75,221
208.9375000000001,210.6750000000001,211.0125,208.5714285714286,212.6896551724138,213.2307692307692,218,218.75,218.75,221
209.1875000000001,210.659090909091,211.0625000000001,208.7142857142858,212.8620689655173,213.3846153846154,218.25,219,218.75,221
209.4375000000001,210.2954545454546,211.1125,209.0312500000001,213.0344827586207,213.5384615384615,218.5,219.25,218.9705882352941,221
209.6875000000001,209.9318181818182,211.1625000000001,209.4062500000001,213.2068965517241,213.6923076923077,218.75,219.5,219.2647058823529,221
209.9375000000001,209.5681818181819,211.2125000000001,209.7812500000001,213.1964285714286,213.8461538461538,219,219.75,219.5588235294118,221.0227272727273
210.1875000000001,209.2045454545455,211.2250000000001,210.1562500000001,213.125,214,219,220,219.8529411764706,221.1136363636364
210.4375000000001,208.8409090909092,211.1250000000001,210.5312500000001,213.0535714285714,214.1538461538462,219,220.0909090909091,220.2142857142857,221.2045454545454
210.6875000000001,208.9545454545455,211.0250000000001,210.9062500000001,212.9821428571428,214.3076923076923,219,220.1818181818182,220.6428571428571,221.2954545454546
211.0909090909092,209.2272727272728,210.9250000000001,211.2812500000001,212.9107142857143,214.4615384615385,219,220.2727272727273,221.0714285714286,221.3863636363636
211.5454545454546,209.5000000000001,210.825,211.6562500000001,212.8392857142857,214.6153846153846,219,220.3636363636363,221.5,221.4772727272727
212.0000000000001,209.7727272727273,210.8437500000001,211.8125000000001,212.7678571428571,214.7692307692308,219,220.4545454545454,221.9285714285714,221.5882352941176
212.4545454545455,210.0454545454546,211.2187500000001,211.8958333333334,212.5555555555555,214.9230769230769,219,220.5454545454546,222.3571428571429,221.7058823529412
212.909090909091,210.3636363636364,211.5937500000001,211.9791666666667,212.2962962962963,215.1666666666667,218.9032258064516,220.6363636363636,222.7857142857143,221.8235294117647
213.2500000000001,210.8181818181819,211.9687500000001,212.0625000000001,212.037037037037,215.5,218.8064516129032,220.7272727272727,222.9,221.9411764705882
213.2500000000001,211.2727272727273,212.3750000000001,212.1458333333334,211.7777777777778,215.8333333333333,218.7096774193548,220.8181818181818,222.7,222.0588235294118
213.2500000000001,211.7272727272728,212.8750000000001,212.2291666666667,211.5185185185185,216.1666666666667,218.6129032258065,220.9090909090909,222.5,222.1764705882353
213.2500000000001,212.1818181818182,213.138888888889,212.3571428571429,211.2592592592592,216.5,218.5161290322581,221,222.3,222.2941176470588
213.2500000000001,212.6363636363637,212.6944444444445,212.5000000000001,211,216.8333333333333,218.4193548387097,221.1063829787234,222.1,222.4117647058824
213.3125000000001,212.8181818181819,212.2500000000001,212.6428571428572,211.44,217.1666666666667,218.3225806451613,221.2127659574468,221.9,222.5833333333333
213.3958333333334,212.909090909091,211.8055555555556,212.7857142857143,211.88,217.5,218.2424242424242,221.3191489361702,221.7,222.9166666666667
213.4791666666667,213.0000000000001,211.3611111111112,212.9285714285715,212.32,217.8333333333333,218.2121212121212,221.4255319148936,221.5,223.25
213.5625000000001,213.0909090909092,211.1250000000001,213.0714285714286,212.76,218.1666666666667,218.1818181818182,221.531914893617,221.3,223.55
213.6458333333334,213.1818181818182,210.9583333333334,213.2142857142858,213.2,218.5,218.1515151515152,221.6382978723404,221.1,223.75
213.7291666666667,213.3055555555556,210.7916666666667,213.3571428571429,213.64,218.8333333333333,218.1212121212121,221.7446808510638,221.1363636363636,223.95
214.2187500000001,213.5277777777778,210.7968750000001,213.5000000000001,213.7894736842105,218.9166666666667,218.0909090909091,221.8510638297873,221.4090909090909,224.15
214.8437500000001,213.7500000000001,210.8593750000001,213.6428571428572,213.8421052631579,218.75,218.0606060606061,221.9574468085106,221.6818181818182,224.35
215.4687500000001,213.9722222222223,210.9218750000001,213.741935483871,213.8947368421053,218.5833333333333,218.030303030303,222.063829787234,221.9545454545454,224.5357142857143
216.09375,214.1944444444445,210.9843750000001,213.7096774193549,213.9473684210526,218.4166666666667,218,222.1702127659575,222.2272727272727,224.6785714285714
216.5500000000001,214.1428571428572,211.0468750000001,213.6774193548388,214,218.25,218.1538461538462,222.2954545454546,222.5,224.8214285714286
216.95,214.0000000000001,211.1093750000001,213.6451612903226,213.9090909090909,218.0833333333333,218.3076923076923,222.4772727272727,222.8095823095823,224.9642857142857
217.1818181818183,213.8571428571429,211.1718750000001,213.6129032258065,213.8181818181818,217.75,218.4615384615385,222.6590909090909,223.1461916461917,225.2307692307692
216.909090909091,213.7142857142858,211.2343750000001,213.5806451612904,213.7272727272727,217.25,218.6153846153846,222.8409090909091,223.482800982801,225.5384615384615
216.6363636363637,213.5714285714286,211.4807692307693,213.5483870967743,213.6363636363636,216.75,218.7692307692308,223.0227272727273,223.8194103194103,225.8461538461538
216.3636363636364,213.4285714285715,211.7884615384616,213.5161290322581,213.5454545454546,216.25,218.9230769230769,223.2045454545455,224.1560196560197,226
216.0909090909092,213.2857142857143,212.0961538461539,213.483870967742,213.4545454545454,215.75,219.0769230769231,223.3863636363636,224.492628992629,226
215.8181818181818,213.1562500000001,212.4038461538462,213.4516129032259,213.3636363636364,215.25,219.2307692307692,223.5681818181818,224.8292383292383,226
215.7500000000001,213.0312500000001,212.7115384615385,213.4193548387098,213.2727272727273,214.75,219.3846153846154,223.75,225.1658476658477,226
215.7500000000001,212.9062500000001,213.0192307692308,213.3870967741936,213.1818181818182,214.25,219.5384615384615,223.9318181818182,225.3108108108108,226
215.7500000000001,212.7812500000001,213.2500000000001,213.3548387096775,213.0909090909091,213.9285714285714,219.6923076923077,224.1136363636364,225.3918918918919,226
215.7500000000001,212.9000000000001,213.2500000000001,213.3225806451613,213,213.7857142857143,219.8461538461539,224.2115384615385,225.472972972973,226.1
216.0000000000001,213.1000000000001,213.2500000000001,213.2903225806452,213.1428571428571,213.6428571428571,220,224.0576923076923,225.5540540540541,226.2
216.3333333333334,213.4166666666667,213.2500000000001,213.2580645161291,213.2857142857143,213.5,219.8148148148148,223.9038461538461,225.6351351351351,226.3
216.6666666666667,214.0833333333334,213.2500000000001,213.2857142857143,213.4285714285714,213.3571428571429,219.6296296296296,223.75,225.7162162162162,226.4
217.0000000000001,214.7500000000001,213.1923076923077,213.3333333333334,213.5714285714286,213.2142857142857,219.4444444444445,223.5961538461538,225.7972972972973,226.5
217.3333333333334,215.3000000000001,213.1153846153847,213.3809523809525,213.7142857142857,213.0714285714286,219.2592592592593,223.4423076923077,225.8783783783784,226.5
217.6666666666667,215.5000000000001,213.0384615384616,213.4285714285715,213.8571428571429,213.15,219.0740740740741,223.2884615384615,225.9594594594595,226.5
217.8076923076924,215.7000000000001,212.9615384615385,213.4761904761905,214,213.45,218.8888888888889,223.1818181818182,226.02,226.5
217.8846153846154,215.6818181818182,212.8846153846154,213.5238095238096,213.8965517241379,213.75,218.78125,223.0909090909091,226.06,226.5
217.9615384615385,215.5909090909092,212.8076923076924,213.5714285714286,213.7931034482758,214.05,218.90625,223,226.1,226.5
218.0384615384616,215.5000000000001,212.7666666666667,213.6190476190477,213.6896551724138,214.35,219.03125,222.9090909090909,226.14,226.5
218.1153846153847,215.4090909090909,212.8333333333334,213.6666666666667,213.5862068965517,214.65,219.15625,222.8181818181818,226.18,226.5
218.1923076923077,215.3181818181819,212.9000000000001,213.7142857142858,213.4827586206897,214.95,219.28125,223.06,226.22,226.5
218.2307692307693,215.1785714285715,212.9666666666667,213.7708333333334,213.3793103448276,215.25,219.40625,224.3,226.3020833333333,226.5
218.1538461538462,214.8928571428572,213.0333333333334,213.8541666666667,213.2758620689655,215.55,219.53125,225.54,226.5104166666667,226.5
218.0769230769232,214.6071428571429,213.1000000000001,213.9375000000001,213.4545454545455,215.85,219.65625,226.6714285714286,226.71875,226.6153846153846
218.0000000000001,214.3214285714286,213.1666666666667,214.0208333333334,213.7272727272727,216.2857142857143,219.7142857142857,227.0428571428571,226.9270833333333,226.8461538461538
217.923076923077,214.0833333333334,213.2333333333334,214.1041666666667,214,216.8571428571429,219.5714285714286,227.4142857142857,227.1354166666667,227.0769230769231
217.8461538461539,213.8611111111112,213.2500000000001,214.1875000000001,214.2727272727273,217.4285714285714,219.4285714285714,227.7857142857143,227.34375,227.3076923076923
217.7692307692308,213.6388888888889,213.2500000000001,214.2343750000001,214.5454545454546,218,219.2857142857143,228.1571428571429,227.5520833333333,227.5384615384615
217.6964285714286,213.4166666666667,213.4166666666667,214.1718750000001,214.764705882353,218.5714285714286,219.1428571428572,228.3076923076923,227.7604166666667,227.7692307692308
217.6250000000001,213.3125000000001,214.0833333333334,214.1093750000001,214.8235294117647,219.1428571428572,219,228.3846153846154,227.96875,228
217.5535714285715,213.5625000000001,214.7500000000001,214.0468750000001,214.8823529411765,219.7142857142857,218.8571428571428,228.4615384615385,228.1770833333333,228.2857142857143
217.4821428571429,213.8125000000001,215.4166666666667,213.9843750000001,214.9411764705882,219.9444444444444,218.8,228.5384615384615,228.3854166666667,228.5714285714286
217.4107142857143,214.0625000000001,216.0833333333334,213.9218750000001,215,219.8333333333333,219,228.6153846153846,228.59375,228.8571428571429
217.3392857142858,214.3125000000001,215.95,213.8593750000001,214.875,219.7222222222222,219.2,228.6923076923077,228.7564102564102,228.9
217.2678571428572,214.5625000000001,215.5500000000001,213.7968750000001,214.75,219.6111111111111,219.4,228.7692307692308,228.7820512820513,228.7
217.4807692307693,214.8750000000001,215.2142857142858,213.7386363636364,214.625,219.5,219.6,228.8461538461539,228.8076923076923,228.5
217.7884615384616,215.3750000000001,215.0714285714286,213.6931818181819,214.5,219.3888888888889,219.8,228.9230769230769,228.8333333333334,228.3
218.0961538461539,215.8750000000001,214.9285714285715,213.6477272727273,214.375,219.2777777777778,220,229,228.8589743589744,228.1
218.4038461538462,216.3750000000001,214.7857142857143,213.6022727272728,214.25,219.1666666666667,220.1818181818182,228.9,228.8846153846154,227.9736842105263
218.7115384615385,216.8750000000001,214.6428571428572,213.5568181818182,214.125,219.0555555555555,220.3636363636364,228.8,228.9102564102564,227.921052631579
219.0192307692308,217.2500000000001,214.5000000000001,213.5113636363637,214,218.875,220.5454545454545,228.7,228.9358974358975,227.8934010152284
219.2708333333334,217.2500000000001,214.3571428571429,213.4659090909092,214.0714285714286,218.625,220.7272727272727,228.6,228.9615384615385,228.0406091370558
219.3541666666667,217.2500000000001,214.2692307692308,213.4204545454546,214.1428571428572,218.375,220.9090909090909,228.5,228.9871794871795,228.1878172588833
219.4375000000001,217.2500000000001,214.3461538461539,213.3750000000001,214.2142857142857,218.125,221.0909090909091,228.4,228.9375,228.3350253807106
219.5208333333334,217.1666666666667,214.423076923077,213.3295454545455,214.2857142857143,217.875,221.2727272727273,228.3,228.8125,228.4822335025381
219.6041666666667,216.8333333333334,214.5000000000001,213.284090909091,214.3571428571428,217.625,221.4545454545455,228.2,228.6875,228.6294416243655
219.6875000000001,216.5000000000001,214.5769230769232,213.2638888888889,214.4285714285714,217.375,221.6363636363636,228.1,228.5625,228.7766497461929
219.7954545454546,216.2812500000001,214.6538461538462,213.3194444444445,214.5,217.125,221.8181818181818,228,228.4375,228.9238578680203
219.9772727272728,216.4062500000001,214.7307692307693,213.3750000000001,214.5714285714286,217.25,222,227.875,228.3125,229.0710659898477
220.159090909091,216.5312500000001,214.8125000000001,213.4305555555556,214.6428571428571,217.75,222.1,227.75,228.1875,229.2182741116751
220.3409090909092,216.6562500000001,214.8958333333334,213.4861111111112,214.7142857142857,218.25,222.2,227.625,228.0625,229.3654822335025
220.5227272727273,216.8076923076924,214.9791666666667,213.5416666666667,214.7857142857143,218.75,222.3,227.5,227.9375,229.5126903553299
220.7045454545455,217.0384615384616,215.0625000000001,213.5972222222223,214.8571428571429,219.25,222.4,227.375,227.8125,229.6598984771574
220.6500000000001,217.2692307692308,215.1458333333334,213.6527777777778,214.9285714285714,219.75,222.5,227.25,227.6875,229.8071065989848
220.5166666666667,217.5000000000001,215.2291666666667,213.7083333333334,215,219.9642857142857,222.6,227.125,227.5625,229.9543147208122
220.3833333333334,217.7307692307693,215.3500000000001,213.7727272727273,215.0666666666667,219.8928571428572,222.7,227,227.4375,230.1015228426396
220.2500000000001,217.9615384615385,215.4833333333334,213.8636363636364,215.1333333333334,219.8214285714286,222.8,227,227.3125,230.248730964467
220.1166666666667,218.1923076923077,215.6166666666667,213.9545454545455,215.2,219.75,222.9,227,227.1875,230.3959390862944
219.9833333333334,218.3333333333334,215.7500000000001,214.0454545454546,215.2666666666667,219.6785714285714,223,227,227.0625,230.5431472081218
219.8500000000001,218.4444444444445,215.8833333333334,214.1363636363637,215.3333333333333,219.6071428571429,222.8648648648649,227,227,230.6903553299492
219.8214285714286,218.5555555555556,216.0166666666667,214.2272727272728,215.4,219.5357142857143,222.7297297297297,227,227,230.8375634517766
220.1071428571429,218.6666666666667,216.1500000000001,214.325,215.4666666666667,219.4642857142857,222.5945945945946,227,227,230.9847715736041
220.3928571428572,218.7142857142858,216.3500000000001,214.4250000000001,215.5333333333333,219.3928571428571,222.4594594594595,227,227,231.1319796954315
220.6785714285715,218.5714285714286,216.7500000000001,214.5250000000001,215.6,219.3214285714286,222.3243243243243,227,227,231.2791878172589
220.9642857142858,218.4285714285715,217.1500000000001,214.6250000000001,215.6666666666667,219.25,222.1891891891892,227.3,227,231.4263959390863
221.2500000000001,218.2857142857143,217.5500000000001,214.7250000000001,215.7333333333333,219.1785714285714,222.054054054054,227.6,227,231.55
221.5357142857144,218.1428571428572,217.95,214.6923076923077,215.8,219.1071428571429,221.9189189189189,227.9,227,231.65
221.7500000000001,218.0000000000001,218.2272727272728,214.6153846153847,215.8666666666667,219.0357142857143,221.7837837837838,228.2,227,231.75
221.7500000000001,217.8571428571429,218.1363636363637,214.5384615384616,215.9333333333333,219,221.8461538461539,228.5,227.0882352941176,231.85
221.7500000000001,217.8125000000001,218.0454545454546,214.4615384615385,216,219,221.974358974359,228.8,227.2647058823529,231.95
221.7500000000001,218.0625000000001,217.9545454545455,214.3846153846154,216,219,222.1025641025641,229.1,227.4411764705882,232.0925925925926
221.8125000000001,218.3125000000001,217.8636363636364,214.3076923076923,216,219,222.2307692307693,229.4,227.6176470588235,232.2777777777778
222.0625000000001,218.5625000000001,217.7727272727273,214.2727272727273,216,219,222.3589743589743,229.7,227.7941176470588,232.462962962963
222.3125000000001,218.8125000000001,217.9107142857144,214.3636363636364,216,219,222.4871794871795,230,227.9705882352941,232.6481481481482
222.5625000000001,219.0625000000001,218.1250000000001,214.4545454545455,216,218.9230769230769,222.6153846153846,229.8148148148148,228.1470588235294,232.8333333333334
222.7500000000001,219.3611111111111,218.3392857142858,214.5454545454546,216,218.7692307692308,222.7435897435898,229.6296296296296,228.3235294117647,233.0185185185186
222.7500000000001,219.8055555555556,218.5535714285715,214.6363636363637,216,218.6153846153846,222.8717948717949,229.4444444444445,228.5,233.2037037037038
222.7500000000001,220.2500000000001,218.7678571428572,214.7272727272728,216,218.4615384615385,223,229.2592592592592,228.6764705882353,233.1500000000001
222.7500000000001,220.6944444444445,218.9821428571429,214.8823529411765,216,218.3076923076923,223.1428571428572,229.0740740740741,228.8529411764706,233.0166666666667
222.7500000000001,221.1388888888889,219.1964285714286,215.0588235294118,216,218.1538461538461,223.2857142857143,228.8888888888889,229.0294117647059,232.8833333333334
222.7500000000001,221.1000000000001,219.6250000000001,215.2352941176471,216,218,223.4285714285714,228.764705882353,229.2058823529412,232.7500000000001
222.7105263157895,220.9,220.1250000000001,215.4117647058824,216,217.8461538461538,223.5714285714286,228.8235294117647,229.3823529411765,232.6166666666667
222.6578947368422,220.7,219.9166666666667,215.5882352941177,216,217.6923076923077,223.7142857142857,228.8823529411765,229.5588235294118,232.4833333333334
222.6052631578948,220.5000000000001,219.4722222222223,215.764705882353,216.1063829787234,217.5384615384615,223.8571428571429,228.9411764705882,229.735294117647,232.3500000000001
222.5526315789474,220.3000000000001,219.0277777777778,215.9411764705883,216.2127659574468,217.3846153846154,224,229,229.9117647058823,232.2291666666667
222.5000000000001,220.1000000000001,218.5833333333334,216.1176470588236,216.3191489361702,217.2307692307692,223.5806451612903,229.0588235294118,230.0714285714286,232.1458333333334
222.4473684210527,219.9000000000001,218.3750000000001,216.2750000000001,216.4255319148936,217.0769230769231,223.1612903225806,229.1176470588235,230.2142857142857,232.0625000000001
222.3947368421053,219.7343750000001,218.8750000000001,216.3750000000001,216.5319148936171,216.9375,222.741935483871,229.1764705882353,230.3571428571429,231.9791666666667
222.3421052631579,219.6718750000001,219.3750000000001,216.4750000000001,216.6382978723404,216.8125,222.3225806451613,229.235294117647,230.5,231.8958333333334
222.2894736842106,219.6093750000001,219.8750000000001,216.5750000000001,216.7446808510638,216.6875,221.9032258064516,229.2258064516129,230.6428571428571,231.8125000000001
222.2500000000001,219.5468750000001,220.3333333333334,216.6750000000001,216.8510638297872,216.5625,221.483870967742,229.1935483870968,230.7857142857143,231.7812500000001
222.2500000000001,219.4843750000001,220.6666666666667,216.7750000000001,216.9574468085106,216.4375,221.0645161290323,229.1612903225807,230.9285714285714,231.9062500000001
222.25,219.4218750000001,221.0000000000001,216.8750000000001,217.0638297872341,216.3125,220.7241379310345,229.1290322580645,231.0714285714286,232.0312500000001
222.25,219.3593750000001,221.3333333333334,216.9750000000001,217.1702127659574,216.1875,220.6206896551724,229.0967741935484,231.2142857142857,232.1562500000001
222.25,219.2968750000001,221.6666666666667,217.0750000000001,217.2926829268293,216.0625,220.5172413793103,229.0645161290323,231.3571428571428,232.2812500000001
222.25,219.3000000000001,221.8333333333334,217.1750000000001,217.4634146341463,216.3333333333333,220.4137931034483,229.0322580645161,231.5,232.4062500000001
222.45,219.5000000000001,221.9444444444445,217.2333333333334,217.6341463414634,217,220.3103448275862,229,231.6428571428571,232.5312500000001
223.25,219.7,222.0555555555556,217.1666666666667,217.8048780487805,217.6666666666667,220.2068965517242,228.974358974359,231.7857142857143,232.6562500000001
224.05,219.9000000000001,222.1666666666667,217.1,217.9756097560976,218.3333333333333,220.1034482758621,228.948717948718,231.9285714285714,232.7692307692308
224.2500000000001,220.1000000000001,222.15,217.0333333333334,218.1463414634146,219,220,228.9230769230769,232.0714285714286,232.8461538461539
224.2500000000001,220.3611111111112,221.7500000000001,216.9666666666667,218.3170731707317,219.6666666666667,219.8965517241379,228.8974358974359,232.2142857142857,232.923076923077
224.2500000000001,220.8055555555556,221.3500000000001,216.9,218.4878048780488,220.3333333333333,219.7931034482758,228.8717948717949,232.1,233.0000000000001
224.85,221.2500000000001,220.95,216.8333333333334,218.6585365853659,221,219.6896551724138,228.8461538461538,231.9,233.0769230769231
225.6500000000001,221.6944444444445,220.55,216.7666666666667,218.8292682926829,221.6666666666667,219.5862068965517,228.8205128205128,231.7,233.1538461538462
226.2500000000001,222.1388888888889,220.3,216.8906250000001,219,221.9444444444444,219.4827586206897,228.7948717948718,231.5,233.2307692307693
226.2500000000001,222.3437500000001,220.5000000000001,217.0781250000001,219.0909090909091,221.8333333333333,219.3793103448276,228.7692307692308,231.3,233.0500000000001
226.2500000000001,222.4687500000001,220.7,217.2656250000001,219.1818181818182,221.7222222222222,219.2758620689655,228.7575757575758,231.1,232.7833333333334
225.5000000000001,222.5937500000001,220.9,217.4531250000001,219.2727272727273,221.6111111111111,219.3076923076923,228.7878787878788,230.9,232.5166666666667
224.5000000000001,222.7187500000001,221.1,217.6406250000001,219.3636363636364,221.5,219.3846153846154,228.8181818181818,230.7258064516129,232.2500000000001
223.7884615384616,222.6500000000001,220.75,217.8281250000001,219.4545454545454,221.3888888888889,219.4615384615385,228.8484848484848,230.6290322580645,231.9833333333334
223.9423076923078,222.5166666666667,218.75,218.0156250000001,219.5454545454546,221.2777777777778,219.5384615384615,228.8787878787879,230.5322580645162,231.7166666666667
224.0961538461539,222.3833333333334,218.4166666666667,218.2031250000001,219.6363636363636,221.1666666666667,219.6153846153846,228.9090909090909,230.4354838709677,231.45
224.2500000000001,222.2500000000001,218.6388888888889,218.2500000000001,219.7272727272727,221.0555555555556,219.6923076923077,228.9393939393939,230.3387096774194,231.4062500000001
224.4038461538462,222.1166666666667,218.8611111111111,218.2500000000001,219.8181818181818,220.9230769230769,219.7692307692308,228.969696969697,230.241935483871,232.0312500000001
224.5576923076924,221.9833333333334,219.0833333333333,218.2500000000001,219.9090909090909,220.7692307692308,219.8461538461538,229,230.1451612903226,232.6562500000001
224.7115384615385,221.8500000000001,219.35,218.2500000000001,220,220.6153846153846,219.9230769230769,229.1428571428571,230.0483870967742,233.2812500000001
224.6000000000001,221.6000000000001,219.75,218.2500000000001,220,220.4615384615385,220,229.2857142857143,229.95,233.9285714285715
224.4,221.0000000000001,220.15,218.2500000000001,220,220.3076923076923,220.2727272727273,229.4285714285714,229.85,234.6428571428572
224.2,220.4000000000001,220.55,218.2500000000001,220,220.1538461538461,220.5454545454546,229.5714285714286,229.75,235.3571428571429
224.0000000000001,220.2500000000001,220.95,218.2500000000001,220,220,220.8181818181818,229.7142857142857,229.65,236.0714285714286
223.8000000000001,220.2500000000001,221.3055555555555,218.2500000000001,220,219.8461538461539,221.0909090909091,229.8571428571428,229.55,236.4264705882354
223.6000000000001,220.3500000000001,221.5277777777778,218.2500000000001,220,219.6923076923077,221.3636363636363,230,229.45,236.6617647058824
223.4000000000001,220.4833333333334,221.75,218.2500000000001,220,219.5384615384615,221.6363636363636,229.0000000000001,229.35,236.8970588235295
223.2631578947369,220.6166666666667,221.9722222222223,218.2500000000001,220,219.3846153846154,221.9090909090909,228,229.25,237.1323529411765
223.3157894736843,220.7500000000001,222.1944444444445,218.2159090909092,220,219.2307692307692,222.1818181818182,227,229.15,237.3676470588236
223.3684210526316,220.8833333333334,222.2159090909092,218.1704545454546,220,219.0769230769231,222.4545454545454,226,229.05,237.6029411764706
223.421052631579,221.0166666666667,222.1704545454546,218.1250000000001,220,219.0333333333333,222.7272727272727,225.7368421052632,229.0294117647059,237.8382352941177
223.4736842105264,221.1500000000001,222.1250000000001,218.0795454545455,220,219.1,223,225.4736842105263,229.0882352941176,238.0735294117648
223.5263157894738,221.2500000000001,222.0795454545455,218.034090909091,220,219.1666666666667,222.8888888888889,225.2105263157895,229.1470588235294,238.3333333333334
223.5789473684211,221.2500000000001,222.0340909090909,217.9886363636364,219.8,219.2333333333333,222.7777777777778,224.9473684210526,229.2058823529412,238.6666666666667
223.6315789473685,221.2500000000001,221.9886363636364,217.9431818181819,219.6,219.3,222.6666666666667,224.8636363636364,229.264705882353,239.0000000000001
223.6842105263158,221.2500000000001,221.9431818181819,217.8977272727273,219.4,219.3666666666666,222.5555555555555,225.3181818181818,229.3235294117647,239.3333333333334
223.7368421052632,221.5227272727273,221.8977272727273,217.8522727272728,219.2,219.4333333333333,222.4444444444445,225.7727272727273,229.3823529411765,239.6666666666667
223.7941176470589,221.8863636363637,221.8522727272728,217.8068181818182,219,219.5,222.3333333333333,226.2272727272727,229.4411764705882,240.0000000000001
223.8529411764707,222.2500000000001,221.8068181818182,217.7613636363637,218.8,219.5666666666667,222.2222222222222,226.6818181818182,229.5,240.2000000000001
223.9117647058824,222.6136363636364,221.7613636363637,217.8250000000001,218.6,219.6333333333333,222.1111111111111,227.1363636363637,229.5588235294118,240.0000000000001
223.9705882352942,222.9772727272728,221.8035714285715,217.925,218.4,219.7,222,227.3478260869565,229.6176470588235,239.8000000000001
224.0294117647059,223.3333333333334,221.8750000000001,218.0250000000001,218.2,219.7666666666667,221.9090909090909,227.4782608695652,229.6764705882353,239.6000000000001
224.0882352941177,223.6666666666667,221.9464285714286,218.1250000000001,218,219.8333333333333,221.8181818181818,227.6086956521739,229.735294117647,239.4
224.1470588235295,224.0000000000001,222.0178571428572,218.2250000000001,218.0434782608696,219.9,221.7272727272727,227.7391304347826,229.7941176470588,239.2
224.2058823529412,224.2187500000001,222.0892857142858,218.325,218.0869565217391,219.9666666666667,221.6363636363636,227.8695652173913,229.8529411764706,239.0000000000001
224.3035714285715,224.0937500000001,222.1607142857143,218.4250000000001,218.1304347826087,219.96875,221.5454545454545,228,229.9117647058823,238.8
224.5178571428572,223.9687500000001,222.2321428571429,218.5250000000001,218.1739130434783,219.90625,221.4545454545454,228.1111111111111,229.9705882352941,238.0000000000001
224.7321428571429,223.8437500000001,222.4078947368421,218.6250000000001,218.2173913043478,219.84375,221.3636363636364,228.2222222222222,230.0666666666667,237.0000000000001
224.9464285714286,223.8125000000001,222.6184210526316,218.7250000000001,218.2716049382716,219.78125,221.2727272727273,228.3333333333333,230.2,236.0000000000001
225.1607142857143,224.0625000000001,222.8289473684211,218.8333333333334,218.358024691358,219.71875,221.1818181818182,228.4444444444444,230.3333333333333,235.5000000000001
225.3750000000001,224.3125000000001,223.0394736842106,218.9444444444445,218.4444444444445,219.65625,221.0909090909091,228.5555555555555,230.4666666666666,235.1666666666667
225.5892857142858,224.5625000000001,223.2500000000001,219.0555555555556,218.5308641975308,219.59375,221,228.6666666666667,230.6,234.8333333333334
225.8125000000001,224.8125000000001,223.4605263157895,219.1666666666667,218.6172839506173,219.53125,220.8,228.7777777777778,230.7333333333333,234.5000000000001
226.0625000000001,225.0625000000001,223.671052631579,219.2777777777778,218.7037037037037,219.46875,220.6,228.8888888888889,230.8666666666667,234.1666666666667
226.2321428571429,225.2857142857143,223.8815789473685,219.3888888888889,218.7901234567901,219.40625,220.4,229,231,233.8333333333334
226.1607142857143,225.4285714285715,224.0921052631579,219.5000000000001,218.8765432098766,219.34375,220.2,229.1111111111111,231.1333333333333,233.7500000000001
226.0892857142858,225.5714285714286,224.0416666666667,219.6111111111112,218.9629629629629,219.28125,220,229.2222222222222,231.2666666666667,233.7500000000001
226.0178571428572,225.7142857142858,223.2083333333334,219.7222222222223,219.0493827160494,219.21875,219.8,229.4,231.4,233.7500000000001
225.9464285714286,225.9375000000001,222.3750000000001,219.8333333333334,219.1358024691358,219.15625,219.6,229.6,231.5333333333333,233.7500000000001
225.8750000000001,226.1875000000001,221.7083333333334,219.9444444444445,219.2222222222222,219.09375,219.4,229.8,231.6666666666667,233.7500000000001
225.8035714285715,226.4375000000001,221.5416666666667,220.0555555555556,219.3086419753087,219.03125,219.2,230,231.8,233.7500000000001
225.7619047619048,226.6875000000001,221.3750000000001,220.1666666666667,219.3950617283951,219.1071428571429,219,230.1666666666667,231.9333333333333,233.7500000000001
225.8095238095239,226.3750000000001,221.2083333333334,220.2619047619048,219.4814814814815,219.3214285714286,219.0666666666667,230.3333333333333,231.8846153846154,233.7500000000001
225.8571428571429,225.8750000000001,221.0416666666667,220.3095238095239,219.5679012345679,219.5357142857143,219.1333333333334,230.5,231.6538461538461,233.7500000000001
225.904761904762,225.3750000000001,220.8750000000001,220.3571428571429,219.6543209876543,219.75,219.2,230.6666666666667,231.4230769230769,233.7500000000001
225.952380952381,224.8750000000001,220.8461538461539,220.404761904762,219.7407407407408,219.9642857142857,219.2666666666667,230.8333333333333,231.1923076923077,233.7812500000001
226.0000000000001,224.3,221.2307692307693,220.452380952381,219.8271604938271,220.1785714285714,219.3333333333334,231,230.9615384615385,233.9062500000001
226.0476190476191,223.7,221.6153846153847,220.5000000000001,219.9135802469136,220.3928571428571,219.4,230.1333333333333,230.7307692307692,234.0312500000001
226.0952380952381,223.3055555555556,222.0000000000001,220.5476190476191,220,220.6071428571429,219.4666666666667,229.2666666666667,230.5,234.1562500000001
226.1428571428572,223.5277777777779,222.3846153846155,220.5952380952382,219.88,220.8214285714286,219.5333333333333,228.4,230.2692307692307,234.1111111111112
226.1904761904762,223.7500000000001,222.7692307692308,220.6428571428572,219.76,221.0357142857143,219.6,227.8,230.0384615384615,233.5555555555556
226.2380952380953,223.9722222222223,223.1538461538462,220.6904761904762,219.64,221.25,219.6666666666667,228,229.8076923076923,233.0000000000001
226.3035714285715,224.1944444444445,223.4375000000001,220.7380952380953,219.52,221.4642857142857,219.7333333333333,228.2,229.5769230769231,232.4444444444445
226.3750000000001,224.4166666666667,223.6875000000001,220.7142857142858,219.4,221.6785714285714,219.8,228.4,229.3461538461538,231.8888888888889
226.4464285714286,224.6388888888889,223.9375000000001,220.6666666666667,219.28,221.8928571428571,219.8666666666667,228.6,229.1153846153846,231.675
226.5178571428572,224.8611111111112,224.1875000000001,220.6190476190477,219.3478260869566,222.0625,219.9333333333333,228.8,228.9193548387097,231.575
226.5892857142858,225.0833333333334,224.0833333333334,220.5714285714286,219.4782608695652,222.1875,220,229,228.758064516129,231.4750000000001
226.6607142857143,225.2500000000001,223.8611111111112,220.5238095238096,219.6086956521739,222.3125,220.0625,228.8333333333333,228.5967741935484,231.3750000000001
226.7321428571429,225.2500000000001,223.6388888888889,220.4761904761905,219.7391304347826,222.4375,220.125,228.6666666666667,228.4354838709677,231.2750000000001
226.9000000000001,225.2500000000001,223.4166666666667,220.4285714285715,219.8695652173913,222.5625,220.1875,228.5,228.2741935483871,231.2500000000001
227.1000000000001,225.2500000000001,223.1875000000001,220.3809523809524,220,222.6875,220.25,228.3333333333333,228.1129032258064,231.2500000000001
227.3,225.2500000000001,222.9375000000001,220.3333333333334,220.1428571428571,222.8125,220.3125,228.1666666666667,227.9516129032258,231.2500000000001
227.5000000000001,225.2500000000001,222.6875000000001,220.2857142857143,220.2857142857143,222.9375,220.375,228,227.7903225806452,231.2500000000001
227.7,225.2500000000001,222.4375000000001,220.3076923076924,220.4285714285714,223.0625,220.4375,227.972972972973,227.8636363636363,231.85
227.9000000000001,225.2500000000001,222.3181818181819,220.5384615384616,220.5714285714286,223.1875,220.5,227.945945945946,228.0151515151515,232.6500000000001
228.1000000000001,225.2500000000001,222.5909090909092,220.7692307692308,220.7142857142857,223.3125,220.5625,227.9189189189189,228.1666666666667,233.0000000000001
228.3333333333334,225.2500000000001,222.8636363636364,221.0000000000001,220.8571428571429,223.4375,220.625,227.8918918918919,228.3181818181818,232.0000000000001
228.6666666666667,225.2500000000001,223.1363636363637,221.2307692307693,221,223.5625,220.6875,227.8648648648648,228.469696969697,231.0000000000001
229.0000000000001,225.2500000000001,223.409090909091,221.4615384615385,221.1428571428571,223.6875,220.75,227.8378378378378,228.6212121212121,230.7857142857143
229.3333333333334,225.4166666666667,223.6818181818182,221.6923076923077,221.2857142857143,223.8125,220.8125,227.8108108108108,228.7727272727273,230.8333333333334
229.6666666666667,225.638888888889,223.4285714285715,221.45,221.4285714285714,223.9375,220.875,227.7837837837838,228.9242424242424,230.8809523809524
230.0000000000001,225.8611111111112,223.0000000000001,221.0500000000001,221.5714285714286,223.9285714285714,220.9375,227.7567567567568,228.983870967742,230.9285714285714
230.2261904761905,226.0833333333334,222.5714285714286,220.6500000000001,221.7142857142857,223.7857142857143,221,227.7125,228.9516129032258,230.9761904761905
230.1309523809524,226.3055555555556,222.2500000000001,220.2500000000001,221.6153846153846,223.6428571428571,221.1428571428572,227.6625,228.9193548387097,231.0238095238096
230.0357142857143,226.5277777777778,222.2500000000001,219.8500000000001,221.4358974358974,223.5,221.2857142857143,227.6125,228.8870967741935,231.0714285714286
229.9404761904763,226.7500000000001,222.2500000000001,219.8653846153846,221.2564102564102,223.3571428571428,221.4285714285714,227.5625,228.8548387096774,231.1190476190477
229.8452380952382,226.9722222222223,222.4166666666667,220.0192307692308,221.0769230769231,223.2142857142857,221.5714285714286,227.5125,228.8225806451613,231.1666666666667
229.7500000000001,227.1944444444445,223.0833333333334,220.173076923077,220.8974358974359,223.0714285714286,221.7142857142857,227.4625,228.7903225806452,231.2142857142858
229.654761904762,227.3000000000001,223.7500000000001,220.3269230769232,220.7179487179487,222.7857142857143,221.8571428571429,227.4125,228.758064516129,231.2105263157895
229.5595238095239,227.3666666666667,224.325,220.4807692307693,220.5384615384615,222.3571428571429,222,227.3625,228.54,231.0526315789474
229.4642857142858,227.4333333333334,224.6250000000001,220.6346153846154,220.3589743589744,221.9285714285714,221.9090909090909,227.3125,228.26,230.8947368421053
229.3690476190477,227.5000000000001,224.9250000000001,220.7407407407408,220.1794871794872,221.5,221.8181818181818,227.2625,227.98,230.7368421052632
229.2738095238096,227.5666666666667,225.2250000000001,220.7037037037038,220,221.0714285714286,221.7272727272727,227.1538461538462,227.7,230.5789473684211
229.3750000000001,227.6333333333334,225.5250000000001,220.6666666666667,220.1891891891892,220.6428571428572,221.6363636363636,227.025641025641,227.42,230.421052631579
229.5416666666667,227.7,225.6388888888889,220.6296296296297,220.3783783783784,220.2142857142857,221.5454545454546,226.8974358974359,227.14,230.2631578947369
229.7083333333334,227.7375000000001,225.1944444444445,220.5925925925926,220.5675675675676,219.9186046511628,221.4545454545454,226.7692307692308,227.0384615384615,230.1052631578948
229.8750000000001,227.6875000000001,224.7500000000001,220.5555555555556,220.7567567567568,219.7558139534884,221.3636363636364,226.6410256410256,227.1153846153846,229.9473684210527
230.0416666666667,227.6375000000001,224.3055555555556,220.5185185185186,220.9459459459459,219.593023255814,221.2727272727273,226.5128205128205,227.1923076923077,229.7894736842106
230.2083333333334,227.5875000000001,223.8611111111112,220.4814814814815,221.1351351351351,219.4302325581396,221.1818181818182,226.3846153846154,227.2692307692308,229.8076923076924
230.3750000000001,227.5375,223.5250000000001,220.4444444444445,221.3243243243243,219.2674418604651,221.0909090909091,226.2564102564103,227.3461538461538,229.8846153846155
230.5416666666667,227.4875000000001,223.225,220.4074074074075,221.5135135135135,219.1046511627907,221,226.1282051282051,227.4230769230769,229.9615384615385
230.7083333333334,227.4375000000001,222.9250000000001,220.3703703703704,221.7027027027027,218.9418604651163,220.8837209302326,226,227.5,230.0384615384616
230.8750000000001,227.3875,222.6250000000001,220.3333333333334,221,218.7790697674419,220.7674418604651,225.9,227.576923076923,230.1153846153847
231.0416666666667,227.3375000000001,222.325,220.2962962962964,220,218.6162790697674,220.6511627906977,225.8,227.6538461538461,230.1923076923077
231.2083333333334,227.2875000000001,222.3500000000001,220.2592592592593,219.6346153846154,218.453488372093,220.5348837209302,225.7,227.7307692307692,230.2638888888889
231.4750000000001,227.3333333333334,222.4833333333334,220.2125000000001,219.4807692307693,218.2906976744186,220.4186046511628,225.6,227.8076923076923,230.3194444444445
231.775,227.6666666666667,222.6166666666667,220.1625000000001,219.3269230769231,218.2125,220.3023255813954,225.5,227.8846153846154,230.3750000000001
232.075,228.0000000000001,222.7500000000001,220.1125000000001,219.1730769230769,218.1625,220.1860465116279,225.4,227.9615384615385,230.4305555555556
232.3750000000001,228.3333333333334,222.8833333333334,220.0625000000001,219.0192307692308,218.1125,220.0697674418605,225.3,228.0416666666667,230.4861111111112
232.675,228.6666666666667,223.0166666666667,220.0125,218.8653846153846,218.0625,219.953488372093,225.2,228.125,230.5416666666667
232.8500000000001,229.0000000000001,223.1500000000001,219.9625,218.7755102040816,218.0125,219.8372093023256,225.1,228.2083333333334,230.5972222222223
232.9833333333334,229.2884615384616,223.2727272727273,219.9125000000001,218.8775510204082,217.9625,219.8055555555555,225,228.2916666666667,230.6527777777778
233.1166666666667,229.4423076923077,223.3636363636364,219.8625000000001,218.9795918367347,217.9125,220.0277777777778,225.0833333333333,228.375,230.7083333333334
233.2500000000001,229.5961538461539,223.4545454545455,219.8125000000001,219.0816326530612,217.8625,220.25,225.1666666666667,228.4583333333334,230.7205882352942
233.3833333333334,229.7500000000001,223.5454545454546,219.7625,219.1836734693878,217.8125,220.4722222222222,225.25,228.5416666666667,230.6029411764707
233.5166666666667,229.9038461538462,223.6363636363637,220.2857142857143,219.2857142857143,217.7625,220.6944444444445,225.3333333333333,228.625,230.4852941176471
233.6500000000001,230.0576923076924,223.7272727272728,221.0000000000001,219.3877551020408,217.9324324324324,221.0813953488372,225.4166666666666,228.7083333333333,230.3676470588236
233.7272727272728,230.2115384615385,223.6923076923077,221.7142857142858,219.4897959183673,218.1756756756756,221.5232558139535,225.5,228.7916666666667,230.2500000000001
233.6363636363637,230.3906250000001,223.6153846153847,222.2631578947369,219.5918367346939,218.4189189189189,221.9651162790698,225.5833333333333,228.875,230.1323529411765
233.5454545454546,230.5781250000001,223.5384615384616,222.3157894736843,219.6938775510204,218.6621621621622,222.406976744186,225.6666666666667,228.9583333333333,230.014705882353
233.4545454545455,230.7656250000001,223.4615384615385,222.3684210526316,219.7959183673469,218.9054054054054,222.8488372093023,225.75,228.8076923076923,229.8970588235294
233.3636363636364,230.9531250000001,223.3846153846154,222.421052631579,219.8979591836735,219.1486486486486,223.1351351351351,225.8333333333333,228.4230769230769,229.7794117647059
233.2727272727273,231.1406250000001,223.3076923076924,222.4736842105264,220,219.3918918918919,223.1621621621621,225.9166666666667,228.0384615384615,229.671052631579
233.3289473684211,231.3281250000001,223.3035714285715,222.5263157894738,220.1489361702128,219.6351351351351,223.1891891891892,226,227.6071428571429,229.5657894736842
233.4342105263158,231.5156250000001,223.5178571428572,222.5789473684211,220.2978723404255,219.8783783783784,223.2162162162162,225.950495049505,227.0357142857143,229.4605263157895
233.5394736842106,231.7031250000001,223.7321428571429,222.6315789473685,220.4468085106383,220.125,223.2432432432432,225.9009900990099,226.4642857142857,229.3552631578948
233.6447368421053,231.8035714285715,223.9464285714286,222.6842105263159,220.5957446808511,220.375,223.2105263157895,225.8514851485149,225.8928571428571,229.2500000000001
233.7500000000001,231.8750000000001,224.1607142857143,222.7368421052632,220.7446808510638,220.625,223.1578947368421,225.8019801980198,225.8571428571429,229.1447368421053
233.8552631578948,231.9464285714286,224.3750000000001,222.8625000000001,220.8936170212766,220.875,223.1052631578947,225.7524752475248,226,229.0394736842106
233.9605263157895,232.0178571428572,224.5892857142858,223.0125,221.0425531914893,221.125,223.0526315789474,225.7029702970297,226.1428571428571,228.9342105263158
234.0657894736843,232.0892857142858,224.8214285714286,223.1625000000001,221.1914893617021,221.375,223,225.6534653465347,226.264705882353,228.8289473684211
234.171052631579,232.1607142857143,225.1071428571429,223.3125000000001,221.3404255319149,221.625,223.1428571428572,225.6039603960396,226.3235294117647,228.6818181818183
234.2142857142858,232.2321428571429,225.3928571428572,223.4625000000001,221.4893617021276,221.875,223.2857142857143,225.5544554455445,226.3823529411765,228.409090909091
234.0714285714286,232.1666666666667,225.6785714285715,223.6125000000001,221.6382978723404,222.0714285714286,223.4285714285714,225.5049504950495,226.4411764705882,228.1363636363637
233.9285714285715,232.0555555555556,225.9642857142858,223.7625000000001,221.7588235294118,222.2142857142857,223.5714285714286,225.4554455445545,226.5,227.8636363636364
233.7857142857144,231.9444444444445,226.2500000000001,223.9125000000001,221.7941176470588,222.3571428571429,223.7142857142857,225.4059405940594,226.5588235294118,227.5909090909092
233.8500000000001,231.8333333333334,226.5357142857143,224.0625000000001,221.8294117647059,222.5,223.8571428571429,225.2727272727273,226.6176470588235,227.3181818181819
233.9833333333334,231.7083333333334,226.7931034482759,224.2125,221.864705882353,222.6428571428571,224,225,226.5132774283718,226.7500000000001
234.1166666666667,231.5416666666667,226.9655172413794,224.2500000000001,221.9,222.7857142857143,224,224.7272727272727,226.3336827393431,226.0833333333334
234.2500000000001,231.3750000000001,227.1379310344828,224.2500000000001,221.9352941176471,222.9285714285714,224,224.4545454545455,226.1540880503145,225.4166666666667
234.3833333333334,231.2083333333334,227.3103448275862,224.2500000000001,221.9705882352941,223.1111111111111,224,224.2083333333333,225.9744933612858,225.1923076923077
234.5166666666667,231.0416666666667,227.5833333333334,224.2500000000001,222.0058823529412,223.3333333333333,224,224.0416666666666,225.7948986722572,225.1153846153847
234.6500000000001,230.8750000000001,227.9166666666666,224.2500000000001,222.0411764705882,223.5555555555556,224,223.875,225.6428571428571,225.0384615384616
234.7833333333334,230.6785714285715,228.25,224.2500000000001,222.0764705882353,223.7777777777778,224,223.8205128205128,225.5,224.9615384615385
234.9166666666667,230.3928571428572,228.5833333333333,224.2692307692308,222.1117647058823,224,224,224.1025641025641,225.3571428571429,224.8846153846154
235.0500000000001,230.1071428571429,228.9044117647059,224.3461538461539,222.2164634146341,224.2222222222222,224,224.3846153846154,225.2735849056604,224.8076923076924
235.1833333333334,229.8214285714286,229.139705882353,224.423076923077,222.3628048780488,224.4444444444445,224.125,224.6666666666667,225.2169811320755,224.6964285714286
235.3166666666667,230.0625000000001,229.375,224.5000000000001,222.5091463414634,224.6666666666667,224.25,224.948717948718,225.1603773584906,224.4821428571429
235.45,230.4791666666667,229.610294117647,224.5769230769232,222.655487804878,224.8888888888889,224.375,224.9285714285714,225.2931034482758,224.2678571428572
235.5833333333334,230.8958333333334,229.8455882352941,224.6538461538462,222.8018292682927,224.9,224.5,224.4047619047619,225.7413793103448,224.0535714285715
235.7166666666667,231.3125000000001,229.7954545454546,224.7307692307693,222.9481707317073,224.7,224.625,223.8809523809524,226.1896551724138,223.8392857142858
235.7788461538462,231.7291666666667,229.7045454545455,224.7875000000001,223.0945121951219,224.5,224.75,223.8297872340426,226.6379310344828,223.6250000000001
235.8173076923077,232.1458333333334,229.6136363636364,224.8375000000001,223.2408536585366,224.3,224.875,223.9361702127659,226.8076923076923,223.4107142857143
235.8557692307693,232.3125000000001,229.5227272727273,224.8875,223.3871951219512,224.1,225,224.0425531914894,226.8846153846154,223.2857142857144
235.8942307692308,232.3958333333334,229.4318181818182,224.9375000000001,223.5335365853659,223.9,224.8461538461539,224.1489361702128,226.9615384615385,223.4285714285715
235.9326923076924,232.4791666666667,229.4285714285714,224.9875000000001,223.6655405405405,223.7,224.6923076923077,224.2553191489362,226.8891402714932,223.5714285714286
235.9711538461539,232.5625000000001,229.5714285714286,225.0375000000001,223.7736486486486,223.5,224.5384615384615,224.3617021276596,226.6674208144796,223.7142857142858
236.0096153846154,232.6458333333334,229.7142857142858,225.0875,223.8817567567567,223.3,224.3846153846154,224.468085106383,226.4457013574661,223.8571428571429
236.048076923077,232.7291666666667,229.8571428571429,225.1375,223.9898648648648,223.1,224.2307692307693,224.5744680851064,226.2239819004525,224.0000000000001
236.0865384615385,232.6428571428572,230,225.1875000000001,224.097972972973,223.0625,224.0769230769231,224.6808510638298,226.0022624434389,224.1428571428572
236.1250000000001,232.5000000000001,230.1428571428572,225.2375000000001,224.2060810810811,223.1875,223.9230769230769,224.7872340425532,225.7805429864254,224.1071428571429
236.1634615384616,232.3571428571429,230.2467532467533,225.3437500000001,224.3141891891892,223.3125,223.7692307692308,224.8936170212766,225.5588235294118,223.5357142857143
236.2019230769231,232.3,230.2337662337663,225.4687500000001,224.4222972972973,223.4375,223.6153846153846,225,225.3371040723982,222.9642857142858
236.2403846153847,232.5000000000001,230.2207792207793,225.5937500000001,224.5304054054054,223.5625,223.4615384615385,224.75,225.1153846153846,222.3928571428572
236.3500000000001,232.7000000000001,230.2077922077922,225.7187500000001,224.6328125,223.6875,223.3076923076923,224.5,224.893665158371,222.4166666666667
236.4833333333334,232.9,230.1948051948052,225.8437500000001,224.6953125,223.8125,223.1538461538462,224.25,224.6719457013575,222.638888888889
236.6166666666667,233.1000000000001,230.1818181818182,225.9687500000001,224.7578125,223.9375,223,224,224.4502262443439,222.8611111111112
236.7500000000001,233.2916666666667,230.1688311688312,226.0937500000001,224.8203125,223.9375,223.2,223.75,224.2285067873303,223.0833333333334
236.8833333333334,233.4583333333334,230.1558441558442,226.2187500000001,224.8125,223.8125,223.4,223.5,224.0067873303167,223.0357142857144
237.0166666666667,233.6250000000001,230.1428571428572,226.2187500000001,224.3125,223.6875,223.6,223.25,223.888625592417,222.1785714285715
237.1500000000001,233.7916666666667,230.1298701298701,226.1770833333334,223.8181818181818,223.5625,223.8,223,223.8175355450237,221.3214285714286
237.2500000000001,233.9583333333334,230.2142857142858,226.1354166666667,223.3636363636364,223.4375,224,222.75,223.7464454976303,220.4642857142858
237.2500000000001,234.1250000000001,230.3571428571429,226.0937500000001,222.9090909090909,223.3125,224.2,222.5,223.675355450237,220.1000000000001
237.2500000000001,234.2045454545455,230.5,226.0520833333334,222.6931818181818,223.1875,224.4,222.25,223.6042654028436,219.9
237.2500000000001,234.0227272727273,230.6428571428572,226.0104166666667,222.875,223.0625,224.6,222,223.5331753554502,219.764705882353
237.2500000000001,233.8409090909091,230.7500000000001,225.9687500000001,223.0568181818182,222.9444444444445,224.8,221.9,223.4620853080569,219.8235294117648
237.2500000000001,233.659090909091,230.7500000000001,225.9270833333334,223.75,222.8333333333333,225,221.8,223.3909952606635,219.8823529411765
237.2261904761905,233.4772727272728,230.7500000000001,225.8854166666667,224.6625,222.7222222222222,224.8888888888889,221.7,223.3199052132701,219.9411764705883
237.1309523809524,233.2954545454546,230.7500000000001,225.8437500000001,224.9625,222.6111111111111,224.7777777777778,221.6,223.2488151658768,220.0000000000001
237.0357142857143,233.2941176470589,230.7500000000001,225.8020833333334,225.2625,222.5,224.6666666666667,221.5,223.1777251184834,220.0588235294118
236.9404761904763,233.3529411764706,230.7500000000001,225.7604166666667,225.4375,222.3888888888889,224.5555555555555,221.4,223.10663507109,220.1176470588236
236.8452380952382,233.4117647058824,230.8214285714286,225.8571428571429,225.5375,222.2777777777778,224.4444444444445,221.3,223.0355450236967,220.1764705882354
236.7500000000001,233.4705882352942,230.9166666666667,226.0000000000001,225.6375,222.1666666666667,224.3333333333333,221.2,222.95,220.2352941176471
236.654761904762,233.5294117647059,231.0119047619048,226.1428571428572,225.7375,222.0555555555555,224.2222222222222,221.1,222.85,220.175
236.5595238095239,233.5882352941177,231.1071428571429,226.2857142857143,225.8375,222.2,224.1111111111111,221,222.75,220.075
236.4642857142858,233.6470588235294,231.202380952381,226.4285714285715,226.012987012987,222.6,224,221.2,222.65,219.9750000000001
236.3690476190477,233.7058823529412,231.2976190476191,226.5714285714286,226.2337662337662,223,224.25,221.4,222.55,219.8750000000001
236.2738095238096,233.7884615384616,231.3928571428572,226.7142857142858,226.4545454545455,223.4,224.5,221.6,222.45,219.7750000000001
236.2187500000001,233.9423076923077,231.4880952380953,226.8684210526316,226.6753246753247,223.8,224.75,221.8,222.35,219.6875000000001
236.1770833333334,234.0961538461539,231.5833333333334,227.0263157894737,226.8961038961039,224.2,225,222,222.25,219.6041666666667
236.1354166666667,234.2500000000001,231.6785714285715,227.1842105263158,227.1168831168831,224.6,225.25,222.2,222.15,219.5208333333334
236.0937500000001,234.4038461538462,231.7500000000001,227.342105263158,227.3376623376623,225,225.5,222.4,222.05,219.4375000000001
236.0520833333334,234.5576923076924,231.7500000000001,227.5000000000001,227.5584415584416,225.4,225.75,222.6,222,219.3541666666667
236.0104166666667,234.7115384615385,231.7500000000001,227.6578947368422,227.7792207792208,225.8,226,222.8,222,219.2708333333334
235.9687500000001,234.9807692307693,231.7500000000001,227.8157894736843,228,226,226.25,223,222,218.9772727272728
235.9270833333334,235.2884615384616,231.7500000000001,227.9736842105264,228.1325301204819,226,226.5,223.2,222,218.6136363636364
235.8854166666667,235.5961538461539,231.7500000000001,228.1315789473685,228.2650602409639,226,226.75,223.4,222,218.2500000000001
235.8437500000001,235.9038461538462,231.7500000000001,228.3409090909092,228.3975903614457,226,227,223.6,222,217.8863636363637
235.8020833333334,236.2115384615385,231.7500000000001,228.7045454545455,228.5301204819277,226,226.9230769230769,223.8,222,217.5227272727273
235.7604166666667,236.5192307692308,231.9000000000001,229.0681818181819,228.6626506024097,226,226.8461538461538,224,222,217.1428571428572
235.7968750000001,236.7656250000001,232.1000000000001,229.4318181818182,228.7951807228916,225.9230769230769,226.7692307692308,223.6896551724138,221.9285714285714,216.7142857142858
235.8593750000001,236.8281250000001,232.3000000000001,229.7954545454546,228.9277108433735,225.7692307692307,226.6923076923077,223.3793103448276,221.7857142857143,216.2857142857143
235.9218750000001,236.8906250000001,232.5000000000001,230.159090909091,229.0602409638554,225.6153846153846,226.6153846153846,223.0689655172414,221.6428571428571,215.8571428571429
235.9843750000001,236.9531250000001,232.7,230.3571428571429,229.1927710843374,225.4615384615385,226.5384615384615,222.7586206896552,221.5,215.6428571428572
236.0468750000001,237.0156250000001,232.9,230.5000000000001,229.3253012048193,225.3076923076923,226.4615384615385,222.448275862069,221.3571428571429,215.5000000000001
236.1093750000001,237.0781250000001,233.1000000000001,230.6428571428572,229.3154761904762,225.1538461538462,226.3846153846154,222.1379310344828,221.2142857142857,215.3571428571429
236.1718750000001,237.1406250000001,233.3125000000001,230.7857142857143,229.2202380952381,225,226.3076923076923,221.8275862068966,221.0714285714286,215.2142857142858
236.2343750000001,237.2031250000001,233.5625000000001,230.9285714285715,229.125,224.8461538461539,226.2307692307692,221.6,220.95,215.0714285714286
236.4836065573771,237.2375,233.8125000000001,231.0714285714286,229.0297619047619,224.6923076923077,226.1538461538462,221.4,220.85,214.9285714285715
236.7950819672132,237.1875000000001,234.0625000000001,231.2142857142858,228.9345238095238,224.5384615384615,226.0769230769231,221.2,220.75,214.7857142857143
237.1065573770492,237.1375000000001,234.3125000000001,231.284090909091,228.7678571428572,224.3846153846154,226,221,220.65,214.7500000000001
237.4180327868853,237.0875000000001,234.5625000000001,231.3295454545455,228.4821428571429,224.2307692307692,225.9285714285714,220.8571428571429,220.55,214.7500000000001
237.7295081967213,237.0375,234.6944444444445,231.3750000000001,228.1964285714286,224.0769230769231,225.8571428571429,220.7142857142857,220.45,214.7500000000001
238.0409836065574,236.9875000000001,234.4722222222223,231.4204545454546,227.9107142857143,224.1666666666667,225.7857142857143,220.5714285714286,220.35,214.7500000000001
238.3524590163934,236.9375000000001,234.2500000000001,231.4659090909091,227.9545454545454,224.5,225.7142857142857,220.4285714285714,220.25,214.7500000000001
238.609375,236.8875,234.0277777777778,231.5113636363637,228.0454545454546,224.8333333333333,225.6428571428571,220.2857142857143,220.15,214.7500000000001
238.484375,236.8375,233.8055555555556,231.5568181818182,228.1470588235294,225.1666666666667,225.5714285714286,220.1428571428571,220.05,214.7500000000001
238.359375,236.7875000000001,233.7500000000001,231.6022727272728,228.3235294117647,225.5,225.5,220,219.8888888888889,214.5625000000001
238.234375,236.8035714285715,233.7500000000001,231.6477272727273,228.5,225.8333333333333,225.4285714285714,219.8275862068965,219.6666666666667,213.8125000000001
238.165,237.0178571428572,233.7500000000001,231.6931818181819,228.6764705882353,226.1666666666667,225.3571428571429,219.6551724137931,219.4444444444445,213.0625000000001
238.485,237.2321428571429,233.7500000000001,231.7386363636364,228.8529411764706,226.5,225.2857142857143,219.4827586206897,219.2222222222222,212.3125000000001
238.805,237.4464285714286,233.7500000000001,231.7968750000001,229.0294117647059,226.8333333333333,225.2142857142857,219.3103448275862,219,211.6875000000001
239.125,237.6607142857144,233.7500000000001,231.8593750000001,229.2058823529412,226.9285714285714,225.1428571428571,219.1379310344827,218.7777777777778,211.4375000000001
239.445,237.8750000000001,233.7500000000001,231.9218750000001,229.625,226.7857142857143,225.0714285714286,218.9655172413793,218.5555555555555,211.1875000000001
239.765,238.0892857142858,233.8625000000001,231.9843750000001,230.125,226.6428571428571,225,218.7931034482759,218.3333333333333,210.9375000000001
240.085,238.2291666666667,234.0125,232.0468750000001,230.625,226.5,225.1818181818182,218.9130434782608,218.1111111111111,210.6875000000001
240.2171052631579,238.1458333333334,234.1625000000001,232.1093750000001,231.125,226.3571428571429,225.3636363636363,219.1304347826087,217.9883720930233,210.4375000000001
240.3223684210526,238.0625000000001,234.3125000000001,232.1718750000001,231,226.2142857142857,225.5454545454546,219.3478260869565,217.9651162790697,210.173076923077
240.4276315789474,237.9791666666667,234.4625,232.2343750000001,230.6666666666667,226.0714285714286,225.7272727272727,219.5652173913043,217.9418604651163,209.8653846153847
240.5328947368421,237.8958333333334,234.6125,232.2125000000001,230.3333333333333,226.1,225.9090909090909,219.7826086956522,217.9186046511628,209.5576923076924
240.6381578947368,237.8125000000001,234.7625,232.1625000000001,230,226.3,226.0909090909091,220,217.8953488372093,209.2500000000001
240.7434210526316,237.7222222222223,234.9125000000001,232.1125,229.88,226.5,226.2727272727273,219.8571428571428,217.8720930232558,208.9423076923077
240.8486842105263,237.6111111111112,235.0625000000001,232.0625,229.76,226.7,226.4545454545454,219.7142857142857,217.8488372093023,208.6346153846154
240.9539473684211,237.5000000000001,235.2125000000001,232.0125,229.64,226.9,226.6363636363637,219.5714285714286,217.8255813953488,208.3269230769231
241.0592105263158,237.3888888888889,235.3906250000001,231.9625,229.52,227.1,226.8181818181818,219.4285714285714,217.8023255813953,208.0625000000001
241.078125,237.2777777777778,235.5781250000001,231.9125,229.4,227.3,227,219.2857142857143,217.7790697674419,207.8125000000001
240.953125,237.7857142857143,235.7656250000001,231.8625,229.28,227.5,227.12,219.1428571428571,217.7558139534884,207.5625000000001
240.828125,238.5000000000001,235.9531250000001,231.8125,229.3181818181818,227.7,227.24,219,217.5909090909091,207.3125000000001
240.703125,239.2142857142858,236.1406250000001,231.7625,229.4090909090909,227.9,227.36,218.8571428571429,217.3787878787879,207.1923076923077
240.578125,239.9375000000001,236.3281250000001,231.95,229.5,228.0714285714286,227.48,218.7142857142857,217.1666666666667,207.1153846153847
240.453125,240.6875000000001,236.5156250000001,232.2166666666666,229.5909090909091,228.2142857142857,227.6,218.5714285714286,216.9545454545454,207.0384615384616
240.328125,241.0555555555556,236.7031250000001,232.4833333333333,229.6818181818182,228.3571428571428,227.72,218.4285714285714,216.7424242424242,206.9615384615385
240.203125,240.2777777777778,236.8571428571429,232.75,229.8636363636364,228.5,227.7,218.2857142857143,216.530303030303,206.8846153846154
240.0344827586207,239.5000000000001,237.0000000000001,233.0166666666667,230.3181818181818,228.6428571428571,227.6333333333333,218.1428571428571,216.3181818181818,206.8076923076923
239.7931034482759,238.7222222222223,237.1428571428572,233.2833333333333,230.7727272727273,228.7857142857143,227.5666666666667,218,216.1060606060606,206.7500000000001
239.551724137931,237.9444444444445,237.2678571428572,233.55,231.2272727272727,228.9285714285714,227.5,217.8571428571429,215.9,206.7500000000001
239.3103448275862,237.3750000000001,237.3392857142858,233.7708333333333,231.6818181818182,228.9516129032258,227.4333333333333,217.7142857142857,215.7,206.7500000000001
238.9772727272727,236.8750000000001,237.4107142857143,233.8541666666667,232.1363636363637,228.8548387096774,227.3666666666667,217.5714285714286,215.5,206.7500000000001
238.6136363636364,236.3750000000001,237.4821428571429,233.9375,232.2258064516129,228.7580645161291,227.3,217.4285714285714,215.3,206.5714285714286
238.25,235.8750000000001,237.5535714285715,234.0208333333333,232.1935483870968,228.6612903225806,227.2333333333333,217.2857142857143,215.1,205.8571428571429
237.8863636363637,235.6000000000001,237.6250000000001,234.1041666666667,232.1612903225806,228.5645161290323,227.1666666666667,217.1428571428571,214.875,205.1428571428572
237.5227272727273,235.4,237.6964285714286,234.1875,232.0810073997144,228.4677419354839,227.1,217,214.625,204.4285714285715
237.1666666666667,235.2,237.7954545454546,234.1666666666667,231.8594054264572,228.3709677419355,227.0333333333333,216.8571428571428,214.375,204.3863636363637
236.8333333333334,235.0000000000001,237.9772727272728,233.8333333333333,231.6378034532,228.2741935483871,226.9666666666667,216.7142857142857,214.125,204.5681818181819
236.5000000000001,234.8000000000001,238.1590909090909,233.5,231.4162014799429,228.45,226.9,216.5714285714286,213.875,204.7500000000001
236.4444444444445,234.8653846153847,238.3409090909092,233.1666666666667,231.2972972972973,228.7166666666666,226.8333333333333,216.4285714285714,213.625,204.9318181818182
237.2222222222223,235.0192307692309,238.5227272727273,232.8333333333333,231.4864864864865,228.9833333333333,226.7666666666667,216.2857142857143,213.375,205.1136363636364
238.0000000000001,235.173076923077,238.7045454545455,232.5,231.6756756756757,229.25,226.9130434782609,215.9354838709677,213.125,205.2500000000001
238.7777777777778,235.3269230769232,238.1875000000001,232.3088235294117,231.8648648648649,229.5166666666667,227.1304347826087,215.516129032258,212.875,205.2500000000001
239.5555555555556,235.4807692307693,237.4375000000001,232.5441176470588,232.0540540540541,229.7833333333333,227.3478260869565,215.0967741935484,212.625,205.2500000000001
239.7500000000001,235.6346153846154,237.4107142857143,232.7794117647059,232.2432432432432,230.05,227.5652173913043,214.6774193548387,212.375,205.2500000000001
239.7500000000001,235.8214285714286,237.6250000000001,233.014705882353,232.4324324324324,230.2291666666667,227.7826086956522,214.258064516129,212.125,205.4166666666667
239.7500000000001,236.1071428571429,237.8392857142858,233.25,232.6216216216216,230.1458333333333,228,213.8387096774194,211.9285714285714,206.0833333333334
238.8750000000001,236.3928571428572,238.0535714285715,233.4852941176471,232.8108108108108,230.0625,228.1086956521739,213.4193548387097,211.7857142857143,206.7500000000001
236.0416666666667,236.6785714285715,238.2678571428572,233.7205882352941,233,229.9791666666667,228.2173913043478,213,211.6428571428571,207.2857142857144
235.2083333333334,236.825,238.4821428571429,233.9558823529412,233.2105263157895,229.8958333333333,228.3260869565217,212.8947368421053,211.5,207.4285714285715
234.3750000000001,236.9250000000001,238.6964285714286,234.1911764705882,233.421052631579,229.8125,228.4347826086956,212.7894736842105,211.3571428571428,207.5714285714286
233.7045454545455,237.025,238.8888888888889,234.3478260869565,233.6315789473684,229.8240740740741,228.5434782608696,212.6842105263158,211.2142857142857,207.7142857142858
233.5227272727273,237.1250000000001,239.0740740740741,234.4782608695652,233.8421052631579,230.1203703703704,228.6521739130435,212.578947368421,211.0714285714286,207.4772727272728
233.3409090909092,237.2250000000001,239.2592592592593,234.6086956521739,234.0526315789474,230.4166666666667,228.7608695652174,212.4736842105263,210.9210526315789,207.1136363636364
233.159090909091,237.5588235294118,239.4444444444445,234.7391304347826,234.2631578947368,230.712962962963,228.8695652173913,212.3684210526316,210.7631578947368,206.7500000000001
232.9772727272728,237.9705882352941,239.6296296296296,234.8695652173913,234.4736842105263,231.0092592592593,228.9782608695652,212.2631578947368,210.6052631578947,206.3863636363637
232.7954545454546,238.3823529411765,239.8148148148148,235,234.6842105263158,231.3055555555555,229.0869565217392,212.1578947368421,210.4473684210526,206.0227272727273
232.3,238.7941176470588,240,235.1304347826087,234.8947368421053,231.6018518518518,229.1956521739131,212.0526315789474,210.2894736842105,205.659090909091
