295.25,298.0588235294118,296.7391304347826,298,295.6304347826087,296.2,294.975,289,280,276
294.75,297.9411764705882,296.695652173913,297.6666666666667,295.3913043478261,296,294.525,288.8636363636364,280.0909090909091,275.9879518072289
294.25,297.8235294117647,296.6521739130435,297.3333333333333,295.1521739130435,295.8,294.075,288.7272727272727,280.1818181818182,275.9759036144578
293.75,297.7058823529412,296.6086956521739,297,294.9130434782609,295.6,293.625,288.5909090909091,280.2727272727273,275.9638554216867
293.25,297.5882352941177,296.5652173913044,296.6666666666666,294.6739130434783,295.4,293.175,288.4545454545454,280.3636363636364,275.9518072289156
292.75,297.4705882352941,296.5217391304348,296.3333333333333,294.4347826086956,295.2,292.725,288.3181818181818,280.4545454545454,275.9397590361446
292.5,297.3529411764706,296.4782608695652,296,294.1956521739131,295,292.3076923076923,288.1818181818182,280.5454545454545,275.9277108433735
292.5,297.2352941176471,296.4347826086956,295.6666666666667,293.9565217391304,294.8,291.9230769230769,288.0454545454546,280.6363636363636,275.9156626506024
292.5,297.1176470588235,296.3913043478261,295.3333333333333,293.7173913043478,294.6,291.5384615384615,287.9090909090909,280.7272727272727,275.9036144578313
292.5,297,296.3478260869565,295.0322580645162,293.4782608695652,294.4,291.3125,287.7727272727273,280.8181818181818,275.8915662650602
292.8125,296.8823529411765,296.304347826087,294.741935483871,293.2391304347826,294.2,291.5625,287.6363636363636,280.9090909090909,275.8795180722892
293.4375,296.7647058823529,296.2608695652174,294.4516129032258,293,294,291.8125,287.5,281,275.8674698795181
294.0625,296.6470588235294,296.2173913043478,294.1612903225806,292.9491525423729,293.8461538461539,292.0625,287.3636363636364,281.0714285714286,275.855421686747
294.6875,296.5294117647059,296.1739130434783,293.8709677419355,292.8983050847457,293.6923076923077,292.2083333333333,287.2272727272727,281.1428571428571,275.8433734939759
295.3125,296.4117647058823,296.1304347826087,293.5806451612903,292.8474576271186,293.5384615384615,292.0416666666666,287.0909090909091,281.2142857142857,275.8313253012049
295.9375,296.2941176470588,296.0869565217391,293.2903225806451,292.7966101694915,293.3846153846154,291.875,286.9545454545454,281.2857142857143,275.8192771084338
296.5625,296.1764705882353,296.0434782608696,293,292.7457627118644,293.2307692307692,291.7083333333334,286.8181818181818,281.3571428571429,275.8072289156626
297.1875,296.0588235294118,296,292.875,292.6949152542373,293.0769230769231,291.5416666666667,286.6818181818182,281.4285714285714,275.7951807228916
297.6111111111111,295.95,295.8947368421053,292.75,292.6440677966102,292.9230769230769,291.375,286.5454545454546,281.5,275.7831325301205
297.8333333333334,295.85,295.7894736842105,292.625,292.5932203389831,292.7692307692308,291.1481481481482,286.4090909090909,281.5714285714286,275.7710843373494
298.0555555555555,295.75,295.6842105263158,292.5,292.5423728813559,292.6153846153846,290.7407407407408,286.2727272727273,281.6428571428572,275.7590361445783
298.2777777777778,295.65,295.578947368421,292.375,292.4915254237288,292.4615384615385,290.3333333333334,286.1363636363636,281.7142857142857,275.7027027027027
298.5,295.55,295.4736842105264,292.25,292.4406779661017,292.3076923076923,289.9259259259259,286,281.7857142857143,275.5135135135135
298.7222222222222,295.45,295.3684210526316,292.125,292.3898305084746,292.1538461538462,289.5185185185185,285.9166666666667,281.8571428571428,275.3243243243243
298.9444444444445,295.35,295.2631578947368,292,292.3389830508474,292,289.1111111111111,285.8333333333333,281.9285714285714,275.1351351351352
299.1666666666667,295.25,295.1578947368421,292,292.2881355932203,291.5833333333333,288.7037037037037,285.75,282,274.9459459459459
299.3888888888889,295.15,295.0526315789474,292,292.219512195122,291.1666666666667,288.4615384615385,285.6666666666667,281.9166666666667,274.7567567567568
299.4642857142857,295.05,294.9473684210526,292,292.0975609756098,290.75,288.3846153846154,285.5833333333333,281.8333333333333,274.5675675675676
299.3928571428571,295,294.8421052631579,292,291.9756097560976,290.3333333333334,288.3076923076923,285.5,281.75,274.3783783783784
299.3214285714286,295,294.7368421052632,292,291.8536585365853,289.9166666666666,288.2307692307693,285.4166666666666,281.6666666666667,274.1891891891892
299.25,295,294.6315789473684,292,291.7317073170732,289.5,288.1538461538461,285.3333333333334,281.5833333333333,274
299.1785714285714,295,294.5263157894737,292,291.609756097561,289.0833333333334,288.0769230769231,285.25,281.5,273.9
299.1071428571429,295,294.421052631579,292,291.4878048780488,288.6666666666666,288,285.1666666666666,281.4166666666666,273.8
299.0357142857143,295,294.3157894736842,292,291.3658536585366,288.25,287.9230769230769,285.0833333333334,281.3333333333334,273.7
298.9642857142857,295,294.2105263157895,291.8888888888889,291.2439024390244,287.8333333333334,287.8461538461539,285,281.25,273.6
298.8928571428571,295,294.1052631578947,291.7777777777778,291.1219512195122,287.4166666666666,287.7692307692308,284.9166666666666,281.1666666666666,273.5
298.8214285714286,295,294,291.6666666666667,291,287,287.6923076923077,284.8333333333334,281.0833333333334,273.4
298.75,295,293.8888888888889,291.5555555555555,290.8888888888889,287.2222222222222,287.6153846153846,284.75,281,273.3
298.6785714285714,295,293.7777777777778,291.4444444444445,290.7777777777778,287.4444444444445,287.5384615384615,284.6666666666666,280.9166666666666,273.2
298.6071428571429,295,293.6666666666667,291.3333333333333,290.6666666666667,287.6666666666667,287.4117647058823,284.5833333333334,280.8333333333333,273.1
298.5357142857143,294.9444444444444,293.5555555555555,291.2222222222222,290.5555555555555,287.8888888888889,287.2352941176471,284.5,280.75,273
298.4411764705882,294.8333333333334,293.4444444444445,291.1111111111111,290.4444444444445,288.1111111111111,287.0588235294118,284.4166666666666,280.6666666666667,273.0555555555556
298.3235294117647,294.7222222222222,293.3333333333334,291,290.3333333333333,288.3333333333333,286.8823529411765,284.3333333333334,280.5833333333333,273.1111111111111
298.2058823529412,294.6111111111111,293.2222222222222,290.8888888888889,290.2222222222222,288.5555555555555,286.7058823529412,284.25,280.5,273.1666666666667
298.0882352941177,294.5,293.1111111111111,290.7777777777778,290.1111111111111,288.7777777777778,286.5294117647059,284.1666666666666,280.4166666666667,273.2222222222222
297.9705882352941,294.3888888888889,293,290.6666666666666,290,289,286.3529411764706,284.0833333333333,280.3333333333333,273.2777777777778
297.8529411764706,294.2777777777778,292.8888888888889,290.5555555555555,289.8888888888889,288.9166666666666,286.1764705882352,284,280.25,273.3333333333334
297.7352941176471,294.1666666666666,292.7777777777778,290.4444444444445,289.7777777777778,288.8333333333334,286,283.9333333333333,280.1666666666666,273.3888888888889
297.6176470588235,294.0555555555556,292.6666666666667,290.3333333333334,289.6666666666667,288.75,285.8235294117647,283.8666666666667,280.0833333333334,273.4444444444445
297.5,293.9583333333333,292.5555555555555,290.2222222222222,289.5555555555555,288.6666666666667,285.6470588235294,283.8,280,273.5
297.3823529411765,293.875,292.4444444444445,290.1111111111111,289.4444444444445,288.5833333333333,285.4705882352941,283.7333333333333,279.9090909090909,273.5555555555555
297.2647058823529,293.7916666666667,292.3333333333333,290,289.3333333333334,288.5,285.2941176470588,283.6666666666667,279.8181818181818,273.6111111111111
297.1470588235294,293.7083333333333,292.2222222222222,289.9090909090909,289.2222222222222,288.4166666666667,285.1176470588235,283.6,279.7272727272727,273.6666666666666
297.0294117647059,293.625,292.1111111111111,289.8181818181818,289.1111111111111,288.3333333333333,284.9411764705882,283.5333333333333,279.6363636363636,273.7222222222222
296.9117647058823,293.5416666666667,292,289.7272727272727,289,288.25,284.764705882353,283.4666666666667,279.5454545454545,273.7777777777778
296.7941176470588,293.4583333333333,291.9375,289.6363636363636,288.8888888888889,288.1666666666667,284.5882352941176,283.4,279.4545454545454,273.8333333333333
296.6764705882352,293.375,291.875,289.5454545454545,288.7777777777778,288.0833333333334,284.4571428571429,283.3333333333333,279.3636363636364,273.8888888888889
296.5588235294117,293.2916666666667,291.8125,289.4545454545455,288.6666666666667,288,284.3714285714286,283.2666666666667,279.2727272727273,273.9444444444445
296.4375,293.2083333333333,291.75,289.3636363636364,288.5555555555555,287.8333333333333,284.2857142857143,283.2,279.1818181818182,274
296.3125,293.125,291.6875,289.2727272727273,288.4444444444445,287.6666666666667,284.2,283.1333333333333,279.0909090909091,274.125
296.1875,293.0416666666667,291.625,289.1818181818182,288.3333333333333,287.5,284.1142857142858,283.0666666666667,279,274.25
296.0625,293.125,291.5625,289.0909090909091,288.2222222222222,287.3333333333333,284.0285714285714,283,278.9411764705882,274.375
295.9375,293.375,291.5,289,288.1111111111111,287.1666666666667,283.9428571428571,283.2941176470588,278.8823529411765,274.5
295.8125,293.625,291.4375,288.8181818181818,288,287,283.8571428571429,283.5882352941176,278.8235294117647,274.625
295.6875,293.875,291.375,288.6363636363636,287.8333333333333,286.8333333333333,283.7714285714285,283.8823529411765,278.7647058823529,274.75
295.5625,294.125,291.3125,288.4545454545454,287.6666666666667,286.6666666666666,283.5735294117647,284.1764705882352,278.7058823529412,274.875
295.4375,294.375,291.25,288.2727272727273,287.5,286.5,283.3382352941177,284.109375,278.6470588235294,275
295.3125,294.625,291.1875,288.0909090909091,287.3333333333333,286.3333333333333,283.1029411764706,283.921875,278.5882352941177,275.125
295.1875,294.875,291.125,287.9090909090909,287.1666666666667,286.1666666666667,282.8676470588235,283.734375,278.5294117647059,275.25
295.0625,294.95,291.0625,287.7272727272727,287,286,282.6323529411765,283.546875,278.4705882352941,275.375
294.9375,294.85,291,287.5454545454545,286.8333333333333,285.8125,282.3970588235294,283.359375,278.4117647058823,275.5
294.8125,294.75,290.8947368421053,287.3636363636364,286.6666666666666,285.625,282.1617647058823,283.171875,278.3529411764706,275.625
294.6875,294.65,290.7894736842105,287.1818181818181,286.5,285.4375,281.9264705882353,282.984375,278.2941176470588,275.75
294.5625,294.55,290.6842105263158,287,286.3333333333334,285.25,281.78125,282.796875,278.2352941176471,275.875
294.59375,294.45,290.578947368421,286.8181818181818,286.1666666666667,285.0625,281.90625,282.6710526315789,278.1764705882353,276
294.7812499999999,294.35,290.4736842105264,286.6363636363636,286,284.875,282.03125,282.5657894736842,278.1176470588235,276
294.96875,294.25,290.3684210526316,286.4545454545454,285.8333333333334,284.6875,282.15625,282.4605263157895,278.0588235294118,276
295.15625,294.15,290.2631578947368,286.2727272727273,285.6666666666666,284.5,282.28125,282.3552631578947,278,276
295.34375,294.05,290.1578947368421,286.0909090909091,285.5,284.3125,282.40625,282.25,278.0666666666667,276
295.53125,293.9642857142857,290.0526315789474,285.9090909090909,285.3333333333333,284.125,282.53125,282.1447368421053,278.1333333333333,276
295.71875,293.8928571428572,289.9473684210526,285.7272727272727,285.1666666666667,283.9375,282.65625,282.0394736842105,278.2,276
295.90625,293.8214285714286,289.8421052631579,285.5454545454546,285,283.75,282.75,281.9342105263158,278.2666666666667,276
296.09375,293.75,289.7368421052631,285.3636363636364,284.8888888888889,283.5625,282.75,281.8289473684211,278.3333333333334,276
296.28125,293.6785714285714,289.6315789473684,285.1818181818182,284.7777777777778,283.375,282.75,281.8026315789474,278.4,276
296.46875,293.6071428571429,289.5263157894737,285,284.6666666666667,283.1875,282.75,282.0131578947368,278.4666666666666,276
296.65625,293.5357142857143,289.421052631579,285,284.5555555555555,283,282.75,282.2236842105264,278.5333333333334,276
296.84375,293.4642857142857,289.3157894736842,285,284.4444444444445,282.8666666666667,282.75,282.4342105263158,278.6,276.1733333333333
297.03125,293.3928571428572,289.2105263157895,285,284.3333333333334,282.7333333333333,282.5675675675676,282.6447368421053,278.6666666666667,276.3466666666667
297.21875,293.3214285714286,289.1052631578947,285,284.2222222222222,282.6,282.3243243243243,282.8552631578947,278.7333333333333,276.52
297.40625,293.25,289,285,284.1111111111111,282.4666666666667,282.081081081081,283.0657894736842,278.8,276.6933333333333
297.4333333333333,293.1785714285714,288.9130434782609,285,284,282.3333333333334,281.8378378378378,283.2763157894737,278.8666666666667,276.8666666666667
297.3,293.1071428571429,288.8260869565217,285,283.8888888888889,282.2,281.5945945945946,283.4868421052632,278.9333333333333,277.04
297.1666666666666,293.0357142857143,288.7391304347826,285,283.7777777777778,282.0666666666667,281.3513513513514,283.6973684210527,279,277.2133333333333
297.0333333333333,292.9615384615385,288.6521739130435,285,283.6666666666667,281.9333333333333,281.1081081081081,283.6279069767442,279.0666666666667,277.3866666666667
296.9,292.8846153846154,288.5652173913044,285,283.5555555555555,281.8,280.8648648648649,283.4651162790698,279.1333333333333,277.56
296.7666666666667,292.8076923076923,288.4782608695652,285,283.4444444444445,281.6666666666666,280.6216216216216,283.3023255813953,279.2,277.7333333333333
296.6333333333333,292.7307692307692,288.3913043478261,285,283.3333333333333,281.5333333333334,280.4615384615385,283.139534883721,279.2666666666667,277.9066666666666
296.5,292.6538461538462,288.3043478260869,285,283.2222222222222,281.4,280.3846153846154,282.9767441860465,279.3333333333334,278.08
296.3666666666667,292.5769230769231,288.2173913043479,285,283.1111111111111,281.2666666666667,280.3076923076923,282.8139534883721,279.4,278.2533333333333
296.2333333333333,292.5,288.1304347826087,285,283,281.1333333333333,280.2307692307692,282.6511627906977,279.4666666666667,278.4266666666667
296.1,292.4230769230769,288.0434782608696,285,282.9375,281,280.1538461538462,282.4883720930233,279.5333333333333,278.6
295.9666666666666,292.3461538461539,287.9565217391304,285.1666666666667,282.875,281,280.0769230769231,282.3255813953488,279.6,278.7733333333333
295.8333333333334,292.2692307692308,287.8695652173913,285.3333333333334,282.8125,281,280,282.1627906976744,279.6666666666667,278.9466666666667
295.7,292.1923076923077,287.7826086956522,285.5,282.75,281,279.9230769230769,282,279.7333333333333,279.12
295.5666666666667,292.1153846153846,287.695652173913,285.6666666666667,282.6875,281,279.8461538461538,281.8636363636364,279.8,279.2105263157895
295.4615384615385,292.0384615384615,287.6086956521739,285.8333333333333,282.625,281,279.7692307692308,281.7272727272727,279.8666666666667,279.0526315789473
295.3846153846154,292.0357142857143,287.5217391304348,286,282.5625,281,279.6923076923077,281.5909090909091,279.9333333333333,278.8947368421053
295.3076923076923,292.1071428571428,287.4347826086957,285.7142857142857,282.5,281,279.6153846153846,281.4545454545454,280,278.7368421052632
295.2307692307692,292.1785714285714,287.3478260869565,285.4285714285714,282.4375,281,279.5384615384615,281.3181818181818,280.0769230769231,278.578947368421
295.1538461538461,292.25,287.2608695652174,285.1428571428571,282.375,281,279.4,281.1818181818182,280.1538461538462,278.421052631579
295.0769230769231,292.3214285714286,287.1739130434783,284.8571428571429,282.3125,281,279.2,281.0454545454546,280.2307692307692,278.2631578947368
295,292.3928571428571,287.0869565217391,284.5714285714286,282.25,280.7647058823529,279,280.9090909090909,280.3076923076923,278.1052631578947
294.9230769230769,292.4642857142857,287,284.2857142857143,282.1875,280.5294117647059,278.8,280.7727272727273,280.3846153846154,277.9473684210527
294.8461538461538,292.5357142857143,286.9545454545454,284,282.125,280.2941176470588,278.6,280.6363636363636,280.4615384615385,277.7894736842105
294.7692307692308,292.6071428571428,286.9090909090909,283.9285714285714,282.0625,280.0588235294118,278.68,280.5,280.5384615384615,277.8181818181818
294.6923076923077,292.6785714285714,286.8636363636364,283.8571428571429,282,279.8235294117647,279.04,280.3636363636364,280.6153846153846,277.9090909090909
294.6153846153846,292.75,286.8181818181818,283.7857142857143,281.9,279.5882352941176,279.4,280.2272727272727,280.6923076923077,278
294.5384615384615,292.8214285714286,286.7727272727273,283.7142857142857,281.8,279.3529411764706,279.76,280.0909090909091,280.7692307692308,278.0909090909091
294.452380952381,292.8928571428571,286.7272727272727,283.6428571428571,281.7,279.1176470588235,280.12,279.9545454545455,280.8461538461539,278.1818181818182
294.3571428571429,292.9642857142857,286.6818181818182,283.5714285714286,281.6,278.8823529411765,280.48,279.8181818181818,280.923076923077,278.2727272727273
294.2619047619048,292.96875,286.6363636363636,283.5,281.5,278.6470588235294,280.7291666666667,279.6818181818182,281,278.3636363636364
294.1666666666667,292.90625,286.5909090909091,283.4285714285714,281.4,278.4117647058824,280.6458333333333,279.5454545454546,280.9473684210526,278.4545454545454
294.0714285714286,292.84375,286.5454545454545,283.3571428571429,281.3,278.1764705882353,280.5625,279.4090909090909,280.8947368421053,278.5454545454546
293.9761904761905,292.78125,286.5,283.2857142857143,281.2,277.9411764705882,280.4791666666666,279.2727272727273,280.8421052631579,278.6363636363636
293.8809523809524,292.71875,286.4545454545455,283.2142857142857,281.1,277.7058823529412,280.3958333333334,279.1363636363636,280.7894736842105,278.7272727272727
293.7857142857143,292.65625,286.4090909090909,283.1428571428571,281,277.4705882352941,280.3125,279,280.7368421052631,278.8181818181818
293.6904761904761,292.59375,286.3636363636364,283.0714285714286,280.923076923077,277.2352941176471,280.1481481481482,278.9166666666667,280.6842105263158,278.9090909090909
293.5952380952381,292.53125,286.3181818181818,283,280.8461538461539,277,279.7407407407407,278.8333333333333,280.6315789473684,279
293.5,292.46875,286.2727272727273,282.7692307692308,280.7692307692307,277,279.3333333333333,278.75,280.578947368421,279.1428571428571
293.4047619047619,292.40625,286.2272727272727,282.5384615384615,280.6923076923077,277,278.9259259259259,278.6666666666667,280.5263157894737,279.2857142857143
293.3095238095238,292.34375,286.1818181818182,282.3076923076923,280.6153846153846,277,278.5185185185185,278.5833333333333,280.4736842105264,279.4285714285714
293.2142857142857,292.28125,286.1363636363636,282.0769230769231,280.5384615384615,277,278.1111111111111,278.5,280.421052631579,279.5714285714286
293.1190476190476,292.21875,286.0909090909091,281.8461538461539,280.4615384615385,277,277.7037037037037,278.4166666666667,280.3684210526316,279.7142857142857
293.0238095238095,292.15625,286.0454545454546,281.6153846153846,280.3846153846154,277,277.4285714285714,278.3333333333333,280.3157894736842,279.8571428571428
292.9285714285714,292.09375,286,281.3846153846154,280.3076923076923,277,277.2857142857143,278.25,280.2631578947368,280
292.8333333333333,292.03125,285.9230769230769,281.1538461538462,280.2307692307692,277,277.1428571428572,278.1666666666667,280.2105263157895,280.1428571428571
292.7380952380952,291.9905660377358,285.8461538461539,280.9230769230769,280.1538461538462,277,277,278.0833333333333,280.1578947368421,280.2857142857143
292.6428571428572,291.9716981132075,285.7692307692308,280.6923076923077,280.076923076923,277,276.8571428571428,278,280.1052631578947,280.4285714285714
292.547619047619,291.9528301886793,285.6923076923077,280.4615384615385,280,277,276.7142857142857,278.0416666666667,280.0526315789474,280.5714285714286
292.4722222222222,291.933962264151,285.6153846153846,280.2307692307692,280.0666666666667,277,276.5714285714286,278.0833333333333,280,280.7142857142857
292.4166666666667,291.9150943396227,285.5384615384615,280,280.1333333333333,277,276.4571428571429,278.125,280.0833333333334,280.8571428571429
292.3611111111111,291.8962264150944,285.4615384615385,279.9230769230769,280.2,277,276.3714285714286,278.1666666666667,280.1666666666666,281
292.3055555555555,291.8773584905661,285.3846153846154,279.8461538461539,280.2666666666667,277,276.2857142857143,278.2083333333333,280.25,281.1304347826087
292.25,291.8584905660377,285.3076923076923,279.7692307692307,280.3333333333334,277,276.2,278.25,280.3333333333334,281.2608695652174
292.1944444444445,291.8396226415094,285.2307692307692,279.6923076923077,280.4,277,276.1142857142858,278.2916666666666,280.4166666666666,281.3913043478261
292.1388888888889,291.8207547169811,285.1538461538461,279.6153846153846,280.4666666666667,277,276.0285714285715,278.3333333333334,280.5,281.5217391304348
292.0833333333333,291.8018867924528,285.0769230769231,279.5384615384615,280.5333333333333,277,275.9428571428572,278.375,280.5833333333333,281.6521739130435
292.0277777777778,291.7830188679245,285,279.4615384615385,280.6,277,275.8571428571429,278.4166666666666,280.6666666666667,281.72
291.9722222222222,291.7641509433963,284.9230769230769,279.3846153846154,280.6666666666666,277,275.7714285714287,278.4583333333334,280.75,281.6
291.9166666666667,291.7363636363636,284.8461538461539,279.3076923076923,280.7333333333333,277,275.8437500000001,278.5,280.8333333333333,281.48
291.8611111111111,291.6818181818181,284.7692307692308,279.2307692307692,280.8,277,275.9687500000001,278.5416666666667,280.9166666666667,281.36
291.8055555555555,291.6272727272727,284.6923076923077,279.1538461538461,280.8666666666667,277,276.09375,278.5833333333333,281,281.24
291.75,291.5727272727273,284.6153846153846,279.0769230769231,280.9333333333333,277,276.2187500000001,278.625,281.0833333333334,281.12
291.6944444444445,291.5181818181818,284.5384615384615,279,281,277,276.3437500000001,278.6666666666667,281.1666666666666,281
291.6388888888889,291.4636363636363,284.4615384615385,279.12,281.0612244897959,277,276.46875,278.7083333333333,281.25,281
291.5833333333333,291.4090909090909,284.3846153846154,279.24,281.1224489795918,277,276.5937500000001,278.75,281.3333333333334,281
291.5277777777778,291.3545454545455,284.3076923076923,279.36,281.1836734693877,277,276.7187500000001,278.7916666666667,281.4166666666666,281
291.4705882352941,291.3,284.2307692307692,279.48,281.2448979591837,277,276.84375,278.8333333333333,281.5,281
291.4117647058823,291.2454545454545,284.1538461538462,279.6,281.3061224489796,276.8235294117647,276.96875,278.875,281.5833333333334,281
291.3529411764706,291.1909090909091,284.0769230769231,279.72,281.3673469387755,276.6470588235294,277.09375,278.9166666666667,281.6666666666666,281
291.2941176470588,291.1363636363636,284,279.6666666666666,281.4285714285714,276.4705882352941,277.21875,278.9583333333333,281.75,281
291.2352941176471,291.0818181818182,283.8666666666667,279.5555555555555,281.4897959183673,276.2941176470588,277.0487804878048,279,281.8333333333334,281
291.1764705882353,291.0272727272728,283.7333333333333,279.4444444444445,281.5510204081633,276.1176470588235,276.780487804878,279.04,281.9166666666666,281
291.1176470588235,290.9285714285714,283.6,279.3333333333333,281.6122448979592,275.9411764705882,276.5121951219512,279.08,282,280.9375
291.0588235294118,290.7857142857143,283.4666666666667,279.2222222222222,281.6734693877551,275.7647058823529,276.2439024390244,279.12,282.0714285714286,280.875
291,290.6428571428571,283.3333333333334,279.1111111111111,281.734693877551,275.5882352941177,275.9756097560976,279.16,282.1428571428572,280.8125
290.9411764705882,290.5,283.2,279,281.3846153846154,275.4117647058823,275.7073170731707,279.2,282.2142857142857,280.75
290.8823529411765,290.3571428571429,283.0666666666667,278.8888888888889,280.8974358974359,275.2352941176471,275.4390243902439,279.24,282.2857142857143,280.6875
290.8235294117647,290.2142857142857,282.9333333333333,278.7777777777778,280.4102564102564,275.0588235294118,275.1707317073171,279.28,282.3571428571428,280.625
290.7647058823529,290.0714285714286,282.8,278.6666666666667,279.9230769230769,274.8823529411765,274.9024390243902,279.32,282.4285714285714,280.5625
290.7058823529412,289.9285714285714,282.6666666666667,278.5555555555555,279.4358974358975,274.7058823529412,274.6341463414634,279.36,282.5,280.5
290.6470588235294,289.7857142857143,282.5333333333333,278.4444444444445,278.948717948718,274.5294117647059,274.5333333333334,279.4,282.5714285714286,280.4375
290.5882352941177,289.6428571428571,282.4,278.3333333333333,278.4615384615385,274.3529411764706,274.6,279.44,282.6428571428571,280.375
290.5294117647059,289.5,282.2666666666667,278.2222222222222,277.9743589743589,274.1764705882353,274.6666666666667,279.48,282.7142857142857,280.3125
290.4722222222222,289.3571428571429,282.1333333333333,278.1111111111111,277.4871794871794,274,274.7333333333333,279.52,282.7857142857143,280.25
290.4166666666666,289.2142857142857,282,278,277,273.95,274.8,279.56,282.8571428571428,280.1875
290.3611111111111,289.0714285714286,281.8666666666667,277.9285714285714,276.7,273.9,274.8666666666667,279.6,282.9285714285714,280.125
290.3055555555555,289.0405405405406,281.7333333333333,277.8571428571429,276.4,273.85,274.9333333333333,279.64,283,280.0625
290.25,289.1216216216216,281.6,277.7857142857143,276.1,273.8,275,279.68,283.0555555555555,280
290.1944444444445,289.2027027027027,281.4666666666666,277.7142857142857,275.8,273.75,275.0666666666667,279.72,283.1111111111111,280.1
290.1388888888889,289.2837837837838,281.3333333333333,277.6428571428571,275.5,273.7,275.1333333333333,279.76,283.1666666666667,280.2
290.0833333333333,289.3648648648649,281.2,277.5714285714286,275.2,273.65,275.2,279.8,283.2222222222222,280.3
290.0277777777778,289.4459459459459,281.0666666666667,277.5,274.9,273.6,275.2666666666667,279.84,283.2777777777778,280.4
289.9722222222222,289.527027027027,280.9333333333333,277.4285714285714,274.6,273.55,275.3333333333333,279.88,283.3333333333334,280.5
289.9166666666666,289.6081081081081,280.8,277.3571428571429,274.3,273.5,275.4,279.92,283.3888888888889,280.6
289.8611111111111,289.6891891891892,280.6666666666667,277.2857142857143,274,273.45,275.4666666666666,279.96,283.4444444444445,280.7
289.8055555555555,289.6428571428572,280.5333333333334,277.2142857142857,274.4,273.4,275.6,280,283.5,280.8
289.75,289.2142857142857,280.4,277.1428571428571,274.8,273.35,275.8,279.9491525423729,283.5555555555555,280.9
289.6944444444445,288.7857142857143,280.2666666666667,277.0714285714286,275.2,273.3,276,279.8983050847457,283.6111111111111,281
289.6388888888889,288.3571428571428,280.1333333333333,277,275.6,273.25,276.2,279.8474576271186,283.6666666666666,281.0909090909091
289.5833333333334,287.9285714285714,280,276.8695652173913,276,273.2,276.4,279.7966101694915,283.7222222222222,281.1818181818182
289.5277777777778,287.5,280.1111111111111,276.7391304347826,275.7,273.15,276.6,279.7457627118644,283.7777777777778,281.2727272727273
289.4666666666667,287.0714285714286,280.2222222222222,276.6086956521739,275.4,273.1,276.8,279.6949152542373,283.8333333333334,281.3636363636364
289.4,286.6428571428571,280.3333333333333,276.4782608695652,275.1,273.05,277,279.6440677966102,283.8888888888889,281.4545454545454
289.3333333333333,286.2142857142857,280.4444444444445,276.3478260869565,274.8,273,277.2,279.5932203389831,283.9444444444445,281.5454545454545
289.2666666666667,286.05,280.5555555555555,276.2857142857143,274.5,272.9333333333333,277.4,279.542372881356,284,281.6363636363636
289.2,286.15,280.6666666666666,276.4285714285714,274.2,272.8666666666667,277.6,279.4915254237288,283.9545454545455,281.7272727272727
289.1333333333333,286.25,280.7777777777778,276.5714285714286,273.9,272.8,277.8,279.4406779661017,283.9090909090909,281.5217391304348
289.0666666666667,286.35,280.8888888888889,276.7142857142857,273.6,272.7333333333333,278,279.3898305084746,283.8636363636364,281.2173913043478
289,286.45,281,276.8571428571428,273.3,272.6666666666667,278.3142857142857,279.3389830508474,283.8181818181818,280.9130434782609
288.9333333333333,286.55,281.1111111111111,277,273,272.6,278.6285714285714,279.2881355932203,283.7727272727273,280.6086956521739
288.8666666666667,286.65,281.2222222222222,277.1428571428571,273.1818181818182,272.5333333333334,278.9428571428571,279.3,283.7272727272727,280.304347826087
288.8,286.75,281.3333333333334,277.2857142857142,273.3636363636364,272.4666666666667,279.2571428571429,279.5,283.6818181818182,280
288.7333333333333,286.85,281.4444444444445,277.4285714285714,273.5454545454546,272.4,279.5714285714286,279.7,283.6363636363636,280.2173913043478
288.6666666666667,286.95,281.5555555555555,277.5714285714286,273.7272727272727,272.3333333333334,279.8857142857142,279.9,283.5909090909091,280.4347826086956
288.6,286.9166666666667,281.6666666666666,277.7142857142857,273.9090909090909,272.2666666666667,280.2,280.1,283.5454545454545,280.6521739130435
288.5333333333333,286.75,281.7777777777778,277.6642857142857,274.0909090909091,272.2,280.5142857142857,280.2105263157894,283.5,280.8695652173913
288.5,286.5833333333334,281.8888888888889,277.55,274.2727272727273,272.1333333333333,280.8375,280.0526315789473,283.4545454545454,281.0869565217391
288.5,286.4166666666667,282,277.4357142857143,274.4545454545454,272.0666666666667,281.1875,279.8947368421053,283.4090909090909,281.3214285714286
288.5,286.25,282.1764705882352,277.3214285714286,274.6363636363636,272,281.5375,279.7368421052632,283.3636363636364,281.6071428571428
288.5,286.0833333333333,282.3529411764706,277.2071428571429,274.8181818181818,272,281.8875,279.578947368421,283.3181818181818,281.8928571428571
288.5,285.9166666666666,282.5294117647059,277.0928571428572,275,272,282.2375,279.421052631579,283.2727272727273,282.1785714285714
288.5,285.75,282.7058823529412,276.9785714285714,274.9166666666666,272,282.5875,279.2631578947368,283.2272727272727,282.4642857142857
288.5,285.5833333333334,282.6315789473684,276.8642857142857,274.8333333333334,272,282.9375,279.1052631578947,283.1818181818182,282.75
288.4642857142857,285.4166666666666,282.4736842105263,276.75,274.75,272,283.2875,278.9473684210527,283.1363636363636,283.0357142857143
288.3928571428572,285.25,282.3157894736842,276.6357142857142,274.6666666666667,272,283.6375,278.7894736842105,283.0909090909091,283.3214285714286
288.3214285714286,285.0833333333333,282.1578947368421,276.5214285714286,274.5833333333333,272,283.9875,278.7021276595744,283.0454545454545,283.6071428571429
288.25,284.9166666666667,282,276.4071428571428,274.5,272,284.2352941176471,278.6382978723404,283,283.8928571428571
288.1785714285714,284.75,281.85,276.2928571428571,274.4166666666667,272,284.1764705882352,278.5744680851064,282.9615384615385,284.1785714285714
288.1071428571429,284.5833333333333,281.7,276.1785714285714,274.3333333333333,272,284.1176470588235,278.5106382978723,282.9230769230769,284.4642857142857
288.0357142857143,284.4166666666667,281.55,276.0642857142857,274.25,272,284.0588235294118,278.4468085106383,282.8846153846154,284.75
287.9642857142857,284.25,281.4,275.95,274.1666666666667,272,284,278.3829787234042,282.8461538461538,285.0357142857143
287.8928571428571,284.0833333333333,281.25,275.8357142857143,274.0833333333333,272,283.9411764705882,278.3191489361702,282.8076923076923,285.2
287.8214285714286,283.9634146341464,281.1,275.7222222222222,274,272,283.8823529411765,278.2553191489362,282.7692307692308,285
287.75,283.8902439024391,280.95,275.6111111111111,273.75,272,283.8235294117647,278.1914893617021,282.7307692307692,284.8
287.6785714285714,283.8170731707317,280.8,275.5,273.5,272,283.7647058823529,278.1276595744681,282.6923076923077,284.6
287.6071428571429,283.7439024390244,280.65,275.3888888888889,273.25,272,283.828947368421,278.0638297872341,282.6538461538462,284.4
287.5357142857143,283.670731707317,280.5,275.2777777777778,273,272,283.9342105263158,278,282.6153846153846,284.2
287.4,283.5975609756098,280.35,275.1666666666666,272.75,272,284.0394736842105,278.1,282.576923076923,284
287.2,283.5243902439024,280.2,275.0555555555555,272.5,272,284.1447368421053,278.2,282.5384615384615,283.8
287,283.4512195121951,280.05,274.9444444444445,272.25,272,284.25,278.3,282.5,283.6
286.8,283.3780487804878,279.9,274.8333333333334,272,271.75,284.3552631578947,278.4,282.4615384615385,283.4
286.6,283.3048780487804,279.75,274.7222222222222,271.75,271.5,284.4605263157895,278.5,282.4230769230769,283.2
286.4,283.2777777777778,279.6,274.6111111111111,271.5,271.25,284.5657894736842,278.6,282.3846153846154,283
286.2,283.3888888888889,279.45,274.5,271.25,271,284.671052631579,278.7,282.3461538461538,282.9375
286,283.5,279.3,274.3888888888889,271,270.75,284.7083333333333,278.8,282.3076923076923,282.875
285.8,283.6111111111111,279.15,274.2777777777778,270.625,270.5,284.5416666666666,278.9,282.2692307692308,282.8125
285.6,283.7222222222222,279,274.1666666666667,270.25,270.25,284.375,279,282.2307692307692,282.75
285.4,283.8333333333334,278.9285714285714,274.0555555555555,269.875,270,284.2083333333333,279.1,282.1923076923077,282.6875
285.2,283.9444444444445,278.8571428571429,273.9444444444445,269.5,269.75,284.0416666666666,279.2,282.1538461538461,282.625
285,284.0555555555555,278.7857142857143,273.8333333333333,269.125,269.5,283.875,279.3,282.1153846153846,282.5625
284.8,284.1666666666666,278.7142857142857,273.7222222222222,268.75,269.25,283.7083333333333,279.4,282.0769230769231,282.5
284.6,284.2826086956522,278.6428571428571,273.6111111111111,268.375,269,283.5416666666666,279.5,282.0384615384615,282.4375
284.375,284.4130434782609,278.5714285714286,273.5,268,268.9285714285714,283.375,279.6,282,282.375
284.125,284.5434782608696,278.5,273.3888888888889,268,268.8571428571429,283.2125,279.7,281.9677419354839,282.3125
283.875,284.6739130434783,278.4285714285714,273.2777777777778,268,268.7857142857143,283.0625,279.8,281.9354838709677,282.25
283.625,284.804347826087,278.3571428571428,273.1666666666667,268,268.7142857142857,282.9125,279.9,281.9032258064516,282.1875
283.375,284.9347826086956,278.2857142857143,273.0555555555555,268,268.6428571428571,282.7625,280,281.8709677419355,282.125
283.125,284.9,278.2142857142857,272.9444444444445,268,268.5714285714286,282.6125,280.2258064516129,281.8387096774194,282.0625
282.875,284.7,278.1428571428572,272.8333333333333,268,268.5,282.4625,280.4516129032259,281.8064516129032,282
282.625,284.5,278.0714285714286,272.7794117647059,268,268.4285714285714,282.3125,280.6774193548387,281.7741935483871,281.9444444444444
282.375,284.3,278,272.8970588235294,268,268.3571428571429,282.1625,280.9032258064516,281.741935483871,281.8888888888889
282.125,284.1,277.9032258064516,273.0147058823529,268,268.2857142857143,282.0125,281.1290322580645,281.7096774193549,281.8333333333333
281.875,283.875,277.8064516129032,273.1323529411765,268,268.2142857142857,281.8625,281.3548387096774,281.6774193548387,281.7777777777778
281.625,283.625,277.7096774193548,273.25,268,268.1428571428571,281.7777777777778,281.5806451612903,281.6451612903226,281.7222222222222
281.375,283.375,277.6129032258065,273.3676470588235,268.0769230769231,268.0714285714286,281.8888888888889,281.6730769230769,281.6129032258065,281.6666666666667
281.125,283.125,277.516129032258,273.4852941176471,268.1538461538461,268,282,281.3653846153846,281.5806451612903,281.6111111111111
280.875,282.875,277.4193548387096,273.6029411764706,268.2307692307692,267.9166666666666,282.1111111111111,281.0576923076923,281.5483870967741,281.5555555555555
280.625,282.625,277.3225806451613,273.7205882352941,268.3076923076923,267.8333333333334,282.2222222222222,280.75,281.516129032258,281.5
280.4782608695652,282.375,277.2758620689655,273.7840909090909,268.3846153846154,267.75,282.3333333333334,280.4423076923077,281.483870967742,281.4444444444445
280.4347826086956,282.125,277.3793103448276,273.8295454545454,268.4615384615385,267.6666666666667,282.4444444444445,280.1346153846154,281.4516129032259,281.3888888888889
280.3913043478261,281.9736842105263,277.4827586206897,273.875,268.5384615384615,267.5833333333333,282.5555555555555,279.826923076923,281.4193548387097,281.3333333333333
280.3478260869565,281.921052631579,277.5862068965517,273.9204545454546,268.6153846153846,267.5,282.6666666666666,280.8214285714286,281.3870967741935,281.2777777777778
280.3043478260869,281.8684210526316,277.6896551724138,273.9659090909091,268.6923076923077,267.4166666666666,282.7678571428572,282.25,281.3548387096774,281.2222222222222
280.2608695652174,281.8157894736842,277.7931034482759,274.0113636363636,268.7692307692308,267.3333333333334,282.8392857142857,283.6785714285714,281.3225806451613,281.1666666666667
280.2941176470588,281.7631578947369,277.8965517241379,274.0568181818182,268.8461538461538,267.25,282.9107142857143,284.9166666666666,281.2903225806452,281.1111111111111
280.3529411764706,281.7857142857143,278,274.1022727272727,268.9230769230769,267.1666666666666,282.9821428571429,285.5833333333333,281.258064516129,281.0555555555555
280.4117647058823,281.8333333333334,278,274.1477272727273,269,267.0833333333334,283.0535714285714,286.25,281.2258064516129,281
280.4705882352941,281.8809523809524,278,274.1931818181818,268.9375,267,283.125,286.7777777777778,281.1935483870968,281.0833333333333
280.55,281.9285714285714,278,274.2386363636364,268.875,266.8571428571429,283.1964285714286,286.8888888888889,281.1612903225807,281.1666666666667
280.65,281.9761904761905,278,274.2840909090909,268.8125,266.7142857142857,283.2333333333333,287,281.1290322580645,281.25
280.75,282.030612244898,278,274.3295454545455,268.75,266.5714285714286,283.1666666666667,287.1111111111111,281.0967741935484,281.3333333333334
280.85,282.0918367346939,278,274.375,268.6875,266.4285714285714,283.1,287.2222222222222,281.0645161290323,281.4166666666666
280.95,282.1530612244898,278,274.4204545454545,268.625,266.2857142857143,283.0333333333333,287.325,281.0322580645161,281.5
281.05,282.2142857142857,278,274.4659090909091,268.5625,266.1428571428571,282.9666666666667,287.425,281,281.5833333333333
281.15,282.2755102040817,278,274.5113636363636,268.5,266,282.9,287.525,280.9411764705882,281.6666666666667
281.25,282.3367346938775,278,274.5568181818182,268.4375,265.8571428571428,282.8333333333333,287.625,280.8823529411765,281.75
281.35,282.3979591836735,278.0625,274.6022727272727,268.375,265.7142857142857,282.7666666666667,287.725,280.8235294117647,281.8333333333333
281.45,282.4591836734694,278.125,274.6477272727273,268.3125,265.5714285714286,282.96875,287.6666666666666,280.7647058823529,281.9166666666667
281.4705882352941,282.5204081632653,278.1875,274.6931818181818,268.25,265.4285714285714,283.2604166666667,287.5555555555555,280.7058823529412,282
281.4117647058823,282.5816326530612,278.25,274.7386363636364,268.1875,265.2857142857143,283.5520833333333,287.4444444444445,280.6470588235294,282.0769230769231
281.3529411764706,282.6428571428571,278.3125,274.8095238095238,268.125,265.1428571428572,283.84375,287.3333333333334,280.5882352941177,282.1538461538461
281.2941176470588,282.7040816326531,278.375,274.8888888888889,268.0625,265,284.1354166666667,287.2222222222222,280.5294117647059,282.2307692307692
281.2352941176471,282.7063492063492,278.4375,274.968253968254,268,265.2592592592592,284.4270833333333,287.1111111111111,280.4705882352941,282.3076923076923
281.1764705882353,282.5317460317461,278.5,275.047619047619,268.1333333333333,265.5185185185185,284.71875,287,280.4117647058824,282.3846153846154
281.1176470588235,282.3571428571429,278.5625,275.1269841269841,268.2666666666667,265.7777777777778,285.0104166666667,286.7857142857143,280.3529411764706,282.4615384615385
281.0588235294118,282.1825396825397,278.625,275.2063492063492,268.4,266.0370370370371,285.3020833333333,286.5714285714286,280.2941176470588,282.5384615384615
281,282.0079365079365,278.6875,275.2857142857143,268.5333333333334,266.2962962962963,285.59375,286.3571428571428,280.2352941176471,282.6153846153846
280.9411764705882,281.8333333333334,278.75,275.3650793650793,268.6666666666667,266.5555555555555,285.8854166666667,286.1428571428571,280.1764705882353,282.6923076923077
280.8823529411765,281.6587301587302,278.8125,275.4444444444445,268.8,266.8333333333334,286.1770833333333,285.9285714285714,280.1176470588235,282.7692307692308
280.8235294117647,281.484126984127,278.875,275.5238095238095,268.9333333333333,267.1666666666666,286.1,285.7142857142857,280.0588235294118,282.8461538461538
280.7647058823529,281.3095238095239,278.9375,275.6031746031746,269.0666666666667,267.5,285.9,285.5,280,282.9230769230769
280.7058823529412,281.1349206349207,279,275.6825396825396,269.2,267.8333333333333,285.7,285.2857142857143,280.1739130434783,283
280.6470588235294,280.9603174603175,279.05,275.7619047619048,269.3333333333334,268.1666666666667,285.5,285.0714285714286,280.3478260869566,282.9333333333333
280.5882352941177,280.7857142857143,279.1,275.8412698412699,269.4666666666667,268.5,285.3,284.8571428571429,280.5217391304348,282.8666666666667
280.5294117647059,280.6111111111111,279.15,275.9206349206349,269.6,268.8088235294117,284.9772727272727,284.6428571428572,280.6956521739131,282.8
280.3947368421053,280.436507936508,279.2,276,269.7333333333333,269.0441176470588,284.6136363636364,284.4285714285714,280.8695652173913,282.7333333333333
280.1842105263158,280.2619047619048,279.25,276.0638297872341,269.8666666666667,269.2794117647059,284.25,284.2142857142857,281.0434782608695,282.6666666666667
279.9736842105264,280.0873015873016,279.3,276.1276595744681,270,269.5147058823529,283.8863636363636,284,281.2173913043478,282.6
279.7631578947368,279.9705882352941,279.35,276.1914893617022,270.1111111111111,269.75,283.5227272727273,283.8888888888889,281.3913043478261,282.5333333333333
279.5526315789474,279.9117647058823,279.4,276.2553191489362,270.2222222222222,269.9852941176471,283.325,283.7777777777778,281.5652173913044,282.4666666666667
279.3421052631579,279.8529411764706,279.45,276.3191489361702,270.3333333333333,270.2205882352941,283.625,283.6666666666667,281.7391304347826,282.4
279.1315789473684,279.7941176470588,279.5,276.3829787234042,270.4444444444445,270.4558823529412,283.9250000000001,283.5555555555555,281.9130434782609,282.3333333333333
278.921052631579,279.7352941176471,279.55,276.4468085106383,270.5555555555555,270.6911764705883,284.225,283.4444444444445,282.0869565217391,282.2666666666667
278.7105263157895,279.6764705882353,279.6,276.5106382978723,270.6666666666667,270.8888888888889,284.525,283.3333333333333,282.2608695652174,282.2
278.5,279.6176470588235,279.65,276.5744680851064,270.7777777777778,271.0740740740741,284.7413793103448,283.2222222222222,282.4347826086956,282.1333333333333
278.2894736842105,279.5588235294118,279.7,276.6382978723404,270.8888888888889,271.2592592592592,284.7068965517241,283.1111111111111,282.6086956521739,282.0666666666667
278.078947368421,279.5,279.75,276.7021276595744,271,271.4444444444445,284.6724137931035,283,282.7826086956522,281.9999999999999
277.8684210526316,279.4411764705882,279.8,276.7692307692308,271.125,271.6296296296296,284.6379310344828,282.8888888888889,282.9565217391304,281.8333333333333
277.6578947368421,279.3823529411765,279.85,276.8461538461539,271.25,271.8148148148148,284.603448275862,282.7777777777778,283.1304347826087,281.6666666666667
277.4473684210526,279.3235294117647,279.9,276.923076923077,271.375,272,284.5689655172414,282.6666666666667,283.3043478260869,281.5
277.2368421052632,279.2647058823529,279.95,277,271.5,272.1851851851852,284.5344827586207,282.5555555555555,283.4782608695652,281.3333333333333
277.0263157894737,279.2058823529412,280,277.0769230769231,271.625,272.3703703703703,284.5,282.4444444444445,283.6521739130435,281.1666666666667
276.8157894736842,279.1470588235294,279.7619047619047,277.1538461538462,271.75,272.5555555555555,284.4655172413793,282.3333333333334,283.8260869565217,281
276.6052631578947,279.0882352941176,279.5238095238095,277.2307692307693,271.875,272.7407407407408,284.4310344827586,282.2222222222222,284,280.8333333333334
276.5454545454546,279.0294117647059,279.2857142857143,277.3076923076923,272,272.9259259259259,284.3965517241379,282.1111111111111,283.9090909090909,280.6666666666666
276.6363636363636,278.8823529411765,279.047619047619,277.3846153846154,272.125,273.1111111111111,284.3620689655173,282,283.8181818181818,280.5
276.7272727272727,278.6470588235294,278.8095238095238,277.4615384615385,272.25,273.2631578947368,284.3275862068966,281.8888888888889,283.7272727272727,280.3333333333334
276.8181818181818,278.4117647058824,278.5714285714286,277.5384615384615,272.375,273.3157894736842,284.2931034482759,281.7777777777778,283.6363636363636,280.1666666666667
276.9090909090909,278.1764705882353,278.3333333333334,277.6153846153846,272.5,273.3684210526316,284.2586206896552,281.6415094339623,283.5454545454545,280
277,277.9411764705882,278.0952380952381,277.6923076923077,272.625,273.421052631579,284.2777777777778,281.4968553459119,283.4545454545454,279.9333333333333
277.0909090909091,277.7058823529412,277.8571428571428,277.7692307692308,272.75,273.4736842105263,284.3148148148148,281.3522012578616,283.3636363636364,279.8666666666667
277.1818181818182,277.4705882352941,277.6190476190476,277.8461538461539,272.875,273.5263157894736,284.3518518518518,281.2075471698113,283.2727272727273,279.8
277.2727272727273,277.2352941176471,277.3809523809524,277.9230769230769,273,273.578947368421,284.3888888888889,281.062893081761,283.1818181818182,279.7333333333333
277.3636363636364,277,277.1428571428572,278,273.05,273.6315789473684,284.4259259259259,280.9182389937107,283.0909090909091,279.6666666666667
277.4545454545454,276.7647058823529,276.9047619047619,276.1428571428572,273.1,273.6842105263158,284.4629629629629,280.7735849056604,283,279.6
277.375,276.5294117647059,276.6666666666666,274.6071428571428,273.15,273.7368421052632,284.5,280.62893081761,282.8571428571428,279.5333333333333
277.125,276.2941176470588,276.4285714285714,274.0357142857143,273.2,273.8275862068966,284.537037037037,280.4842767295597,282.7142857142857,279.4666666666667
276.875,276.0588235294118,276.1904761904762,273.4642857142857,273.25,273.9310344827586,284.5740740740741,280.3396226415094,282.5714285714286,279.4
276.625,275.8235294117647,275.952380952381,272.8928571428571,273.3,274.0344827586207,284.6111111111111,280.1949685534591,282.4285714285714,279.3333333333334
276.375,275.5882352941177,275.7142857142857,272.9375,273.35,274.1379310344828,284.6481481481482,280.0503144654088,282.2857142857143,279.2666666666667
276.125,275.3529411764706,275.4761904761905,273.1875,273.4,274.2413793103448,284.6851851851852,279.9056603773585,282.1428571428571,279.2
275.875,275.1176470588235,275.2380952380952,273.4375,273.45,274.3448275862069,284.7222222222222,279.7610062893082,282,279.1333333333333
275.625,274.9666666666666,275,273.6875,273.5,274.448275862069,284.7348484848485,279.6163522012578,281.8571428571428,279.0666666666667
275.375,274.9,274.8636363636364,273.6774193548387,273.55,274.551724137931,284.6742424242424,279.4716981132075,281.7142857142857,279
275.125,274.8333333333334,274.7272727272727,273.5806451612903,273.6,274.6551724137931,284.6136363636364,279.3270440251572,281.5714285714286,279.1304347826087
274.875,274.7666666666667,274.5909090909091,273.483870967742,273.65,274.7586206896552,284.5530303030303,279.1823899371069,281.4285714285714,279.2608695652174
274.625,274.7,274.4545454545454,273.3870967741935,273.7,274.8620689655173,284.4924242424242,279.0377358490566,281.2857142857143,279.3913043478261
274.375,274.6333333333333,274.3181818181818,273.2903225806451,273.75,274.9655172413793,284.4318181818182,278.8930817610063,281.1428571428572,279.5217391304348
274.125,274.5666666666667,274.1818181818182,273.1935483870968,273.8,275.0689655172414,284.3712121212121,278.8285372912066,281,279.6521739130435
273.875,274.5,274.0454545454546,273.0967741935484,273.85,275.1724137931034,284.3106060606061,278.7752761904063,280.875,279.7826086956521
273.625,274.4333333333333,273.9090909090909,273,273.9,275.2115384615385,284.25,278.722015089606,280.75,279.9130434782609
273.375,274.3666666666667,273.7727272727273,272.875,273.95,275.0576923076923,284.1893939393939,278.6687539888057,280.625,280.0434782608696
273.125,274.3,273.6363636363636,272.75,274,274.9038461538461,284.1287878787879,278.6154928880053,280.5,280.1739130434783
272.875,274.2333333333333,273.5,272.625,274.0909090909091,274.75,284.0681818181818,278.562231787205,280.375,280.304347826087
272.625,274.1666666666667,273.3636363636364,272.5,274.1818181818181,274.5961538461539,284.0075757575758,278.5089706864047,280.25,280.4347826086956
272.4666666666667,274.1,273.2272727272727,272.375,274.2727272727273,274.4423076923077,283.9469696969697,278.4557095856044,280.125,280.5652173913044
272.4,274.0333333333334,273.0909090909091,272.25,274.3636363636364,274.2884615384615,283.8863636363636,278.402448484804,280,280.695652173913
272.3333333333334,274.0357142857143,272.9545454545454,272.125,274.4545454545454,274.2058823529412,283.8257575757576,278.3491873840037,279.8823529411765,280.8260869565217
272.2666666666667,274.1071428571429,272.8181818181818,272,274.5454545454546,274.1470588235294,283.7651515151515,278.2959262832034,279.7647058823529,280.9565217391304
272.2,274.1785714285714,272.6818181818182,271.875,274.6363636363636,274.0882352941177,283.671052631579,278.242665182403,279.6470588235294,281.0869565217391
272.1333333333333,274.25,272.5454545454546,271.75,274.7272727272727,274.0294117647059,283.5657894736842,278.1894040816027,279.5294117647059,281.2173913043478
272.0666666666667,274.3214285714286,272.4090909090909,271.625,274.8181818181818,273.9705882352941,283.4605263157895,278.1361429808024,279.4117647058823,281.3478260869565
272,274.3928571428571,272.2727272727273,271.5,274.9090909090909,273.9117647058823,283.3552631578947,278.082881880002,279.2941176470588,281.4782608695652
271.9333333333333,274.4642857142857,272.1363636363636,271.375,275,273.8529411764706,283.25,278.0296207792017,279.1764705882353,281.6086956521739
271.8666666666667,274.5357142857143,272,271.25,274.8888888888889,273.7941176470588,283.1447368421053,277.9763596784014,279.0588235294118,281.7391304347826
271.8,274.6071428571428,272.1538461538462,271.125,274.7777777777778,273.7058823529412,283.0394736842105,277.9230985776011,278.9411764705882,281.8695652173913
271.7333333333333,274.6785714285714,272.3076923076923,271,274.6666666666667,273.5294117647059,282.9342105263158,277.8698374768007,278.8235294117647,282
271.6666666666666,274.75,272.4615384615385,271.047619047619,274.5555555555555,273.3529411764706,282.828947368421,277.8165763760004,278.7058823529412,281.952380952381
271.6,274.8214285714286,272.6153846153846,271.0952380952381,274.4444444444445,273.1764705882353,282.71875,277.7633152752001,278.5882352941177,281.9047619047619
271.5333333333333,274.8928571428572,272.7692307692308,271.1428571428572,274.3333333333334,273,282.59375,277.6506024096385,278.4705882352941,281.8571428571429
271.4,274.9642857142857,272.9230769230769,271.1904761904762,274.2222222222222,272.8235294117647,282.46875,277.5180722891566,278.3529411764706,281.8095238095238
271.2,274.9230769230769,273.0769230769231,271.2380952380952,274.1111111111111,272.6470588235294,282.34375,277.3855421686747,278.2352941176471,281.7619047619048
271,274.7692307692308,273.2307692307692,271.2857142857143,274,272.4705882352941,282.21875,277.2530120481928,278.1176470588235,281.45
270.8,274.6153846153846,273.3846153846154,271.3333333333334,273.8888888888889,272.2941176470588,282.09375,277.1204819277108,278,281.05
270.6,274.4615384615385,273.5384615384615,271.3809523809524,273.7777777777778,272.0833333333333,281.96875,276.9879518072289,278.1111111111111,280.65
270.4,274.3076923076923,273.6923076923077,271.4285714285714,273.6666666666667,271.8611111111111,281.84375,276.855421686747,278.2222222222222,280.25
270.2,274.1538461538461,273.8461538461539,271.4761904761905,273.5555555555555,271.6388888888889,281.71875,276.722891566265,278.3333333333334,279.85
270,274,274,271.5238095238095,273.4444444444445,271.4166666666667,281.59375,276.5903614457832,278.4444444444445,279.7826086956522
269.8,273.8461538461539,273.7692307692308,271.5714285714286,273.3333333333333,271.3035714285714,281.46875,276.4578313253012,278.5555555555555,279.8260869565217
269.6,273.6923076923077,273.5384615384615,271.6190476190476,273.2222222222222,271.5178571428572,281.34375,276.3253012048193,278.6666666666667,279.8695652173913
269.4,273.5384615384615,273.3076923076923,271.6666666666666,273.1111111111111,271.7321428571429,281.2083333333333,276.1927710843373,278.7777777777778,279.9130434782609
269.2,273.3846153846154,273.0769230769231,271.7142857142857,273,271.9464285714286,281.0416666666667,276.0602409638554,278.8888888888889,279.9565217391304
269,273.2307692307692,272.8461538461538,271.7619047619048,272.8235294117647,272.1607142857143,280.875,275.9277108433735,279,280
268.8,273.0769230769231,272.6153846153846,271.8095238095238,272.6470588235294,272.375,280.7083333333334,275.7951807228916,279.1111111111111,279.8
268.6,272.9,272.3846153846154,271.8571428571429,272.4705882352941,272.5892857142857,280.5416666666666,275.6626506024096,279.2222222222222,279.6
268.4,272.7,272.1538461538461,271.9047619047619,272.2941176470588,272.8333333333334,280.375,275.5301204819277,279.3333333333333,279.4
268.2,272.5,271.9230769230769,271.952380952381,272.1176470588235,273.1666666666666,280.2083333333334,275.3975903614458,279.4444444444445,279.2
268,272.3,271.6923076923077,272,271.9411764705883,273.5,280.0416666666667,275.2650602409639,279.5555555555555,279
267.8,272.1,271.4615384615385,271.9859154929578,271.7647058823529,273.8333333333333,279.875,275.1325301204819,279.6666666666667,278.8
267.6,271.9,271.2307692307692,271.9718309859155,271.5882352941177,274.1666666666667,279.7083333333333,275,279.7777777777778,278.6
267.5357142857143,271.7,271,271.9577464788732,271.4117647058823,274.5,279.5416666666667,274.9375,279.8888888888889,278.4
267.6071428571429,271.5,271.0714285714286,271.943661971831,271.2352941176471,274.7692307692308,279.375,274.875,280,278.2
267.6785714285714,271.3,271.1428571428572,271.9295774647887,271.0588235294118,274.8461538461539,279.24,274.8125,279.9473684210527,278
267.75,271.1,271.2142857142857,271.9154929577465,270.8823529411765,274.9230769230769,279.2,274.75,279.8947368421053,277.8
267.8214285714286,270.9375,271.2857142857143,271.9014084507043,270.7058823529412,275,279.16,274.6875,279.8421052631579,277.6
267.8928571428572,270.8125,271.3571428571428,271.887323943662,270.5294117647059,275.0769230769231,279.12,274.625,279.7894736842105,277.4
267.9642857142857,270.6875,271.4285714285714,271.8732394366197,270.3529411764706,275.1538461538462,279.08,274.5625,279.7368421052632,277.2
268.0357142857143,270.5625,271.5,271.8591549295775,270.1764705882353,275.2307692307692,279.04,274.5,279.6842105263158,277
268.1071428571429,270.4375,271.5714285714286,271.8450704225352,270,274.6567164179104,279,274.4375,279.6315789473684,277.3913043478261
268.1785714285714,270.3125,271.6428571428571,271.830985915493,269.9333333333333,273.865671641791,278.96,274.375,279.578947368421,277.7826086956521
268.25,270.1875,271.7142857142857,271.8169014084507,269.8666666666667,273.0746268656717,278.92,274.3125,279.5263157894737,278.1739130434783
268.3214285714286,270.0625,271.7857142857143,271.8028169014084,269.8,272.2835820895522,278.88,274.25,279.4736842105264,278.5652173913044
268.3928571428571,269.9375,271.8571428571429,271.7887323943662,269.7333333333333,271.4925373134328,278.84,274.1875,279.421052631579,278.9565217391304
268.4642857142857,269.8125,271.9285714285714,271.774647887324,269.6666666666667,270.7014925373134,278.8,274.125,279.3684210526316,279.2857142857143
268.3571428571428,269.6875,272,271.7605633802817,269.6,270.234835638225,278.76,274.0625,279.3157894736842,279.4285714285714
268.0714285714286,269.5625,271.7333333333333,271.6756756756757,269.5333333333334,270.717261936109,278.8382352941177,274,279.2631578947368,279.5714285714286
267.7857142857143,269.4375,271.4666666666667,271.3783783783784,269.4666666666667,271.199688233993,278.9558823529412,273.9375,279.2105263157895,279.7142857142857
267.5,269.3125,271.2,271.0810810810811,269.4,271.682114531877,279.0735294117648,273.875,279.1578947368421,279.8571428571428
267.2142857142857,269.1875,270.9333333333334,270.7837837837837,269.3333333333334,272.164540829761,279.1911764705882,273.8125,279.1052631578947,280
266.9285714285714,269.0625,270.6666666666667,270.4864864864865,269.2666666666667,272.646967127645,279.3088235294118,273.75,279.0526315789474,279.9333333333333
266.6428571428572,268.8461538461539,270.4,270.1891891891892,269.2,273.129393425529,279.4264705882353,273.6875,279,279.8666666666667
266.3571428571428,268.5384615384615,270.1333333333333,269.8918918918919,269.1333333333333,273.15625,279.5441176470588,273.625,278.7692307692308,279.8
266.0714285714286,268.2307692307693,269.8666666666667,269.5945945945946,269.0666666666667,273.03125,279.6617647058824,273.5625,278.5384615384615,279.7333333333333
265.7857142857143,267.9230769230769,269.6,269.2972972972973,269,272.90625,279.65,273.5,278.3076923076923,279.6666666666667
265.5,267.6153846153846,269.3333333333333,268.9999999999999,268.9444444444445,272.78125,279.25,273.4375,278.0769230769231,279.6
265.2142857142857,267.3076923076923,269.0666666666667,268.75,268.8888888888889,271.75,278.85,273.375,277.8461538461539,279.5333333333333
264.9285714285714,267,268.8,268.5,268.8333333333334,270.725,278.45,273.3125,277.6153846153846,279.4666666666667
264.6428571428572,266.6923076923077,268.5333333333334,268.25,268.7777777777778,270.625,278.05,273.25,277.3846153846154,279.4
264.4411764705882,266.3846153846154,268.2666666666667,268,268.7222222222222,270.525,277.65,273.1875,277.1538461538462,279.3333333333334
264.3235294117647,266.0769230769231,268,267.75,268.6666666666667,270.425,277.25,273.125,276.9230769230769,279.2666666666667
264.2058823529412,265.7692307692308,267.75,267.5,268.6111111111111,270.325,276.85,273.0625,276.6923076923077,279.2
264.0882352941177,265.4615384615385,267.5,267.25,268.5555555555555,270.1875,276.5416666666667,273,276.4615384615385,279.1333333333333
263.9705882352941,265.1538461538462,267.25,267,268.5,269.9375,276.2638888888889,272.9130434782609,276.2307692307692,279.0666666666667
263.8529411764706,264.8571428571429,267,267.0434782608696,268.4444444444445,269.6875,275.9861111111111,272.8260869565217,276,279
263.7352941176471,264.5714285714286,266.75,267.0869565217391,268.3888888888889,269.4375,275.7083333333333,272.7391304347826,275.9333333333333,278.7
263.6176470588235,264.2857142857143,266.5,267.1304347826087,268.3333333333333,269.2142857142857,275.4305555555555,272.6521739130435,275.8666666666667,278.4
263.5,264,266.25,267.1739130434783,268.2777777777778,269.0714285714286,275.1527777777778,272.5652173913044,275.8,278.1
263.3823529411765,263.7142857142857,266,267.2173913043479,268.2222222222222,268.9285714285714,274.875,272.4782608695652,275.7333333333333,277.8
263.2647058823529,263.4285714285714,266.0985915492957,267.3030303030303,268.1666666666667,268.7857142857143,274.5972222222222,272.3913043478261,275.6666666666667,277.5
263.1470588235294,263.1428571428572,266.1971830985916,267.5151515151515,268.1111111111111,268.6428571428571,274.3194444444445,272.3043478260869,275.6,277.2
263.0294117647059,262.9666666666667,266.2957746478873,267.7272727272727,268.0555555555555,268.5,274.1160714285714,272.2173913043479,275.5333333333334,276.9
262.9117647058823,262.9,266.3943661971831,267.9393939393939,268,268.3571428571428,273.9375,272.1304347826087,275.4666666666667,276.6
262.7941176470588,262.8333333333334,266.4929577464789,268.1515151515151,267.8333333333334,268.2105263157895,273.7589285714286,272.0434782608696,275.4,276.3
262.6764705882353,262.7666666666667,266.5915492957747,268.3636363636364,267.6666666666667,268.0526315789474,273.5803571428572,271.9565217391304,275.3333333333333,276
262.5588235294118,262.7,266.6901408450705,268.5757575757576,267.5,267.8947368421053,273.4017857142857,271.8695652173913,275.2666666666667,275.6666666666666
262.4642857142857,262.6333333333333,266.7887323943662,268.7878787878788,267.3333333333334,267.7368421052632,273.2232142857143,271.7826086956522,275.12,275.3333333333333
262.3928571428572,262.5666666666667,266.887323943662,269,267.1666666666667,267.578947368421,273.0446428571429,271.6956521739131,274.9466666666667,275
262.3214285714286,262.5,266.9859154929578,268.7777777777778,267,267.421052631579,272.8660714285714,271.6086956521739,274.7733333333333,274.6666666666667
262.25,262.4333333333333,267.0845070422535,268.5555555555555,266.8333333333333,267.2631578947368,272.6875,271.5217391304348,274.6,274.3333333333334
262.1785714285714,262.3666666666667,267.1830985915493,268.3333333333333,266.6666666666667,267.1052631578947,272.5089285714286,271.4347826086956,274.4266666666666,274
262.1071428571429,262.3,267.2816901408451,268.1111111111111,266.5,266.9473684210527,272.3303571428571,271.3478260869565,274.2533333333333,273.6666666666667
262.0357142857143,262.2333333333333,267.3802816901409,267.8888888888889,266.3333333333334,266.7894736842105,272.1517857142857,271.2608695652174,274.08,273.3333333333333
261.9642857142857,262.1666666666667,267.4788732394366,267.6666666666666,266.1666666666667,266.6,271.9732142857143,271.1739130434783,273.9066666666666,273
261.8928571428572,262.1,267.5774647887324,267.4444444444445,266,266.4,271.7946428571428,271.0869565217391,273.7333333333333,272.8235294117647
261.8214285714286,262.0333333333334,267.6760563380282,267.2222222222222,265.8333333333334,266.2,271.375,271,273.56,272.6470588235294
261.75,261.8888888888889,267.71875,267,265.6666666666667,266,270.875,270.8307692307692,273.3866666666667,272.4705882352941
261.6785714285714,261.6666666666666,267.59375,266.9142857142857,265.5,265.8,270.375,270.6615384615385,273.2133333333334,272.2941176470588
261.6071428571428,261.4444444444445,267.46875,266.8285714285714,265.3333333333333,265.6,269.875,270.4923076923077,273.04,272.1176470588235
261.5357142857143,261.2222222222222,267.34375,266.7428571428571,265.1666666666667,265.4,269.375,270.3230769230769,272.8666666666667,271.9411764705882
261.375,261,267.21875,266.6571428571428,265,265.2,269.3125,270.1538461538462,272.6933333333333,271.7647058823529
261.125,260.7777777777778,267.09375,266.5714285714286,264.95,265,269.3958333333333,269.9846153846154,272.52,271.5882352941177
260.875,260.5555555555555,266.96875,266.4857142857143,264.9,264.9285714285714,269.4791666666667,269.8153846153846,272.3466666666666,271.4117647058823
260.625,260.3333333333333,266.84375,266.4,264.85,264.8571428571429,269.5625,269.6461538461539,272.1733333333333,271.2352941176471
260.375,260.1111111111111,266.65625,266.3142857142857,264.8,264.7857142857143,269.6458333333333,269.4769230769231,272,271.0588235294118
260.125,259.8888888888889,266.28125,266.1515151515152,264.75,264.7142857142857,269.7291666666667,269.3076923076923,271.9166666666666,270.8823529411765
259.875,259.6666666666666,265.90625,265.7575757575758,264.7,264.6428571428571,269.9107142857143,269.1384615384616,271.8333333333334,270.7058823529412
259.625,259.4444444444445,265.53125,265.3636363636364,264.65,264.5714285714286,270.125,268.9692307692308,271.75,270.5294117647059
259.375,259.2222222222222,265.15625,264.969696969697,264.6,264.5,270.3392857142857,268.8,271.6666666666667,270.3529411764706
259.125,259,264.78125,264.5757575757576,264.55,264.4285714285714,270.5535714285714,268.6307692307693,271.5833333333333,270.1764705882353
258.875,258.7777777777778,264.40625,264.1818181818182,264.5,264.3571428571428,270.7678571428571,268.4615384615385,271.5,270
258.625,258.5555555555555,264.03125,263.7878787878788,264.45,264.2857142857143,270.9821428571429,268.2923076923077,271.4166666666667,269.8947368421053
258.3333333333333,258.3333333333334,263.6190476190476,263.3939393939394,264.4,264.2142857142857,271.1964285714286,268.15,271.3333333333333,269.7894736842105
258,258.1111111111111,263.0952380952381,263,264.35,264.1428571428572,271.0816326530613,268.0166666666667,271.25,269.6842105263158
257.6666666666666,257.9318181818182,262.5714285714286,262.8,264.3,264.0714285714286,270.8571428571429,267.8833333333333,271.1666666666667,269.578947368421
257.3333333333333,257.7954545454546,262.047619047619,262.6,264.25,264,270.6326530612245,267.75,271.0833333333333,269.4736842105264
257,257.6590909090909,261.5238095238095,262.4,264.2,263.9,270.4081632653061,267.6166666666667,271,269.3684210526316
256.6666666666666,257.5227272727273,261,262.2,264.15,263.8,270.1836734693878,267.4833333333333,270.8666666666667,269.2631578947368
256.3333333333333,257.3863636363636,260.9375,262,264.1,263.7,269.9591836734694,267.35,270.7333333333333,269.1578947368421
256,257.25,260.875,261.8,264.05,263.6,269.734693877551,267.3181818181818,270.6,269.0526315789474
255.6666666666666,257.1136363636364,260.8125,261.6,264,263.5,269.5102040816327,267.5909090909091,270.4666666666666,268.9473684210527
255.4583333333333,256.9772727272727,260.75,261.4,263.9285714285714,263.4,269.2857142857143,267.8636363636364,270.3333333333333,268.8421052631579
255.375,256.8409090909091,260.6875,261.2,263.8571428571429,263.3,269.0612244897959,268.1363636363636,270.2,268.7368421052631
255.2916666666667,256.7045454545454,260.625,261,263.7857142857143,263.2,268.8367346938776,268.4090909090909,270.0666666666667,268.6315789473684
255.2083333333333,256.5681818181818,260.5625,260.9230769230769,263.7142857142857,263.1,268.6122448979592,268.6818181818182,269.9333333333333,268.5263157894737
255.125,256.4318181818182,260.5,260.8461538461539,263.6428571428572,263,268.4,268.75,269.8,268.421052631579
255.0416666666667,256.2954545454545,260.4375,260.7692307692308,263.5714285714286,263.125,268.2,268.75,269.6666666666667,268.3157894736842
254.9583333333333,256.1590909090909,260.375,260.6923076923077,263.5,263.25,268,268.75,269.5333333333334,268.2105263157895
254.875,256.0227272727273,260.3125,260.6153846153846,263.4285714285714,263.375,267.8,268.75,269.4,268.1052631578947
254.7916666666667,255.8863636363636,260.25,260.5384615384615,263.3571428571429,263.5,267.6,268.75,269.2666666666667,268
254.7083333333333,255.75,260.1875,260.4615384615385,263.2857142857143,263.625,267.4,268.75,269.1333333333333,267.9333333333333
254.625,255.6136363636363,260.125,260.3846153846154,263.2142857142857,263.75,267.2,268.75,269,267.8666666666667
254.5416666666667,255.4772727272727,260.0625,260.3076923076923,263.1428571428572,263.875,267,268.6666666666666,269,267.8
254.35,255.3409090909091,260,260.2307692307692,263.0714285714286,264,266.8,268.3333333333333,269,267.7333333333333
254.05,255.2045454545454,259.9473684210526,260.1538461538461,263,263.8571428571429,266.6,268,269,267.6666666666667
253.75,255.0681818181818,259.8947368421053,260.0769230769231,262.8571428571429,263.7142857142857,266.3478260869565,267.6666666666666,269,267.6
253.45,254.9130434782608,259.8421052631579,260,262.7142857142857,263.5714285714286,266.0434782608696,267.3333333333333,269,267.5333333333334
253.15,254.7391304347826,259.7894736842105,259.875,262.5714285714286,263.4285714285714,265.7391304347826,267,269,267.4666666666667
252.85,254.5652173913043,259.7368421052631,259.75,262.4285714285714,263.2857142857143,265.4347826086956,266.8181818181818,269,267.4
252.55,254.3913043478261,259.6842105263158,259.625,262.2857142857143,263.1428571428571,265.1304347826087,266.6363636363636,269,267.3333333333334
252.25,254.2173913043478,259.6315789473684,259.5,262.1428571428571,263,264.8260869565217,266.4545454545454,268.8571428571429,267.2666666666667
251.95,254.0434782608696,259.578947368421,259.375,262,262.8571428571429,264.45,266.2727272727273,268.7142857142857,267.2
251.65,253.8695652173913,259.5263157894736,259.25,261.8571428571429,262.7142857142857,264.05,266.0909090909091,268.5714285714286,267.1333333333333
251.4042553191489,253.695652173913,259.4736842105264,259.125,261.7142857142857,262.5714285714286,263.65,265.9090909090909,268.4285714285714,267.0666666666667
251.2127659574468,253.5217391304348,259.421052631579,259,261.5714285714286,262.4285714285714,263.25,265.7272727272727,268.2857142857143,267
251.0212765957447,253.3478260869565,259.3684210526316,258.8,261.4285714285714,262.2857142857143,262.85,265.5454545454545,268.1428571428571,266.9152542372881
250.8297872340425,253.1739130434782,259.3157894736842,258.6,261.2857142857143,262.1428571428572,262.8333333333334,265.3636363636364,268,266.8305084745763
250.6382978723404,253,259.2631578947368,258.4,261.1428571428571,262,262.9444444444445,265.1818181818182,267.8571428571428,266.7457627118644
250.4468085106383,252.8260869565217,259.2105263157895,258.2,261,261.7857142857143,263.0555555555555,265,267.7142857142857,266.6610169491526
250.2553191489362,252.6521739130434,259.1578947368421,258,260.8571428571429,261.5714285714286,263.1666666666666,264.6956521739131,267.5714285714286,266.5762711864407
250.0638297872341,252.4782608695652,259.1052631578947,257.8,260.7142857142857,261.3571428571428,263.2142857142857,264.3913043478261,267.4285714285714,266.4915254237288
249.8723404255319,252.3043478260869,259.0526315789473,257.6,260.5714285714286,261.1428571428572,263.0714285714286,264.0869565217391,267.2857142857143,266.4067796610169
249.6808510638298,252.1304347826087,259,257.4,260.4285714285714,260.9285714285714,262.9285714285714,263.7826086956522,267.1428571428572,266.3220338983051
249.4893617021276,251.9565217391304,258.7692307692307,257.2,260.2857142857143,260.7142857142857,262.7857142857143,263.4782608695652,267,266.2372881355932
249.2978723404255,251.7826086956522,258.5384615384615,257,260.1428571428572,260.5,262.6428571428572,263.15625,266.75,266.1525423728814
249,251.6086956521739,258.3076923076923,256.8888888888889,260,260.2857142857143,262.5,262.78125,266.5,266.0677966101695
248.6666666666667,251.4347826086957,258.0769230769231,256.7777777777778,259.8571428571429,260.0714285714286,262.3571428571428,262.40625,266.25,265.9830508474576
248.3333333333333,251.2608695652174,257.8461538461539,256.6666666666667,259.7142857142857,259.8571428571429,262.2142857142857,262.03125,266,265.8983050847457
248,251.0869565217391,257.6153846153846,256.5555555555555,259.5714285714286,259.6428571428572,262.0714285714286,261.7307692307692,265.75,265.8135593220339
247.6666666666667,250.9366197183099,257.3846153846154,256.4444444444445,259.4285714285714,259.4285714285714,261.9285714285714,261.6538461538462,265.5,265.7916666666667
247.4090909090909,250.8098591549295,257.1538461538461,256.3333333333333,259.2857142857143,259.2142857142857,261.7857142857143,261.5769230769231,265.25,265.9583333333333
247.2272727272727,250.6830985915493,256.9230769230769,256.2222222222222,259.1428571428572,259,261.5660377358491,261.5,265,266.125
247.0454545454546,250.556338028169,256.6923076923077,256.1111111111111,259,258.8,261.3207547169811,261.4230769230769,264.8461538461539,266.2916666666666
246.8636363636364,250.4295774647887,256.4615384615385,256,258.8571428571429,258.6,261.0754716981132,261.3461538461539,264.6923076923077,266.4583333333334
246.6818181818182,250.3028169014084,256.2307692307692,255.8888888888889,258.7142857142857,258.4,260.8301886792453,261.2692307692308,264.5384615384615,266.625
246.5,250.1760563380282,256,255.7777777777777,258.5714285714286,258.2,260.5849056603774,261.625,264.3846153846154,266.7333333333333
246.3181818181818,250.0492957746479,255.7755102040816,255.6666666666666,258.4285714285714,258,260.3396226415094,262.125,264.2307692307693,266.6666666666666
246.1363636363636,249.9225352112676,255.5510204081633,255.5555555555555,258.2857142857143,257.8,260.0943396226415,262.625,264.0769230769231,266.6
245.9545454545454,249.7957746478873,255.3265306122449,255.4444444444444,258.1428571428572,257.6,259.8490566037736,263.125,263.9230769230769,266.5333333333333
245.7727272727273,249.669014084507,255.1020408163266,255.3333333333333,258,257.4,259.6037735849056,263.1627906976744,263.7692307692308,266.4666666666667
245.5909090909091,249.5422535211267,254.8775510204082,255.2222222222222,257.7692307692308,257.2,259.3584905660377,263.046511627907,263.6153846153846,266.4
245.3888888888889,249.4154929577465,254.6530612244898,255.1111111111111,257.5384615384615,257,259.1132075471698,262.9302325581396,263.4615384615385,266.3333333333333
245.1666666666667,249.2887323943662,254.4285714285714,255,257.3076923076923,256.8,258.8679245283019,262.8139534883721,263.3076923076923,266.2666666666667
244.9444444444445,249.1619718309859,254.2040816326531,254.8235294117647,257.0769230769231,256.6,258.6226415094339,262.6976744186046,263.1538461538461,266.2
244.7222222222222,249.0352112676056,253.9795918367347,254.6470588235294,256.8461538461538,256.4,258.5,262.5813953488372,263,266.1333333333333
244.5,248.9084507042253,253.7551020408163,254.4705882352941,256.6153846153846,256.2,258.5,262.4651162790698,262.7142857142857,266.0666666666667
244.2777777777778,248.7816901408451,253.530612244898,254.2941176470588,256.3846153846154,256,258.5,262.3488372093024,262.4285714285714,266
244.0555555555555,248.5204081632653,253.3061224489796,254.1176470588235,256.1538461538461,255.8666666666667,258.5,262.2325581395349,262.1428571428571,265.7777777777778
243.8333333333333,248.2142857142857,253.0555555555555,253.9411764705882,255.9230769230769,255.7333333333333,258.40625,262.1162790697675,261.8571428571429,265.5555555555555
243.6111111111111,247.9081632653061,252.7962962962963,253.7647058823529,255.6923076923077,255.6,258.28125,262,261.5714285714286,265.3333333333334
243.3888888888889,247.6020408163265,252.537037037037,253.5882352941177,255.4615384615385,255.4666666666667,258.15625,261.6923076923077,261.2857142857143,265.1111111111111
243.1666666666667,247.2959183673469,252.2777777777778,253.4117647058823,255.2307692307692,255.3333333333333,258.03125,261.3846153846154,261,264.8888888888889
242.9444444444445,246.9897959183673,252.0185185185185,253.2352941176471,255,255.2,257.90625,261.076923076923,260.7142857142857,264.6666666666667
242.7222222222222,246.6836734693878,251.7592592592593,253.0588235294118,254.95,255.0666666666667,257.78125,260.7692307692308,260.4285714285714,264.4444444444445
242.5,246.3775510204081,251.5,252.8823529411765,254.9,254.9333333333333,257.46875,260.4615384615385,260.1428571428571,264.2222222222222
242.2777777777778,246.0714285714286,251.2407407407408,252.7058823529412,254.85,254.8,257.09375,260.1538461538461,259.8571428571429,264
242.0555555555555,245.765306122449,250.9814814814815,252.5294117647059,254.8,254.6666666666667,256.71875,259.8461538461538,259.5714285714286,263.6153846153846
241.8333333333333,245.4591836734694,250.7222222222222,252.3529411764706,254.75,254.5333333333333,256.34375,259.5384615384615,259.2857142857143,263.2307692307692
241.6111111111111,245.1530612244898,250.462962962963,252.1764705882353,254.7,254.4,256.175,259.2307692307692,259,262.8461538461538
241.3666666666666,244.8333333333333,250.2037037037037,252,254.65,254.2666666666667,256.075,258.9230769230769,258.9,262.4615384615385
241.1,244.5,249.9444444444445,251.75,254.6,254.1333333333333,255.975,258.6153846153846,258.8,262.0769230769231
240.8333333333333,244.1666666666667,249.7142857142857,251.5,254.55,254,255.875,258.3076923076923,258.7,261.6923076923077
240.5666666666666,243.8333333333333,249.5714285714286,251.25,254.5,254,255.775,258,258.6,261.3076923076923
240.3,243.5,249.4285714285714,251,254.45,254,255.6,257.7857142857143,258.5,260.9230769230769
240.0333333333333,243.1666666666667,249.2857142857143,250.75,254.4,254,255.4,257.5714285714286,258.4,260.5384615384615
239.7666666666667,242.8333333333333,249.1428571428572,250.5,254.35,254,255.2,257.3571428571428,258.3,260.1538461538462
239.5,242.5,249,250.25,254.3,254,255,257.1428571428571,258.2,259.7692307692308
239.2333333333333,242.1666666666667,248.8571428571429,250,254.25,254,254.8,256.9285714285714,258.1,259.3846153846154
238.9666666666667,241.8333333333333,248.7142857142857,249.8666666666667,254.2,254,254.6,256.7142857142857,258,259
238.7,241.5,248.5714285714286,249.7333333333333,254.15,254,254.4285714285714,256.5,257.9285714285714,259.2592592592592
238.4333333333333,241.1666666666667,248.4285714285714,249.6,254.1,254,254.2857142857143,256.2857142857143,257.8571428571429,259.5185185185185
238.1666666666667,240.9716981132075,248.2857142857143,249.4666666666667,254.05,254,254.1428571428571,256.0714285714286,257.7857142857143,259.7777777777778
237.9,240.9150943396227,248.1428571428571,249.3333333333333,254,254,254,255.8571428571428,257.7142857142857,260.0370370370371
237.6333333333334,240.8584905660377,248,249.2,253.8823529411765,254,253.8571428571429,255.6428571428571,257.6428571428571,260.2962962962963
237.375,240.8018867924528,247.8823529411765,249.0666666666667,253.764705882353,254,253.7142857142857,255.4285714285714,257.5714285714286,260.5555555555555
237.125,240.745283018868,247.7647058823529,248.9333333333333,253.6470588235294,253.9166666666666,253.5714285714286,255.2142857142857,257.5,260.7241379310345
236.875,240.688679245283,247.6470588235294,248.8,253.5294117647059,253.8333333333333,253.4285714285714,255,257.4285714285714,260.6206896551724
236.625,240.6320754716981,247.5294117647059,248.6666666666667,253.4117647058823,253.75,253.2857142857143,254.8571428571428,257.3571428571428,260.5172413793103
236.375,240.5754716981132,247.4117647058823,248.5333333333333,253.2941176470588,253.6666666666667,253.3035714285715,254.7142857142857,257.2857142857143,260.4137931034483
236.125,240.5188679245283,247.2941176470588,248.4,253.1764705882353,253.5833333333333,253.375,254.5714285714286,257.2142857142857,260.3103448275862
235.875,240.4622641509434,247.1764705882353,248.2666666666667,253.0588235294118,253.5,253.4464285714286,254.4285714285714,257.1428571428572,260.2068965517241
235.625,240.4056603773585,247.0588235294118,248.1333333333333,252.9411764705882,253.4166666666666,253.5178571428572,254.2857142857142,257.0714285714286,260.103448275862
235.375,240.3490566037736,246.9411764705882,248,252.8235294117647,253.3333333333333,253.5892857142858,254.1428571428571,257,260
235.125,240.2924528301887,246.8235294117647,247.8888888888889,252.7058823529412,253.25,253.6607142857143,254,256.7804878048781,259.6666666666667
234.875,240.1666666666667,246.7058823529412,247.7777777777778,252.5882352941177,253.1666666666666,253.7321428571429,253.8571428571428,256.5609756097562,259.3333333333334
234.625,239.8333333333333,246.5882352941176,247.6666666666667,252.4705882352941,253.0833333333333,253.6638212589074,253.7142857142857,256.3414634146342,259
234.375,239.5,246.4705882352941,247.5555555555556,252.3529411764706,253,253.5489162707839,253.5714285714286,256.1219512195122,258.6666666666667
234.125,239.1666666666667,246.3529411764706,247.4444444444445,252.2352941176471,252.75,253.4340112826604,253.4285714285714,255.9024390243902,258.3333333333334
233.875,238.8333333333333,246.2352941176471,247.3333333333334,252.1176470588235,252.5,253.3191062945368,253.2857142857143,255.6829268292683,258
233.625,238.5,246.1176470588235,247.2045454545455,252,252.25,253.2042013064133,253.1428571428571,255.4634146341463,257.6666666666667
233.375,238.1666666666667,246,247.0227272727273,251.8,252,253.0892963182898,253,255.2439024390244,257.3333333333333
233.125,237.8571428571429,245.7857142857143,246.8409090909091,251.6,251.7499999999999,252.9743913301663,252.9444444444444,255.0243902439025,257
232.875,237.5714285714286,245.5714285714286,246.6590909090909,251.4,251.5,252.8594863420428,252.8888888888889,254.8048780487805,256.6969696969697
232.625,237.2857142857143,245.3571428571428,246.4772727272727,251.2,251.25,252.7445813539192,252.8333333333333,254.483870967742,256.4848484848485
232.3409090909091,237,245.1428571428572,246.2954545454546,251,251,252.6503975265018,252.7777777777777,254.1290322580645,256.2727272727273
232.0227272727273,236.7142857142857,244.9285714285714,246.1764705882353,250.8,250.75,252.6071113074205,252.7222222222222,253.7741935483871,256.0606060606061
231.7045454545454,236.4285714285714,244.7142857142857,246.0784313725491,250.6,250.5,252.5638250883392,252.6666666666666,253.4193548387097,255.8484848484848
231.3863636363637,236.1428571428571,244.5,245.9803921568628,250.4,250.25,252.520538869258,252.6111111111111,253.0645161290323,255.6363636363636
231.0681818181818,235.8181818181818,244.2857142857143,245.8823529411765,250.2,250,252.4772526501767,252.5555555555555,252.7096774193548,255.4242424242424
230.75,235.4545454545454,244.0714285714286,245.7843137254902,250,249.8333333333333,252.4339664310954,252.5,252.3548387096774,255.2121212121212
230.4318181818182,235.0909090909091,243.8571428571429,245.686274509804,249.9090909090909,249.6666666666666,252.3906802120142,252.4337086481332,252,255
230.1136363636364,234.7272727272727,243.6428571428571,245.5882352941177,249.8181818181818,249.5,252.3473939929329,252.3635846842221,251.8666666666667,254.8852459016393
229.7954545454546,234.3636363636364,243.4285714285714,245.4901960784314,249.7272727272727,249.3333333333333,252.3041077738516,252.293460720311,251.7333333333333,254.7704918032787
229.4772727272727,234,243.2142857142857,245.3921568627451,249.6363636363636,249.1666666666667,252.2608215547703,252.2233367563999,251.6,254.655737704918
229.1590909090909,233.6363636363636,243,245.2941176470588,249.5454545454545,249,251.9090909090909,252.1532127924888,251.4666666666667,254.5409836065573
228.8409090909091,233.2727272727273,242.7692307692308,245.1960784313725,249.4545454545454,248.8333333333334,251.4545454545455,252.0830888285777,251.3333333333334,254.4262295081967
228.5227272727273,232.9090909090909,242.5384615384615,245.0980392156863,249.3636363636363,248.6666666666667,251,252.0129648646666,251.2,254.311475409836
228.2045454545454,232.5454545454546,242.3076923076923,245,249.2727272727273,248.5,250.5454545454546,251.9428409007555,251.0666666666667,254.1967213114754
227.8863636363636,232.1818181818182,242.0769230769231,244.8,249.1818181818182,248.3333333333333,250.0909090909091,251.8727169368444,250.9333333333333,254.0819672131148
227.5681818181818,231.9,241.8461538461539,244.6,249.0909090909091,248.1666666666667,249.725,251.8025929729333,250.8,253.9672131147541
227.25,231.7,241.6153846153846,244.4,249,248,249.625,251.672131147541,250.6666666666667,253.8524590163934
226.9318181818182,231.5,241.3846153846154,244.2,248.7,247.8333333333333,249.525,251.3606557377049,250.5333333333333,253.7377049180328
226.6136363636364,231.3,241.1538461538461,244,248.4,247.6666666666667,249.425,251.0491803278688,250.4,253.6229508196721
226.2954545454546,231.1,240.9230769230769,243.8,248.1,247.5,249.325,250.7377049180328,250.2666666666667,253.5081967213115
225.9772727272727,230.9,240.6551724137931,243.4736842105263,247.8,247.3333333333333,249.2238805970149,250.4262295081967,250.1333333333333,253.3934426229508
225.6590909090909,230.7,240.2758620689655,243.1052631578947,247.5,247.1666666666667,249.1194029850747,250.1147540983607,250,253.2786885245902
225.34375,230.5,239.8965517241379,242.7368421052632,247.2,247,249.0149253731344,249.8032786885246,249.75,253.3181818181818
225.03125,230.3,239.5172413793103,242.3684210526316,246.9,246.8333333333333,248.910447761194,249.4918032786885,249.5,253.4090909090909
224.71875,230.1,239.1379310344827,242,246.6,246.6666666666667,248.8059701492538,249.1803278688525,249.25,253.5
224.40625,229.9,238.7586206896552,241.972972972973,246.3,246.5,248.7014925373135,248.8688524590164,249,253.5909090909091
224.09375,229.7,238.3793103448276,241.945945945946,246,246.3333333333333,248.5970149253732,248.5573770491803,248.75,253.6818181818182
223.78125,229.5,238,241.9189189189189,245.9,246.1666666666667,248.4925373134329,248.2459016393443,248.5,253.7727272727273
223.46875,229.3,237.8571428571429,241.8918918918919,245.8,246,248.3880597014926,247.9344262295082,248.25,253.8636363636364
223.15625,229.1,237.7142857142858,241.8648648648649,245.7,245.8333333333333,248.2835820895523,247.6229508196721,248,253.9545454545455
222.84375,228.8333333333333,237.5714285714286,241.8378378378379,245.6,245.6666666666667,248.1791044776119,247.3114754098361,247.75,254.0454545454545
222.53125,228.5,237.4285714285714,241.8108108108108,245.5,245.5,248.0746268656717,247,247.5,254.1363636363636
222.21875,228.1666666666667,237.2857142857143,241.7837837837838,245.4,245.3333333333333,247.9701492537313,246.8070175438596,247.25,254.2272727272727
221.90625,227.8333333333333,237.1428571428571,241.7567567567568,245.3,245.1666666666667,247.865671641791,246.6140350877193,247,254.1428571428572
221.59375,227.5,237,241.65625,245.2,245,247.7611940298508,246.4210526315789,247.08,254
221.28125,227.1666666666667,236.8571428571429,241.5312500000001,245.1,244.9090909090909,247.6567164179104,246.2280701754386,247.16,253.8571428571429
220.96875,226.8333333333333,236.7142857142857,241.4062500000001,245,244.8181818181818,247.5522388059701,246.0350877192982,247.24,253.7142857142858
220.65625,226.5,236.5714285714286,241.28125,244.7894736842105,244.7272727272727,247.3888888888889,245.8421052631579,247.32,253.5714285714286
220.3125,226.1666666666667,236.4285714285714,241.1290322580645,244.5789473684211,244.6363636363636,247.1666666666667,245.6491228070175,247.4,253.4285714285715
219.9375,225.8333333333333,236.2857142857143,240.9677419354839,244.3684210526316,244.5454545454545,246.9444444444445,245.4561403508772,247.48,253.2857142857143
219.5625,225.5,236.1428571428571,240.8064516129032,244.1578947368421,244.4545454545455,246.7222222222222,245.2631578947369,247.56,253.1818181818182
219.1875,225.1666666666667,236,240.6451612903226,243.9473684210526,244.3636363636364,246.5,245.0701754385965,247.64,253.0909090909092
218.8125,224.75,236,240.483870967742,243.7368421052632,244.2727272727273,246.2777777777778,244.8771929824561,247.72,253.0000000000001
218.4375,224.25,236,240.3225806451613,243.5263157894737,244.1818181818182,246.0555555555555,244.6842105263158,247.8,252.9090909090909
218.0625,223.75,236,240.1612903225806,243.3157894736842,244.0909090909091,245.8333333333333,244.4912280701755,247.88,252.8181818181819
217.6875,223.25,236,240,243.1052631578947,244,245.6111111111111,244.2982456140351,247.96,252.7272727272728
