214.2173913043478,218.9761904761904,219.3999999999999,219.9999999999999,221.1249999999999,220.774193548387,218.6,215.8709677419354,215.1249999999999,214.6666666666666
214.391304347826,219.0238095238095,219.55,220.2307692307692,221.2499999999999,220.9032258064516,218.7333333333333,216.0322580645161,215.2499999999999,214.8333333333333
214.5652173913043,219.0714285714285,219.7,220.4615384615384,221.3749999999999,221.0322580645161,218.8666666666666,216.1935483870967,215.3749999999999,214.9999999999999
214.7391304347826,219.1190476190476,219.8499999999999,220.6923076923076,221.4999999999999,221.1612903225806,218.9999999999999,216.3548387096774,215.4999999999999,215.1666666666666
214.9130434782608,219.1666666666666,219.9999999999999,220.9230769230768,221.6249999999999,221.2903225806451,219.1249999999999,216.516129032258,215.6249999999999,215.3333333333333
215.0869565217391,219.2142857142857,220.1499999999999,221.1538461538461,221.7499999999999,221.4193548387096,219.2499999999999,216.6774193548387,215.7499999999999,215.4999999999999
215.2608695652173,219.2187499999999,220.3,221.3846153846153,221.8749999999999,221.5483870967741,219.3749999999999,216.8387096774193,215.8749999999999,215.6666666666666
215.4347826086956,219.0937499999999,220.4499999999999,221.6153846153846,221.9999999999999,221.6774193548386,219.4999999999999,216.9999999999999,215.9999999999999,215.8333333333333
215.6086956521739,218.9687499999999,220.5999999999999,221.8461538461538,222.1249999999999,221.8064516129031,219.6249999999999,217.1290322580645,216.1666666666666,215.9999999999999
215.7826086956521,218.8437499999999,220.7499999999999,222.076923076923,222.2499999999999,221.9354838709677,219.7499999999999,217.258064516129,216.3333333333333,216.1666666666666
215.9565217391304,218.7187499999999,220.8999999999999,222.3076923076922,222.3749999999999,222.0645161290322,219.8749999999999,217.3870967741935,216.4999999999999,216.3333333333333
216.1304347826086,218.5937499999999,221.05,222.5384615384615,222.4999999999999,222.1935483870967,219.9999999999999,217.516129032258,216.6666666666666,216.4999999999999
216.3043478260869,218.4687499999999,221.1999999999999,222.7692307692307,222.6249999999999,222.3225806451612,220.1249999999999,217.6451612903225,216.8333333333333,216.6666666666666
216.4782608695652,218.3437499999999,221.3499999999999,222.9999999999999,222.7499999999999,222.4516129032257,220.2499999999999,217.774193548387,216.9999999999999,216.8333333333333
216.6521739130434,218.3611111111111,221.4999999999999,223.1014492753623,222.8749999999999,222.5806451612902,220.3749999999999,217.9032258064515,217.1666666666666,216.9999999999999
216.8260869565217,218.8055555555555,221.6499999999999,223.2028985507246,222.9999999999999,222.7096774193548,220.4999999999999,218.0322580645161,217.3333333333333,217.1666666666666
216.9999999999999,219.2499999999999,221.8,223.3043478260869,223.0841121495327,222.8387096774193,220.6249999999999,218.1612903225806,217.4999999999999,217.3333333333333
217.1428571428571,219.6944444444444,221.9499999999999,223.4057971014492,223.1682242990653,222.9677419354838,220.7499999999999,218.2903225806451,217.6666666666666,217.4999999999999
217.2857142857142,220.1388888888888,222.1,223.5072463768116,223.2523364485981,223.0967741935484,220.8749999999999,218.4193548387096,217.8333333333333,217.6666666666666
217.4285714285714,220.3124999999999,222.2499999999999,223.6086956521739,223.3364485981308,223.2258064516129,220.9999999999999,218.5483870967741,217.9999999999999,217.8333333333333
217.5714285714285,220.3958333333333,222.3999999999999,223.7101449275362,223.4205607476635,223.3548387096774,221.1249999999999,218.6774193548387,218.1666666666666,217.9999999999999
217.7142857142857,220.4791666666666,222.5499999999999,223.8115942028985,223.5046728971962,223.4838709677419,221.2499999999999,218.8064516129032,218.3333333333333,218.1666666666666
217.8571428571428,220.5624999999999,222.6999999999999,223.9130434782608,223.5887850467289,223.6129032258064,221.3749999999999,218.9354838709677,218.4999999999999,218.3333333333333
217.9999999999999,220.6458333333333,222.8499999999999,224.0144927536231,223.6728971962616,223.7419354838709,221.4999999999999,219.0645161290322,218.6666666666666,218.4999999999999
218.1428571428571,220.7291666666666,222.9999999999999,224.1159420289854,223.7570093457943,223.8709677419354,221.6249999999999,219.1935483870967,218.8333333333333,218.6666666666666
218.2857142857142,221.1999999999999,223.1290322580645,224.2173913043478,223.841121495327,223.9999999999999,221.7499999999999,219.3225806451612,218.9999999999999,218.8333333333333
218.4285714285714,221.8,223.258064516129,224.3188405797101,223.9252336448598,224.125,221.8749999999999,219.4516129032257,219.1052631578947,218.9999999999999
218.5714285714285,222.2916666666666,223.3870967741935,224.4202898550724,224.0093457943925,224.2499999999999,221.9999999999999,219.5806451612902,219.2105263157894,219.1666666666666
218.7142857142857,222.4583333333333,223.516129032258,224.5217391304347,224.0934579439252,224.3749999999999,222.1249999999999,219.7096774193548,219.3157894736842,219.3333333333333
218.8571428571428,222.6249999999999,223.6451612903225,224.623188405797,224.1775700934579,224.4999999999999,222.2499999999999,219.8387096774193,219.4210526315789,219.4999999999999
218.9999999999999,222.7916666666666,223.774193548387,224.7246376811594,224.2616822429906,224.6249999999999,222.3749999999999,219.9677419354838,219.5263157894736,219.6666666666666
219.1428571428571,222.9583333333333,223.9032258064516,224.8249999999999,224.3457943925233,224.7499999999999,222.4999999999999,220.0967741935483,219.6315789473684,219.8333333333333
219.2857142857142,223.1249999999999,224.0322580645161,224.925,224.429906542056,224.8749999999999,222.6249999999999,220.2258064516128,219.7368421052631,219.9999999999999
219.4285714285714,223.375,224.1612903225806,225.0249999999999,224.5140186915887,224.9999999999999,222.7499999999999,220.3548387096774,219.8421052631578,220.1666666666666
219.5714285714285,223.8749999999999,224.2903225806451,225.1249999999999,224.5981308411214,225.1249999999999,222.8749999999999,220.4838709677419,219.9473684210526,220.3333333333333
219.7142857142857,224.3749999999999,224.4193548387096,225.2249999999999,224.6822429906541,225.2499999999999,222.9999999999999,220.6129032258064,220.0526315789473,220.4999999999999
219.8571428571428,224.8749999999999,224.5483870967741,225.3249999999999,224.7663551401869,225.3749999999999,223.076923076923,220.7419354838709,220.1578947368421,220.6666666666666
219.9999999999999,225.3749999999999,224.6774193548387,225.425,224.8504672897196,225.4999999999999,223.1538461538461,220.8709677419354,220.2631578947368,220.8333333333333
220.1428571428571,225.7499999999999,224.8064516129032,225.5249999999999,224.9345794392523,225.6249999999999,223.2307692307692,220.9999999999999,220.3684210526315,220.9999999999999
220.2857142857142,225.7499999999999,224.9354838709677,225.6249999999999,225.018691588785,225.7499999999999,223.3076923076922,221.1333333333333,220.4736842105262,221.1176470588235
220.4285714285714,225.7499999999999,225.0645161290322,225.725,225.1028037383177,225.8749999999999,223.3846153846153,221.2666666666666,220.578947368421,221.235294117647
220.5714285714285,225.7499999999999,225.1935483870967,225.8249999999999,225.1869158878504,225.9999999999999,223.4615384615384,221.3999999999999,220.6842105263157,221.3529411764705
220.7142857142857,225.7499999999999,225.3225806451612,225.9249999999999,225.2697368421052,226.1249999999999,223.5384615384615,221.5333333333333,220.7894736842105,221.4705882352941
220.8571428571428,225.7499999999999,225.4516129032257,226.0249999999999,225.3486842105263,226.2499999999999,223.6153846153846,221.6666666666666,220.8947368421052,221.5882352941176
220.9999999999999,225.7499999999999,225.5806451612902,226.1249999999999,225.4276315789473,226.3749999999999,223.6923076923076,221.8,220.9999999999999,221.7058823529411
221.1428571428571,225.7499999999999,225.7096774193548,226.2249999999999,225.5065789473684,226.4999999999999,223.7692307692307,221.9333333333333,221.1343283582089,221.8235294117647
221.2857142857142,225.7499999999999,225.8387096774193,226.2747252747252,225.5855263157894,226.6249999999999,223.8461538461538,222.0666666666666,221.2686567164179,221.9411764705882
221.4285714285714,225.7499999999999,225.9677419354838,226.3076923076923,225.6644736842105,226.7499999999999,223.9230769230768,222.1999999999999,221.4029850746268,222.0588235294117
221.5714285714285,225.7499999999999,226.0967741935483,226.3406593406593,225.7434210526315,226.8749999999999,223.9999999999999,222.3333333333333,221.5373134328358,222.1764705882352
221.7142857142856,225.7499999999999,226.2258064516128,226.3736263736263,225.8223684210526,226.9999999999999,224.076923076923,222.4666666666666,221.6716417910447,222.2941176470588
221.8571428571428,225.7499999999999,226.3548387096774,226.4065934065933,225.9013157894736,227.0714285714285,224.1538461538461,222.6,221.8059701492537,222.4117647058823
221.9999999999999,225.7499999999999,226.4838709677419,226.4395604395604,225.9802631578947,227.1428571428571,224.2307692307692,222.7333333333333,221.9402985074626,222.5294117647058
222.1428571428571,225.7499999999999,226.6129032258064,226.4725274725274,226.0592105263157,227.2142857142857,224.3076923076922,222.8666666666666,222.0746268656716,222.6470588235293
222.2857142857142,225.7499999999999,226.7419354838709,226.5054945054945,226.1381578947368,227.2857142857142,224.3846153846153,222.9999999999999,222.2089552238805,222.7647058823529
222.4285714285714,225.7837837837837,226.8709677419354,226.5384615384615,226.2171052631578,227.3571428571428,224.4615384615384,223.1333333333333,222.3432835820895,222.8823529411764
222.5714285714285,225.9189189189189,226.9999999999999,226.5714285714285,226.2960526315789,227.4285714285714,224.5384615384615,223.2666666666666,222.4776119402985,222.9999999999999
222.7142857142857,226.054054054054,227.054054054054,226.6043956043956,226.3749999999999,227.4999999999999,224.6153846153846,223.3999999999999,222.6119402985074,223.1176470588235
222.8571428571428,226.1891891891891,227.1081081081081,226.6373626373626,226.453947368421,227.5714285714285,224.6923076923076,223.5333333333332,222.7462686567164,223.235294117647
222.9999999999999,226.3243243243243,227.1621621621621,226.6703296703296,226.5328947368421,227.6428571428571,224.7749999999999,223.6666666666666,222.8805970149253,223.3529411764705
223.1428571428571,226.4594594594594,227.2162162162161,226.7032967032966,226.6118421052631,227.7142857142857,224.8749999999999,223.8,223.0149253731343,223.4705882352941
223.2857142857142,226.5945945945945,227.2702702702702,226.7362637362637,226.6907894736841,227.7857142857142,224.9749999999999,223.9333333333333,223.1492537313432,223.5882352941176
223.4285714285714,226.7297297297297,227.3243243243243,226.7692307692307,226.7731958762886,227.8571428571428,225.0749999999999,224.0666666666666,223.2923076923076,223.7058823529411
223.5714285714285,226.8648648648648,227.3783783783783,226.8021978021977,226.8659793814433,227.9285714285714,225.175,224.2,223.4615384615384,223.8235294117646
223.7142857142856,226.9999999999999,227.4324324324324,226.8351648351648,226.9587628865979,227.9999999999999,225.2749999999999,224.3333333333333,223.6307692307692,223.9411764705882
223.9078947368421,227.0666666666666,227.4864864864865,226.8681318681318,227.0515463917525,228.0714285714285,225.3749999999999,224.4666666666666,223.8,224.0588235294117
224.1184210526315,227.1333333333333,227.5405405405405,226.9010989010988,227.1443298969072,228.1428571428571,225.4749999999999,224.5999999999999,223.9692307692307,224.1764705882352
224.328947368421,227.2,227.5945945945945,226.9340659340659,227.2371134020618,228.2142857142857,225.5749999999999,224.7333333333333,224.1384615384615,224.2941176470588
224.5394736842104,227.2666666666666,227.6486486486486,226.9670329670329,227.3298969072164,228.2857142857142,225.675,224.8666666666666,224.3076923076923,224.4117647058823
224.7499999999999,227.3333333333333,227.7027027027027,226.9999999999999,227.4226804123711,228.3571428571428,225.7749999999999,224.9999999999999,224.476923076923,224.5294117647058
224.9605263157894,227.3999999999999,227.7567567567567,227.1052631578947,227.5154639175257,228.4285714285714,225.8749999999999,225.0882352941176,224.6461538461538,224.6470588235294
225.1710526315789,227.4666666666666,227.8108108108107,227.2105263157894,227.6082474226803,228.4999999999999,225.9749999999999,225.1764705882352,224.8153846153846,224.7647058823529
225.3815789473684,227.5333333333333,227.8648648648648,227.3157894736842,227.701030927835,228.5714285714285,225.9999999999999,225.2647058823529,224.9846153846153,224.8823529411764
225.5921052631578,227.5999999999999,227.9189189189189,227.4210526315789,227.7938144329896,228.6428571428571,225.9999999999999,225.3529411764705,225.1538461538461,224.9999999999999
225.8026315789473,227.6666666666666,227.9729729729729,227.5263157894736,227.8865979381443,228.7142857142857,225.9999999999999,225.4411764705882,225.3230769230769,225.1142857142857
226.0131578947368,227.7333333333333,228.027027027027,227.6315789473684,227.9793814432989,228.7777777777777,225.9999999999999,225.5294117647058,225.4923076923076,225.2285714285714
226.2236842105262,227.8,228.081081081081,227.7368421052631,228.0721649484536,228.8333333333333,225.9999999999999,225.6176470588235,225.6615384615384,225.3428571428571
226.4342105263157,227.8666666666666,228.1351351351351,227.8421052631579,228.1649484536082,228.8888888888888,225.9999999999999,225.7058823529411,225.8307692307692,225.4571428571428
226.6447368421052,227.9333333333333,228.1891891891891,227.9473684210526,228.2577319587628,228.9444444444444,226.0852272727273,225.7941176470588,225.9999999999999,225.5714285714285
226.8552631578947,227.9999999999999,228.2432432432432,228.0526315789473,228.3505154639175,229,226.1988636363636,225.8823529411764,226.0909090909091,225.6857142857142
227.0657894736841,228.1304347826086,228.2972972972972,228.157894736842,228.4432989690721,229.0555555555555,226.3124999999999,225.9705882352941,226.1818181818181,225.8
227.2763157894736,228.2608695652173,228.3513513513513,228.2631578947368,228.5360824742268,229.1111111111111,226.4261363636363,226.0588235294117,226.2727272727272,225.9142857142857
227.4868421052631,228.391304347826,228.4054054054053,228.3684210526315,228.6288659793814,229.1666666666666,226.5397727272726,226.1470588235293,226.3636363636363,226.0285714285714
227.6973684210526,228.5217391304347,228.4594594594594,228.4736842105263,228.721649484536,229.2222222222222,226.653409090909,226.235294117647,226.4545454545454,226.1428571428571
227.8124999999999,228.6521739130434,228.5135135135135,228.578947368421,228.8144329896907,229.2777777777777,226.7670454545454,226.3235294117646,226.5454545454545,226.2571428571428
227.8958333333333,228.7826086956521,228.5675675675675,228.6842105263157,228.9072164948453,229.3333333333333,226.8806818181818,226.4117647058823,226.6363636363636,226.3714285714285
227.9791666666666,228.9130434782608,228.6216216216216,228.7894736842105,228.9999999999999,229.3888888888888,226.9943181818181,226.4999999999999,226.7272727272727,226.4857142857142
228.0624999999999,229.0434782608695,228.6756756756756,228.8947368421052,228.9999999999999,229.4444444444444,227.1079545454545,226.5882352941176,226.8181818181818,226.6
228.1458333333333,229.1739130434782,228.7297297297297,228.9999999999999,228.9999999999999,229.4999999999999,227.2215909090908,226.6764705882352,226.9090909090908,226.7142857142856
228.2291666666666,229.3043478260869,228.7837837837837,229.0454545454545,228.9999999999999,229.5555555555555,227.4230769230769,226.7647058823529,226.9999999999999,226.8285714285714
228.3124999999999,229.4347826086956,228.8378378378378,229.090909090909,228.9999999999999,229.6111111111111,227.6538461538461,226.8529411764705,227.090909090909,226.9428571428571
228.3958333333333,229.5652173913043,228.8918918918918,229.1363636363636,228.9999999999999,229.6666666666666,227.8846153846153,226.9411764705882,227.1818181818181,227.0571428571428
228.4791666666666,229.695652173913,228.9459459459459,229.1818181818181,228.9999999999999,229.7222222222222,228.1153846153846,227.0294117647058,227.2727272727272,227.1714285714285
228.5624999999999,229.8260869565217,228.9999999999999,229.2272727272727,228.9999999999999,229.7777777777777,228.3461538461538,227.1176470588235,227.3636363636363,227.2857142857142
228.6458333333333,229.9565217391304,229.05,229.2727272727272,228.9999999999999,229.8333333333333,228.576923076923,227.2058823529411,227.4545454545454,227.3999999999999
228.7291666666666,230.0869565217391,229.1,229.3181818181818,228.9999999999999,229.8888888888888,228.7199999999999,227.2941176470588,227.5454545454545,227.5142857142856
228.8124999999999,230.2173913043478,229.1499999999999,229.3636363636363,228.9999999999999,229.9444444444444,228.6,227.3823529411764,227.6363636363636,227.6285714285714
228.8958333333333,230.3478260869564,229.1999999999999,229.4090909090909,228.9999999999999,229.9999999999999,228.48,227.4705882352941,227.7272727272727,227.7428571428571
228.9791666666666,230.4782608695652,229.2499999999999,229.4545454545454,228.9999999999999,230.1111111111111,228.36,227.5588235294117,227.8181818181818,227.8571428571428
229.0624999999999,230.6086956521739,229.2999999999999,229.4999999999999,228.9999999999999,230.2222222222222,228.24,227.6470588235294,227.9090909090908,227.9714285714285
229.1458333333333,230.7391304347826,229.3499999999999,229.5454545454545,228.9999999999999,230.3333333333333,228.1199999999999,227.735294117647,227.9999999999999,228.0857142857142
229.2291666666666,230.8695652173913,229.3999999999999,229.590909090909,229.1304347826086,230.4444444444444,227.9999999999999,227.8235294117646,228.1111111111111,228.1999999999999
229.3124999999999,230.9999999999999,229.4499999999999,229.6363636363636,229.2608695652173,230.5555555555555,228.0999999999999,227.9117647058823,228.2222222222222,228.3142857142857
229.3958333333333,231.076923076923,229.4999999999999,229.6818181818181,229.391304347826,230.6666666666666,228.2,227.9999999999999,228.3333333333333,228.4285714285714
229.4791666666666,231.1538461538461,229.55,229.7272727272727,229.5217391304347,230.7777777777777,228.3,228.1052631578947,228.4444444444444,228.5428571428571
229.5624999999999,231.2307692307692,229.6,229.7727272727272,229.6521739130434,230.8888888888888,228.4,228.2105263157895,228.5555555555555,228.6571428571428
229.6458333333333,231.3076923076923,229.6499999999999,229.8181818181818,229.7826086956521,230.9999999999999,228.4999999999999,228.3157894736842,228.6666666666666,228.7714285714285
229.7291666666666,231.3846153846154,229.6999999999999,229.8636363636363,229.9130434782608,231.1111111111111,228.5999999999999,228.4210526315789,228.7777777777777,228.8857142857142
229.8157894736842,231.4615384615384,229.7499999999999,229.9090909090908,230.0434782608695,231.2222222222222,228.6999999999999,228.5263157894736,228.8888888888888,228.9999999999999
229.9035087719298,231.5384615384615,229.8,229.9545454545454,230.1739130434782,231.3333333333333,228.8,228.6315789473684,228.9999999999999,229.1199999999999
229.9912280701754,231.6153846153846,229.8499999999999,229.9999999999999,230.3043478260869,231.4444444444444,228.8999999999999,228.7368421052631,229.111111111111,229.24
230.078947368421,231.6923076923076,229.8999999999999,230.0999999999999,230.4347826086956,231.5555555555555,228.9999999999999,228.8421052631579,229.2222222222221,229.36
230.1666666666666,231.7692307692307,229.9499999999999,230.1999999999999,230.5652173913043,231.6666666666666,229.1,228.9473684210526,229.3333333333333,229.48
230.2543859649122,231.8461538461538,229.9999999999999,230.3,230.695652173913,231.7777777777777,229.2,229.0526315789473,229.4444444444444,229.6
230.3421052631579,231.9230769230768,230.1199999999999,230.3999999999999,230.8260869565217,231.8888888888888,229.3,229.157894736842,229.5555555555555,229.7199999999999
230.4298245614034,231.9999999999999,230.24,230.4999999999999,230.9565217391304,231.9999999999999,229.3999999999999,229.2631578947368,229.6666666666666,229.84
230.517543859649,232.1111111111111,230.36,230.5999999999999,231.0869565217391,232.0434782608695,229.4999999999999,229.3684210526315,229.7777777777777,229.9599999999999
230.6052631578947,232.2222222222222,230.4799999999999,230.6999999999999,231.2173913043478,232.0869565217391,229.6,229.4736842105262,229.8888888888888,230.08
230.6929824561403,232.3333333333333,230.5999999999999,230.8,231.3478260869565,232.1304347826087,229.6999999999999,229.578947368421,229.9999999999999,230.1999999999999
230.7807017543859,232.4444444444444,230.7199999999999,230.8999999999999,231.4782608695652,232.1739130434782,229.7999999999999,229.6842105263157,230.111111111111,230.3199999999999
230.8684210526315,232.5555555555555,230.84,230.9999999999999,231.6086956521739,232.2173913043478,229.8999999999999,229.7894736842105,230.2222222222222,230.4399999999999
230.9561403508771,232.6666666666666,230.9599999999999,231.0999999999999,231.7391304347825,232.2608695652173,229.9999999999999,229.8947368421052,230.3333333333333,230.5599999999999
231.0438596491227,232.7777777777777,231.0799999999999,231.1999999999999,231.8695652173913,232.3043478260869,230.1304347826086,229.9999999999999,230.4444444444444,230.6799999999999
231.1315789473684,232.8888888888888,231.2,231.3,231.9999999999999,232.3478260869565,230.2608695652173,230.1052631578947,230.5555555555555,230.8
231.219298245614,232.9999999999999,231.32,231.3999999999999,232.0624999999999,232.391304347826,230.391304347826,230.2105263157894,230.6666666666666,230.92
231.3070175438596,232.9811320754716,231.44,231.4999999999999,232.1249999999999,232.4347826086956,230.5217391304347,230.3157894736842,230.7777777777777,231.0399999999999
231.3947368421052,232.9622641509434,231.5599999999999,231.6,232.1874999999999,232.4782608695652,230.6521739130434,230.4210526315789,230.8888888888888,231.16
231.4824561403508,232.943396226415,231.6799999999999,231.6999999999999,232.2499999999999,232.5217391304347,230.7826086956521,230.5263157894736,230.9999999999999,231.2799999999999
231.5701754385964,232.9245283018867,231.8,231.8,232.3124999999999,232.5652173913043,230.9130434782608,230.6315789473684,231.063063063063,231.3999999999999
231.657894736842,232.9056603773585,231.92,231.8999999999999,232.3749999999999,232.6086956521739,231.0434782608695,230.7368421052631,231.1261261261261,231.5199999999999
231.7456140350877,232.8867924528302,232.0399999999999,231.9999999999999,232.4374999999999,232.6521739130434,231.1739130434782,230.8421052631579,231.1891891891891,231.6399999999999
231.8333333333333,232.8679245283018,232.16,232.0999999999999,232.4999999999999,232.695652173913,231.3043478260869,230.9473684210526,231.2522522522522,231.76
231.9210526315789,232.8490566037735,232.2799999999999,232.1999999999999,232.5624999999999,232.7391304347826,231.4347826086956,231.0526315789473,231.3153153153153,231.8799999999999
232.0087719298245,232.8301886792452,232.3999999999999,232.3,232.6249999999999,232.7826086956521,231.5652173913043,231.157894736842,231.3783783783783,231.9999999999999
232.0964912280701,232.8113207547169,232.52,232.3999999999999,232.6874999999999,232.8260869565217,231.695652173913,231.2631578947368,231.4414414414414,232.0645161290322
232.1842105263157,232.7924528301886,232.64,232.4999999999999,232.7499999999999,232.8695652173913,231.8260869565217,231.3684210526315,231.5045045045045,232.1290322580645
232.2573529411764,232.7735849056603,232.7599999999999,232.5999999999999,232.8124999999999,232.9130434782608,231.9565217391304,231.4736842105262,231.5675675675675,232.1935483870967
232.2867647058823,232.754716981132,232.88,232.7,232.8749999999999,232.9565217391304,232.0869565217391,231.578947368421,231.6306306306305,232.258064516129
232.3161764705882,232.8863636363636,233,232.8,232.9374999999999,232.9999999999999,232.2173913043478,231.6842105263157,231.6936936936937,232.3225806451612
232.3455882352941,233.0681818181818,233.074074074074,232.8999999999999,232.9999999999999,233.047619047619,232.301724137931,231.7894736842105,231.7567567567567,232.3870967741935
232.3749999999999,233.2499999999999,233.1481481481481,232.9999999999999,233.0666666666666,233.095238095238,232.3706896551724,231.8947368421052,231.8198198198198,232.4516129032258
232.4044117647058,233.4318181818181,233.2222222222221,233.0588235294117,233.1333333333333,233.1428571428571,232.4396551724138,231.9999999999999,231.8828828828828,232.516129032258
232.4338235294117,233.6136363636363,233.2962962962962,233.1176470588235,233.1999999999999,233.1904761904761,232.5086206896551,232.0833333333333,231.9459459459459,232.5806451612902
232.4632352941176,233.7560975609755,233.3703703703703,233.1764705882352,233.2666666666666,233.2380952380952,232.5775862068965,232.1666666666666,232.0090090090089,232.6451612903225
232.4926470588235,233.780487804878,233.4444444444444,233.235294117647,233.3333333333333,233.2857142857142,232.6465517241379,232.2499999999999,232.072072072072,232.7096774193548
232.5220588235293,233.8048780487804,233.5185185185185,233.2941176470588,233.3999999999999,233.3333333333333,232.7155172413792,232.3333333333333,232.1351351351351,232.774193548387
232.5514705882352,233.8292682926829,233.5925925925926,233.3529411764705,233.4666666666666,233.3809523809523,232.7273107236684,232.4166666666666,232.1981981981982,232.8387096774193
232.5808823529411,233.8536585365853,233.6666666666666,233.4117647058823,233.5333333333333,233.4285714285714,232.6819321710054,232.4999999999999,232.2612612612612,232.9032258064516
232.610294117647,233.8780487804877,233.7407407407406,233.4705882352941,233.5999999999999,233.4761904761904,232.6365536183424,232.5833333333333,232.3243243243243,232.9677419354838
232.6397058823529,233.9024390243902,233.8148148148148,233.5294117647058,233.6666666666666,233.5238095238095,232.5911750656794,232.6666666666666,232.3873873873873,233.0322580645161
232.6691176470588,233.9268292682926,233.8888888888888,233.5882352941176,233.7333333333333,233.5714285714285,232.5457965130164,232.7499999999999,232.4504504504504,233.0967741935483
232.6985294117647,233.9512195121951,233.9629629629629,233.6470588235294,233.8,233.6190476190475,232.5714285714285,232.8333333333333,232.5135135135135,233.1612903225806
232.7279411764705,233.9756097560975,234.037037037037,233.7058823529411,233.8666666666666,233.6666666666666,232.6190476190476,232.9166666666666,232.5765765765765,233.2258064516129
232.7899999999999,233.9999999999999,234.1111111111111,233.7647058823529,233.9333333333333,233.7142857142857,232.6666666666666,233,232.6396396396396,233.2903225806451
232.95,234.4999999999999,234.1851851851851,233.8235294117646,233.9999999999999,233.7619047619047,232.7142857142856,233.0833333333333,232.7027027027027,233.3548387096774
233.11,234.9999999999999,234.2592592592592,233.8823529411764,233.9999999999999,233.8095238095238,232.7619047619047,233.1666666666666,232.7644927536231,233.4193548387096
233.27,235.4999999999999,234.3333333333333,233.9411764705882,233.9999999999999,233.8571428571428,232.8095238095237,233.2499999999999,232.8224637681159,233.4838709677419
233.4299999999999,235.9999999999999,234.4074074074074,233.9999999999999,233.9999999999999,233.9047619047618,232.8571428571428,233.3333333333333,232.8804347826087,233.5483870967741
233.5899999999999,235.8999999999999,234.4814814814814,234.0985915492957,233.9999999999999,233.9523809523809,232.9047619047619,233.4166666666666,232.9384057971014,233.6129032258064
233.7499999999999,235.8,234.5555555555555,234.1971830985915,233.9999999999999,233.9999999999999,232.9523809523809,233.4999999999999,232.9963768115942,233.6774193548386
233.9099999999999,235.6999999999999,234.6296296296296,234.2957746478873,233.9999999999999,234.1176470588235,232.9999999999999,233.5833333333333,233.0543478260869,233.7419354838709
234.0699999999999,235.6,234.7037037037036,234.394366197183,233.9999999999999,234.235294117647,233.1363636363636,233.6666666666666,233.1123188405797,233.8064516129032
234.2299999999999,235.4999999999999,234.7777777777777,234.4929577464788,233.9999999999999,234.3529411764706,233.2727272727272,233.7499999999999,233.1702898550724,233.8709677419354
234.39,235.3999999999999,234.8518518518518,234.5915492957746,233.9999999999999,234.470588235294,233.4090909090908,233.8333333333333,233.2282608695652,233.9354838709677
234.5499999999999,235.3,234.9259259259259,234.6901408450704,233.9999999999999,234.5882352941176,233.5454545454545,233.9166666666666,233.2862318840579,233.9999999999999
234.71,235.2,234.9999999999999,234.7887323943661,233.9999999999999,234.7058823529411,233.6818181818181,233.9999999999999,233.3442028985507,233.9999999999999
234.7692307692307,235.0999999999999,235.1139240506328,234.8873239436619,233.9999999999999,234.8235294117646,233.7499999999999,234.0833333333333,233.4021739130434,233.9999999999999
234.7948717948717,234.9999999999999,235.2278481012657,234.9859154929577,233.9999999999999,234.9411764705882,233.7499999999999,234.1666666666666,233.4601449275362,233.9999999999999
234.8205128205128,234.9999999999999,235.3417721518987,235.0845070422534,233.9999999999999,235.0588235294117,233.7499999999999,234.2499999999999,233.5181159420289,233.9999999999999
234.8461538461538,234.9999999999999,235.4556962025316,235.1830985915493,233.9999999999999,235.1764705882352,233.7499999999999,234.3333333333333,233.5760869565217,233.9999999999999
234.8717948717948,234.9999999999999,235.5696202531645,235.281690140845,233.9999999999999,235.2941176470588,233.7499999999999,234.4166666666666,233.6340579710144,233.9999999999999
234.8974358974359,234.9999999999999,235.6835443037974,235.3802816901408,233.9999999999999,235.4117647058823,233.8214285714285,234.4999999999999,233.6920289855072,233.9999999999999
234.9230769230768,234.9999999999999,235.7974683544303,235.4788732394366,233.9019607843137,235.5294117647058,233.9642857142856,234.5833333333333,233.7499999999999,233.9999999999999
234.9487179487179,234.9999999999999,235.9113924050632,235.5774647887324,233.8039215686274,235.6470588235293,234.1071428571428,234.6666666666666,233.8079710144927,233.9999999999999
234.9743589743589,235.1538461538461,236.0253164556962,235.6760563380281,233.7058823529411,235.7647058823529,234.2499999999999,234.7499999999999,233.8659420289854,233.9999999999999
234.9999999999999,235.3076923076922,236.1392405063291,235.7614678899082,233.6078431372548,235.8823529411764,234.2499999999999,234.8333333333333,233.9239130434782,233.9999999999999
235.0967741935484,235.4615384615384,236.253164556962,235.8073394495412,233.5098039215686,235.9999999999999,234.2499999999999,234.9166666666666,233.9818840579709,233.9999999999999
235.1935483870967,235.6153846153846,236.3670886075949,235.8532110091743,233.4117647058823,236.0333333333333,234.2499999999999,234.9999999999999,234.0398550724637,233.9999999999999
235.2903225806451,235.7692307692307,236.4810126582278,235.8990825688073,233.313725490196,236.0666666666666,234.2499999999999,234.9999999999999,234.0978260869564,233.9999999999999
235.3870967741935,235.9230769230768,236.5949367088607,235.9449541284403,233.2156862745097,236.0999999999999,234.3,234.9999999999999,234.1557971014492,233.9999999999999
235.4838709677419,236.076923076923,236.7088607594936,235.9908256880734,233.1176470588235,236.1333333333333,234.3999999999999,234.9999999999999,234.213768115942,233.9999999999999
235.5806451612903,236.2307692307692,236.8227848101265,236.0366972477064,233.0196078431372,236.1666666666666,234.4999999999999,234.9999999999999,234.2717391304347,234.0833333333333
235.6774193548387,236.3846153846153,236.9367088607594,236.0825688073394,232.9215686274509,236.1999999999999,234.6,234.9999999999999,234.3297101449275,234.1666666666666
235.774193548387,236.5384615384615,237.0506329113924,236.1284403669724,232.8235294117646,236.2333333333333,234.6999999999999,234.9999999999999,234.3876811594203,234.2499999999999
235.8709677419354,236.6923076923076,237.1645569620253,236.1743119266055,232.8260869565217,236.2666666666666,234.7857142857142,234.9999999999999,234.445652173913,234.3333333333333
235.9677419354838,236.8461538461538,237.2615384615384,236.2201834862385,233.1304347826086,236.3,234.8571428571428,234.9999999999999,234.5036231884057,234.4166666666666
236.0645161290322,236.9999999999999,237.3076923076923,236.2660550458715,233.4347826086956,236.3333333333333,234.9285714285714,234.9999999999999,234.5615942028985,234.4999999999999
236.1612903225806,237.076923076923,237.3538461538461,236.3119266055045,233.7391304347826,236.3666666666666,234.9999999999999,234.9999999999999,234.6195652173913,234.5833333333333
236.258064516129,237.1538461538461,237.3999999999999,236.3577981651376,234.0434782608695,236.3999999999999,235.0588235294117,234.9999999999999,234.677536231884,234.6666666666666
236.3548387096774,237.2307692307691,237.4461538461538,236.4036697247706,234.3478260869564,236.4333333333333,235.1176470588235,234.9999999999999,234.7355072463768,234.7499999999999
236.4516129032258,237.3076923076923,237.4923076923076,236.4495412844036,234.6521739130434,236.4666666666666,235.1764705882352,234.9999999999999,234.8130841121495,234.8333333333333
236.5483870967741,237.3846153846153,237.5384615384615,236.4954128440367,234.9565217391304,236.4999999999999,235.235294117647,234.9999999999999,234.8971962616822,234.9166666666666
236.6451612903225,237.4615384615384,237.5846153846153,236.5412844036697,235.2608695652173,236.5333333333333,235.2941176470587,234.9999999999999,234.9813084112149,234.9999999999999
236.7419354838709,237.5384615384615,237.6307692307692,236.5871559633027,235.5652173913043,236.5666666666666,235.3529411764705,234.9999999999999,235.0654205607476,235.0624999999999
236.8387096774193,237.6153846153845,237.676923076923,236.6330275229357,235.8695652173913,236.5999999999999,235.4117647058823,234.9999999999999,235.1495327102803,235.1249999999999
236.9354838709677,237.6923076923076,237.7230769230769,236.6788990825687,236.1739130434782,236.6333333333333,235.4705882352941,234.9999999999999,235.233644859813,235.1874999999999
237.0322580645161,237.7692307692307,237.7692307692307,236.7247706422018,236.3142857142857,236.6666666666666,235.5294117647058,234.9999999999999,235.3177570093458,235.2499999999999
237.1290322580645,237.8461538461538,237.8153846153846,236.7706422018348,236.4,236.6999999999999,235.5882352941176,234.9999999999999,235.4018691588785,235.3124999999999
237.2258064516128,237.9230769230769,237.8615384615384,236.8165137614678,236.4857142857142,236.7333333333333,235.6470588235294,234.9999999999999,235.4859813084112,235.3749999999999
237.2777777777777,237.9999999999999,237.9076923076923,236.8623853211008,236.5714285714285,236.7666666666666,235.7058823529411,234.9999999999999,235.5700934579439,235.4374999999999
237.3148148148148,238.111111111111,237.9538461538461,236.9082568807339,236.6571428571428,236.8,235.7647058823529,234.9999999999999,235.6542056074766,235.4999999999999
237.3518518518518,238.2222222222221,237.9999999999999,236.9541284403669,236.7428571428571,236.8333333333333,235.8235294117646,234.9999999999999,235.7383177570093,235.5624999999999
237.3888888888888,238.3333333333333,238.0588235294117,236.9999999999999,236.8285714285714,236.8666666666666,235.8823529411764,234.9999999999999,235.822429906542,235.6249999999999
237.4259259259259,238.4444444444444,238.1176470588235,237.0578512396694,236.9142857142857,236.8999999999999,235.9411764705882,234.9999999999999,235.9065420560747,235.6874999999999
237.4629629629629,238.5555555555555,238.1764705882352,237.1157024793388,236.9999999999999,236.9333333333333,235.9999999999999,234.9999999999999,235.9906542056074,235.7499999999999
237.4999999999999,238.6666666666666,238.235294117647,237.1735537190082,237.0454545454545,236.9666666666666,236.0735294117646,234.9999999999999,236.0747663551401,235.8124999999999
237.537037037037,238.7777777777777,238.2941176470588,237.2314049586776,237.090909090909,236.9999999999999,236.1470588235294,234.9999999999999,236.1588785046729,235.8749999999999
237.574074074074,238.8888888888888,238.3529411764705,237.2892561983471,237.1363636363636,237.0673076923076,236.220588235294,235.0666666666666,236.2429906542056,235.9374999999999
237.6111111111111,238.9999999999999,238.4117647058823,237.3471074380165,237.1818181818181,237.1346153846153,236.2941176470588,235.1333333333333,236.3271028037383,235.9999999999999
237.6481481481481,239.2,238.4705882352941,237.4049586776859,237.2272727272727,237.201923076923,236.3676470588235,235.2,236.411214953271,236.0714285714285
237.6851851851851,239.3999999999999,238.5294117647058,237.4628099173553,237.2727272727272,237.2692307692307,236.4411764705882,235.2666666666666,236.4953271028037,236.1428571428571
237.7222222222222,239.5999999999999,238.5882352941176,237.5206611570247,237.3181818181818,237.3365384615384,236.5147058823529,235.3333333333333,236.5794392523364,236.2142857142857
237.7083333333333,239.7999999999999,238.6470588235294,237.5785123966942,237.3636363636363,237.4038461538461,236.5882352941176,235.3999999999999,236.6635514018691,236.2857142857142
237.5416666666666,239.9999999999999,238.7058823529411,237.6363636363636,237.4090909090908,237.4711538461538,236.6617647058823,235.4666666666666,236.7476635514018,236.3571428571428
237.3749999999999,240.1999999999999,238.7647058823529,237.694214876033,237.4545454545454,237.5384615384615,236.735294117647,235.5333333333333,236.8317757009345,236.4285714285713
237.2083333333333,240.3999999999999,238.8235294117646,237.7520661157024,237.4999999999999,237.6057692307692,236.8088235294117,235.6,236.9158878504672,236.4999999999999
237.0416666666666,240.5999999999999,238.8823529411764,237.8099173553719,237.5454545454545,237.6730769230769,236.8823529411764,235.6666666666666,236.9999999999999,236.5714285714285
236.8749999999999,240.7999999999999,238.9411764705882,237.8677685950413,237.590909090909,237.7403846153846,236.9558823529411,235.7333333333333,236.9999999999999,236.6428571428571
236.8108108108108,240.9999999999999,238.9999999999999,237.9256198347107,237.6363636363636,237.8076923076923,237.0294117647058,235.7999999999999,236.9999999999999,236.7142857142857
237.054054054054,241.0967741935483,239.0857142857142,237.9834710743801,237.6818181818181,237.8749999999999,237.1029411764706,235.8666666666666,236.9999999999999,236.7857142857142
237.2972972972973,241.1935483870967,239.1714285714285,238.0413223140495,237.7272727272727,237.9423076923076,237.1764705882352,235.9333333333333,236.9999999999999,236.8571428571428
237.5405405405405,241.2903225806451,239.2571428571428,238.099173553719,237.7727272727272,238.0096153846153,237.2499999999999,235.9999999999999,236.9999999999999,236.9285714285714
237.7837837837837,241.3870967741935,239.3428571428571,238.1570247933884,237.8181818181818,238.076923076923,237.3,236.1052631578947,236.9999999999999,236.9999999999999
238.027027027027,241.4838709677419,239.4285714285714,238.2148760330578,237.8636363636363,238.1442307692307,237.3499999999999,236.2105263157894,236.9999999999999,237.0526315789473
238.2702702702702,241.5806451612902,239.5142857142856,238.2727272727272,237.9090909090909,238.2115384615384,237.3999999999999,236.3157894736841,236.9999999999999,237.1052631578947
238.5135135135134,241.6774193548386,239.5999999999999,238.3305785123966,237.9545454545454,238.2788461538461,237.4499999999999,236.4210526315789,236.9999999999999,237.157894736842
238.7567567567567,241.7272727272727,239.6857142857142,238.388429752066,237.9999999999999,238.3461538461538,237.5,236.5263157894736,236.9999999999999,237.2105263157894
238.9999999999999,241.6363636363636,239.7241379310344,238.4462809917355,237.9565217391304,238.4134615384615,237.55,236.6315789473684,236.9999999999999,237.2631578947368
239.0624999999999,241.5454545454545,239.6206896551724,238.5041322314049,237.9130434782608,238.4807692307692,237.6,236.7368421052631,236.9999999999999,237.3157894736842
239.1249999999999,241.4545454545454,239.5172413793103,238.5619834710743,237.8695652173912,238.5480769230768,237.6499999999999,236.8421052631578,236.9999999999999,237.3684210526315
239.1874999999999,241.3636363636363,239.4137931034482,238.6198347107438,237.8260869565217,238.6153846153846,237.6999999999999,236.9473684210526,236.9999999999999,237.4210526315789
239.2499999999999,241.2727272727272,239.3103448275862,238.6776859504132,237.7826086956521,238.6826923076923,237.7499999999999,237.0526315789473,236.9999999999999,237.4736842105263
239.3124999999999,241.1818181818181,239.2068965517241,238.7355371900826,237.7391304347825,238.7499999999999,237.8,237.157894736842,236.9999999999999,237.5263157894736
239.3749999999999,241.090909090909,239.103448275862,238.7619047619047,237.695652173913,238.7638888888888,237.85,237.2631578947368,236.9999999999999,237.578947368421
239.4374999999999,240.9999999999999,238.9999999999999,238.7777777777777,237.6521739130434,238.7777777777777,237.8999999999999,237.3684210526315,237.0379746835442,237.6315789473684
239.4999999999999,240.8571428571428,238.9333333333333,238.7936507936507,237.6086956521738,238.7916666666666,237.95,237.4736842105263,237.0759493670886,237.6842105263157
239.5624999999999,240.7142857142857,238.8666666666666,238.8095238095237,237.5652173913043,238.8055555555555,237.9999999999999,237.578947368421,237.1139240506328,237.7368421052631
239.6249999999999,240.5714285714285,238.8,238.8253968253968,237.5217391304347,238.8194444444444,237.9999999999999,237.6842105263158,237.1518987341772,237.7894736842105
239.6874999999999,240.4285714285714,238.7333333333333,238.8412698412698,237.4782608695651,238.8333333333333,237.9999999999999,237.7894736842105,237.1898734177215,237.8421052631579
239.7499999999999,240.2857142857142,238.6666666666666,238.8571428571428,237.4347826086956,238.8472222222222,237.9999999999999,237.8947368421052,237.2278481012657,237.8947368421052
239.8124999999999,240.1428571428571,238.5999999999999,238.8730158730158,237.391304347826,238.861111111111,237.9999999999999,237.9999999999999,237.2658227848101,237.9473684210526
239.8749999999999,239.9999999999999,238.5333333333333,238.8888888888888,237.3478260869565,238.8749999999999,237.9999999999999,238.0526315789473,237.3037974683544,237.9999999999999
239.9374999999999,239.8571428571428,238.4666666666666,238.9047619047619,237.3043478260869,238.8888888888888,237.9999999999999,238.1052631578947,237.3417721518987,238.095238095238
239.9999999999999,239.7142857142857,238.3999999999999,238.9206349206349,237.2608695652173,238.9027777777777,237.9999999999999,238.1578947368421,237.379746835443,238.1904761904761
240.0566037735849,239.5714285714285,238.3333333333333,238.9365079365079,237.2173913043478,238.9166666666666,237.9999999999999,238.2105263157894,237.4177215189873,238.2857142857142
240.1132075471697,239.4285714285714,238.2666666666666,238.9523809523809,237.1739130434782,238.9305555555555,237.9999999999999,238.2631578947368,237.4556962025316,238.3809523809523
240.1698113207547,239.2857142857142,238.3076923076923,238.9682539682539,237.1304347826086,238.9444444444444,237.9999999999999,238.3157894736841,237.4936708860759,238.4761904761904
240.2264150943396,239.1428571428571,238.3846153846153,238.9841269841269,237.0869565217391,238.9583333333333,237.9999999999999,238.3684210526315,237.5316455696202,238.5714285714285
240.2830188679245,238.9999999999999,238.4615384615384,238.9999999999999,237.0434782608695,238.9722222222221,237.9999999999999,238.4210526315789,237.5696202531645,238.6666666666666
240.3396226415094,239.1249999999999,238.5384615384615,239.029702970297,236.9999999999999,238.9861111111111,238.0666666666666,238.4736842105263,237.6075949367088,238.7619047619047
240.3962264150943,239.2499999999999,238.6153846153846,239.059405940594,237.0624999999999,238.9999999999999,238.1333333333333,238.5263157894736,237.6455696202531,238.8571428571428
240.4528301886792,239.3749999999999,238.6923076923076,239.089108910891,237.1249999999999,238.9861111111111,238.2,238.578947368421,237.6835443037974,238.9523809523809
240.5094339622641,239.4999999999999,238.7692307692307,239.1188118811881,237.1874999999999,238.9722222222221,238.2666666666666,238.6315789473684,237.7215189873417,239.047619047619
240.566037735849,239.6249999999999,238.8461538461538,239.1485148514851,237.2499999999999,238.9583333333333,238.3333333333333,238.6842105263157,237.7662337662337,239.1428571428571
240.6226415094339,239.7499999999999,238.9230769230768,239.1782178217821,237.3124999999999,238.9444444444444,238.3999999999999,238.7368421052631,237.8311688311688,239.2380952380952
240.6792452830188,239.8749999999999,238.9999999999999,239.2079207920792,237.3749999999999,238.9305555555555,238.4666666666666,238.7894736842105,237.8961038961038,239.3333333333333
240.7358490566037,239.9999999999999,239.0714285714285,239.2376237623762,237.4374999999999,238.9166666666666,238.5333333333333,238.8421052631579,237.9610389610389,239.4285714285714
240.6774193548386,240.1249999999999,239.1428571428571,239.2673267326732,237.4999999999999,238.9027777777777,238.5999999999999,238.8947368421052,238.025974025974,239.5238095238095
240.5806451612903,240.2499999999999,239.2142857142857,239.2970297029702,237.5624999999999,238.8888888888888,238.6666666666666,238.9473684210526,238.090909090909,239.6190476190476
240.4838709677419,240.3749999999999,239.2857142857142,239.3267326732673,237.6249999999999,238.8749999999999,238.7333333333333,238.9999999999999,238.1558441558441,239.7142857142857
240.3870967741935,240.4999999999999,239.3571428571428,239.3564356435643,237.6874999999999,238.861111111111,238.8,239.0526315789473,238.2207792207792,239.8095238095237
240.2903225806451,240.6249999999999,239.4285714285714,239.3861386138613,237.7499999999999,238.8472222222222,238.8666666666666,239.1052631578947,238.2857142857142,239.9047619047618
240.1935483870967,240.7499999999999,239.4999999999999,239.4158415841583,237.8124999999999,238.8333333333333,238.9333333333333,239.1578947368421,238.3506493506493,239.9999999999999
240.0967741935483,240.8749999999999,239.5714285714285,239.4455445544554,237.8749999999999,238.8194444444444,238.9999999999999,239.2105263157894,238.4155844155844,239.9090909090908
239.9999999999999,240.9999999999999,239.6428571428571,239.4752475247524,237.9374999999999,238.8055555555555,238.9411764705882,239.2631578947368,238.4805194805194,239.8181818181818
240.1176470588235,241.0666666666666,239.7142857142857,239.5049504950495,237.9999999999999,238.7916666666666,238.8823529411764,239.3157894736842,238.5454545454545,239.7272727272727
240.235294117647,241.1333333333333,239.7857142857142,239.5346534653465,238.047619047619,238.7777777777777,238.8235294117646,239.3684210526315,238.6103896103895,239.6363636363636
240.3529411764705,241.1999999999999,239.8571428571428,239.5643564356435,238.095238095238,238.7638888888888,238.7647058823529,239.4210526315789,238.6753246753246,239.5454545454545
240.470588235294,241.2666666666667,239.9285714285714,239.5940594059406,238.1428571428571,238.7499999999999,238.7499999999999,239.4736842105262,238.7402597402597,239.4545454545454
240.5882352941176,241.3333333333333,239.9999999999999,239.6237623762376,238.1904761904761,238.7272727272727,238.7499999999999,239.5263157894736,238.8051948051947,239.3636363636363
240.7058823529411,241.3999999999999,239.9285714285714,239.6534653465346,238.2380952380952,238.7045454545454,238.7499999999999,239.578947368421,238.8701298701298,239.2727272727272
240.8235294117646,241.4666666666666,239.8571428571428,239.6831683168316,238.2857142857142,238.6818181818181,238.7499999999999,239.6315789473684,238.9350649350649,239.1818181818181
240.9411764705882,241.5333333333333,239.7857142857142,239.7128712871286,238.3333333333333,238.6590909090908,238.7499999999999,239.6842105263158,238.9999999999999,239.090909090909
241.0588235294117,241.5999999999999,239.7142857142857,239.7425742574257,238.3809523809524,238.6363636363636,238.7499999999999,239.7368421052631,239.0344827586206,238.9999999999999
241.1764705882352,241.6666666666666,239.6428571428571,239.7499999999999,238.4285714285714,238.6136363636363,238.7499999999999,239.7894736842105,239.0689655172413,238.9090909090909
241.2941176470588,241.7333333333333,239.5714285714285,239.7499999999999,238.4761904761904,238.590909090909,238.7884615384615,239.8421052631578,239.103448275862,238.8181818181818
241.4117647058823,241.8,239.4999999999999,239.7499999999999,238.5238095238095,238.5681818181818,238.826923076923,239.8947368421052,239.1379310344827,238.7272727272727
241.5294117647058,241.8666666666666,239.4285714285714,239.7499999999999,238.5714285714285,238.5454545454545,238.8653846153846,239.9473684210526,239.1724137931034,238.6363636363636
241.6470588235293,241.9333333333333,239.3571428571428,239.7499999999999,238.6190476190476,238.5227272727272,238.9038461538461,239.9999999999999,239.2068965517241,238.5454545454545
241.7647058823529,241.9999999999999,239.2857142857142,239.7499999999999,238.6666666666666,238.4999999999999,238.9423076923077,239.9411764705881,239.2413793103448,238.4545454545454
241.8823529411764,241.9615384615384,239.2142857142857,239.7499999999999,238.7142857142857,238.4772727272727,238.9807692307692,239.8823529411764,239.2427184466019,238.3636363636363
241.9999999999999,241.9230769230768,239.1428571428571,239.7499999999999,238.7619047619047,238.4545454545454,239.0192307692307,239.8235294117646,239.2330097087378,238.2727272727272
241.9999999999999,241.8846153846153,239.0714285714285,239.7499999999999,238.8095238095237,238.4318181818181,239.0576923076923,239.7647058823529,239.2233009708737,238.1818181818181
241.9999999999999,241.8461538461538,238.9999999999999,239.7499999999999,238.8571428571428,238.4090909090909,239.0961538461538,239.7058823529411,239.2135922330096,238.090909090909
241.9999999999999,241.8076923076923,238.9285714285714,239.7499999999999,238.9047619047618,238.3863636363636,239.1346153846154,239.6470588235293,239.2038834951456,237.9999999999999
241.9999999999999,241.7692307692307,238.8571428571428,239.7499999999999,238.9523809523809,238.3636363636363,239.1730769230769,239.5882352941176,239.1941747572815,238.0833333333333
241.9999999999999,241.7307692307692,238.7857142857142,239.7499999999999,238.9999999999999,238.340909090909,239.2115384615384,239.5294117647058,239.1844660194174,238.1666666666666
241.9999999999999,241.6923076923076,238.7142857142857,239.7499999999999,238.9090909090908,238.3181818181818,239.2499999999999,239.4705882352941,239.1747572815533,238.2499999999999
241.9999999999999,241.6538461538461,238.6428571428571,239.7499999999999,238.8181818181818,238.2954545454545,239.2321428571428,239.4117647058823,239.1650485436893,238.3333333333333
241.9999999999999,241.6153846153846,238.5714285714285,239.7213114754098,238.7272727272727,238.2727272727272,239.2142857142857,239.3529411764705,239.1553398058252,238.4166666666666
241.9732142857142,241.576923076923,238.4999999999999,239.6065573770491,238.6363636363636,238.2499999999999,239.1964285714285,239.2941176470588,239.1456310679611,238.4999999999999
241.8660714285714,241.5384615384615,238.4285714285714,239.4918032786885,238.5454545454545,238.2272727272727,239.1785714285714,239.235294117647,239.135922330097,238.5833333333333
241.7589285714286,241.4999999999999,238.3571428571428,239.3770491803278,238.4545454545454,238.2045454545454,239.1607142857142,239.1764705882352,239.1262135922329,238.6666666666666
241.6517857142857,241.4615384615384,238.2857142857142,239.2622950819671,238.3636363636363,238.1818181818181,239.1428571428571,239.1176470588235,239.1165048543689,238.7499999999999
241.5446428571428,241.4230769230769,238.2142857142857,239.1475409836065,238.2727272727272,238.1590909090908,239.1249999999999,239.0588235294117,239.1067961165048,238.8333333333333
241.4374999999999,241.3846153846153,238.1428571428571,239.0327868852459,238.1818181818181,238.1363636363636,239.1071428571428,238.9999999999999,239.0970873786407,238.9166666666666
241.3303571428571,241.3461538461538,238.0714285714285,238.9180327868852,238.090909090909,238.1136363636363,239.0892857142857,239.0434782608695,239.0873786407766,238.9999999999999
241.2777777777777,241.3076923076922,237.9999999999999,238.8032786885245,237.9999999999999,238.090909090909,239.0714285714285,239.0869565217391,239.0776699029126,238.8749999999999
241.3888888888888,241.2692307692307,237.958904109589,238.6885245901639,237.8888888888888,238.0681818181818,239.0535714285714,239.1304347826086,239.0679611650485,238.7499999999999
241.4999999999999,241.2307692307692,237.917808219178,238.5737704918032,237.7777777777777,238.0454545454545,239.0357142857142,239.1739130434782,239.0582524271844,238.6249999999999
241.6111111111111,241.1923076923076,237.876712328767,238.4590163934426,237.6666666666666,238.0227272727272,239.0178571428571,239.2173913043478,239.0485436893203,238.4999999999999
241.7222222222221,241.1538461538461,237.8356164383561,238.3442622950819,237.5555555555555,237.9999999999999,238.9999999999999,239.2608695652173,239.0388349514563,238.3749999999999
241.8333333333333,241.1153846153846,237.7945205479451,238.2295081967212,237.4444444444444,238.0416666666666,239.0491803278688,239.3043478260869,239.0291262135922,238.2499999999999
241.9444444444444,241.076923076923,237.7534246575342,238.1147540983606,237.3333333333333,238.0833333333333,239.0983606557377,239.3478260869565,239.0194174757281,238.1249999999999
242.0555555555555,241.0384615384615,237.7123287671232,237.9999999999999,237.2222222222222,238.1249999999999,239.1475409836065,239.391304347826,239.009708737864,237.9999999999999
242.1666666666666,240.9999999999999,237.6712328767123,238.1232876712328,237.1111111111111,238.1666666666666,239.1967213114754,239.4347826086956,238.9999999999999,237.9999999999999
242.2777777777777,240.9572649572649,237.6301369863013,238.2465753424657,236.9999999999999,238.2083333333333,239.2459016393442,239.4782608695651,238.9935483870967,237.9999999999999
242.3888888888889,240.9145299145299,237.5890410958904,238.3698630136986,237.0833333333333,238.2499999999999,239.2950819672131,239.5217391304348,238.9870967741935,237.9999999999999
242.4999999999999,240.8717948717948,237.5479452054794,238.4931506849314,237.1666666666666,238.2916666666666,239.3442622950819,239.5652173913043,238.9806451612903,237.9999999999999
242.6111111111111,240.8290598290598,237.5068493150684,238.6164383561643,237.2499999999999,238.3333333333333,239.3934426229508,239.6086956521739,238.974193548387,237.9999999999999
242.7222222222222,240.7863247863247,237.4657534246575,238.7397260273972,237.3333333333333,238.3749999999999,239.4426229508196,239.6521739130434,238.9677419354838,237.9999999999999
242.7118644067796,240.7435897435897,237.4246575342465,238.8630136986301,237.4166666666666,238.4166666666666,239.4918032786885,239.695652173913,238.9612903225806,237.9999999999999
242.6610169491525,240.7008547008547,237.3835616438355,238.986301369863,237.4999999999999,238.4583333333333,239.5409836065573,239.7391304347826,238.9548387096774,237.9999999999999
242.6101694915254,240.6581196581196,237.3424657534246,239.1095890410958,237.5833333333333,238.4999999999999,239.5901639344262,239.7826086956521,238.9483870967741,237.9999999999999
242.5593220338982,240.6153846153845,237.3013698630137,239.2328767123287,237.6666666666666,238.5416666666666,239.639344262295,239.8260869565217,238.9419354838709,237.9999999999999
242.5084745762711,240.5726495726495,237.2602739726027,239.3561643835616,237.7499999999999,238.5833333333333,239.6885245901639,239.8695652173912,238.9354838709677,237.9999999999999
242.457627118644,240.5299145299145,237.2978723404255,239.4794520547945,237.8333333333333,238.6249999999999,239.7377049180327,239.9130434782608,238.9290322580645,237.9999999999999
242.4067796610169,240.4871794871794,237.3617021276595,239.6027397260273,237.9166666666666,238.6666666666666,239.7118644067796,239.9565217391304,238.9225806451612,237.9999999999999
242.3559322033898,240.4444444444444,237.4255319148936,239.7260273972602,237.9999999999999,238.7083333333333,239.6610169491525,239.9999999999999,238.916129032258,237.9999999999999
242.3050847457627,240.4017094017094,237.4893617021276,239.8493150684931,238.0714285714285,238.7499999999999,239.6101694915254,240.0384615384615,238.9096774193548,237.9999999999999
242.2542372881355,240.3589743589743,237.5531914893616,239.972602739726,238.1428571428571,238.7916666666666,239.5593220338982,240.076923076923,238.9032258064516,237.9999999999999
242.2033898305084,240.3162393162393,237.6170212765957,240.0958904109588,238.2142857142857,238.8333333333333,239.5084745762711,240.1153846153845,238.8967741935484,237.9999999999999
242.1525423728813,240.2735042735042,237.6808510638297,240.2191780821917,238.2857142857142,238.8749999999999,239.457627118644,240.1538461538461,238.8903225806451,237.9999999999999
242.1016949152542,240.2307692307692,237.7446808510638,240.1758241758241,238.3571428571428,238.9166666666666,239.4067796610169,240.1923076923077,238.8838709677419,237.9999999999999
242.050847457627,240.1880341880341,237.8085106382978,240.076923076923,238.4285714285714,238.9583333333333,239.3559322033898,240.2307692307692,238.8774193548387,237.9999999999999
241.9999999999999,240.1452991452991,237.8723404255319,239.9780219780219,238.4999999999999,238.9999999999999,239.3050847457627,240.2692307692307,238.8709677419354,237.9999999999999
241.8749999999999,240.1025641025641,237.9361702127659,239.8791208791208,238.5714285714285,238.9666666666666,239.2542372881355,240.3076923076923,238.8645161290322,238.047619047619
241.7499999999999,240.059829059829,237.9999999999999,239.7802197802197,238.6428571428571,238.9333333333333,239.2033898305084,240.3461538461538,238.858064516129,238.095238095238
241.6249999999999,240.0170940170939,237.9026548672566,239.6813186813186,238.7142857142857,238.8999999999999,239.1525423728813,240.3846153846154,238.8516129032258,238.1428571428571
241.4999999999999,239.9743589743589,237.8053097345132,239.5824175824175,238.7857142857142,238.8666666666666,239.1016949152542,240.4230769230768,238.8451612903225,238.1904761904761
241.3749999999999,239.9316239316239,237.7079646017698,239.4835164835164,238.8571428571428,238.8333333333333,239.0508474576271,240.4615384615384,238.8387096774193,238.2380952380952
241.2499999999999,239.8888888888888,237.6106194690265,239.3846153846153,238.9285714285714,238.8,238.9999999999999,240.4999999999999,238.8322580645161,238.2857142857142
241.1249999999999,239.8461538461538,237.5132743362831,239.2857142857142,238.9999999999999,238.7666666666666,238.8888888888889,240.5384615384615,238.8258064516128,238.3333333333333
240.9999999999999,239.8034188034188,237.4159292035398,239.1868131868131,238.9374999999999,238.7333333333333,238.7777777777777,240.576923076923,238.8193548387096,238.3809523809524
240.8749999999999,239.7606837606837,237.3185840707964,239.087912087912,238.8749999999999,238.6999999999999,238.6666666666666,240.6153846153846,238.8129032258064,238.4285714285714
240.7499999999999,239.7199999999999,237.221238938053,238.9890109890109,238.8124999999999,238.6666666666666,238.5555555555555,240.6538461538461,238.8064516129032,238.4761904761904
240.6249999999999,239.6799999999999,237.1238938053096,238.8901098901098,238.7499999999999,238.6333333333333,238.4444444444444,240.6923076923077,238.8,238.5238095238095
240.4999999999999,239.6399999999999,237.0265486725663,238.7912087912087,238.6874999999999,238.6,238.3333333333333,240.7307692307692,238.7935483870967,238.5714285714285
240.3749999999999,239.5999999999999,236.9292035398229,238.6923076923076,238.6249999999999,238.5666666666666,238.2222222222221,240.7692307692307,238.7870967741935,238.6190476190476
240.2499999999999,239.5599999999999,236.8318584070796,238.5934065934065,238.5624999999999,238.5333333333333,238.111111111111,240.8076923076922,238.7806451612903,238.6666666666666
240.1249999999999,239.52,236.7345132743362,238.4945054945054,238.4999999999999,238.4999999999999,237.9999999999999,240.8461538461538,238.774193548387,238.7142857142857
239.9999999999999,239.48,236.6371681415929,238.3956043956044,238.4374999999999,238.4666666666666,237.8888888888888,240.8846153846153,238.7677419354838,238.7619047619047
239.9285714285714,239.4399999999999,236.5398230088495,238.2967032967032,238.3749999999999,238.4333333333333,237.7777777777777,240.9230769230769,238.7612903225806,238.8095238095237
239.8571428571428,239.3999999999999,236.4424778761062,238.1978021978021,238.3042467451952,238.3999999999999,237.6666666666666,240.9615384615384,238.7548387096774,238.8571428571428
239.7857142857142,239.36,236.3451327433628,238.098901098901,238.2118722876627,238.3666666666666,237.5555555555555,240.9999999999999,238.6874999999999,238.9047619047618
239.7142857142857,239.3199999999999,236.2477876106194,237.9999999999999,238.1194978301301,238.3333333333333,237.4444444444444,240.8888888888888,238.4374999999999,238.9523809523809
239.6428571428571,239.2799999999999,236.150442477876,237.9806451612903,238.0271233725976,238.3,237.3333333333333,240.7777777777777,238.1874999999999,238.9999999999999
239.5714285714285,239.2399999999999,236.0530973451327,237.9612903225806,237.934748915065,238.2666666666666,237.2222222222221,240.6666666666666,237.9374999999999,238.8965517241379
239.4999999999999,239.1999999999999,235.9557522123893,237.9419354838709,237.8423744575325,238.2333333333333,237.1111111111111,240.5555555555555,237.6874999999999,238.7931034482758
239.4285714285714,239.1599999999999,235.858407079646,237.9225806451612,237.7499999999999,238.2,237,240.4444444444444,237.4374999999999,238.6896551724137
239.3571428571428,239.1199999999999,235.7610619469026,237.9032258064516,237.7499999999999,238.1666666666666,237.1333333333333,240.3333333333333,237.1874999999999,238.5862068965517
239.2857142857142,239.08,235.6637168141592,237.8838709677419,237.7499999999999,238.1333333333333,237.2666666666666,240.2222222222222,236.9374999999999,238.4827586206896
239.2142857142857,239.0399999999999,235.5663716814159,237.8645161290322,237.7499999999999,238.0999999999999,237.3999999999999,240.1111111111111,236.6874999999999,238.3793103448275
239.1428571428571,238.9999999999999,235.4690265486725,237.8451612903225,237.7499999999999,238.0666666666666,237.5333333333333,240,236.4374999999999,238.2758620689655
239.0714285714285,238.9333333333333,235.3716814159291,237.8258064516128,237.7499999999999,238.0333333333333,237.6666666666666,239.8888888888888,236.1874999999999,238.1724137931034
238.9999999999999,238.8666666666666,235.2743362831858,237.8064516129032,237.7499999999999,237.9999999999999,237.8,239.7777777777777,235.9374999999999,238.0689655172413
238.9999999999999,238.8,235.4642857142857,237.7870967741935,237.7499999999999,237.9615384615384,237.9333333333333,239.6666666666666,235.7738095238095,237.9655172413792
238.9999999999999,238.7333333333333,235.7499999999999,237.7677419354838,237.7499999999999,237.9230769230769,238.0666666666666,239.5555555555555,235.8690476190476,237.8620689655172
238.9999999999999,238.6666666666666,236.0357142857142,237.7483870967741,237.7777777777777,237.8846153846153,238.1999999999999,239.4444444444444,235.9642857142856,237.7586206896551
238.9999999999999,238.5999999999999,236.2465753424657,237.7290322580644,237.8333333333333,237.8461538461538,238.3333333333333,239.3333333333333,236.0595238095237,237.6551724137931
238.9999999999999,238.5333333333333,236.2328767123287,237.7096774193548,237.8888888888888,237.8076923076922,238.4666666666666,239.2222222222222,236.1547619047618,237.551724137931
238.9999999999999,238.4666666666666,236.2191780821917,237.6903225806451,237.9444444444444,237.7692307692307,238.6,239.1111111111111,236.2499999999999,237.4482758620689
238.9999999999999,238.3999999999999,236.2054794520548,237.6709677419354,237.9999999999999,237.7307692307692,238.7333333333333,238.9999999999999,236.345238095238,237.3448275862068
238.9999999999999,238.3333333333333,236.1917808219177,237.6516129032257,237.9870129870129,237.6923076923076,238.8666666666666,238.8888888888888,236.4404761904761,237.2413793103448
238.9999999999999,238.2666666666666,236.1780821917807,237.6322580645161,237.9740259740259,237.6538461538461,238.9999999999999,238.7777777777777,236.5357142857142,237.1379310344827
238.9999999999999,238.1999999999999,236.1643835616438,237.6129032258064,237.9610389610389,237.6153846153846,238.9411764705882,238.6666666666666,236.6309523809524,237.0344827586206
238.9999999999999,238.1333333333333,236.1506849315068,237.5935483870967,237.9480519480519,237.576923076923,238.8823529411764,238.5555555555555,236.7261904761904,236.9310344827585
238.9999999999999,238.0666666666666,236.1369863013698,237.574193548387,237.9350649350649,237.5384615384615,238.8235294117646,238.4444444444444,236.8035714285714,236.8275862068965
238.9999999999999,237.9999999999999,236.1232876712328,237.5548387096774,237.9220779220778,237.4999999999999,238.7647058823529,238.3333333333333,236.8749999999999,236.7241379310344
238.8135593220339,237.9333333333333,236.1095890410958,237.5354838709677,237.9090909090908,237.4615384615384,238.7058823529411,238.2222222222222,236.9464285714285,236.6206896551724
238.6271186440678,237.8666666666666,236.0958904109588,237.516129032258,237.8961038961039,237.4230769230769,238.6470588235293,238.111111111111,237.0178571428571,236.5172413793103
238.4406779661016,237.7999999999999,236.0821917808219,237.4967741935483,237.8831168831168,237.3846153846153,238.5882352941176,237.9999999999999,237.0892857142857,236.4137931034482
238.2542372881355,237.7333333333333,236.0684931506849,237.4774193548387,237.8701298701298,237.3461538461538,238.5294117647058,237.9411764705882,237.1607142857142,236.3103448275862
238.0677966101695,237.6666666666666,236.0547945205479,237.458064516129,237.8571428571428,237.3076923076923,238.4705882352941,237.8823529411764,237.2321428571428,236.2068965517241
237.8813559322033,237.6,236.0410958904109,237.4387096774193,237.8441558441558,237.2692307692307,238.4117647058823,237.8235294117646,237.3035714285714,236.103448275862
237.6949152542372,237.5333333333333,236.0273972602739,237.4193548387096,237.8311688311688,237.2307692307692,238.3529411764706,237.7647058823529,237.3749999999999,235.9999999999999
237.5084745762711,237.4666666666666,236.0136986301369,237.3999999999999,237.8181818181818,237.1923076923077,238.2941176470588,237.7058823529411,237.4464285714285,235.9583333333333
237.3220338983051,237.3999999999999,235.9999999999999,237.3806451612903,237.8051948051947,237.1538461538461,238.235294117647,237.6470588235294,237.5178571428571,235.9166666666666
237.1355932203389,237.3333333333333,235.9565217391304,237.3612903225806,237.7922077922078,237.1153846153846,238.1764705882352,237.5882352941176,237.5892857142857,235.8749999999999
236.9491525423728,237.2666666666666,235.9130434782608,237.3419354838709,237.7792207792207,237.076923076923,238.1176470588235,237.5294117647058,237.6607142857142,235.8333333333333
236.7627118644068,237.1999999999999,235.8695652173912,237.3225806451612,237.7662337662337,237.0384615384615,238.0588235294117,237.4705882352941,237.7321428571428,235.7916666666666
236.5762711864406,237.1333333333333,235.8260869565217,237.3032258064516,237.7532467532467,236.9999999999999,237.9999999999999,237.4117647058823,237.5454545454545,235.7499999999999
236.3898305084745,237.0666666666666,235.7826086956521,237.2838709677419,237.7304347826086,236.9615384615384,237.9846153846153,237.3529411764705,237.2727272727272,235.7083333333333
236.2314814814814,236.9999999999999,235.7391304347825,237.2645161290322,237.7043478260869,236.9230769230768,237.9692307692307,237.2941176470588,236.9999999999999,235.6666666666666
236.1574074074074,236.9230769230769,235.695652173913,237.2391304347826,237.6782608695652,236.8846153846153,237.9538461538461,237.235294117647,236.7272727272727,235.6249999999999
236.0833333333333,236.8461538461538,235.6521739130434,237.195652173913,237.6521739130434,236.8461538461538,237.9384615384615,237.1764705882352,236.4545454545454,235.5833333333333
236.0092592592592,236.7692307692307,235.6086956521739,237.1521739130434,237.6260869565217,236.8076923076923,237.9230769230768,237.1176470588235,236.24,235.5416666666666
235.9351851851851,236.6923076923076,235.5652173913043,237.1086956521739,237.5999999999999,236.7692307692307,237.9076923076923,237.0588235294117,236.1999999999999,235.4999999999999
235.8611111111111,236.6153846153846,235.5217391304347,237.0652173913043,237.5739130434782,236.7337398373983,237.8923076923076,236.9999999999999,236.16,235.4583333333333
235.787037037037,236.5384615384615,235.4782608695652,237.0217391304347,237.5478260869565,236.7012195121951,237.876923076923,236.9411764705882,236.1199999999999,235.4166666666666
235.7129629629629,236.4615384615384,235.4347826086956,236.9782608695652,237.5217391304347,236.6686991869918,237.8615384615384,236.8823529411764,236.0799999999999,235.3749999999999
235.6388888888888,236.3846153846153,235.391304347826,236.9347826086956,237.495652173913,236.6361788617886,237.8461538461538,236.8235294117646,236.04,235.3333333333333
235.5648148148148,236.3076923076922,235.3478260869564,236.891304347826,237.4695652173913,236.6036585365853,237.8307692307692,236.7647058823529,235.9999999999999,235.2916666666666
235.4907407407407,236.2307692307692,235.3043478260869,236.8478260869564,237.4434782608695,236.5711382113821,237.8153846153845,236.7058823529411,235.9599999999999,235.2499999999999
235.4166666666666,236.1538461538461,235.2608695652173,236.8043478260869,237.4173913043478,236.5386178861788,237.8,236.6470588235294,235.9199999999999,235.2083333333333
235.3425925925926,236.076923076923,235.2173913043478,236.7608695652173,237.391304347826,236.5060975609755,237.7846153846153,236.5882352941176,235.88,235.1666666666666
235.2685185185185,235.9999999999999,235.1739130434782,236.7124999999999,237.3652173913043,236.4735772357723,237.7692307692307,236.5294117647058,235.84,235.1249999999999
235.2978723404255,236.047619047619,235.1304347826086,236.6625,237.3391304347826,236.441056910569,237.7538461538461,236.4705882352941,235.8,235.0833333333333
235.3617021276595,236.095238095238,235.0869565217391,236.6125,237.3130434782608,236.4085365853658,237.7241379310344,236.4117647058823,235.7599999999999,235.0416666666666
235.4255319148936,236.1428571428571,235.0434782608695,236.5624999999999,237.2869565217391,236.3760162601625,237.6896551724137,236.3529411764705,235.72,234.9999999999999
235.4893617021276,236.1904761904761,234.9999999999999,236.5124999999999,237.2608695652173,236.3434959349593,237.6551724137931,236.2941176470588,235.6799999999999,234.9285714285714
235.5531914893616,236.2380952380952,234.9999999999999,236.4624999999999,237.2347826086956,236.310975609756,237.6206896551724,236.235294117647,235.64,234.8571428571428
235.6170212765957,236.2857142857142,234.9999999999999,236.4125,237.2086956521738,236.2784552845528,237.5862068965516,236.1764705882352,235.5999999999999,234.7857142857142
235.6808510638297,236.3333333333333,234.9999999999999,236.3625,237.1826086956521,236.2459349593495,237.551724137931,236.1176470588235,235.5599999999999,234.7142857142857
235.7446808510638,236.3809523809524,234.9999999999999,236.3124999999999,237.1565217391304,236.2134146341463,237.5172413793103,236.0588235294117,235.52,234.6428571428571
235.8085106382978,236.4285714285713,234.9999999999999,236.2625,237.1304347826086,236.180894308943,237.4827586206896,235.9999999999999,235.48,234.5714285714285
235.8723404255319,236.4761904761904,234.9999999999999,236.2,237.1043478260869,236.1483739837398,237.4482758620689,235.9032258064516,235.4399999999999,234.4999999999999
235.9361702127659,236.5238095238095,234.9999999999999,236.1333333333333,237.0782608695652,236.1158536585365,237.4137931034482,235.8064516129032,235.4,234.4285714285714
235.9999999999999,236.5714285714285,234.9999999999999,236.0666666666666,237.0521739130434,236.0833333333333,237.3793103448276,235.7096774193548,235.2569754278484,234.3571428571428
235.9142857142857,236.6190476190476,234.9999999999999,235.9999999999999,237.0260869565217,236.05081300813,237.3448275862069,235.6129032258064,235.0785776120396,234.2857142857142
235.8285714285714,236.6666666666666,234.9999999999999,235.9333333333333,236.9999999999999,236.0182926829268,237.3103448275862,235.516129032258,234.9001797962309,234.2142857142857
235.7428571428571,236.7142857142857,234.9999999999999,235.8666666666666,236.9333333333333,235.9857723577235,237.2758620689655,235.4193548387096,234.7217819804222,234.1428571428571
235.6571428571428,236.7619047619047,234.9999999999999,235.8,236.8666666666666,235.9532520325203,237.2413793103448,235.3225806451612,234.5433841646134,234.0714285714285
235.5714285714285,236.8095238095237,234.9999999999999,235.7333333333333,236.8,235.920731707317,237.2068965517241,235.2258064516129,234.3649863488046,233.9999999999999
235.4857142857142,236.8571428571428,234.9999999999999,235.6666666666666,236.7333333333333,235.8882113821138,237.1724137931034,235.1290322580645,234.1865885329959,233.9285714285714
235.3999999999999,236.9047619047619,234.9999999999999,235.5999999999999,236.6666666666666,235.8556910569105,237.1379310344827,235.032258064516,234.0081907171871,233.8571428571428
235.3142857142857,236.9523809523809,234.9999999999999,235.5333333333333,236.6,235.8231707317073,237.103448275862,234.9354838709677,233.8297929013784,233.7857142857142
235.2799999999999,236.9999999999999,234.9999999999999,235.4666666666666,236.5333333333332,235.790650406504,237.0689655172413,234.8387096774193,233.6513950855696,233.7142857142857
235.3999999999999,236.9246569258782,234.9444444444444,235.3999999999999,236.4666666666666,235.7581300813007,237.0344827586206,234.7419354838709,233.4729972697609,233.6428571428571
235.5199999999999,236.8493138517564,234.8888888888888,235.3333333333333,236.3999999999999,235.6666666666666,236.9999999999999,234.6451612903225,233.2945994539521,233.5714285714285
235.6399999999999,236.7739707776346,234.8333333333333,235.2666666666666,236.3333333333333,235.5555555555555,236.9047619047618,234.5483870967741,233.1796874999999,233.4999999999999
235.7599999999999,236.6986277035128,234.7777777777777,235.1999999999999,236.2666666666666,235.4444444444444,236.8095238095238,234.4516129032257,233.0859374999999,233.4285714285714
235.8799999999999,236.6232846293911,234.7222222222222,235.1333333333333,236.1999999999999,235.3333333333333,236.7142857142857,234.3548387096774,232.9921874999999,233.3571428571428
235.9999999999999,236.5479415552693,234.6666666666666,235.0666666666666,236.1333333333333,235.2222222222221,236.6190476190476,234.258064516129,232.8984374999999,233.2857142857142
236.0461538461538,236.4725984811475,234.6111111111111,234.9999999999999,236.0666666666666,235.111111111111,236.5238095238095,234.1612903225806,232.8046874999999,233.2142857142857
236.0923076923077,236.3972554070258,234.5555555555555,234.9444444444444,235.9999999999999,234.9999999999999,236.4285714285714,234.0645161290322,232.7109374999999,233.1428571428571
236.1384615384615,236.321912332904,234.4999999999999,234.8888888888888,235.9333333333333,234.8888888888888,236.3333333333333,233.9677419354838,232.6171874999999,233.0714285714285
236.1846153846153,236.2465692587822,234.4444444444444,234.8333333333333,235.8666666666666,234.7777777777777,236.2380952380952,233.8709677419354,232.5234374999999,232.9999999999999
236.2307692307692,236.1712261846604,234.3888888888888,234.7777777777777,235.8,234.6666666666666,236.1428571428571,233.774193548387,232.4296874999999,232.9142857142857
236.276923076923,236.0958831105387,234.3333333333333,234.7222222222222,235.7333333333333,234.5555555555555,236.047619047619,233.6774193548387,232.3359374999999,232.8285714285714
236.3230769230769,236.0205400364169,234.2777777777777,234.6666666666666,235.6666666666666,234.4444444444444,235.9523809523809,233.5806451612902,232.2421874999999,232.7428571428571
236.3692307692307,235.9451969622951,234.2222222222222,234.6111111111111,235.5999999999999,234.3333333333333,235.8571428571428,233.4838709677419,232.1484374999999,232.6571428571428
236.4153846153845,235.8698538881734,234.1666666666666,234.5555555555555,235.5333333333333,234.2222222222222,235.7619047619047,233.3870967741935,232.0546874999999,232.5714285714286
236.4615384615384,235.7945108140516,234.1111111111111,234.4999999999999,235.4666666666666,234.1111111111111,235.6666666666666,233.2903225806451,231.9609374999999,232.4857142857142
236.5076923076923,235.7191677399298,234.0555555555555,234.4444444444444,235.3999999999999,233.9999999999999,235.5714285714285,233.1935483870967,231.8671874999999,232.4
236.5538461538461,235.6393107878676,233.9999999999999,234.3888888888888,235.3333333333333,233.9217391304347,235.4761904761904,233.0967741935483,231.7734374999999,232.3142857142857
236.6,235.5428807415225,234.054945054945,234.3333333333333,235.2666666666666,233.8434782608695,235.3809523809523,232.9999999999999,231.6973684210526,232.2285714285714
236.6461538461538,235.4464506951773,234.10989010989,234.2777777777777,235.1999999999999,233.7652173913043,235.2857142857142,232.9230769230768,231.6271929824561,232.1428571428571
236.6923076923076,235.3500206488322,234.1648351648351,234.2222222222222,235.1333333333333,233.6869565217391,235.1904761904761,232.8461538461538,231.5570175438596,232.0571428571428
236.7384615384615,235.253590602487,234.2197802197801,234.1666666666666,235.0666666666666,233.6086956521739,235.095238095238,232.7692307692307,231.4868421052631,231.9714285714285
236.7090909090909,235.1571605561419,234.2747252747252,234.1111111111111,234.9999999999999,233.5304347826086,234.9999999999999,232.6923076923077,231.4166666666666,231.8857142857142
236.6545454545454,235.0607305097967,234.3296703296703,234.0555555555555,234.9090909090908,233.4521739130434,234.9090909090908,232.6153846153846,231.3464912280701,231.8
236.6,234.9643004634515,234.3846153846153,233.9999999999999,234.8181818181818,233.3739130434782,234.8181818181818,232.5384615384615,231.2763157894736,231.7142857142857
236.5454545454545,234.8678704171064,234.4395604395604,234.0218978102189,234.7272727272727,233.295652173913,234.7272727272727,232.4615384615384,231.2061403508771,231.6285714285714
236.490909090909,234.7714403707612,234.4945054945055,234.0437956204379,234.6363636363636,233.2173913043478,234.6363636363636,232.3846153846154,231.1359649122807,231.5428571428571
236.4363636363636,234.6750103244161,234.5494505494505,234.0656934306569,234.5454545454545,233.1391304347825,234.5454545454544,232.3076923076922,231.0657894736842,231.4571428571428
236.3818181818181,234.5785802780709,234.6043956043955,234.0875912408759,234.4545454545454,233.0608695652173,234.4545454545454,232.2307692307692,230.9956140350877,231.3714285714285
236.3272727272727,234.4821502317257,234.6593406593406,234.1094890510948,234.3636363636363,232.9826086956521,234.3636363636363,232.1538461538461,230.9254385964912,231.2857142857142
236.2727272727272,234.3857201853806,234.7142857142857,234.1313868613138,234.2727272727272,232.9043478260869,234.2727272727272,232.076923076923,230.8552631578947,231.2
236.2181818181818,234.2892901390354,234.7692307692307,234.1532846715328,234.1818181818181,232.8260869565217,234.1818181818181,231.9999999999999,230.7850877192982,231.1142857142856
236.1636363636363,234.1928600926903,234.8241758241758,234.1751824817518,234.090909090909,232.7478260869565,234.090909090909,231.9230769230768,230.7149122807017,231.0285714285714
236.1090909090908,234.0964300463451,234.8791208791208,234.1970802919707,234,232.6695652173912,233.9999999999999,231.8461538461538,230.6447368421052,230.9428571428571
236.0545454545454,233.9999999999999,234.9340659340659,234.2189781021897,233.9090909090908,232.591304347826,233.8888888888888,231.7692307692307,230.5745614035087,230.8571428571428
235.9999999999999,233.9999999999999,234.9890109890109,234.2408759124087,233.8181818181818,232.5130434782608,233.7777777777777,231.6923076923076,230.5043859649122,230.7714285714285
235.9090909090908,233.9999999999999,235.043956043956,234.2627737226277,233.7272727272727,232.4347826086956,233.6666666666666,231.6153846153846,230.4342105263158,230.6857142857142
235.8181818181817,233.9999999999999,235.098901098901,234.2846715328467,233.6363636363636,232.3565217391304,233.5555555555555,231.5384615384615,230.3640350877192,230.6
235.7272727272727,233.9999999999999,235.1538461538461,234.3065693430657,233.5454545454545,232.2782608695651,233.4444444444444,231.4615384615384,230.2938596491227,230.5142857142856
235.6363636363636,233.9999999999999,235.2087912087912,234.3284671532846,233.4545454545454,232.2,233.3333333333333,231.3846153846153,230.2236842105263,230.4285714285714
235.5454545454545,233.9999999999999,235.2361111111111,234.3503649635036,233.3636363636363,232.1217391304347,233.2222222222222,231.3076923076923,230.1535087719298,230.3428571428571
235.4545454545454,233.9999999999999,235.1805555555555,234.3722627737226,233.2727272727272,232.0434782608695,233.1111111111111,231.2307692307692,230.0833333333333,230.2571428571428
235.3636363636363,233.9999999999999,235.1249999999999,234.3941605839416,233.1818181818181,231.9652173913043,232.9999999999999,231.1538461538461,230.0131578947368,230.1714285714285
235.2727272727272,233.9999999999999,235.0694444444444,234.4160583941605,233.090909090909,231.8869565217391,232.8888888888888,231.076923076923,229.9429824561403,230.0857142857142
235.1818181818181,233.9999999999999,235.0138888888888,234.4379562043795,232.9999999999999,231.8086956521739,232.7777777777777,230.9999999999999,229.8728070175438,229.9999999999999
235.090909090909,233.9999999999999,234.9583333333333,234.4598540145985,232.9090909090908,231.7267441860464,232.6666666666666,230.9230769230769,229.8026315789473,229.8499999999999
234.9999999999999,233.9999999999999,234.9027777777777,234.4817518248175,232.8181818181818,231.6337209302325,232.5555555555555,230.8461538461538,229.7179487179487,229.6999999999999
234.9090909090908,233.9999999999999,234.8472222222221,234.5036496350364,232.7272727272727,231.5406976744185,232.4444444444444,230.7692307692307,229.5897435897435,229.5499999999999
234.8181818181818,233.9999999999999,234.7916666666666,234.5255474452554,232.6363636363636,231.4476744186046,232.3333333333333,230.6923076923076,229.4615384615384,229.4
234.719298245614,233.9999999999999,234.7361111111111,234.5474452554744,232.5454545454545,231.3546511627906,232.2222222222222,230.6153846153846,229.3333333333333,229.2499999999999
234.5964912280701,233.9353052479269,234.6805555555555,234.5693430656934,232.4545454545454,231.2616279069767,232.1111111111111,230.5384615384615,229.2051282051281,229.0999999999999
234.4736842105262,233.8706104958539,234.6249999999999,234.5912408759123,232.3636363636363,231.1686046511627,231.9999999999999,230.4615384615384,229.076923076923,228.9499999999999
234.3508771929824,233.8059157437809,234.5694444444444,234.6131386861313,232.2727272727272,231.0755813953488,231.9213483146067,230.3846153846153,228.9487179487179,228.8
234.2280701754385,233.7412209917079,234.5138888888888,234.6350364963503,232.1818181818181,230.9825581395348,231.8426966292134,230.3076923076923,228.8205128205128,228.65
234.1052631578947,233.6765262396349,234.4583333333333,234.6569343065693,232.090909090909,230.8895348837209,231.7640449438202,230.2307692307692,228.6923076923076,228.4999999999999
233.9824561403508,233.6118314875619,234.4027777777777,234.6788321167883,231.9999999999999,230.7965116279069,231.6853932584269,230.1538461538461,228.5641025641025,228.3499999999999
233.859649122807,233.5471367354889,234.3472222222222,234.7007299270072,231.9333333333333,230.703488372093,231.6067415730336,230.076923076923,228.4358974358974,228.1999999999999
233.7368421052631,233.4824419834159,234.2916666666666,234.7226277372262,231.8666666666666,230.610465116279,231.5280898876404,229.9999999999999,228.3076923076923,228.0499999999999
233.6140350877193,233.4177472313429,234.2291666666666,234.7445255474452,231.8,230.5174418604651,231.4494382022471,229.8518518518518,228.1794871794871,227.8999999999999
233.4912280701754,233.3530524792699,234.1458333333333,234.6499999999999,231.7333333333333,230.4244186046511,231.3707865168539,229.7037037037036,228.051282051282,227.7499999999999
233.3684210526315,233.2883577271969,234.0624999999999,234.5166666666666,231.6666666666666,230.3313953488372,231.2921348314606,229.5555555555555,227.9230769230769,227.5999999999999
233.2456140350877,233.2236629751239,233.9791666666666,234.3833333333333,231.6,230.2383720930232,231.2134831460673,229.4074074074073,227.7948717948717,227.45
233.1228070175438,233.1589682230508,233.8958333333333,234.2499999999999,231.5333333333333,230.1453488372092,231.1348314606741,229.2592592592592,227.6666666666666,227.3
232.9999999999999,233.0942734709778,233.8124999999999,234.1166666666666,231.4666666666666,230.0523255813953,231.0561797752808,229.1111111111111,227.5384615384615,227.1499999999999
232.8620689655172,233.1153179190752,233.7291666666666,233.9833333333333,231.3999999999999,229.9593023255813,230.9775280898876,228.9629629629629,227.4102564102564,226.9999999999999
232.7241379310344,233.156936416185,233.6458333333333,233.85,231.3333333333333,229.8662790697674,230.8988764044943,228.8148148148148,227.2820512820512,226.8421052631579
232.5862068965517,233.1985549132948,233.5624999999999,233.7166666666666,231.2666666666666,229.7732558139534,230.8202247191011,228.6666666666666,227.1325301204818,226.6842105263157
232.4482758620689,233.2401734104046,233.4791666666666,233.5833333333333,231.1999999999999,229.7245762711864,230.7415730337078,228.5185185185185,226.9759036144578,226.5263157894736
232.3103448275862,233.2817919075144,233.3958333333333,233.4499999999999,231.1333333333333,229.6906779661016,230.6629213483145,228.3703703703703,226.8192771084337,226.3684210526315
232.1724137931034,233.3234104046243,233.3124999999999,233.3166666666666,231.0666666666666,229.6567796610169,230.5842696629213,228.2222222222222,226.6626506024096,226.2105263157894
232.0344827586206,233.3650289017341,233.2291666666666,233.1833333333333,230.9999999999999,229.6228813559322,230.505617977528,228.074074074074,226.5060240963855,226.0526315789473
231.8965517241379,233.4066473988439,233.1458333333333,233.05,230.9333333333333,229.5889830508474,230.4269662921348,227.9259259259259,226.3493975903614,225.8947368421052
231.7586206896551,233.4482658959537,233.0624999999999,232.9166666666666,230.8666666666666,229.5550847457627,230.3483146067415,227.7777777777777,226.1927710843373,225.7368421052631
231.6206896551724,233.4898843930636,232.9791666666666,232.7833333333333,230.8,229.5211864406779,230.2696629213482,227.6296296296296,226.0361445783132,225.578947368421
231.4827586206896,233.5315028901734,232.8958333333333,232.6666666666666,230.7333333333333,229.4872881355932,230.1521739130434,227.4814814814814,225.8795180722891,225.4210526315789
231.3448275862069,233.5731213872832,232.8124999999999,232.5555555555555,230.6666666666666,229.4533898305084,230.0217391304347,227.3333333333333,225.722891566265,225.2631578947368
231.2068965517241,233.614739884393,232.7339449541284,232.4444444444444,230.5999999999999,229.4194915254237,229.891304347826,227.1851851851851,225.5662650602409,225.1052631578947
231.0689655172413,233.6563583815029,232.6697247706421,232.3333333333333,230.5333333333332,229.3855932203389,229.7608695652173,227.037037037037,225.4096385542168,224.9473684210526
230.9310344827585,233.6979768786126,232.6055045871559,232.2222222222222,230.4666666666666,229.3516949152542,229.6304347826086,226.8888888888888,225.2530120481927,224.7894736842105
230.7931034482758,233.7395953757225,232.5412844036697,232.1111111111111,230.3999999999999,229.3177966101695,229.4999999999999,226.7407407407407,225.0963855421686,224.6315789473684
230.655172413793,233.6923076923076,232.4770642201835,231.9999999999999,230.3333333333333,229.2838983050847,229.3695652173913,226.5925925925926,224.9397590361446,224.4736842105262
230.5172413793103,233.6153846153846,232.4128440366972,231.8888888888888,230.2666666666666,229.2499999999999,229.2391304347826,226.4444444444444,224.7831325301204,224.3157894736842
230.3793103448275,233.5384615384615,232.348623853211,231.7777777777777,230.1999999999999,229.2161016949152,229.1086956521739,226.2962962962962,224.6265060240963,224.157894736842
230.2413793103448,233.4615384615384,232.2844036697247,231.6666666666666,230.1333333333333,229.1822033898305,228.9782608695651,226.1481481481481,224.4698795180722,223.9999999999999
230.103448275862,233.3846153846153,232.2201834862385,231.5555555555555,230.0666666666666,229.1483050847457,228.8478260869564,225.9999999999999,224.3132530120481,223.8571428571428
229.9655172413792,233.3076923076923,232.1559633027522,231.4444444444444,229.9999999999999,229.114406779661,228.7333333333333,225.8695652173913,224.156626506024,223.7142857142857
229.8275862068965,233.2307692307692,232.091743119266,231.3333333333333,229.9259259259259,229.0805084745762,228.6666666666666,225.7391304347826,223.9999999999999,223.5714285714285
229.6896551724137,233.1538461538461,232.0275229357798,231.2222222222222,229.8518518518518,229.0466101694915,228.6,225.6086956521739,223.8571428571428,223.4285714285714
229.551724137931,233.076923076923,231.9633027522935,231.1111111111111,229.7777777777777,229.0127118644067,228.5333333333333,225.4782608695652,223.7142857142857,223.2857142857142
229.4137931034482,232.9999999999999,231.8990825688073,230.9999999999999,229.7037037037036,228.978813559322,228.4666666666666,225.3478260869564,223.5714285714285,223.1428571428571
229.2758620689655,232.8727668979065,231.8348623853211,230.9444444444444,229.6296296296296,228.9449152542372,228.3999999999999,225.2173913043478,223.4285714285714,222.9999999999999
229.1379310344827,232.7455337958131,231.7706422018348,230.8888888888888,229.5555555555555,228.9110169491525,228.3333333333333,225.0869565217391,223.2857142857142,222.8571428571428
228.9999999999999,232.6183006937196,231.7064220183486,230.8333333333333,229.4814814814814,228.8771186440678,228.2666666666666,224.9565217391304,223.1428571428571,222.7142857142856
228.9523809523809,232.4910675916262,231.6422018348623,230.7777777777777,229.4074074074073,228.843220338983,228.2,224.8260869565217,222.9999999999999,222.5714285714285
228.9047619047619,232.3638344895328,231.5779816513761,230.7222222222222,229.3333333333333,228.8093220338982,228.1333333333333,224.695652173913,222.8571428571428,222.4285714285714
228.8571428571428,232.2366013874394,231.5137614678898,230.6666666666666,229.2592592592592,228.7754237288135,228.0666666666666,224.5652173913043,222.7142857142857,222.2857142857142
228.8095238095238,232.1093682853459,231.4495412844036,230.6111111111111,229.1851851851851,228.7216981132075,227.9999999999999,224.4347826086956,222.5714285714285,222.1428571428571
228.7619047619047,231.9821351832525,231.3853211009174,230.5555555555555,229.1111111111111,228.6084905660377,227.8749999999999,224.3043478260869,222.4285714285714,221.9999999999999
228.7142857142857,231.8549020811591,231.3211009174311,230.4999999999999,229.037037037037,228.4952830188679,227.7499999999999,224.1739130434782,222.2857142857142,221.8571428571428
228.6666666666666,231.7276689790656,231.2568807339449,230.4444444444444,228.9629629629629,228.3820754716981,227.6249999999999,224.0434782608695,222.1428571428571,221.7142857142857
228.6190476190476,231.6004358769722,231.1926605504586,230.3888888888889,228.8888888888888,228.2688679245283,227.4999999999999,223.9130434782608,221.9999999999999,221.5714285714285
228.5714285714285,231.4732027748788,231.1284403669724,230.3333333333333,228.8148148148147,228.1556603773584,227.3749999999999,223.7826086956521,221.9019607843137,221.4285714285714
228.5238095238095,231.3438839990973,231.0642201834862,230.2777777777777,228.7407407407407,228.0424528301886,227.2499999999999,223.6521739130434,221.8039215686274,221.2857142857142
228.4761904761904,231.2010268562402,230.9999999999999,230.2222222222222,228.6666666666666,227.9292452830188,227.1249999999999,223.5217391304347,221.7058823529411,221.1428571428571
228.4285714285714,231.058169713383,230.9555555555555,230.1666666666666,228.5925925925925,227.816037735849,226.9999999999999,223.391304347826,221.6078431372549,220.9999999999999
228.3809523809523,230.9153125705259,230.911111111111,230.111111111111,228.5185185185184,227.7028301886792,226.8749999999999,223.2608695652173,221.5098039215686,220.7619047619047
228.3333333333333,230.7724554276687,230.8666666666666,230.0555555555555,228.4444444444444,227.5896226415094,226.7499999999999,223.1304347826086,221.4117647058823,220.5238095238095
228.2857142857142,230.6295982848116,230.8222222222222,229.9999999999999,228.3703703703703,227.4764150943396,226.6249999999999,222.9999999999999,221.313725490196,220.2857142857142
228.2380952380952,230.4867411419544,230.7777777777777,229.9268292682926,228.2962962962962,227.3632075471698,226.4999999999999,222.7837837837837,221.2156862745097,220.047619047619
228.1904761904761,230.3438839990973,230.7333333333333,229.8536585365853,228.2222222222222,227.2499999999999,226.3749999999999,222.5675675675675,221.1176470588235,219.8095238095237
228.1428571428571,230.2010268562402,230.6888888888888,229.780487804878,228.1481481481481,227.1367924528301,226.2499999999999,222.3513513513513,221.0196078431372,219.5714285714285
228.095238095238,230.058169713383,230.6444444444444,229.7073170731707,228.074074074074,227.0235849056603,226.1249999999999,222.1351351351351,220.9215686274509,219.3333333333333
228.047619047619,229.9153125705259,230.6,229.6341463414633,227.9999999999999,226.9103773584905,225.9999999999999,221.9189189189188,220.8235294117646,219.095238095238
227.9999999999999,229.7724554276687,230.5555555555555,229.560975609756,227.9259259259259,226.7971698113207,225.8148148148148,221.7027027027027,220.6538461538461,218.8571428571428
227.9999999999999,229.635663507109,230.5111111111111,229.4878048780487,227.8518518518518,226.6839622641509,225.6296296296296,221.4864864864864,220.2692307692307,218.6190476190476
227.9999999999999,229.5523301737757,230.4666666666666,229.4146341463414,227.7777777777777,226.5707547169811,225.4444444444444,221.2702702702702,219.8846153846153,218.3809523809523
227.9999999999999,229.4689968404424,230.4222222222222,229.3414634146341,227.7037037037036,226.4575471698112,225.2592592592592,221.054054054054,219.4999999999999,218.1428571428571
227.9999999999999,229.3856635071091,230.3777777777777,229.2682926829268,227.6296296296296,226.3443396226415,225.074074074074,220.8378378378378,219.2076640348488,217.9047619047619
227.9999999999999,229.3023301737757,230.3333333333333,229.2499999999999,227.5555555555555,226.2311320754717,224.8888888888888,220.6216216216216,218.9185270895725,217.6666666666666
227.9999999999999,229.2189968404424,230.2888888888888,229.2499999999999,227.4814814814814,226.1179245283018,224.7199999999999,220.4054054054054,218.6293901442962,217.4285714285714
227.9999999999999,229.135663507109,230.2444444444444,229.2499999999999,227.4074074074073,226.004716981132,224.5999999999999,220.1891891891892,218.3402531990199,217.1904761904761
227.9999999999999,229.0523301737757,230.2,229.2499999999999,227.3333333333333,225.8915094339622,224.48,219.9729729729729,218.0511162537435,216.9523809523809
227.9999999999999,228.9689968404424,230.1555555555555,229.2499999999999,227.2592592592592,225.7783018867924,224.36,219.7567567567567,217.7619793084671,216.7142857142857
227.9999999999999,228.8856635071091,230.111111111111,229.2499999999999,227.1851851851851,225.576923076923,224.24,219.5405405405405,217.4728423631908,216.4761904761904
227.9999999999999,228.8023301737757,230.0666666666666,229.2499999999999,227.1111111111111,225.3461538461538,224.1199999999999,219.3243243243243,217.1837054179145,216.2380952380952
227.9999999999999,228.7189968404424,230.0222222222222,229.2499999999999,227.037037037037,225.1153846153846,223.9999999999999,219.108108108108,216.8945684726381,215.9999999999999
