311,313,314,313.2055555555556,311,311,308,305.1818181818182,297.7558139534884,290
311,312.972972972973,313.9473684210527,313.1166666666667,310.9615384615385,310.9756097560976,307.9090909090909,305.0454545454546,297.7674418604651,290.0909090909091
311,312.9459459459459,313.8947368421053,313.0277777777778,310.923076923077,310.9512195121952,307.8181818181818,304.9090909090909,297.7790697674419,290.1818181818182
311,312.9189189189189,313.8421052631579,312.9388888888889,310.8846153846154,310.9268292682926,307.7272727272727,304.7727272727273,297.7906976744186,290.2727272727273
311,312.8918918918919,313.7894736842105,312.85,310.8461538461538,310.9024390243902,307.6363636363636,304.6363636363636,297.8023255813953,290.3636363636364
311,312.8648648648649,313.7368421052632,312.7611111111111,310.8076923076923,310.8780487804878,307.5454545454546,304.5,297.8139534883721,290.4545454545454
311,312.8378378378378,313.6842105263158,312.6722222222222,310.7692307692307,310.8536585365854,307.4545454545454,304.3636363636364,297.8255813953488,290.5454545454545
311,312.8108108108108,313.6315789473684,312.5833333333333,310.7307692307693,310.829268292683,307.3636363636364,304.2272727272727,297.8372093023256,290.6363636363636
311,312.7837837837838,313.578947368421,312.4944444444444,310.6923076923077,310.8048780487805,307.2727272727273,304.0909090909091,297.8488372093023,290.7272727272727
311,312.7567567567568,313.5263157894737,312.4055555555555,310.6538461538461,310.7804878048781,307.1818181818181,303.9903995501044,297.860465116279,290.8181818181819
311,312.7297297297297,313.4736842105264,312.3166666666667,310.6153846153846,310.7560975609756,307.0909090909091,304.0184644636067,297.8720930232558,290.9090909090909
311,312.7027027027027,313.421052631579,312.2321428571428,310.5769230769231,310.45,307,304.0465293771089,297.8837209302326,291
311,312.6756756756757,313.3684210526316,312.1607142857143,310.5384615384615,310.05,306.9090909090909,304.0745942906111,297.8953488372093,291.0909090909091
311,312.6486486486486,313.3157894736842,312.0892857142857,310.5,309.6923076923077,306.8181818181818,304.1026592041133,297.9069767441861,291.1818181818182
311,312.6216216216216,313.2631578947369,312.0178571428572,310.4615384615385,309.4615384615385,306.7272727272727,304.1307241176156,297.9186046511628,291.2727272727273
311,312.5945945945946,313.2105263157895,311.9464285714286,310.4230769230769,309.2307692307692,306.6363636363636,304.1587890311177,297.9302325581396,291.3636363636364
311,312.5675675675676,313.1578947368421,311.875,310.3846153846154,309,306.5454545454546,304.18685394462,297.9418604651163,291.4545454545454
311,312.5405405405405,313.1052631578948,311.8035714285714,310.3461538461539,308.9655172413793,306.4545454545454,304.2149188581222,297.953488372093,291.5454545454546
311,312.5135135135135,313.0526315789473,311.7368421052632,310.3076923076923,308.9310344827586,306.3636363636364,304.2429837716244,297.9651162790698,291.6363636363636
311,312.4864864864865,313,311.6842105263158,310.2692307692308,308.896551724138,306.2727272727273,304.1666666666667,297.9767441860465,291.7272727272727
311.448275862069,312.4594594594595,312.955223880597,311.6315789473684,310.2307692307692,308.8620689655172,306.1818181818182,304.0555555555555,297.9883720930233,291.8207547169811
311.8965517241379,312.4324324324324,312.910447761194,311.578947368421,310.1923076923077,308.8275862068966,306.0909090909091,303.9444444444445,298,291.9150943396227
312.3448275862069,312.4054054054054,312.865671641791,311.5263157894736,310.1538461538462,308.7931034482759,306,303.8333333333334,298.0322580645161,292.0094339622642
312.7931034482759,312.3783783783784,312.820895522388,311.4736842105263,310.1153846153846,308.7586206896552,305.952380952381,303.7222222222222,298.0645161290323,292.1037735849056
313.2413793103448,312.3513513513514,312.776119402985,311.421052631579,310.0769230769231,308.7241379310345,305.9047619047619,303.6111111111111,298.0967741935484,292.1981132075472
313.6896551724138,312.3243243243243,312.7313432835821,311.3684210526316,310.0384615384615,308.6896551724138,305.8571428571428,303.5,298.1290322580645,292.2924528301887
314.1379310344828,312.2972972972973,312.6865671641791,311.3157894736842,310,308.6551724137931,305.8095238095238,303.3888888888889,298.1612903225807,292.3867924528302
314.1549295774648,312.2702702702703,312.6417910447761,311.2631578947368,309.95,308.6206896551724,305.7619047619048,303.2777777777778,298.1935483870968,292.4811320754717
314.0281690140845,312.2432432432432,312.5970149253732,311.2105263157895,309.9,308.5862068965517,305.7142857142857,303.15625,298.2258064516129,292.5754716981132
313.9014084507042,312.2162162162163,312.5522388059701,311.1578947368421,309.85,308.551724137931,305.6666666666667,303.03125,298.258064516129,292.6698113207547
313.774647887324,312.1891891891892,312.5074626865672,311.1052631578947,309.8,308.5172413793103,305.6190476190476,302.90625,298.2903225806452,292.7641509433963
313.6478873239437,312.1621621621622,312.4626865671642,311.0526315789474,309.75,308.4827586206897,305.5714285714286,302.78125,298.3225806451613,292.8584905660377
313.5211267605633,312.1351351351352,312.4179104477612,311,309.7,308.448275862069,305.5238095238095,302.866522811344,298.3548387096774,292.9528301886793
313.3943661971831,312.1081081081081,312.3731343283582,310.9142857142857,309.65,308.4137931034483,305.4761904761905,303.0218865598027,298.3870967741935,293.0471698113207
313.2676056338028,312.0810810810811,312.3283582089552,310.8285714285714,309.6,308.3793103448276,305.4285714285714,303.1772503082614,298.4193548387096,293.1415094339623
313.1408450704225,312.0540540540541,312.2835820895523,310.7428571428571,309.55,308.3448275862069,305.3809523809524,303.33261405672,298.4516129032258,293.2358490566038
313.0140845070423,312.027027027027,312.2425249169435,310.6571428571428,309.5,308.3103448275862,305.3333333333334,303.3125,298.483870967742,293.3301886792453
312.887323943662,312,312.2126245847176,310.5714285714286,309.45,308.2758620689655,305.2857142857143,303.25,298.516129032258,293.4245283018868
312.7605633802817,311.9787234042553,312.1827242524917,310.4857142857143,309.4,308.2413793103448,305.2380952380952,303.1875,298.5483870967742,293.5188679245283
312.6338028169014,311.9574468085107,312.1528239202658,310.4,309.35,308.2068965517241,305.1904761904762,303.125,298.5806451612903,293.6132075471698
312.5070422535211,311.9361702127659,312.1229235880399,310.3142857142857,309.3,308.1724137931035,305.1428571428571,303.0625,298.6129032258065,293.7075471698113
312.3802816901409,311.9148936170213,312.093023255814,310.2471910112359,309.25,308.1379310344828,305.0952380952381,303,298.6451612903226,293.8018867924528
312.2535211267606,311.8936170212766,312.063122923588,310.2359550561798,309.2,308.1034482758621,305.047619047619,302.9719626168224,298.6774193548387,293.8962264150943
312.1267605633803,311.8723404255319,312.0332225913621,310.2247191011236,309.15,308.0689655172414,305,302.9439252336448,298.7096774193549,293.9905660377358
312,311.8510638297872,312.0033222591362,310.2134831460674,309.1,308.0344827586207,304.952380952381,302.9158878504672,298.741935483871,294.0849056603773
311.98,311.8297872340426,311.9734219269103,310.2022471910112,309.05,308,304.9047619047619,302.8878504672898,298.7741935483871,294.1792452830189
311.96,311.8085106382979,311.9435215946844,310.191011235955,309,307.8837209302326,304.8571428571429,302.8598130841121,298.8064516129032,294.2614379084968
311.94,311.7872340425532,311.9136212624585,310.1797752808989,308.95,307.7674418604651,304.8095238095239,302.8317757009346,298.8387096774193,294.3071895424837
311.92,311.7659574468085,311.8837209302326,310.1685393258427,308.9,307.6511627906976,304.7619047619048,302.803738317757,298.8709677419355,294.3529411764706
311.9,311.7446808510638,311.8538205980067,310.1573033707865,308.85,307.5348837209302,304.734693877551,302.7757009345794,298.9032258064516,294.3986928104575
311.88,311.7234042553191,311.8239202657807,310.1460674157303,308.8,307.4186046511628,304.7142857142857,302.7476635514018,298.9354838709677,294.4444444444445
311.86,311.7021276595744,311.7940199335548,310.1348314606741,308.75,307.3023255813954,304.6938775510204,302.7196261682243,298.9677419354839,294.4901960784314
311.84,311.6808510638298,311.764119601329,310.123595505618,308.7,307.1860465116279,304.6734693877551,302.6915887850467,299,294.5359477124183
311.8200000000001,311.6595744680851,311.7342192691031,310.1123595505618,308.65,307.0697674418604,304.6530612244898,302.6635514018691,299.0384615384615,294.5816993464052
311.8,311.6382978723404,311.7043189368771,310.1011235955056,308.6,306.953488372093,304.6326530612245,302.6355140186915,299.0769230769231,294.6274509803922
311.78,311.6170212765957,311.6744186046511,310.0898876404494,308.55,306.8372093023256,304.6122448979592,302.607476635514,299.1153846153846,294.6732026143791
311.76,311.5957446808511,311.6445182724252,310.0786516853933,308.5,306.75,304.5918367346939,302.5794392523364,299.1538461538461,294.718954248366
311.74,311.5744680851064,311.6146179401993,310.0674157303371,308.45,306.75,304.5714285714286,302.5514018691589,299.1923076923077,294.7647058823529
311.72,311.5531914893617,311.5847176079734,310.0561797752809,308.4,306.75,304.5510204081633,302.5233644859813,299.2307692307692,294.8104575163399
311.7,311.531914893617,311.5548172757475,310.0449438202247,308.35,306.75,304.530612244898,302.4953271028037,299.2692307692308,294.8562091503268
311.6799999999999,311.5106382978723,311.5249169435216,310.0337078651685,308.3,306.75,304.5102040816327,302.4672897196262,299.3076923076923,294.9019607843137
311.66,311.4893617021277,311.4950166112957,310.0224719101124,308.25,306.75,304.4897959183673,302.4392523364486,299.3461538461538,294.9477124183006
311.64,311.468085106383,311.4651162790698,310.0112359550562,308.2,306.75,304.469387755102,302.411214953271,299.3846153846154,294.9934640522875
311.62,311.4468085106383,311.4352159468439,310,308.15,306.75,304.4489795918367,302.3831775700934,299.4230769230769,295.0392156862745
311.6,311.4255319148936,311.405315614618,309.923076923077,308.1,306.75,304.4285714285714,302.3551401869159,299.4615384615385,295.0849673202614
311.58,311.4042553191489,311.375415282392,309.8461538461539,308.05,306.75,304.4081632653061,302.3271028037383,299.5,295.1307189542484
311.5600000000001,311.3829787234042,311.3455149501661,309.7692307692308,308,306.75,304.3877551020408,302.2990654205608,299.5384615384615,295.1764705882353
311.54,311.3617021276596,311.3156146179402,309.6923076923077,307.9565217391304,306.7352941176471,304.3673469387755,302.2710280373832,299.5769230769231,295.2222222222222
311.52,311.3404255319149,311.2857142857143,309.6153846153846,307.9130434782609,306.7156862745098,304.3469387755102,302.2380952380952,299.6153846153846,295.2679738562092
311.5,311.3191489361702,311.2558139534884,309.5384615384615,307.8695652173913,306.6960784313725,304.3265306122449,302.1904761904761,299.6538461538462,295.3137254901961
311.48,311.2978723404256,311.2259136212625,309.4615384615385,307.8260869565218,306.6764705882353,304.3061224489796,302.1428571428571,299.6923076923077,295.359477124183
311.46,311.2765957446808,311.1960132890366,309.3846153846154,307.7826086956521,306.656862745098,304.2857142857143,302.0952380952381,299.7307692307692,295.4052287581699
311.44,311.2553191489362,311.1661129568107,309.3076923076923,307.7391304347826,306.6372549019608,304.265306122449,302.047619047619,299.7692307692308,295.4509803921569
311.42,311.2340425531915,311.1362126245847,309.2307692307692,307.6956521739131,306.6176470588235,304.2478632478632,302,299.8076923076923,295.4967320261438
311.4,311.2127659574468,311.1063122923588,309.1538461538461,307.6521739130435,306.5980392156862,304.2393162393163,301.952380952381,299.8461538461538,295.5424836601308
311.38,311.1914893617021,311.0764119601329,309.076923076923,307.6086956521739,306.5784313725491,304.2307692307693,301.9047619047619,299.8846153846154,295.5882352941177
311.36,311.1702127659574,311.046511627907,309,307.5652173913044,306.5588235294118,304.2222222222222,301.8571428571429,299.923076923077,295.6339869281046
311.34,311.1489361702128,311.0166112956811,308.9333333333333,307.5217391304348,306.5392156862745,304.2136752136752,301.8095238095238,299.9615384615385,295.6797385620915
311.32,311.1276595744681,310.9867109634552,308.8666666666667,307.4782608695652,306.5196078431372,304.2051282051282,301.7619047619048,300,295.7254901960785
311.3,311.1063829787234,310.9568106312292,308.8,307.4347826086957,306.5,304.1965811965812,301.7142857142857,300.0188679245283,295.7712418300654
311.28,311.0851063829787,310.9269102990033,308.7333333333333,307.3913043478261,306.4803921568628,304.1880341880342,301.6666666666667,300.0377358490566,295.8169934640523
311.26,311.0638297872341,310.8970099667774,308.6666666666667,307.3478260869565,306.4607843137255,304.1794871794872,301.6190476190476,300.0566037735849,295.8627450980392
311.24,311.0425531914893,310.8671096345515,308.6,307.304347826087,306.4411764705882,304.1709401709402,301.5714285714286,300.0754716981132,295.9084967320262
311.22,311.0212765957447,310.8372093023256,308.5333333333334,307.2608695652174,306.421568627451,304.1623931623932,301.5238095238095,300.0943396226415,295.9542483660131
311.2,311,310.8073089700997,308.4666666666666,307.2173913043478,306.4019607843137,304.1538461538462,301.4761904761905,300.1132075471698,296
311.18,310.9538461538461,310.7774086378737,308.4,307.1739130434783,306.3823529411765,304.1452991452991,301.4285714285714,300.1320754716982,296.0714285714286
311.16,310.9076923076923,310.7475083056478,308.3333333333333,307.1304347826087,306.3627450980392,304.1367521367521,301.3809523809524,300.1509433962264,296.1428571428572
311.14,310.8615384615385,310.7176079734219,308.2666666666667,307.0869565217391,306.3431372549019,304.1282051282051,301.3333333333333,300.1698113207547,296.2142857142857
311.12,310.8153846153846,310.687707641196,308.2,307.0434782608696,306.3235294117647,304.1196581196581,301.2857142857143,300.188679245283,296.2857142857143
311.1,310.7692307692308,310.6578073089701,308.1333333333333,307,306.3039215686275,304.1111111111111,301.2482269503546,300.2075471698113,296.3571428571428
311.08,310.7230769230769,310.6279069767442,308.0666666666667,306.9565217391304,306.2843137254902,304.1025641025641,301.241134751773,300.2264150943396,296.4285714285714
311.06,310.6769230769231,310.5980066445183,308,306.9130434782609,306.2647058823529,304.0940170940171,301.2340425531915,300.245283018868,296.5
311.04,310.6307692307693,310.5681063122923,308.1,306.8695652173913,306.2469135802469,304.0854700854701,301.2269503546099,300.2641509433963,296.5714285714286
311.02,310.5846153846154,310.5382059800664,308.2,306.8260869565217,306.2345679012346,304.0769230769231,301.2198581560284,300.2830188679246,296.6428571428572
311,310.5384615384615,310.5083056478405,308.3,306.7826086956522,306.2222222222222,304.068376068376,301.2127659574468,300.3018867924529,296.7142857142857
310.9590643274854,310.4923076923077,310.4784053156146,308.4,306.7391304347826,306.2098765432098,304.059829059829,301.2056737588653,300.3207547169811,296.7857142857143
310.9181286549708,310.4461538461538,310.4485049833887,308.5,306.695652173913,306.1975308641975,304.051282051282,301.1985815602837,300.3396226415094,296.8571428571428
310.8771929824562,310.4,310.4186046511628,308.6,306.6521739130435,306.1851851851852,304.042735042735,301.1914893617021,300.3584905660377,296.9285714285714
310.8362573099415,310.3538461538461,310.3887043189369,308.7,306.6086956521739,306.1728395061728,304.034188034188,301.1843971631206,300.3773584905661,297
310.7953216374269,310.3076923076923,310.3588039867109,308.8,306.5652173913044,306.1604938271605,304.025641025641,301.177304964539,300.3962264150944,297.0714285714286
310.7543859649123,310.2615384615385,310.3289036544851,308.9,306.5217391304348,306.1481481481482,304.0170940170941,301.1702127659574,300.4150943396227,297.1428571428571
310.7134502923977,310.2153846153846,310.2990033222591,309,306.4782608695652,306.1358024691358,304.008547008547,301.1631205673759,300.433962264151,297.2142857142857
310.672514619883,310.1692307692308,310.2691029900332,308.9,306.4347826086956,306.1234567901234,304,301.1560283687943,300.4528301886792,297.2857142857143
310.6315789473684,310.123076923077,310.2392026578073,308.8,306.3913043478261,306.1111111111111,303.98,301.1489361702128,300.4716981132075,297.3571428571429
310.5906432748538,310.0769230769231,310.2093023255814,308.7,306.3478260869565,306.0987654320987,303.96,301.1418439716312,300.4905660377358,297.4285714285714
310.5497076023392,310.0307692307692,310.1794019933555,308.6,306.3043478260869,306.0864197530864,303.94,301.1347517730496,300.5094339622642,297.5
310.5087719298245,309.9846153846154,310.1495016611296,308.5,306.2608695652174,306.0740740740741,303.92,301.1276595744681,300.5283018867925,297.5714285714286
310.46783625731,309.9384615384615,310.1196013289036,308.4,306.2173913043479,306.0617283950617,303.9,301.1205673758865,300.5471698113208,297.6428571428572
310.4269005847953,309.8923076923077,310.0897009966777,308.3,306.1739130434783,306.0493827160494,303.88,301.113475177305,300.566037735849,297.7142857142857
310.3859649122807,309.8461538461538,310.0598006644519,308.2,306.1304347826087,306.0370370370371,303.86,301.1063829787234,300.5849056603773,297.7857142857143
310.3450292397661,309.8,310.0299003322259,308.1,306.0869565217391,306.0246913580247,303.84,301.0992907801418,300.6037735849056,297.8571428571428
310.3040935672515,309.7538461538462,310,308,306.0434782608696,306.0123456790124,303.8200000000001,301.0921985815603,300.6226415094339,297.9285714285714
310.2631578947369,309.7076923076923,309.9565217391304,307.9523809523809,306,306,303.8,301.0851063829787,300.6415094339623,298
310.2222222222222,309.6615384615384,309.9130434782609,307.9047619047619,305.9833333333333,305.962962962963,303.78,301.0780141843971,300.6603773584906,298.0542635658915
310.1812865497076,309.6153846153846,309.8695652173913,307.8571428571428,305.9666666666667,305.9259259259259,303.76,301.0709219858156,300.6792452830189,298.1085271317829
310.140350877193,309.5692307692308,309.8260869565217,307.8095238095238,305.95,305.8888888888889,303.74,301.0638297872341,300.6981132075472,298.1627906976744
310.0994152046784,309.5230769230769,309.7826086956522,307.7619047619048,305.9333333333333,305.8518518518518,303.72,301.0567375886525,300.7169811320755,298.2170542635659
310.0584795321637,309.4769230769231,309.7391304347826,307.7142857142857,305.9166666666667,305.8148148148148,303.7,301.0496453900709,300.7358490566038,298.2713178294574
310.0175438596491,309.4307692307692,309.6956521739131,307.6666666666667,305.9,305.7777777777778,303.6799999999999,301.0425531914894,300.7547169811321,298.3255813953488
309.9766081871345,309.3846153846154,309.6521739130435,307.6190476190476,305.8833333333333,305.7407407407408,303.66,301.0354609929078,300.7735849056604,298.3798449612403
309.9356725146199,309.3384615384615,309.6086956521739,307.5714285714286,305.8666666666667,305.7037037037037,303.64,301.0283687943262,300.7924528301887,298.4341085271318
309.8947368421053,309.2923076923077,309.5652173913044,307.5238095238095,305.85,305.6666666666666,303.62,301.0212765957447,300.811320754717,298.4883720930233
309.8538011695906,309.2461538461538,309.5217391304348,307.4761904761905,305.8333333333333,305.6296296296296,303.6,301.0141843971631,300.8301886792453,298.5426356589147
309.812865497076,309.2,309.4782608695652,307.4285714285714,305.8166666666667,305.5925925925926,303.58,301.0070921985816,300.8490566037736,298.5968992248062
309.7719298245614,309.1538461538461,309.4347826086956,307.3809523809524,305.8,305.5555555555555,303.56,301,300.8679245283019,298.6511627906976
309.7309941520468,309.1076923076923,309.3913043478261,307.3333333333333,305.7833333333333,305.5185185185185,303.54,301.0322580645161,300.8867924528302,298.7054263565891
309.6900584795321,309.0615384615385,309.3478260869565,307.2857142857143,305.7666666666667,305.4814814814815,303.52,301.0645161290323,300.9056603773585,298.7596899224806
309.6491228070175,309.0153846153846,309.304347826087,307.2380952380952,305.75,305.4444444444445,303.5,301.0967741935484,300.9245283018868,298.8139534883721
309.6081871345029,308.9692307692308,309.2608695652174,307.1904761904762,305.7333333333333,305.4074074074074,303.48,301.1290322580645,300.9433962264151,298.8682170542636
309.5672514619883,308.9230769230769,309.2173913043478,307.1428571428571,305.7166666666667,305.3703703703704,303.46,301.1612903225806,300.9622641509434,298.9224806201551
309.5263157894737,308.876923076923,309.1739130434783,307.0952380952381,305.7,305.3333333333333,303.44,301.1935483870968,300.9811320754717,298.9767441860465
309.485380116959,308.8307692307692,309.1304347826087,307.047619047619,305.6833333333333,305.2962962962963,303.42,301.2258064516129,301,299.031007751938
309.4444444444445,308.7846153846154,309.0869565217391,307,305.6666666666667,305.2592592592592,303.4,301.258064516129,301.0277777777777,299.0852713178294
309.4035087719298,308.7361111111111,309.0434782608696,306.8695652173913,305.65,305.2429906542056,303.38,301.2903225806451,301.0555555555556,299.1395348837209
309.3625730994152,308.6805555555555,309,306.7391304347826,305.6333333333333,305.2336448598131,303.36,301.3225806451613,301.0833333333333,299.1937984496124
309.3216374269006,308.625,308.974358974359,306.6086956521739,305.6166666666667,305.2242990654206,303.34,301.3548387096774,301.1111111111111,299.2480620155039
309.280701754386,308.5694444444445,308.9487179487179,306.4782608695652,305.6,305.214953271028,303.32,301.3870967741935,301.1388888888889,299.3023255813953
309.2291666666666,308.5138888888889,308.9230769230769,306.3478260869565,305.5833333333333,305.2056074766355,303.3,301.4193548387097,301.1666666666667,299.3565891472868
309.1458333333334,308.4583333333334,308.8974358974359,306.3125000000001,305.5666666666667,305.196261682243,303.28,301.4516129032258,301.1944444444445,299.4108527131783
309.0625,308.4027777777778,308.8717948717949,306.5625,305.55,305.1869158878505,303.26,301.483870967742,301.2222222222222,299.4651162790698
308.9791666666666,308.3472222222222,308.8461538461538,306.8125,305.5333333333333,305.1775700934579,303.24,301.516129032258,301.25,299.5193798449612
308.8958333333334,308.2916666666666,308.8205128205128,307.0625,305.5166666666667,305.1682242990654,303.22,301.5483870967742,301.2777777777778,299.5736434108527
308.8125,308.2361111111111,308.7948717948718,307.3125,305.5,305.1588785046729,303.2,301.5806451612903,301.3055555555555,299.6279069767442
308.7291666666666,308.1805555555555,308.7692307692308,307.5625,305.4833333333333,305.1495327102804,303.18,301.6129032258065,301.3333333333334,299.6821705426357
308.6458333333334,308.125,308.7435897435897,307.7569444444445,305.4666666666667,305.1401869158879,303.16,301.6451612903226,301.3611111111111,299.7364341085271
308.5625,308.0694444444445,308.7179487179487,307.7847222222222,305.45,305.1308411214953,303.14,301.6774193548387,301.3888888888889,299.7864077669903
308.4791666666666,308.0138888888889,308.6923076923077,307.8125,305.4333333333333,305.1214953271028,303.12,301.7096774193549,301.4166666666667,299.8349514563107
308.3958333333334,307.9583333333333,308.6666666666667,307.8402777777778,305.4166666666667,305.1121495327103,303.1,301.741935483871,301.4444444444445,299.8834951456311
308.3125,307.9027777777778,308.6410256410256,307.8680555555555,305.4,305.1028037383178,303.08,301.7741935483871,301.4722222222222,299.9320388349515
308.2291666666667,307.8472222222222,308.6153846153846,307.8958333333333,305.3833333333333,305.0934579439252,303.06,301.8064516129032,301.5,299.9805825242718
308.1458333333333,307.7916666666667,308.5897435897436,307.9236111111111,305.3666666666667,305.0841121495327,303.04,301.8387096774194,301.5277777777778,300.0291262135922
308.0625,307.7361111111111,308.5641025641025,307.9513888888889,305.35,305.0747663551402,303.02,301.8709677419355,301.5555555555555,300.0776699029126
307.9791666666667,307.6805555555555,308.5384615384615,307.9791666666667,305.3333333333333,305.0654205607477,303,301.9032258064516,301.5833333333333,300.126213592233
307.8958333333333,307.625,308.5128205128205,308.0069444444445,305.3166666666667,305.0560747663552,303.0186335403727,301.9354838709677,301.6111111111111,300.1747572815534
307.8125,307.5694444444445,308.4871794871794,308.0347222222222,305.3,305.0467289719626,303.0372670807454,301.9677419354838,301.6388888888889,300.2233009708738
307.7291666666667,307.5138888888889,308.4615384615385,308.0625,305.2833333333334,305.0373831775701,303.055900621118,302,301.6666666666667,300.2718446601942
307.6458333333333,307.4583333333333,308.4358974358975,308.0902777777778,305.2666666666667,305.0280373831775,303.0745341614907,302.0414201183432,301.6944444444445,300.3203883495146
307.5625,307.4027777777778,308.4102564102564,308.1180555555555,305.25,305.018691588785,303.0931677018634,302.0828402366864,301.7222222222222,300.3689320388349
307.4791666666667,307.3472222222222,308.3846153846154,308.1458333333334,305.2333333333333,305.0093457943925,303.111801242236,302.1242603550296,301.75,300.4174757281554
307.3958333333333,307.2916666666667,308.3589743589744,308.1736111111111,305.2166666666666,305,303.1304347826087,302.1656804733727,301.7777777777778,300.4660194174758
307.3125,307.2361111111111,308.3333333333333,308.2013888888889,305.2,304.923076923077,303.1490683229814,302.207100591716,301.8055555555555,300.5145631067961
307.2291666666666,307.1805555555555,308.3076923076923,308.2291666666666,305.1833333333333,304.8461538461539,303.1677018633541,302.2485207100592,301.8333333333334,300.5631067961165
307.1458333333334,307.125,308.2820512820513,308.2222222222222,305.1666666666667,304.7692307692308,303.1863354037267,302.2899408284024,301.8611111111111,300.6116504854369
307.0625,307.0694444444445,308.2564102564103,308.1111111111111,305.15,304.6923076923077,303.2049689440994,302.3313609467456,301.8888888888889,300.6601941747573
306.9791666666666,307.0138888888889,308.2307692307692,308,305.1333333333333,304.6153846153846,303.2236024844721,302.3727810650888,301.9166666666667,300.7087378640776
306.8958333333334,306.9583333333333,308.2051282051282,307.8888888888889,305.1166666666667,304.5384615384615,303.2422360248447,302.4142011834319,301.9444444444445,300.7572815533981
306.8125,306.9027777777778,308.1794871794872,307.7777777777778,305.1,304.4615384615385,303.2608695652174,302.4556213017752,301.9722222222222,300.8058252427185
306.7291666666666,306.8472222222222,308.1538461538461,307.6666666666667,305.0833333333333,304.3846153846154,303.27950310559,302.4970414201184,302,300.8543689320388
306.6458333333334,306.7916666666667,308.1282051282051,307.5555555555555,305.0666666666667,304.3076923076923,303.2981366459628,302.5384615384615,302.0133333333333,300.9029126213592
306.5625,306.7361111111111,308.1025641025641,307.4444444444445,305.05,304.2307692307692,303.3167701863354,302.5798816568047,302.0266666666667,300.9514563106796
306.4791666666666,306.6805555555555,308.0769230769231,307.3333333333333,305.0333333333333,304.1538461538461,303.3354037267081,302.6213017751479,302.04,301
306.3958333333334,306.625,308.051282051282,307.2359550561798,305.0166666666667,304.0769230769231,303.3540372670807,302.6627218934912,302.0533333333333,300.9876543209876
306.3125,306.5694444444445,308.025641025641,307.1797752808989,305,304,303.3726708074534,302.7041420118343,302.0666666666667,300.9753086419753
306.2291666666666,306.5138888888889,308,307.123595505618,304.9782608695652,304,303.3913043478261,302.7455621301775,302.08,300.9629629629629
306.1458333333334,306.4583333333333,307.9791666666666,307.0674157303371,304.9565217391304,304,303.4099378881988,302.7869822485207,302.0933333333334,300.9506172839506
306.0625,306.4027777777778,307.9583333333334,307.0112359550562,304.9347826086957,304,303.4285714285714,302.8284023668639,302.1066666666667,300.9382716049383
305.9791666666666,306.3472222222222,307.9375,306.9550561797753,304.9130434782609,304,303.4472049689441,302.8698224852071,302.12,300.9259259259259
305.8958333333334,306.2916666666667,307.9166666666666,306.8988764044944,304.8913043478261,304,303.4658385093168,302.9112426035503,302.1333333333333,300.9135802469136
305.8125,306.2380952380952,307.8958333333334,306.8426966292135,304.8695652173913,304,303.4844720496894,302.9526627218935,302.1466666666666,300.9012345679013
305.7291666666666,306.1904761904762,307.875,306.7865168539325,304.8478260869565,304,303.5031055900621,302.9940828402367,302.16,300.8888888888889
305.6458333333334,306.1428571428571,307.8541666666666,306.7303370786517,304.8260869565217,304.0625,303.5217391304348,303.0355029585799,302.1733333333333,300.8765432098766
305.5625,306.0952380952381,307.8333333333334,306.6741573033707,304.804347826087,304.125,303.5403726708075,303.0769230769231,302.1866666666667,300.8641975308642
305.4791666666666,306.047619047619,307.8125,306.6179775280899,304.7826086956522,304.1875,303.5590062111801,303.1183431952663,302.2,300.8518518518518
305.3958333333334,306,307.7916666666666,306.561797752809,304.7608695652174,304.25,303.5776397515528,303.1597633136095,302.2133333333334,300.8395061728395
305.3125,305.952380952381,307.7708333333334,306.5056179775281,304.7391304347826,304.3125,303.5962732919255,303.2011834319526,302.2266666666667,300.8271604938271
305.2376237623762,305.9047619047619,307.75,306.4494382022472,304.7173913043478,304.375,303.6149068322982,303.2426035502958,302.24,300.8148148148148
305.1881188118812,305.8571428571429,307.7291666666667,306.3932584269663,304.695652173913,304.4375,303.6335403726708,303.2840236686391,302.2555555555555,300.8024691358025
305.1386138613861,305.8095238095238,307.7083333333333,306.3370786516854,304.6739130434783,304.5,303.6521739130435,303.3254437869822,302.2777777777778,300.7901234567901
305.0891089108911,305.7619047619048,307.6875,306.2808988764045,304.6521739130435,304.5625,303.6708074534162,303.3668639053254,302.3,300.7777777777778
305.039603960396,305.7142857142857,307.6666666666667,306.2247191011236,304.6304347826087,304.625,303.6894409937888,303.4082840236686,302.3222222222223,300.7654320987654
304.990099009901,305.6666666666667,307.6458333333333,306.1685393258427,304.6086956521739,304.6875,303.7080745341615,303.4497041420119,302.3444444444444,300.7530864197531
304.940594059406,305.6190476190476,307.625,306.1123595505618,304.5869565217391,304.75,303.7267080745341,303.491124260355,302.3666666666667,300.7582417582418
304.8910891089109,305.5714285714286,307.6041666666667,306.0561797752809,304.5652173913044,304.8125,303.7453416149068,303.5325443786982,302.3888888888889,300.7692307692308
304.8415841584158,305.5238095238095,307.5833333333333,306,304.5434782608695,304.875,303.75,303.5739644970414,302.4111111111112,300.7802197802198
304.7920792079208,305.4761904761905,307.5625,305.9589041095891,304.5217391304348,304.9375,303.75,303.6153846153846,302.4333333333333,300.7912087912088
304.7425742574258,305.4285714285714,307.5416666666666,305.9178082191781,304.5,305,303.75,303.6568047337278,302.4555555555556,300.8021978021978
304.6930693069307,305.3809523809524,307.5208333333334,305.8767123287671,304.4782608695652,304.75,303.75,303.698224852071,302.4777777777778,300.8131868131868
304.6435643564357,305.3333333333333,307.5,305.8356164383562,304.4565217391304,304.5,303.75,303.7396449704142,302.5,300.8241758241758
304.5940594059406,305.2857142857143,307.4791666666666,305.7945205479452,304.4347826086956,304.25,303.75,303.7310924369748,302.5222222222222,300.8351648351648
304.5445544554456,305.2380952380952,307.4583333333334,305.7534246575343,304.4130434782609,304,303.75,303.7058823529412,302.5444444444445,300.8461538461539
304.4950495049505,305.1904761904761,307.4375,305.7123287671233,304.3913043478261,303.75,303.75,303.6806722689076,302.5666666666667,300.8571428571428
304.4455445544555,305.1428571428572,307.4166666666666,305.6712328767123,304.3695652173913,303.5,303.75,303.655462184874,302.5888888888888,300.8681318681319
304.3960396039604,305.0952380952381,307.3958333333333,305.6301369863014,304.3478260869565,303.25,303.75,303.6302521008403,302.6111111111111,300.8791208791209
304.3465346534654,305.0476190476191,307.375,305.5890410958904,304.3260869565217,303,303.75,303.6050420168067,302.6333333333333,300.8901098901099
304.2970297029703,305,307.3541666666667,305.5479452054794,304.304347826087,303.047619047619,303.75,303.5798319327731,302.6555555555556,300.9010989010989
304.2475247524752,304.9575757575757,307.3333333333333,305.5068493150685,304.2826086956522,303.0952380952381,303.75,303.5546218487395,302.6777777777778,300.9120879120879
304.1980198019802,304.9151515151515,307.3125,305.4657534246575,304.2608695652174,303.1428571428572,303.75,303.5294117647059,302.7,300.9230769230769
304.1485148514852,304.8727272727273,307.2916666666667,305.4246575342466,304.2391304347826,303.1904761904762,303.75,303.5042016806723,302.7222222222222,300.9340659340659
304.0990099009901,304.8303030303031,307.2708333333333,305.3835616438356,304.2173913043478,303.2380952380952,303.75,303.4789915966387,302.7444444444445,300.9450549450549
304.049504950495,304.7878787878788,307.25,305.3424657534247,304.1956521739131,303.2857142857143,303.75,303.453781512605,302.7565217391304,300.9560439560439
304,304.7454545454545,307.2291666666667,305.3013698630137,304.1739130434783,303.3333333333334,303.75,303.4285714285714,302.7652173913043,300.967032967033
303.952380952381,304.7030303030303,307.2083333333333,305.2602739726027,304.1521739130435,303.3809523809524,303.75,303.4033613445378,302.7739130434783,300.978021978022
303.9047619047619,304.660606060606,307.1875,305.2291666666667,304.1304347826087,303.4285714285714,303.75,303.3781512605042,302.7826086956521,300.9890109890109
303.8571428571429,304.6181818181818,307.1666666666667,305.2013888888889,304.1086956521739,303.4761904761905,303.75,303.3529411764706,302.7913043478261,301
303.8095238095238,304.5757575757576,307.1458333333333,305.1736111111111,304.0869565217391,303.5238095238095,303.75,303.327731092437,302.8,301.010989010989
303.7619047619048,304.5333333333334,307.125,305.1458333333333,304.0652173913043,303.5714285714286,303.75,303.3025210084033,302.8086956521739,301.021978021978
303.7142857142857,304.4909090909091,307.1041666666667,305.1180555555555,304.0434782608696,303.6190476190476,303.75,303.2773109243698,302.8173913043478,301.032967032967
303.6666666666666,304.4484848484848,307.0833333333333,305.0902777777778,304.0217391304348,303.6666666666666,303.75,303.2521008403361,302.8260869565217,301.043956043956
303.6190476190476,304.4060606060606,307.0625,305.0625,304,303.7142857142857,303.75,303.2268907563025,302.8347826086957,301.0549450549451
303.5714285714286,304.3636363636364,307.0416666666667,305.0347222222222,303.8750000000001,303.7619047619048,303.75,303.2016806722689,302.8434782608695,301.0659340659341
303.5238095238095,304.3212121212121,307.0208333333333,305.0069444444445,303.7499999999999,303.8095238095238,303.75,303.1764705882353,302.8521739130434,301.0769230769231
303.4761904761905,304.2787878787879,307,304.9791666666666,303.625,303.8571428571429,303.75,303.1512605042017,302.8608695652174,301.0879120879121
303.4285714285714,304.2363636363636,306.9523809523809,304.9513888888889,303.5,303.9047619047619,303.7443609022556,303.126050420168,302.8695652173913,301.0989010989011
303.3809523809524,304.1939393939394,306.9047619047619,304.9236111111111,303.375,303.952380952381,303.7218045112782,303.1008403361345,302.8782608695652,301.1098901098901
303.3333333333333,304.1515151515151,306.8571428571429,304.8958333333333,303.25,304,303.6992481203008,303.0756302521008,302.8869565217391,301.1208791208791
303.2857142857143,304.1090909090909,306.8095238095238,304.8680555555555,303.125,303.9126213592233,303.6766917293233,303.0504201680673,302.895652173913,301.1318681318681
303.2327586206897,304.0666666666667,306.7619047619048,304.8402777777778,303,303.8252427184466,303.6541353383458,303.0252100840336,302.904347826087,301.1428571428571
303.1637931034483,304.0242424242424,306.7142857142857,304.8125,302.875,303.7378640776699,303.6315789473684,303,302.9130434782609,301.1538461538462
303.0948275862069,303.9818181818182,306.6666666666667,304.7847222222222,302.75,303.6504854368932,303.6090225563909,303.0566037735849,302.9217391304348,301.1648351648352
303.0258620689655,303.9393939393939,306.6190476190476,304.7569444444445,302.625,303.5631067961165,303.5864661654135,303.1132075471698,302.9304347826087,301.1758241758242
302.9568965517241,303.8969696969697,306.5714285714286,304.6666666666666,302.5,303.4757281553398,303.5639097744361,303.1698113207547,302.9391304347826,301.1868131868132
302.8879310344828,303.8545454545455,306.5238095238095,304.5555555555555,302.375,303.3883495145631,303.5413533834586,303.2264150943396,302.9478260869565,301.1978021978022
302.8189655172414,303.8121212121212,306.4761904761905,304.4444444444445,302.25,303.3009708737864,303.5187969924812,303.2830188679245,302.9565217391304,301.2087912087912
302.75,303.769696969697,306.4285714285714,304.3333333333333,302.125,303.2135922330097,303.4962406015038,303.3396226415094,302.9652173913043,301.2197802197802
302.6810344827586,303.7272727272727,306.3809523809524,304.2222222222222,302,303.1262135922329,303.4736842105263,303.3962264150944,302.9739130434783,301.2307692307692
302.6120689655172,303.6848484848485,306.3333333333334,304.1111111111111,301.875,303.0388349514563,303.4511278195489,303.4528301886793,302.9826086956522,301.2417582417582
302.5431034482759,303.6424242424242,306.2857142857143,304,301.75,302.9514563106796,303.4285714285714,303.5094339622642,302.9913043478261,301.2470588235295
302.4741379310345,303.6,306.2380952380952,303.9333333333333,301.625,302.8640776699029,303.406015037594,303.5660377358491,303,301.235294117647
302.4051724137931,303.5575757575758,306.1904761904762,303.8666666666667,301.5,302.7766990291262,303.3834586466165,303.6226415094339,302.9583333333333,301.2235294117647
302.3362068965517,303.5151515151515,306.1428571428572,303.8,301.375,302.6893203883495,303.3609022556391,303.6792452830189,302.9166666666667,301.2117647058824
302.2672413793103,303.4727272727272,306.0952380952381,303.7333333333333,301.25,302.6019417475728,303.3383458646616,303.7358490566038,302.875,301.2
302.198275862069,303.430303030303,306.047619047619,303.6666666666667,301.125,302.5145631067961,303.3157894736842,303.7302631578947,302.8333333333333,301.1882352941176
302.1293103448276,303.3878787878788,306,303.6,301,302.4271844660194,303.2932330827068,303.703947368421,302.7916666666667,301.1764705882352
302.0603448275862,303.3454545454545,305.962962962963,303.5333333333334,300.8947368421053,302.3398058252427,303.2706766917293,303.6776315789473,302.75,301.164705882353
301.9913793103448,303.3030303030303,305.9259259259259,303.4666666666666,300.7894736842105,302.252427184466,303.2481203007519,303.6513157894737,302.7083333333333,301.1529411764706
301.9224137931035,303.2606060606061,305.8888888888889,303.4,300.6842105263158,302.1650485436893,303.2255639097745,303.625,302.6666666666667,301.1411764705882
301.8534482758621,303.2317073170731,305.8518518518518,303.3333333333334,300.578947368421,302.0776699029126,303.203007518797,303.5986842105264,302.625,301.1294117647059
301.7844827586207,303.2073170731708,305.8148148148148,303.2666666666667,300.4736842105264,301.9902912621359,303.1804511278195,303.5723684210527,302.5833333333333,301.1176470588235
301.7155172413793,303.1829268292683,305.7777777777778,303.2,300.3684210526316,301.9029126213592,303.1578947368421,303.546052631579,302.5416666666667,301.1058823529412
301.6465517241379,303.1585365853659,305.7407407407408,303.1333333333333,300.2631578947368,301.8155339805825,303.1353383458647,303.5197368421053,302.5,301.0941176470589
301.5775862068966,303.1341463414634,305.7037037037037,303.0666666666667,300.1578947368421,301.7411764705882,303.1127819548872,303.4934210526316,302.4583333333333,301.0823529411765
301.5086206896552,303.109756097561,305.6666666666667,303,300.0526315789474,301.7058823529412,303.0902255639098,303.4671052631579,302.4166666666667,301.0705882352941
301.4396551724138,303.0853658536585,305.6296296296297,302.9333333333333,299.9473684210526,301.6705882352941,303.0676691729323,303.4407894736842,302.375,301.0588235294118
301.3706896551724,303.0609756097561,305.5925925925926,302.8666666666667,299.8421052631579,301.635294117647,303.0451127819549,303.4144736842105,302.3333333333333,301.0470588235294
301.301724137931,303.0365853658537,305.5555555555555,302.8,299.7368421052632,301.6,303.0225563909775,303.3881578947368,302.2916666666667,301.0352941176471
301.2327586206897,303.0121951219512,305.5185185185185,302.74,299.6315789473684,301.5647058823529,303,303.3618421052632,302.25,301.0235294117647
301.1637931034483,302.9878048780488,305.4814814814815,302.7,299.5263157894736,301.5294117647059,303,303.3355263157895,302.2083333333333,301.0117647058823
301.0948275862069,302.9634146341463,305.4444444444445,302.66,299.421052631579,301.4941176470588,303,303.3092105263158,302.1666666666667,301
301.0258620689655,302.9390243902439,305.4074074074074,302.62,299.3157894736842,301.4588235294118,303,303.2828947368421,302.125,300.9782608695652
300.9568965517241,302.9146341463414,305.3703703703704,302.58,299.2105263157895,301.4235294117647,303,303.2565789473684,302.0833333333333,300.9565217391304
300.8879310344827,302.890243902439,305.3333333333333,302.54,299.1052631578947,301.3882352941176,303,303.25,302.0416666666667,300.9347826086957
300.8189655172414,302.8658536585366,305.2962962962963,302.5,299,301.3529411764706,303,303.25,302,300.9130434782609
300.75,302.8414634146341,305.2592592592592,302.46,299.08,301.3176470588235,303,303.25,302,300.8913043478261
300.6810344827586,302.8170731707317,305.2222222222222,302.42,299.16,301.2823529411764,303,303.25,302,300.8695652173913
300.6120689655172,302.7926829268293,305.1851851851852,302.38,299.24,301.2470588235294,303,303.25,302,300.8478260869565
300.5431034482759,302.7682926829269,305.1481481481482,302.34,299.32,301.2117647058823,303,303.25,302,300.8260869565217
300.4741379310345,302.7238095238095,305.1111111111111,302.3,299.4,301.1764705882353,303,303.25,302,300.8043478260869
300.4051724137931,302.6190476190476,305.0740740740741,302.26,299.48,301.1411764705882,303,303.25,302,300.7826086956522
300.3362068965517,302.5142857142857,305.0370370370371,302.25,299.56,301.1058823529412,303,303.25,302,300.7608695652174
300.2672413793103,302.4095238095238,305,302.25,299.64,301.0705882352941,303,303.25,302,300.7391304347826
300.1828358208955,302.3047619047619,304.9620253164557,302.25,299.72,301.035294117647,303,303.25,302,300.7173913043479
300.0932835820896,302.2,304.9240506329114,302.25,299.8,301,303,303.25,302,300.6956521739131
300.0037313432836,302.0952380952381,304.8860759493671,302.25,299.88,300.9924812030076,303,303.25,302,300.6739130434783
299.9141791044776,301.9904761904762,304.8481012658228,302.25,299.96,300.984962406015,303,303.25,302,300.6521739130435
299.8246268656716,301.8857142857142,304.8101265822785,302.25,300.04,300.9774436090226,303,303.25,302,300.6304347826087
299.7350746268657,301.7809523809524,304.7721518987341,302.25,300.12,300.9699248120301,303,303.25,302,300.6086956521739
299.6455223880597,301.6761904761905,304.7341772151899,302.25,300.2,300.9624060150376,303,303.25,302,300.5869565217391
299.5559701492538,301.5714285714286,304.6962025316456,302.25,300.28,300.9548872180451,303,303.25,302,300.5652173913044
299.4664179104478,301.4666666666667,304.6582278481013,302.25,300.36,300.9473684210526,303,303.25,302,300.5434782608696
299.3768656716418,301.3619047619047,304.620253164557,302.25,300.44,300.9398496240602,303,303.25,302,300.5217391304348
299.2873134328358,301.2571428571429,304.5822784810126,302.25,300.52,300.9323308270677,303,303.25,302,300.5
299.1977611940299,301.152380952381,304.5443037974683,302.25,300.6,300.9248120300752,303,303.25,302,300.4782608695652
299.1082089552239,301.047619047619,304.506329113924,302.25,300.68,300.9172932330827,302.972972972973,303.25,302,300.4565217391304
299.0186567164179,300.9428571428571,304.4683544303797,302.265625,300.76,300.9097744360902,302.9459459459459,303.25,302,300.4347826086956
298.9291044776119,300.8380952380952,304.4303797468355,302.328125,300.84,300.9022556390977,302.9189189189189,303.25,302,300.4130434782609
298.839552238806,300.7333333333333,304.3924050632912,302.390625,300.92,300.8947368421053,302.8918918918919,303.25,302,300.3913043478261
298.75,300.6285714285714,304.3544303797469,302.453125,301,300.8872180451128,302.8648648648649,303.2121212121212,301.96,300.3695652173913
298.660447761194,300.5238095238095,304.3164556962025,302.515625,300.9772727272727,300.8796992481203,302.8378378378378,303.1616161616162,301.92,300.3478260869565
298.5708955223881,300.4190476190476,304.2784810126582,302.578125,300.9545454545454,300.8721804511278,302.8108108108108,303.1111111111111,301.88,300.3260869565217
298.4813432835821,300.3142857142857,304.2288732394366,302.640625,300.9318181818182,300.8646616541353,302.7837837837837,303.0606060606061,301.84,300.3043478260869
298.3917910447761,300.2095238095238,304.1443661971831,302.703125,300.9090909090909,300.8571428571429,302.7567567567568,303.010101010101,301.8,300.2826086956522
298.3022388059701,300.1047619047619,304.0598591549296,302.765625,300.8863636363636,300.8496240601504,302.7297297297297,302.959595959596,301.76,300.2608695652174
298.2126865671642,300,303.9753521126761,302.828125,300.8636363636364,300.8421052631579,302.7027027027027,302.9090909090909,301.72,300.2391304347826
298.1231343283582,299.9395973154363,303.8908450704225,302.890625,300.8409090909091,300.8345864661654,302.6756756756757,302.8585858585859,301.68,300.2173913043478
298.0335820895522,299.8791946308725,303.806338028169,302.953125,300.8181818181818,300.8270676691729,302.6486486486486,302.8080808080808,301.64,300.1956521739131
297.9440298507463,299.8187919463087,303.7218309859155,303.015625,300.7954545454545,300.8195488721805,302.6216216216216,302.7575757575758,301.6,300.1739130434783
297.8544776119403,299.758389261745,303.637323943662,303.078125,300.7727272727273,300.812030075188,302.5945945945946,302.7070707070707,301.56,300.1521739130435
297.7649253731344,299.6979865771812,303.5528169014084,303.140625,300.75,300.8045112781955,302.5675675675676,302.6565656565657,301.52,300.1304347826087
297.6753731343284,299.6375838926174,303.4683098591549,303.203125,300.7272727272727,300.796992481203,302.5405405405406,302.6060606060606,301.48,300.1086956521739
297.5858208955224,299.5771812080537,303.3838028169014,303.2291666666667,300.7045454545455,300.7894736842105,302.5135135135135,302.5555555555555,301.44,300.0869565217391
297.4962686567164,299.5167785234899,303.2992957746479,303.1458333333333,300.6818181818182,300.781954887218,302.4864864864865,302.5050505050505,301.4,300.0652173913044
297.4067164179104,299.4563758389262,303.2147887323944,303.0625,300.6590909090909,300.7744360902255,302.4594594594595,302.4545454545455,301.36,300.0434782608696
297.3171641791045,299.3959731543624,303.1302816901409,302.9791666666666,300.6363636363636,300.7669172932331,302.4324324324324,302.4040404040404,301.32,300.0217391304348
297.2215909090909,299.3355704697987,303.0457746478873,302.8958333333333,300.6136363636364,300.7593984962406,302.4054054054054,302.3535353535353,301.28,300
297.1079545454546,299.2751677852349,302.9612676056338,302.8125,300.5909090909091,300.7518796992481,302.3783783783784,302.3030303030303,301.24,299.9574468085106
296.9943181818182,299.2147651006712,302.8767605633803,302.7291666666667,300.5681818181818,300.7905405405406,302.3513513513514,302.2525252525252,301.2,299.9148936170213
296.8806818181818,299.1543624161074,302.7922535211268,302.6458333333333,300.5454545454545,300.8445945945946,302.3243243243243,302.2020202020202,301.16,299.8723404255319
296.7670454545455,299.0939597315436,302.7077464788732,302.5625,300.5227272727273,300.8986486486486,302.2972972972973,302.1515151515151,301.12,299.8297872340426
296.6534090909091,299.0335570469799,302.6232394366197,302.4791666666666,300.5,300.9527027027027,302.2702702702703,302.1010101010101,301.08,299.7872340425532
296.5397727272727,298.9731543624161,302.5387323943662,302.3958333333334,300.4772727272727,301.0067567567567,302.2432432432432,302.0505050505051,301.04,299.7446808510639
296.4261363636364,298.9127516778524,302.4542253521126,302.3125,300.4545454545455,301.0608108108108,302.2162162162163,302,301,299.7021276595744
296.3125,298.8523489932886,302.3697183098592,302.2291666666666,300.4318181818182,301.1148648648648,302.1891891891892,301.9230769230769,300.944099378882,299.6595744680851
296.1988636363636,298.7919463087248,302.2852112676056,302.1458333333334,300.4090909090909,301.168918918919,302.1621621621622,301.8461538461539,300.888198757764,299.6170212765958
296.0852272727273,298.7315436241611,302.2007042253521,302.0625,300.3863636363636,301.2229729729729,302.1351351351352,301.7692307692308,300.8322981366459,299.5744680851064
295.9715909090909,298.6711409395973,302.1161971830986,301.9791666666666,300.3636363636364,301.277027027027,302.1081081081081,301.6923076923077,300.7763975155279,299.531914893617
295.8579545454545,298.6107382550335,302.0316901408451,301.8958333333334,300.3409090909091,301.3310810810811,302.0810810810811,301.6153846153846,300.72049689441,299.4893617021277
295.7443181818182,298.5503355704698,301.9471830985916,301.8125,300.3181818181818,301.3851351351351,302.0540540540541,301.5384615384615,300.6645962732919,299.4468085106383
295.6306818181818,298.489932885906,301.862676056338,301.719298245614,300.2954545454546,301.4391891891892,302.027027027027,301.4615384615385,300.6086956521739,299.4042553191489
295.5170454545455,298.4295302013423,301.7781690140845,301.5964912280702,300.2727272727273,301.4932432432432,302,301.3846153846154,300.5527950310559,299.3617021276596
295.4034090909091,298.3691275167785,301.693661971831,301.4736842105263,300.25,301.5472972972973,301.9090909090909,301.3076923076923,300.4968944099379,299.3191489361702
295.2897727272727,298.3087248322148,301.6091549295775,301.3508771929825,300.2272727272727,301.6013513513514,301.8181818181819,301.2307692307692,300.4409937888199,299.2765957446809
295.1761363636364,298.248322147651,301.5246478873239,301.2280701754386,300.2045454545454,301.6554054054054,301.7272727272727,301.1538461538461,300.3850931677018,299.2340425531915
295.0625,298.1879194630873,301.4401408450704,301.1052631578947,300.1818181818182,301.7094594594594,301.6363636363636,301.0769230769231,300.3291925465838,299.1914893617021
294.9488636363636,298.1275167785235,301.3556338028169,300.9824561403508,300.1590909090909,301.7049180327869,301.5454545454545,301,300.2732919254659,299.1489361702128
294.8352272727273,298.0671140939597,301.2711267605634,300.859649122807,300.1363636363637,301.5245901639345,301.4545454545455,301,300.2173913043478,299.1063829787234
294.7181818181818,298.006711409396,301.1632653061224,300.7368421052632,300.1136363636363,301.344262295082,301.3636363636364,301,300.1614906832298,299.0638297872341
294.5909090909091,297.9463087248322,301.047619047619,300.6140350877193,300.0909090909091,301.1639344262295,301.2727272727273,301,300.1055900621118,299.0212765957447
294.4636363636363,297.8859060402685,300.9319727891157,300.4912280701755,300.0681818181818,300.983606557377,301.1818181818182,301,300.0496894409938,298.9787234042553
294.3363636363637,297.8255033557047,300.8163265306122,300.3684210526316,300.0454545454546,300.8032786885246,301.0909090909091,301,299.9937888198758,298.9361702127659
294.2090909090909,297.7651006711409,300.7006802721089,300.2456140350877,300.0227272727273,300.6229508196722,301,301,299.9378881987578,298.8936170212766
294.0818181818182,297.5625,300.5850340136054,300.1228070175439,300,300.4426229508197,300.9090909090909,301,299.8819875776397,298.8510638297872
293.9545454545454,297.3125,300.469387755102,300,299.8870967741936,300.2622950819672,300.8181818181818,300.9217391304347,299.8260869565217,298.8085106382979
293.8272727272727,297.0625,300.3537414965987,299.9473684210527,299.7741935483871,300.0819672131148,300.7272727272727,300.8434782608696,299.7701863354038,298.7659574468085
293.7,296.8125,300.2380952380952,299.8947368421053,299.6612903225807,299.9016393442623,300.6363636363636,300.7652173913044,299.7142857142857,298.7234042553191
293.5727272727273,296.5625,300.1224489795918,299.8421052631579,299.5483870967742,299.7213114754098,300.5454545454546,300.6869565217391,299.6583850931677,298.6808510638298
293.4454545454545,296.3125,300.0068027210884,299.7894736842105,299.4354838709677,299.5409836065573,300.4545454545454,300.6086956521739,299.6024844720497,298.6382978723404
293.3181818181818,296.0625,299.8911564625851,299.7368421052631,299.3225806451613,299.3606557377049,300.3636363636364,300.5304347826087,299.5465838509317,298.5957446808511
293.1909090909091,295.8125,299.7755102040817,299.6842105263158,299.2096774193548,299.1803278688525,300.2727272727273,300.4521739130435,299.4906832298137,298.5531914893617
293.0636363636364,295.6805555555555,299.6598639455783,299.6315789473684,299.0967741935484,299,300.1818181818181,300.3739130434783,299.4347826086956,298.5106382978723
292.9363636363636,295.587962962963,299.5442176870748,299.578947368421,298.983870967742,298.95,300.0909090909091,300.2956521739131,299.3788819875776,298.468085106383
292.8090909090909,295.4953703703704,299.4285714285714,299.5263157894737,298.8709677419355,298.9,300,300.2173913043478,299.3229813664596,298.4255319148936
292.6818181818182,295.4027777777778,299.312925170068,299.4736842105264,298.758064516129,298.85,299.9090909090909,300.1391304347826,299.2670807453416,298.3829787234043
292.5545454545455,295.3101851851852,299.1972789115646,299.421052631579,298.6451612903226,298.8,299.8181818181818,300.0608695652173,299.2111801242236,298.3404255319149
292.4272727272727,295.2175925925926,299.0816326530612,299.3684210526316,298.5322580645161,298.75,299.7272727272727,299.9826086956522,299.1552795031056,298.2978723404256
292.3,295.125,298.9659863945578,299.3157894736842,298.4193548387096,298.7,299.6363636363636,299.9043478260869,299.0993788819876,298.2553191489362
292.1727272727273,295.0324074074074,298.8503401360545,299.2631578947369,298.3064516129032,298.65,299.5454545454545,299.8260869565217,299.0434782608696,298.2127659574468
292.0454545454546,294.9398148148148,298.734693877551,299.1428571428571,298.1935483870968,298.6,299.4545454545455,299.7478260869565,298.9875776397516,298.1702127659574
291.9181818181818,294.8472222222222,298.6190476190476,299,298.0806451612903,298.55,299.3636363636364,299.6695652173913,298.9316770186335,298.1276595744681
291.7909090909091,294.7546296296296,298.5034013605442,298.8571428571428,297.9677419354839,298.5,299.2727272727273,299.5913043478261,298.8757763975156,298.0851063829787
291.6636363636363,294.6620370370371,298.3877551020408,298.7142857142857,297.8548387096774,298.45,299.1818181818182,299.5130434782608,298.8198757763975,298.0425531914894
291.5363636363637,294.5694444444445,298.2721088435374,298.5714285714286,297.741935483871,298.4,299.0909090909091,299.4347826086956,298.7639751552795,298
291.4090909090909,294.4768518518518,298.156462585034,298.4285714285714,297.6290322580645,298.35,299,299.3565217391304,298.7164179104478,297.9066666666667
291.2818181818182,294.3842592592592,298.0408163265306,298.2857142857143,297.516129032258,298.3,298.9090909090909,299.2782608695652,298.6716417910448,297.8133333333333
291.1333333333333,294.2916666666666,297.9251700680272,298.1428571428571,297.4032258064516,298.25,298.8181818181818,299.2,298.6268656716418,297.72
290.9777777777778,294.1990740740741,297.8095238095239,298,297.2903225806452,298.2,298.7272727272727,299.1217391304348,298.5820895522388,297.6266666666667
290.8222222222223,294.1064814814815,297.6938775510204,297.8823529411765,297.1774193548387,298.15,298.6363636363636,299.0434782608696,298.5373134328358,297.5333333333334
290.6666666666666,294.0138888888889,297.578231292517,297.7647058823529,297.0645161290322,298.1,298.5454545454546,298.9652173913043,298.4925373134328,297.44
290.5111111111111,293.9212962962963,297.4625850340136,297.6470588235294,296.9516129032258,298.05,298.4545454545455,298.8869565217391,298.4477611940299,297.3466666666667
290.3555555555556,293.8287037037037,297.3469387755102,297.5294117647059,296.8387096774193,298,298.3636363636364,298.8086956521739,298.4029850746268,297.2533333333333
290.2,293.7361111111111,297.2312925170068,297.4117647058823,296.7258064516129,297.8695652173913,298.2727272727273,298.7282608695652,298.3582089552239,297.16
290.0444444444445,293.6435185185185,297.1156462585034,297.2941176470588,296.6129032258065,297.7391304347826,298.1818181818182,298.6413043478261,298.3134328358209,297.0666666666667
289.8888888888889,293.5509259259259,297,297.1764705882353,296.5,297.6086956521739,298.0909090909091,298.5543478260869,298.2686567164179,296.9733333333334
289.7333333333333,293.4583333333334,296.8771929824561,297.0588235294118,296.3870967741935,297.4782608695652,298,298.4673913043479,298.2238805970149,296.88
289.5777777777778,293.3657407407408,296.7543859649123,296.9411764705882,296.2741935483871,297.3478260869565,297.9090909090909,298.3804347826087,298.1791044776119,296.7866666666666
289.4222222222222,293.2731481481482,296.6315789473684,296.8235294117647,296.1612903225806,297.2173913043478,297.8181818181818,298.2934782608696,298.134328358209,296.6933333333333
289.2666666666667,293.1098901098901,296.5087719298245,296.7058823529412,296.0483870967741,297.0869565217391,297.7272727272727,298.2065217391304,298.089552238806,296.6
289.1111111111111,292.9230769230769,296.3859649122807,296.5882352941177,295.9354838709677,296.9565217391304,297.6363636363636,298.1195652173913,298.044776119403,296.5066666666667
288.9555555555555,292.7362637362637,296.2631578947368,296.4705882352941,295.8225806451613,296.8260869565217,297.5454545454545,298.0326086956521,298,296.4133333333333
288.8,292.5494505494506,296.140350877193,296.3529411764706,295.7096774193549,296.6956521739131,297.4545454545455,297.9456521739131,297.9108910891089,296.32
288.6444444444445,292.3626373626374,296.0175438596491,296.2352941176471,295.5967741935484,296.5652173913044,297.3636363636364,297.8586956521739,297.8217821782178,296.233870967742
288.4888888888889,292.1758241758242,295.8947368421053,296.1176470588235,295.483870967742,296.4347826086956,297.2727272727273,297.7717391304348,297.7326732673267,296.1693548387097
288.3333333333333,291.989010989011,295.7719298245614,296,295.3709677419355,296.304347826087,297.1818181818182,297.6847826086956,297.6435643564356,296.1048387096774
288.1777777777777,291.8021978021978,295.6491228070175,295.8636363636364,295.258064516129,296.1739130434783,297.0909090909091,297.5978260869565,297.5544554455445,296.0403225806452
288.0222222222222,291.6153846153846,295.5263157894737,295.7272727272727,295.1451612903226,296.0434782608696,297,297.5108695652174,297.4653465346535,295.9758064516129
287.8666666666667,291.4285714285714,295.4035087719299,295.5909090909091,295.0322580645161,295.9130434782609,296.8717948717949,297.4239130434783,297.3762376237624,295.9112903225807
287.7111111111111,291.2417582417582,295.280701754386,295.4545454545454,294.9193548387096,295.7826086956522,296.7435897435897,297.3369565217391,297.2871287128713,295.8467741935484
287.5555555555555,291.0549450549451,295.1617647058824,295.3181818181818,294.8064516129032,295.6521739130435,296.6153846153846,297.25,297.1980198019802,295.7822580645161
287.4,290.8681318681319,295.0441176470588,295.1818181818182,294.6935483870968,295.5217391304348,296.4871794871794,297.1630434782609,297.1089108910891,295.7177419354838
287.2444444444444,290.6813186813187,294.9264705882352,295.0454545454546,294.5806451612904,295.3913043478261,296.3589743589744,297.0760869565217,297.0198019801981,295.6532258064516
287.0888888888889,290.4945054945055,294.8088235294118,294.9090909090909,294.4677419354839,295.2608695652174,296.2307692307692,296.9891304347826,296.9306930693069,295.5887096774194
286.9333333333333,290.3076923076923,294.6911764705882,294.7727272727273,294.3548387096774,295.1304347826087,296.1025641025641,296.9021739130435,296.8415841584159,295.5241935483871
286.7777777777778,290.1208791208791,294.5735294117648,294.6363636363636,294.241935483871,295,295.974358974359,296.8152173913043,296.7524752475248,295.4596774193548
286.6222222222223,289.9340659340659,294.4558823529412,294.5,294.1290322580645,294.8656716417911,295.8461538461539,296.7123287671233,296.6633663366337,295.3951612903226
286.4666666666667,289.7472527472527,294.3382352941176,294.3636363636364,294.016129032258,294.7313432835821,295.7179487179487,296.5616438356165,296.5742574257426,295.3306451612903
286.3111111111111,289.5604395604396,294.2205882352941,294.2272727272727,293.9032258064516,294.5970149253732,295.5897435897436,296.4109589041096,296.4851485148515,295.266129032258
286.1555555555555,289.3736263736264,294.1029411764706,294.0909090909091,293.7903225806452,294.4626865671642,295.4615384615385,296.2602739726028,296.3960396039604,295.2016129032259
286,289.1868131868132,293.985294117647,293.9545454545454,293.6774193548387,294.3283582089553,295.3333333333334,296.1095890410959,296.3069306930693,295.1370967741935
285.84,289,293.8676470588235,293.8181818181818,293.5645161290323,294.1940298507463,295.2051282051282,295.958904109589,296.2178217821782,295.0725806451613
285.68,288.8387096774194,293.75,293.6818181818182,293.4516129032258,294.0597014925373,295.0769230769231,295.8082191780822,296.1287128712871,295.008064516129
285.52,288.6774193548387,293.6323529411765,293.5454545454546,293.3387096774193,293.9253731343284,294.948717948718,295.6575342465753,296.0396039603961,294.9435483870968
285.36,288.516129032258,293.5147058823529,293.4090909090909,293.2258064516129,293.7910447761194,294.8205128205128,295.5068493150685,295.9504950495049,294.8790322580645
285.2,288.3548387096774,293.3970588235294,293.2727272727273,293.1129032258064,293.6567164179104,294.6923076923077,295.3561643835616,295.8613861386139,294.8145161290323
285.04,288.1935483870968,293.2794117647059,293.1363636363636,293,293.5223880597015,294.5641025641025,295.2054794520548,295.7722772277228,294.75
284.88,288.0322580645161,293.1617647058823,293,292.85,293.3880597014925,294.4358974358975,295.0547945205479,295.6610169491526,294.6854838709677
284.72,287.8709677419355,293.0441176470588,292.8539325842697,292.7,293.2537313432836,294.3076923076923,294.9041095890411,295.542372881356,294.6209677419355
284.5599999999999,287.7096774193548,292.9264705882352,292.7078651685393,292.55,293.1194029850747,294.1794871794872,294.7534246575343,295.4237288135593,294.5564516129032
284.4,287.5483870967742,292.8088235294118,292.561797752809,292.4,292.9850746268657,294.051282051282,294.6027397260274,295.3050847457627,294.4919354838709
284.24,287.3870967741935,292.6911764705882,292.4157303370787,292.25,292.8507462686567,293.9230769230769,294.4520547945206,295.1864406779661,294.4274193548387
284.08,287.2258064516129,292.5735294117647,292.2696629213483,292.1,292.712,293.7948717948718,294.3013698630137,295.0677966101695,294.3629032258064
283.92,287.0645161290323,292.4558823529412,292.123595505618,291.95,292.5599999999999,293.6666666666666,294.1506849315068,294.9491525423729,294.2983870967742
283.76,286.9032258064516,292.3382352941176,291.9775280898876,291.8,292.408,293.5384615384615,294,294.8305084745763,294.2164948453608
283.6,286.741935483871,292.1818181818182,291.8314606741573,291.65,292.256,293.4102564102564,293.8943089430894,294.7118644067797,294.0824742268041
283.44,286.5806451612904,291.9090909090909,291.685393258427,291.5,292.104,293.2820512820513,293.7886178861789,294.5932203389831,293.9484536082474
283.28,286.4193548387096,291.6363636363636,291.5393258426966,291.35,291.952,293.1538461538461,293.6829268292683,294.4745762711864,293.8144329896908
283.12,286.258064516129,291.3636363636364,291.3932584269663,291.2,291.8,293.0256410256411,293.5772357723578,294.3559322033898,293.680412371134
282.96,286.0967741935484,291.0909090909091,291.2471910112359,291.05,291.648,292.8974358974359,293.4715447154472,294.2372881355932,293.5463917525773
282.8,285.9354838709677,290.8181818181818,291.1011235955056,290.9,291.496,292.7692307692308,293.3658536585366,294.1186440677966,293.4123711340206
282.64,285.7741935483871,290.5454545454545,290.9550561797753,290.75,291.3439999999999,292.6410256410256,293.260162601626,294,293.2783505154639
282.48,285.6129032258065,290.2727272727273,290.8089887640449,290.6,291.192,292.5128205128205,293.1544715447154,293.8823529411765,293.1443298969072
282.3200000000001,285.4516129032258,290,290.6629213483146,290.45,291.04,292.3846153846154,293.0487804878049,293.7647058823529,293.0103092783505
282.16,285.2903225806452,289.8615384615384,290.5168539325843,290.3,290.888,292.2564102564102,292.9430894308943,293.6470588235294,292.8762886597938
282,285.1290322580645,289.7230769230769,290.370786516854,290.15,290.736,292.1282051282051,292.8373983739838,293.5294117647059,292.7422680412371
281.8125,284.9677419354839,289.5846153846154,290.2247191011236,290,290.584,292,292.7317073170732,293.4117647058823,292.6082474226804
281.625,284.8064516129032,289.4461538461538,290.0786516853933,289.8613138686132,290.432,291.825,292.6260162601626,293.2941176470588,292.4742268041237
281.4375,284.6451612903226,289.3076923076923,289.9325842696629,289.7226277372263,290.28,291.65,292.5203252032521,293.1764705882353,292.340206185567
281.25,284.483870967742,289.1692307692308,289.7865168539325,289.5839416058394,290.128,291.475,292.4146341463414,293.0588235294118,292.2061855670103
281.0625,284.3225806451613,289.0307692307692,289.6206896551724,289.4452554744526,289.976,291.3,292.3089430894309,292.9411764705882,292.0721649484536
280.875,284.1612903225807,288.8923076923077,289.448275862069,289.3065693430657,289.824,291.125,292.2032520325204,292.8235294117647,291.9381443298969
280.6875,284,288.7538461538462,289.2758620689655,289.1678832116788,289.672,290.95,292.0975609756098,292.7058823529412,291.8041237113402
280.5,283.8,288.6153846153846,289.1034482758621,289.029197080292,289.52,290.775,291.9918699186992,292.5882352941176,291.6701030927835
280.3125,283.6,288.4769230769231,288.9310344827586,288.8905109489051,289.368,290.6,291.8861788617886,292.4705882352941,291.5360824742268
280.125,283.4,288.3384615384615,288.7586206896552,288.7518248175182,289.216,290.425,291.7804878048781,292.3529411764706,291.4020618556701
279.9375,283.2,288.2,288.5862068965517,288.6131386861314,289.064,290.25,291.6747967479675,292.2352941176471,291.2680412371134
279.75,283,288.0615384615385,288.4137931034483,288.4744525547445,288.912,290.075,291.5691056910569,292.1176470588235,291.1340206185567
279.5625,282.8,287.9230769230769,288.2413793103448,288.3357664233577,288.76,289.9,291.4634146341463,292,291
279.375,282.6,287.7846153846154,288.0689655172414,288.1970802919708,288.608,289.725,291.3577235772358,291.8823529411765,290.9090909090909
279.1875,282.4,287.6,287.896551724138,288.0583941605839,288.456,289.55,291.2520325203252,291.7647058823529,290.8181818181818
279,282.2,287.4,287.7241379310345,287.9197080291971,288.304,289.375,291.1463414634146,291.6470588235294,290.7272727272727
278.8,282,287.2,287.551724137931,287.7810218978102,288.152,289.2,291.040650406504,291.5294117647059,290.6363636363636
278.6,281.8,287,287.3793103448276,287.6423357664233,288,289.025,290.9349593495935,291.4117647058823,290.5454545454545
278.4,281.6,286.8,287.2068965517241,287.5036496350365,287.8695652173913,288.85,290.8292682926829,291.2941176470588,290.4545454545454
278.2,281.4,286.6,287.0344827586207,287.3649635036496,287.7391304347826,288.675,290.7230769230769,291.1764705882353,290.3636363636364
278,281.2,286.4,286.8620689655172,287.2262773722628,287.6086956521739,288.5,290.6153846153846,291.0588235294118,290.2727272727273
277.8,281,286.2,286.6896551724138,287.0875912408759,287.4782608695652,288.325,290.5076923076923,290.9411764705882,290.1818181818182
277.6,280.8,286,286.5172413793103,286.948905109489,287.3478260869566,288.15,290.4,290.8235294117647,290.0909090909091
277.4,280.6,285.8333333333333,286.3448275862069,286.8102189781022,287.2173913043478,287.975,290.2923076923077,290.7058823529412,290
277.2,280.4,285.6666666666667,286.1724137931034,286.6715328467153,287.0869565217391,287.8,290.1846153846154,290.5882352941176,289.8944099378882
277,280.2,285.5,286,286.5328467153284,286.9565217391304,287.625,290.0769230769231,290.4705882352941,289.7888198757764
276.8,280,285.3333333333334,285.8070175438597,286.3941605839416,286.8260869565217,287.45,289.9692307692308,290.3529411764706,289.6832298136646
276.6,279.8,285.1666666666666,285.6140350877193,286.2554744525547,286.6956521739131,287.275,289.8615384615384,290.2352941176471,289.5776397515528
276.4,279.6,285,285.421052631579,286.1167883211679,286.5652173913044,287.1,289.7538461538462,290.1176470588235,289.472049689441
276.2,279.4,284.8333333333334,285.2280701754386,285.978102189781,286.4347826086956,286.925,289.6461538461538,290,289.3664596273292
276,279.2,284.6666666666666,285.0350877192982,285.8394160583941,286.304347826087,286.75,289.5384615384615,289.8433734939759,289.2608695652174
275.8,279,284.5,284.8421052631579,285.7007299270073,286.1739130434783,286.575,289.4307692307692,289.6867469879518,289.1552795031056
275.6,278.8,284.3333333333334,284.6491228070175,285.5620437956205,286.0434782608696,286.4,289.3230769230769,289.5301204819277,289.0496894409938
275.4,278.6,284.1666666666666,284.4561403508772,285.4233576642336,285.9130434782609,286.225,289.2153846153846,289.3734939759036,288.944099378882
275.2,278.4,284,284.2631578947369,285.2846715328467,285.7826086956522,286.05,289.1076923076923,289.2168674698795,288.8385093167702
275,278.2,283.8235294117647,284.0701754385965,285.1428571428571,285.64,285.875,289,289.0602409638554,288.7329192546584
274.7916666666667,278,283.6470588235294,283.8771929824561,285,285.4933333333333,285.7,288.8214285714286,288.9036144578313,288.6273291925466
274.5833333333333,277.8,283.4705882352941,283.6842105263158,284.8571428571429,285.3466666666667,285.525,288.6428571428572,288.7469879518072,288.5217391304348
274.375,277.6,283.2941176470588,283.4912280701755,284.7142857142857,285.2,285.35,288.4642857142857,288.5903614457831,288.416149068323
274.1666666666667,277.4,283.1176470588235,283.2982456140351,284.5714285714286,285.0533333333333,285.175,288.2857142857143,288.433734939759,288.3105590062112
273.9583333333334,277.2,282.9411764705882,283.1272727272727,284.4285714285714,284.9066666666666,285,288.1071428571428,288.277108433735,288.2049689440994
273.75,277,282.7647058823529,282.9636363636364,284.2857142857143,284.76,284.8842105263158,287.9285714285714,288.1204819277108,288.0993788819876
273.5416666666667,276.8,282.5882352941176,282.8,284.1428571428571,284.6133333333333,284.7684210526316,287.75,287.9638554216867,287.9937888198758
273.3333333333333,276.6,282.4117647058824,282.6363636363636,284,284.4666666666666,284.6526315789474,287.5714285714286,287.8072289156627,287.8881987577639
273.125,276.4,282.2352941176471,282.4727272727272,283.8571428571429,284.32,284.5368421052631,287.3928571428572,287.6506024096386,287.7826086956522
272.9166666666667,276.2,282.0588235294118,282.3090909090909,283.7142857142857,284.1733333333333,284.421052631579,287.2142857142857,287.4939759036145,287.6770186335404
272.7083333333334,276,281.8823529411765,282.1454545454545,283.5714285714286,284.0266666666666,284.3052631578947,287.0357142857143,287.3373493975903,287.5714285714286
272.5,275.8108108108108,281.7058823529412,281.9818181818182,283.4285714285714,283.88,284.1894736842105,286.8571428571428,287.1807228915662,287.4658385093168
272.2916666666667,275.6216216216216,281.5294117647059,281.8181818181818,283.2857142857143,283.7333333333333,284.0736842105263,286.6785714285714,287.0240963855422,287.360248447205
272.0833333333334,275.4324324324324,281.3529411764706,281.6545454545454,283.1428571428571,283.5866666666667,283.9578947368421,286.5,286.8674698795181,287.2546583850931
271.875,275.2432432432432,281.1764705882352,281.4909090909091,283,283.44,283.8421052631579,286.3214285714286,286.7260273972602,287.1490683229813
271.6666666666667,275.0540540540541,281,281.3272727272727,282.8571428571429,283.2933333333334,283.7263157894737,286.1428571428571,286.6301369863014,287.0434782608696
271.4583333333334,274.8648648648648,280.8076923076923,281.1636363636363,282.7142857142857,283.1466666666666,283.6105263157895,285.9642857142857,286.5342465753424,286.9378881987578
271.25,274.6756756756757,280.6153846153846,281,282.5714285714286,283,283.4947368421053,285.7857142857143,286.4383561643835,286.8322981366459
271.0416666666667,274.4864864864865,280.4230769230769,280.8450704225352,282.4285714285714,282.8533333333334,283.3789473684211,285.6071428571429,286.3424657534247,286.7267080745341
270.8333333333333,274.2972972972973,280.2307692307692,280.6901408450704,282.2857142857143,282.7066666666666,283.2631578947368,285.4285714285714,286.2465753424657,286.6211180124224
270.625,274.1081081081081,280.0384615384615,280.5352112676056,282.1428571428572,282.56,283.1473684210526,285.25,286.1506849315068,286.5155279503106
270.4166666666667,273.9189189189189,279.8461538461538,280.3802816901409,282,282.4133333333334,283.0315789473684,285.0714285714286,286.0547945205479,286.4099378881987
270.2083333333333,273.7297297297297,279.6538461538462,280.2253521126761,281.8571428571429,282.2666666666667,282.9157894736842,284.8928571428572,285.9589041095891,286.304347826087
270,273.5405405405405,279.4615384615385,280.0704225352113,281.7101449275362,282.12,282.8,284.7142857142857,285.8630136986301,286.1987577639752
269.7272727272727,273.3513513513514,279.2692307692308,279.9154929577465,281.5507246376811,281.9733333333334,282.6842105263158,284.5357142857143,285.7671232876712,286.0931677018633
269.4545454545454,273.1621621621622,279.0769230769231,279.7605633802817,281.3913043478261,281.8266666666667,282.5684210526316,284.3571428571428,285.6712328767123,285.9875776397515
269.1818181818182,272.972972972973,278.8846153846154,279.6056338028169,281.2318840579711,281.68,282.4526315789474,284.1785714285714,285.5753424657534,285.8819875776397
268.9090909090909,272.7837837837838,278.6923076923077,279.4507042253521,281.0724637681159,281.5333333333333,282.3368421052631,284,285.4794520547945,285.7763975155279
268.6363636363636,272.5945945945946,278.5,279.2957746478874,280.9130434782609,281.3866666666667,282.2049689440994,283.8666666666667,285.3835616438356,285.6577540106952
268.3636363636364,272.4054054054054,278.3076923076923,279.1408450704225,280.7536231884058,281.24,282.0248447204969,283.7333333333333,285.2876712328767,285.5347593582888
268.0909090909091,272.2162162162163,278.1153846153846,278.9859154929578,280.5942028985507,281.0933333333334,281.8447204968944,283.6,285.1917808219178,285.4117647058823
267.8181818181818,272.027027027027,277.9230769230769,278.8309859154929,280.4347826086956,280.9466666666667,281.6645962732919,283.4666666666667,285.0958904109589,285.2887700534759
267.5454545454545,271.8378378378379,277.7307692307692,278.6760563380282,280.2753623188406,280.8,281.4844720496894,283.3333333333334,285,285.1657754010695
267.2727272727273,271.6486486486486,277.5384615384615,278.5211267605634,280.1159420289855,280.6533333333333,281.3043478260869,283.2,284.8333333333333,285.0427807486631
267,271.4594594594595,277.3461538461538,278.3661971830986,279.9565217391304,280.5066666666667,281.1242236024844,283.0666666666667,284.6666666666667,284.9197860962567
266.7272727272727,271.2702702702703,277.1538461538462,278.2037037037037,279.7971014492754,280.36,280.944099378882,282.9333333333333,284.5,284.7967914438503
266.4545454545455,271.0810810810811,276.9615384615385,278.0185185185185,279.6376811594203,280.1967213114754,280.7639751552795,282.8,284.3333333333333,284.6737967914439
266.1818181818182,270.8918918918919,276.7692307692308,277.8333333333333,279.4782608695652,279.9836065573771,280.583850931677,282.6666666666667,284.1666666666666,284.5508021390374
265.9090909090909,270.7027027027027,276.5769230769231,277.6481481481482,279.3188405797101,279.7704918032787,280.4037267080745,282.5333333333333,284,284.427807486631
265.6363636363636,270.5135135135135,276.3846153846154,277.4629629629629,279.1594202898551,279.5573770491803,280.2236024844721,282.4,283.8333333333334,284.3048128342246
265.3636363636364,270.3243243243243,276.1923076923077,277.2777777777778,279,279.344262295082,280.0434782608696,282.2666666666667,283.6666666666666,284.1818181818182
265.0909090909091,270.1351351351352,276,277.0925925925926,278.8260869565217,279.1311475409836,279.8633540372671,282.1333333333333,283.5,284.0588235294118
264.8181818181818,269.9459459459459,275.7857142857143,276.9074074074074,278.6521739130435,278.9180327868852,279.6832298136646,282,283.3333333333333,283.9358288770054
264.5454545454546,269.7567567567568,275.5714285714286,276.7222222222222,278.4782608695652,278.7049180327868,279.5031055900621,281.8666666666667,283.1666666666666,283.8128342245989
264.2727272727273,269.5675675675676,275.3571428571428,276.5370370370371,278.3043478260869,278.4918032786885,279.3229813664596,281.7333333333333,283,283.6898395721925
264,269.3783783783784,275.1428571428571,276.3518518518518,278.1304347826087,278.2786885245902,279.1428571428571,281.6,282.8571428571428,283.5668449197861
263.76,269.1891891891892,274.9285714285714,276.1666666666667,277.9565217391304,278.0655737704918,278.9627329192547,281.4666666666666,282.7142857142857,283.4438502673797
263.52,269,274.7142857142857,275.9814814814815,277.7826086956522,277.8524590163935,278.7826086956521,281.3333333333333,282.5714285714286,283.3208556149733
263.28,268.7941176470588,274.5,275.7962962962963,277.6086956521739,277.6393442622951,278.6024844720497,281.2,282.4285714285714,283.1978609625668
263.04,268.5882352941177,274.2857142857143,275.6160714285714,277.4347826086957,277.4262295081967,278.4223602484472,281.0666666666667,282.2857142857143,283.0748663101604
262.8,268.3823529411765,274.0714285714286,275.4375,277.2608695652174,277.2131147540983,278.2422360248447,280.9333333333333,282.1428571428572,282.9518716577541
262.56,268.1764705882353,273.8571428571428,275.2589285714286,277.0869565217391,277,278.0621118012422,280.8,282,282.8288770053476
262.32,267.9705882352941,273.6428571428571,275.0803571428571,276.9130434782609,276.9285714285714,277.8819875776397,280.6666666666667,281.8571428571428,282.7058823529412
262.08,267.7647058823529,273.4285714285714,274.9017857142857,276.7391304347826,276.8571428571429,277.7018633540372,280.5333333333334,281.7142857142857,282.5828877005348
261.84,267.5588235294118,273.2142857142857,274.7232142857143,276.5652173913044,276.7857142857143,277.5217391304348,280.4,281.5714285714286,282.4598930481283
261.6,267.3529411764706,273,274.5446428571429,276.3913043478261,276.7142857142857,277.3416149068323,280.2666666666667,281.4285714285714,282.336898395722
261.36,267.1470588235294,272.8205128205128,274.3660714285714,276.2173913043478,276.6428571428571,277.1614906832298,280.1333333333333,281.2857142857143,282.2139037433155
261.12,266.9411764705882,272.6410256410256,274.1875,276.0434782608696,276.5714285714286,276.9813664596273,280,281.1428571428572,282.0909090909091
260.88,266.7352941176471,272.4615384615385,274.0089285714286,275.8695652173913,276.5,276.8012422360248,279.8,281,281.9679144385027
260.64,266.5294117647059,272.2820512820513,273.8303571428572,275.695652173913,276.4285714285714,276.6211180124224,279.6,280.8571428571429,281.8449197860963
260.4,266.3235294117647,272.1025641025641,273.6517857142857,275.5217391304348,276.3571428571429,276.4409937888199,279.4,280.7142857142857,281.7219251336899
260.16,266.1176470588235,271.9230769230769,273.4732142857143,275.3478260869565,276.2857142857143,276.2608695652174,279.2,280.5714285714286,281.5989304812834
259.92,265.9117647058823,271.7435897435897,273.2946428571429,275.1739130434783,276.2142857142857,276.0807453416149,279,280.4285714285714,281.475935828877
259.68,265.7058823529412,271.5641025641025,273.1627906976744,275,276.1428571428571,275.9006211180124,278.8,280.2857142857143,281.3529411764706
259.44,265.5,271.3846153846154,273.046511627907,274.8695652173913,276.0714285714286,275.72049689441,278.6,280.1428571428572,281.2299465240642
259.2,265.2941176470588,271.1929824561403,272.9302325581396,274.7391304347826,276,275.5403726708074,278.4,280,281.1069518716578
258.96,265.0882352941176,270.9649122807018,272.8139534883721,274.6086956521739,275.7619047619048,275.360248447205,278.2,279.6666666666666,280.9839572192514
258.72,264.8823529411765,270.7368421052631,272.6976744186047,274.4782608695652,275.5238095238095,275.1801242236025,278,279.3333333333334,280.8609625668449
258.48,264.6764705882353,270.5087719298245,272.5813953488372,274.3478260869566,275.2857142857143,275,277.8,279,280.7379679144385
258.24,264.4705882352941,270.280701754386,272.4651162790698,274.2173913043478,275.047619047619,274.9268292682927,277.6,278.6666666666667,280.6149732620321
258,264.2647058823529,270.0526315789473,272.3488372093023,274.0869565217391,274.8095238095238,274.8536585365854,277.4,278.3333333333334,280.4919786096257
257.7307692307692,264.0588235294118,269.8245614035087,272.2325581395349,273.9565217391304,274.5714285714286,274.780487804878,277.2,278.2173913043478,280.3689839572193
257.4615384615385,263.8529411764706,269.5964912280701,272.1162790697674,273.8260869565217,274.3333333333334,274.7073170731708,277,278.1739130434783,280.2459893048128
257.1923076923077,263.6470588235294,269.3684210526316,272,273.6956521739131,274.0952380952381,274.6341463414634,276.8,278.1304347826087,280.1229946524064
256.9230769230769,263.4411764705882,269.140350877193,271.7777777777778,273.5652173913044,273.8571428571428,274.5609756097561,276.6,278.0869565217391,280
256.6538461538461,263.2352941176471,268.9122807017544,271.5555555555555,273.4347826086956,273.6190476190476,274.4878048780488,276.4,278.0434782608696,279.7777777777778
256.3846153846154,263.0294117647059,268.6842105263158,271.3333333333333,273.3043478260869,273.3809523809524,274.4146341463415,276.2,278,279.5555555555555
256.1153846153846,262.8235294117647,268.4561403508772,271.1111111111111,273.1739130434783,273.1428571428572,274.3414634146342,276,277.75,279.3333333333334
255.8461538461538,262.6176470588235,268.2280701754386,270.8888888888889,273.0434782608696,272.9047619047619,274.2682926829268,275.8666666666667,277.5,279.1111111111111
255.5769230769231,262.4117647058824,268,270.6875,272.9130434782609,272.6666666666667,274.1428571428571,275.7333333333333,277.25,278.8888888888889
255.3076923076923,262.2058823529412,267.8181818181819,270.6041666666666,272.7826086956522,272.4285714285714,274,275.6,277,278.6666666666666
255.0384615384615,262,267.6363636363636,270.5208333333333,272.6521739130435,272.1904761904761,273.8571428571428,275.4666666666667,276.75,278.4444444444445
254.7692307692307,261.7428571428571,267.4545454545455,270.4375,272.5217391304348,271.952380952381,273.7142857142857,275.3333333333334,276.5,278.2222222222222
254.5,261.4857142857143,267.2727272727273,270.3541666666667,272.3913043478261,271.7142857142857,273.5714285714286,275.2,276.25,278
254.2307692307692,261.2285714285714,267.0909090909091,270.2708333333333,272.2608695652174,271.4761904761905,273.4285714285714,275.0666666666667,276,277.8157894736842
253.9615384615385,260.9714285714285,266.9090909090909,270.1290322580645,272.1304347826087,271.2380952380952,273.2857142857143,274.9333333333333,275.8421052631579,277.6315789473684
253.6923076923077,260.7142857142857,266.7272727272727,269.9677419354838,272,271,273.1428571428572,274.8,275.6842105263158,277.4473684210526
253.4230769230769,260.4571428571428,266.5454545454545,269.8064516129032,271.6486486486486,270.8493150684932,273,274.6666666666667,275.5263157894737,277.2631578947368
253.1538461538461,260.2,266.3636363636364,269.6451612903226,271.2972972972973,270.6986301369863,272.8571428571428,274.5333333333333,275.3684210526316,277.078947368421
252.8846153846154,259.9428571428572,266.1818181818181,269.483870967742,270.9459459459459,270.5479452054794,272.7142857142857,274.4,275.2105263157895,276.8947368421053
252.6153846153846,259.6857142857143,266,269.3225806451613,270.5945945945946,270.3972602739726,272.5714285714286,274.2666666666667,275.0526315789473,276.7105263157895
252.3461538461538,259.4285714285714,265.8181818181818,269.1612903225806,270.2432432432432,270.2465753424657,272.4285714285714,274.1333333333333,274.8947368421053,276.5263157894737
252.076923076923,259.1714285714286,265.6363636363636,269,269.8918918918919,270.0958904109589,272.2857142857142,274,274.7368421052631,276.3421052631579
251.8076923076923,258.9142857142857,265.4545454545454,268.7428571428571,269.5405405405405,269.9452054794521,272.1428571428571,273.7647058823529,274.578947368421,276.1578947368421
251.5384615384615,258.6571428571428,265.2727272727273,268.4857142857143,269.1891891891892,269.7945205479452,272,273.5294117647059,274.421052631579,275.9736842105263
251.2692307692307,258.4,265.0909090909091,268.2285714285714,268.8378378378379,269.6438356164384,271.8571428571429,273.2941176470588,274.2631578947368,275.7894736842105
251,258.1428571428571,264.9090909090909,267.9714285714286,268.6470588235294,269.4931506849315,271.7142857142857,273.0588235294117,274.1052631578947,275.6052631578948
250.7407407407407,257.8857142857143,264.7272727272727,267.7142857142857,268.5098039215686,269.3424657534247,271.5714285714286,272.8235294117647,273.9473684210527,275.421052631579
250.4814814814815,257.6285714285714,264.5454545454546,267.4571428571429,268.3725490196078,269.1917808219178,271.4285714285714,272.5882352941176,273.7894736842105,275.2368421052632
250.2222222222222,257.3714285714286,264.3636363636364,267.2,268.2352941176471,269.041095890411,271.2857142857143,272.3529411764706,273.6279069767442,275.0526315789473
249.9629629629629,257.1142857142857,264.1818181818182,266.9428571428571,268.0980392156863,268.8904109589041,271.1428571428571,272.1176470588235,273.4651162790698,274.8684210526316
249.7037037037037,256.8571428571428,264,266.6956521739131,267.9607843137255,268.7397260273972,271,271.8823529411765,273.3023255813954,274.6842105263158
249.4444444444444,256.6,263.7764705882353,266.4782608695652,267.8235294117647,268.5890410958904,270.8571428571429,271.6470588235294,273.1395348837209,274.5
249.1851851851852,256.3428571428572,263.5529411764706,266.2608695652174,267.6862745098039,268.4383561643835,270.7142857142857,271.4117647058824,272.9767441860465,274.3157894736842
248.9259259259259,256.0857142857143,263.3294117647059,266.0434782608696,267.5490196078431,268.2876712328767,270.5714285714286,271.1764705882353,272.8139534883721,274.1315789473684
248.6666666666667,255.8285714285714,263.1058823529412,265.8260869565217,267.4117647058823,268.1176470588235,270.4285714285714,270.9411764705882,272.6511627906976,273.9473684210526
248.4074074074074,255.5714285714286,262.8823529411765,265.6086956521739,267.2745098039215,267.9411764705882,270.2857142857143,270.7058823529412,272.4883720930233,273.7631578947368
248.1481481481481,255.3142857142857,262.6588235294118,265.3913043478261,267.1372549019608,267.7647058823529,270.1818181818182,270.4705882352941,272.3255813953488,273.578947368421
247.8888888888889,255.0571428571428,262.4352941176471,265.1739130434783,267,267.5882352941176,270.0909090909091,270.2352941176471,272.1627906976744,273.3947368421053
247.6296296296296,254.8,262.2117647058824,264.9565217391304,266.8461538461538,267.4117647058823,270,270,272,273.2105263157895
247.3703703703704,254.5428571428571,261.9882352941177,264.7391304347826,266.6923076923077,267.2352941176471,269.9090909090909,270.2307692307692,271.8253968253968,273.0263157894737
247.1111111111111,254.2857142857143,261.7647058823529,264.5217391304348,266.5384615384615,267.0588235294118,269.8181818181819,270.4615384615385,271.6507936507937,272.8421052631579
246.8518518518518,254.0285714285714,261.5411764705883,264.3043478260869,266.3846153846154,266.8823529411765,269.7272727272727,270.6923076923077,271.4761904761905,272.6578947368421
246.5925925925926,253.7714285714285,261.3176470588235,264.0869565217391,266.2307692307692,266.7058823529412,269.6363636363636,270.525,271.3015873015873,272.4736842105263
246.3333333333333,253.5142857142857,261.0941176470589,263.8695652173913,266.0769230769231,266.5294117647059,269.5454545454546,270.225,271.1269841269841,272.2894736842105
246.074074074074,253.2571428571428,260.8705882352941,263.6521739130435,265.9230769230769,266.3529411764706,269.4545454545454,269.925,270.952380952381,272.1052631578947
245.8148148148148,253,260.6470588235294,263.4347826086956,265.7692307692308,266.1764705882353,269.3636363636364,269.625,270.7777777777778,271.921052631579
245.5555555555555,252.7096774193548,260.4235294117647,263.2173913043478,265.6153846153846,266,269.2727272727273,269.325,270.6031746031746,271.7368421052632
245.2962962962963,252.4193548387097,260.2,263,265.4615384615385,265.8888888888889,269.1818181818182,269.0769230769231,270.4285714285714,271.5526315789474
245.037037037037,252.1290322580645,259.9764705882353,262.8,265.3076923076923,265.7777777777778,269.0909090909091,268.8461538461538,270.2539682539683,271.3684210526316
244.7777777777778,251.8387096774193,259.7529411764706,262.6,265.1538461538461,265.6666666666667,269,268.6153846153846,270.0793650793651,271.1842105263158
244.5185185185185,251.5483870967742,259.5294117647059,262.4,265,265.5555555555555,268.9090909090909,268.3846153846154,269.9047619047619,271
244.2592592592593,251.258064516129,259.3058823529411,262.2,264.8461538461538,265.4444444444445,268.8181818181818,268.1538461538461,269.7301587301587,270.8076923076923
244,250.9677419354838,259.25,262,264.6923076923077,265.3333333333334,268.6829268292683,267.9230769230769,269.5555555555555,270.6153846153846
243.7,250.6774193548387,259.25,261.8,264.5384615384615,265.2222222222222,268.4146341463414,267.6923076923077,269.3809523809524,270.4230769230769
243.4,250.3870967741935,259.25,261.6,264.3846153846154,265.1111111111111,268.1463414634146,267.4615384615385,269.2068965517241,270.2307692307692
243.1,250.0967741935484,259.25,261.4,264.2307692307692,265,267.8780487804878,267.2307692307692,269.0344827586207,270.0384615384615
242.8,249.8064516129032,259.25,261.2,264.076923076923,264.8888888888889,267.609756097561,267,268.8620689655172,269.8461538461538
242.5,249.516129032258,258.75,261,263.9230769230769,264.7777777777778,267.3414634146342,266.9090909090909,268.6896551724138,269.6538461538462
242.2,249.2258064516129,258.0833333333333,260.8,263.7692307692308,264.6666666666667,267.0731707317073,266.8181818181818,268.5172413793103,269.4615384615385
241.9,248.9354838709677,257.4166666666667,260.6,263.6153846153846,264.5555555555555,266.8048780487805,266.7272727272727,268.3448275862069,269.2692307692308
241.6,248.6451612903226,257.0338983050847,260.4,263.4615384615385,264.4444444444445,266.5365853658537,266.6363636363636,268.1724137931035,269.0769230769231
241.3,248.3548387096774,256.7457627118644,260.2,263.3076923076923,264.3333333333333,266.2682926829268,266.5454545454545,268,268.8846153846154
241,248.0645161290322,256.457627118644,260,263.1538461538461,264.2222222222222,266,266.4545454545455,267.8275862068966,268.6923076923077
240.7,247.7741935483871,256.1694915254237,259.8333333333333,263,264.1111111111111,265.8936170212766,266.3636363636364,267.6551724137931,268.5
240.4,247.483870967742,255.8813559322033,259.6666666666667,262.8461538461538,264,265.7872340425532,266.2727272727273,267.4827586206897,268.3076923076923
240.1,247.1935483870968,255.593220338983,259.5,262.6923076923077,263.8571428571428,265.6808510638298,266.1818181818182,267.3103448275862,268.1153846153846
239.8,246.9032258064516,255.3050847457627,259.3333333333334,262.5384615384615,263.7142857142857,265.5744680851063,266.0909090909091,267.1379310344827,267.9230769230769
239.5,246.6129032258064,255.0169491525423,259.1666666666666,262.3846153846154,263.5714285714286,265.468085106383,266,266.9655172413793,267.7307692307692
239.2,246.3225806451613,254.728813559322,259,262.2307692307692,263.4285714285714,265.3617021276596,265.8297872340426,266.7931034482759,267.5384615384615
238.9,246.0322580645161,254.4406779661017,258.8333333333333,262.0769230769231,263.2857142857143,265.2553191489362,265.6595744680851,266.5744680851064,267.3461538461539
238.6,245.7419354838709,254.1525423728813,258.6666666666667,261.9230769230769,263.1428571428571,265.1489361702128,265.4893617021277,266.3404255319149,267.1538461538461
238.3,245.4516129032258,253.864406779661,258.5,261.7692307692308,263,265.0425531914894,265.3191489361702,266.1063829787234,266.9615384615385
238,245.1612903225807,253.5762711864406,258.3333333333333,261.6153846153846,262.8571428571428,264.9361702127659,265.1489361702128,265.8723404255319,266.7692307692308
237.7837837837838,244.8709677419355,253.2881355932203,258.1666666666667,261.4615384615385,262.7142857142857,264.8297872340426,264.9787234042553,265.6382978723404,266.5769230769231
237.5675675675676,244.5806451612903,253,258,261.3076923076923,262.5714285714286,264.6969696969697,264.8085106382979,265.4042553191489,266.3846153846154
237.3513513513514,244.2903225806452,252.8636363636363,257.8965517241379,261.1538461538461,262.4285714285714,264.4848484848485,264.6382978723404,265.1702127659574,266.1923076923077
237.1351351351352,244,252.7272727272727,257.7931034482758,261,262.2857142857143,264.2727272727273,264.468085106383,264.936170212766,266
236.9189189189189,243.7241379310345,252.5909090909091,257.6896551724138,260.8620689655173,262.1428571428572,264.0606060606061,264.2978723404256,264.7021276595744,265.8793103448276
236.7027027027027,243.448275862069,252.4545454545454,257.5862068965517,260.7241379310345,262,263.8484848484849,264.1276595744681,264.468085106383,265.7586206896552
236.4864864864865,243.1724137931035,252.3181818181818,257.4827586206897,260.5862068965517,261.84,263.6363636363636,263.9574468085107,264.2340425531915,265.6379310344828
236.2702702702703,242.896551724138,252.1818181818182,257.3793103448276,260.448275862069,261.68,263.4242424242424,263.7872340425532,264,265.5172413793103
236.0540540540541,242.6206896551724,252.0454545454545,257.2758620689655,260.3103448275862,261.52,263.2121212121212,263.6170212765958,263.8,265.3965517241379
235.8378378378378,242.3448275862069,251.9090909090909,257.1428571428571,260.1724137931035,261.36,263,263.4468085106383,263.6,265.2758620689655
235.6216216216216,242.0689655172414,251.7727272727273,257,260.0344827586207,261.2,262.9117647058824,263.2765957446808,263.4,265.1551724137931
235.4054054054054,241.7931034482759,251.6363636363636,256.8571428571429,259.8965517241379,261.04,262.8235294117647,263.1063829787234,263.2,265.0344827586207
235.1891891891892,241.5172413793103,251.5,256.7142857142857,259.7586206896552,260.88,262.7352941176471,262.9361702127659,263,264.9137931034483
234.972972972973,241.2413793103448,251.3636363636364,256.5714285714286,259.6206896551724,260.72,262.6470588235294,262.7659574468085,262.8,264.7931034482758
234.7567567567568,240.9655172413793,251.2272727272727,256.4285714285714,259.4827586206897,260.56,262.5588235294118,262.5957446808511,262.6,264.6724137931034
234.5405405405405,240.6896551724138,251.0909090909091,256.2857142857143,259.3448275862069,260.4,262.4705882352941,262.4255319148936,262.4,264.551724137931
234.3243243243243,240.4137931034483,250.9545454545454,256.1428571428572,259.2068965517241,260.24,262.3823529411765,262.2553191489362,262.2,264.4310344827586
234.1081081081081,240.1379310344828,250.8181818181818,256,259.0689655172414,260.08,262.2941176470588,262.0851063829787,262,264.3103448275862
