113.8170731707317,120,124,122.8947368421052,125.775641025641,118.8333333333333,124,117,111.78,105.2
114.1829268292683,120.1176470588235,124.1333333333333,123,125.826923076923,119,124.125,117.1,111.84,105.4666666666667
114.5487804878049,120.2352941176471,124.2666666666667,123.1052631578947,125.8782051282051,119.1666666666667,124.25,117.2,111.9,105.7333333333333
114.9146341463414,120.3529411764706,124.4,123.2105263157895,125.9294871794871,119.3333333333333,124.375,117.3,111.96,106
115.280487804878,120.4705882352941,124.5333333333333,123.3157894736842,125.9807692307692,119.5,124.5,117.4,112.02,106.2666666666667
115.6463414634146,120.5882352941177,124.6666666666667,123.421052631579,126.0320512820512,119.6666666666667,124.625,117.5,112.08,106.5333333333333
116.0121951219512,120.7058823529412,124.8,123.5263157894737,126.0833333333333,119.8333333333333,124.75,117.6,112.14,106.8
116.3780487804878,120.8235294117647,124.9333333333333,123.6315789473684,126.1346153846153,120,124.875,117.7,112.2,107.0666666666667
116.7439024390243,120.9411764705882,125.0666666666667,123.7368421052632,126.1858974358974,120.1666666666667,125,117.8,112.26,107.3333333333333
117.1097560975609,121.0588235294118,125.2,123.8421052631579,126.2371794871794,120.3333333333333,125.125,117.9,112.32,107.6
117.4756097560975,121.1764705882353,125.3333333333333,123.9473684210526,126.3333333333333,120.5,125.25,118,112.38,107.8666666666667
117.7738095238095,121.2941176470588,125.4666666666667,124.0526315789474,126.4444444444444,120.6666666666667,125.375,118.1,112.44,108.1666666666667
117.8690476190476,121.4117647058823,125.6,124.1578947368421,126.5555555555555,120.8333333333333,125.5,118.2,112.5,108.5
117.9642857142857,121.5294117647059,125.7333333333333,124.2631578947368,126.6666666666667,121,125.625,118.3,112.8333333333333,108.8333333333333
118.0595238095238,121.6470588235294,125.8666666666667,124.3684210526316,126.7777777777778,121.1666666666667,125.75,118.4,113.1666666666667,109.1666666666667
118.1547619047618,121.7647058823529,126,124.4736842105263,126.8888888888889,121.3333333333333,125.875,118.5,113.5,109.5
118.2499999999999,121.8823529411765,126,124.5789473684211,127,121.5,126,118.6,113.8333333333333,109.8333333333333
118.345238095238,122,126,124.6842105263158,127.0666666666667,121.6666666666667,126,118.7,114.1666666666667,110.1666666666667
118.4404761904761,122.1818181818182,126,124.7894736842105,127.1333333333333,121.8333333333333,126,118.8,114.5,110.5
118.5357142857142,122.3636363636364,126,124.8947368421053,127.2,122,126,118.9,114.8333333333333,110.8333333333333
118.6309523809523,122.5454545454545,126,125,127.2666666666667,122.12,126,119,115.1666666666667,111.0625
118.7261904761904,122.7272727272727,126,125.1538461538462,127.3333333333333,122.24,126,119.0909090909091,115.5,111.1875
118.9545454545454,122.9090909090909,126,125.3076923076923,127.4,122.36,126,119.1818181818182,115.8333333333333,111.3125
119.2272727272727,123.0909090909091,126,125.4615384615385,127.4666666666667,122.48,126,119.2727272727273,116.1666666666667,111.4375
119.5,123.2727272727273,126,125.6153846153846,127.5333333333333,122.6,126,119.3636363636364,116.5,111.5625
119.7727272727272,123.4545454545455,126,125.7692307692308,127.6,122.72,126,119.4545454545455,116.8333333333334,111.6875
120.0454545454545,123.6363636363636,126.1,125.9230769230769,127.6666666666667,122.84,126,119.5454545454545,117.1666666666667,111.8125
120.3181818181818,123.8181818181818,126.2,126.0769230769231,127.7333333333333,122.96,126.1666666666667,119.6363636363636,117.2159090909091,111.9375
120.5909090909091,124,126.3,126.2307692307692,127.8,123.08,126.3333333333333,119.7272727272727,117.1704545454546,112.0869565217391
120.8636363636364,124.1,126.4,126.3846153846154,127.8666666666667,123.2,126.5,119.8181818181818,117.125,112.2608695652174
121.0625,124.2,126.5,126.5384615384615,127.9333333333333,123.32,126.6666666666667,119.9090909090909,117.0795454545455,112.4347826086957
121.1875,124.3,126.6,126.6923076923077,128,123.44,126.8333333333333,120,117.0340909090909,112.6086956521739
121.3125,124.4,126.7,126.8461538461539,128.013698630137,123.56,127,120.0204081632653,116.9886363636364,112.7826086956522
121.4375,124.5,126.8,127,128.027397260274,123.68,126.9166666666667,120.0408163265306,116.9431818181818,112.9565217391304
121.5625,124.6,126.9,127.0869565217391,128.041095890411,123.8,126.8333333333333,120.0612244897959,116.8977272727273,113.1304347826087
121.6875,124.7,127,127.1739130434783,128.0547945205479,123.92,126.75,120.0816326530612,116.8522727272728,113.304347826087
121.8125,124.8,127.1666666666667,127.2608695652174,128.0684931506849,124.04,126.6666666666667,120.1020408163265,116.8068181818182,113.4782608695652
121.9375,124.9,127.3333333333333,127.3478260869565,128.0821917808219,124.16,126.5833333333333,120.1224489795918,116.7613636363637,113.6521739130435
122.0625,125,127.5,127.4347826086957,128.0958904109589,124.28,126.5,120.1428571428571,116.9583333333334,113.8260869565217
122.1875,125.0666666666667,127.6666666666667,127.5217391304348,128.1095890410959,124.4,126.4166666666667,120.1632653061224,117.2361111111111,114
122.3125,125.1333333333334,127.8333333333333,127.6086956521739,128.1232876712328,124.52,126.3333333333333,120.1836734693877,117.5138888888889,114.1739130434783
122.4375,125.2,128,127.6956521739131,128.1369863013698,124.64,126.25,120.204081632653,117.7916666666667,114.3478260869565
122.5625,125.2666666666667,128.1666666666667,127.7826086956522,128.1506849315068,124.76,126.1666666666667,120.2244897959183,118.0694444444444,114.5217391304348
122.6875,125.3333333333333,128.3333333333333,127.8695652173913,128.1643835616438,124.88,126.0833333333334,120.2448979591836,118.3472222222222,114.695652173913
122.8125,125.4,128.5,127.9565217391304,128.1780821917808,125,126,120.2857142857142,118.625,114.8695652173913
122.9375,125.4666666666667,128.6666666666667,128.0434782608696,128.1917808219177,125.0833333333334,126.1666666666667,120.3333333333333,118.9027777777777,115.0434782608696
123.25,125.5333333333333,128.8333333333333,128.1304347826087,128.2054794520548,125.1666666666667,126.3333333333333,120.3809523809523,119.1805555555555,115.2173913043478
123.75,125.6,129,128.2173913043478,128.2191780821917,125.25,126.5,120.4285714285714,119.3235294117646,115.3913043478261
124.25,125.6666666666667,129.0566037735849,128.304347826087,128.2328767123287,125.3333333333334,126.6666666666667,120.4761904761904,119.4215686274509,115.5652173913043
124.75,125.7333333333333,129.1132075471698,128.3913043478261,128.2465753424657,125.4166666666667,126.8333333333333,120.5238095238095,119.5196078431372,115.7391304347826
125.25,125.8,129.1698113207547,128.4782608695652,128.235294117647,125.5,127,120.5714285714285,119.6176470588235,115.9130434782609
125.75,125.8666666666667,129.2264150943396,128.5652173913043,128.2156862745097,125.5833333333333,127.1666666666667,120.6190476190475,119.7156862745098,116.0869565217391
126.0357142857143,125.9333333333333,129.2830188679245,128.6521739130435,128.1960784313725,125.6666666666667,127.3333333333333,120.6666666666666,119.813725490196,116.2608695652174
126.1071428571429,126,129.3396226415094,128.7391304347826,128.1764705882352,125.75,127.5,120.7142857142857,119.9117647058823,116.4347826086956
126.1785714285714,126.1111111111111,129.3962264150943,128.8260869565217,128.156862745098,125.8333333333333,127.6666666666667,120.7685185185185,120.0098039215686,116.6086956521739
126.25,126.2222222222222,129.4528301886792,128.9130434782609,128.1372549019608,125.9166666666667,127.8333333333333,120.8425925925925,120.1078431372549,116.7826086956522
126.3214285714286,126.3333333333333,129.5094339622641,129,128.1176470588235,126,128,120.9166666666666,120.2058823529412,116.9565217391304
126.3928571428572,126.4444444444445,129.566037735849,129,128.0980392156862,126.0833333333333,128,120.9907407407407,120.3039215686274,117.1304347826087
126.4642857142857,126.5555555555556,129.6226415094339,129,128.078431372549,126.1666666666667,128,121.0648148148148,120.4019607843137,117.304347826087
126.5357142857143,126.6666666666667,129.6792452830188,129,128.0588235294117,126.25,128,121.1388888888888,120.5,117.4782608695652
126.6071428571429,126.7777777777778,129.7358490566037,129,128.0392156862745,126.3333333333333,128,121.2129629629629,120.5588235294118,117.6521739130435
126.6785714285714,126.8888888888889,129.8181818181818,129,128.0196078431372,126.4166666666667,128,121.287037037037,120.6176470588235,117.8260869565217
126.75,127,129.9090909090908,129,128,126.5,128,121.3611111111111,120.6764705882353,118
126.8214285714286,127.2222222222222,129.9999999999999,129,127.9090909090909,126.5833333333333,128,121.4351851851851,120.735294117647,118.0555555555556
126.8928571428572,127.4444444444445,130.0909090909091,129,127.8181818181818,126.6666666666667,128,121.5092592592592,120.7941176470588,118.1111111111111
126.9642857142857,127.6666666666667,130.1818181818182,129,127.7272727272727,126.75,128,121.5833333333333,120.8529411764706,118.1666666666667
127.0357142857143,127.8888888888889,130.2727272727273,129,127.6363636363636,126.8333333333333,128,121.6574074074073,120.9117647058823,118.2222222222222
127.1071428571429,128.1111111111111,130.3636363636363,129,127.5454545454545,126.9166666666667,128,121.7314814814814,120.9705882352941,118.2777777777778
127.1785714285714,128.3333333333333,130.4545454545454,129,127.4545454545455,127,128,121.8297872340425,121.0294117647059,118.3333333333333
127.25,128.5555555555556,130.5454545454545,129,127.3636363636364,127.027027027027,128,121.9361702127659,121.0882352941177,118.3888888888889
127.3214285714286,128.7777777777778,130.6363636363636,129,127.2727272727273,127.0540540540541,128.0769230769231,122.0425531914893,121.1470588235294,118.4444444444444
127.3928571428572,129,130.7272727272727,129,127.1818181818182,127.0810810810811,128.1538461538462,122.1489361702127,121.2058823529412,118.5
127.4642857142857,129.2222222222222,130.8181818181818,129,127.0909090909091,127.1081081081081,128.2307692307692,122.2553191489361,121.2647058823529,118.5555555555556
127.5357142857143,129.4444444444445,130.9090909090909,129,127,127.1351351351351,128.3076923076923,122.3617021276596,121.3235294117647,118.6111111111111
127.6071428571429,129.6666666666667,131,129,126.9090909090909,127.1621621621622,128.3846153846154,122.4680851063829,121.3823529411765,118.6666666666667
127.6785714285714,129.8888888888889,130.9230769230769,129,126.8181818181818,127.1891891891892,128.4615384615385,122.5744680851064,121.4411764705882,118.7222222222222
127.75,130.1111111111111,130.8461538461538,129,126.7272727272727,127.2162162162162,128.5384615384615,122.6808510638298,121.5,118.7777777777778
127.8214285714286,130.3333333333333,130.7692307692308,129,126.6363636363636,127.2432432432433,128.6153846153846,122.7872340425532,121.5526315789474,118.8333333333333
127.8928571428571,130.5555555555556,130.6923076923077,129,126.5454545454546,127.2702702702703,128.6923076923077,122.8936170212766,121.6052631578947,118.8888888888889
127.9642857142857,130.7777777777778,130.6153846153846,129,126.4545454545455,127.2972972972973,128.7692307692308,123,121.6578947368421,118.9444444444444
128.0769230769231,131,130.5384615384615,129,126.3636363636364,127.3243243243243,128.8461538461538,123.0666666666667,121.7105263157895,119
128.2307692307692,131.0625,130.4615384615385,129,126.2727272727273,127.3513513513514,128.9230769230769,123.1333333333333,121.7631578947368,119.2142857142857
128.3846153846154,131.125,130.3846153846154,129,126.1818181818182,127.3783783783784,129,123.2,121.8157894736842,119.4285714285714
128.5384615384615,131.1875,130.3076923076923,129,126.0909090909091,127.4054054054054,129.0714285714286,123.2666666666667,121.8684210526316,119.6428571428571
128.6923076923077,131.25,130.2307692307692,129,126,127.4324324324324,129.1428571428572,123.3333333333333,121.9210526315789,119.8571428571429
128.8461538461538,131.3125,130.1538461538462,129,126.0434782608696,127.4594594594595,129.2142857142857,123.4,121.9736842105263,120.0714285714286
129,131.375,130.0769230769231,129,126.0869565217392,127.4864864864865,129.2857142857143,123.4666666666667,122.0263157894737,120.2857142857143
129.1538461538462,131.4375,130,129,126.1304347826087,127.5135135135135,129.3571428571428,123.5333333333333,122.0789473684211,120.5
129.3076923076923,131.5,129.9855072463768,129,126.1739130434783,127.5405405405405,129.4285714285714,123.6,122.1315789473684,120.7142857142857
129.4615384615385,131.5625,129.9710144927536,129,126.2173913043478,127.5675675675676,129.5,123.6666666666667,122.1842105263158,120.9285714285714
129.6153846153846,131.625,129.9565217391304,129,126.2608695652174,127.5945945945946,129.5714285714286,123.7333333333333,122.2368421052632,121.1428571428571
129.7692307692308,131.6875,129.9420289855072,129,126.304347826087,127.6216216216216,129.6428571428571,123.8,122.2894736842105,121.3571428571429
129.9230769230769,131.75,129.9275362318841,129,126.3478260869565,127.6486486486486,129.7142857142857,123.8666666666667,122.3421052631579,121.5714285714286
130,131.8125,129.9130434782608,129,126.3913043478261,127.6756756756757,129.7857142857143,123.9333333333333,122.3947368421053,121.7857142857143
130,131.875,129.8985507246377,129,126.4347826086957,127.7027027027027,129.8571428571429,124,122.4473684210526,122
130,131.9375,129.8840579710144,129,126.4782608695652,127.7297297297297,129.9285714285714,124.0357142857143,122.5,122.0967741935484
130,132,129.8695652173913,129,126.5217391304348,127.7567567567568,130,124.0714285714286,122.5526315789474,122.1935483870968
130,132,129.8550724637681,129,126.5652173913044,127.7837837837838,129.9545454545455,124.1071428571429,122.6052631578947,122.2903225806452
130,132,129.8405797101449,128.9523809523809,126.6086956521739,127.8108108108108,129.9090909090909,124.1428571428572,122.6578947368421,122.3870967741936
130,132,129.8260869565217,128.9047619047619,126.6521739130435,127.8378378378378,129.8636363636364,124.1785714285714,122.7105263157895,122.4838709677419
130,132,129.8115942028985,128.8571428571429,126.6956521739131,127.8648648648649,129.8181818181818,124.2142857142857,122.7631578947368,122.5806451612903
130,132,129.7971014492753,128.8095238095238,126.7391304347826,127.8918918918919,129.7727272727273,124.25,122.8157894736842,122.6774193548387
130,132,129.7826086956521,128.7619047619048,126.7826086956522,127.9189189189189,129.7272727272727,124.2857142857143,122.8684210526316,122.7741935483871
130,132,129.7681159420289,128.7142857142857,126.8260869565218,127.945945945946,129.6818181818182,124.3214285714286,122.921052631579,122.8709677419355
130,132,129.7536231884058,128.6666666666667,126.8695652173913,127.972972972973,129.6363636363636,124.3571428571429,122.9736842105263,122.9677419354839
130,132,129.7302631578947,128.6190476190476,126.9130434782609,128,129.5909090909091,124.3928571428572,123.0263157894737,123.0645161290323
130,132,129.703947368421,128.5714285714286,126.9565217391305,128,129.5454545454545,124.4285714285714,123.0789473684211,123.1612903225807
130,132,129.6776315789473,128.5238095238095,127,128,129.5,124.4642857142857,123.1315789473684,123.258064516129
130,132,129.6513157894736,128.4761904761905,126.9642857142857,128,129.4545454545454,124.5,123.1842105263158,123.3548387096774
130,132,129.6249999999999,128.4285714285714,126.9285714285714,128,129.4090909090909,124.5357142857143,123.2368421052632,123.4516129032258
130,132,129.5986842105263,128.3809523809524,126.8928571428572,128,129.3636363636364,124.5714285714286,123.2894736842105,123.5483870967742
130,132,129.5723684210526,128.3333333333333,126.8571428571429,128,129.3181818181818,124.6071428571429,123.3421052631579,123.6451612903226
130,132,129.5460526315789,128.2857142857143,126.8214285714286,128,129.2727272727273,124.6428571428572,123.3947368421053,123.741935483871
130,132,129.5197368421052,128.2380952380952,126.7857142857143,128,129.2272727272727,124.6785714285714,123.4473684210526,123.8387096774194
130,132,129.4934210526315,128.1904761904762,126.75,128,129.1818181818182,124.7142857142857,123.5,123.9354838709678
130,132,129.4671052631578,128.1428571428571,126.7142857142857,128,129.1363636363636,124.75,123.5261780104712,124.0322580645161
130,132,129.4407894736842,128.0952380952381,126.6785714285714,128,129.0909090909091,124.7857142857143,123.5523560209424,124.1290322580645
130,132,129.4144736842105,128.047619047619,126.6428571428571,128,129.0454545454545,124.8214285714286,123.5785340314136,124.2258064516129
130,132,129.3881578947368,128,126.6071428571429,128,129,124.8571428571429,123.6047120418848,124.3225806451613
130,132,129.3618421052631,127.9047619047619,126.5714285714286,128,128.9166666666667,124.8928571428572,123.630890052356,124.4193548387097
130,132.04,129.3355263157894,127.8095238095238,126.5357142857143,128,128.8333333333333,124.9285714285714,123.6570680628272,124.5161290322581
130,132.08,129.3092105263157,127.7142857142857,126.5,128,128.75,124.9642857142857,123.6832460732984,124.6129032258065
130,132.12,129.2828947368421,127.6190476190476,126.4642857142857,128,128.6666666666667,125,123.7094240837696,124.7096774193548
130,132.16,129.2565789473684,127.5238095238095,126.4285714285714,128,128.5833333333333,125.0153846153846,123.7356020942408,124.8064516129032
130,132.2,129.2363636363636,127.4285714285714,126.3928571428572,128,128.5,125.0307692307692,123.761780104712,124.9032258064516
130,132.24,129.2181818181818,127.3333333333333,126.3571428571429,128,128.4166666666667,125.0461538461539,123.7879581151832,125
130,132.28,129.2,127.2380952380952,126.3214285714286,128,128.3333333333333,125.0615384615385,123.8141361256544,125.04
130,132.32,129.1818181818181,127.1428571428571,126.2857142857143,128,128.25,125.0769230769231,123.8403141361256,125.08
130,132.36,129.1636363636363,127.0476190476191,126.25,128,128.1666666666667,125.0923076923077,123.8664921465968,125.12
130,132.4,129.1454545454545,126.952380952381,126.2142857142857,128,128.0833333333333,125.1076923076923,123.892670157068,125.16
130,132.44,129.1272727272727,126.8571428571429,126.1785714285714,128,128,125.1230769230769,123.9188481675393,125.2
130,132.48,129.1090909090909,126.7619047619048,126.1428571428572,128,127.9166666666667,125.1384615384615,123.9450261780105,125.24
130,132.52,129.0909090909091,126.6666666666667,126.1071428571429,128,127.8333333333333,125.1538461538461,123.9712041884817,125.28
130,132.56,129.0727272727273,126.5714285714286,126.0714285714286,128,127.75,125.1692307692307,123.9973821989529,125.32
130.0471698113207,132.6,129.0545454545454,126.4761904761905,126.0357142857143,127.9583333333333,127.6666666666667,125.1846153846154,124.0235602094241,125.36
130.1415094339623,132.64,129.0363636363636,126.3809523809524,126,127.9166666666667,127.5833333333333,125.2,124.0497382198953,125.4
130.2358490566038,132.68,129.0181818181818,126.2857142857143,126.0454545454546,127.875,127.5,125.2153846153846,124.0759162303665,125.44
130.3301886792453,132.72,129,126.1904761904762,126.0909090909091,127.8333333333333,127.4166666666667,125.2307692307692,124.1020942408377,125.48
130.4245283018868,132.76,128.9545454545454,126.0952380952381,126.1363636363637,127.7916666666667,127.3333333333333,125.2461538461538,124.1282722513089,125.52
130.5188679245283,132.8,128.9090909090909,126,126.1818181818182,127.75,127.25,125.2222222222222,124.1544502617801,125.56
130.6132075471698,132.84,128.8636363636363,126.0625,126.2272727272727,127.7083333333333,127.1666666666667,125.1851851851851,124.1806282722513,125.6
130.7075471698113,132.88,128.8181818181818,126.125,126.2727272727273,127.6666666666667,127.0833333333334,125.1481481481481,124.2068062827225,125.64
130.8018867924528,132.92,128.7727272727273,126.1875,126.3181818181818,127.625,127,125.1111111111111,124.2329842931937,125.68
130.8962264150943,132.96,128.7272727272727,126.25,126.3636363636364,127.5833333333333,127.05,125.0740740740741,124.2591623036649,125.72
130.9905660377358,133,128.6818181818182,126.3125,126.4090909090909,127.5416666666667,127.1,125.037037037037,124.2853403141361,125.76
131.0849056603773,133,128.6363636363637,126.375,126.4545454545455,127.5,127.15,125,124.3115183246073,125.8
131.1792452830188,133,128.5909090909091,126.4375,126.5,127.4583333333333,127.2,125.0416666666667,124.3376963350785,125.84
131.2605633802816,133,128.5454545454546,126.5,126.5454545454546,127.4166666666667,127.25,125.0833333333333,124.3638743455497,125.88
131.3028169014084,133,128.5,126.5625,126.5909090909091,127.375,127.3,125.125,124.3900523560209,125.92
131.3450704225352,133,128.4545454545454,126.625,126.6363636363637,127.3333333333333,127.35,125.1666666666667,124.4162303664921,125.96
131.3873239436619,133,128.4090909090909,126.6875,126.6818181818182,127.2916666666667,127.4,125.2083333333333,124.4424083769633,126
131.4295774647887,133,128.3636363636364,126.75,126.7272727272727,127.25,127.45,125.25,124.4685863874345,126.0370370370371
131.4718309859154,133,128.3181818181818,126.8125,126.7727272727273,127.2083333333333,127.5,125.2916666666667,124.4947643979057,126.0740740740741
131.5140845070422,133,128.2727272727273,126.875,126.8181818181818,127.1666666666667,127.55,125.3333333333334,124.5209424083769,126.1111111111111
131.556338028169,133,128.2272727272727,126.9375,126.8636363636364,127.125,127.6,125.375,124.5471204188481,126.1481481481482
131.5985915492957,133,128.1818181818182,127,126.9090909090909,127.0833333333333,127.65,125.4166666666667,124.5732984293193,126.1851851851852
131.6408450704225,133,128.1363636363636,126.95,126.9545454545455,127.0416666666667,127.7,125.4583333333334,124.5994764397905,126.2222222222222
131.6830985915493,133,128.0909090909091,126.9,127,127,127.75,125.5,124.6256544502617,126.2592592592593
131.725352112676,133,128.0454545454546,126.85,126.9565217391305,126.9583333333333,127.8,125.5416666666667,124.6518324607329,126.2962962962963
131.7676056338028,133,128,126.8,126.9130434782609,126.9166666666667,127.85,125.5833333333333,124.6780104712041,126.3333333333333
131.8098591549296,133,128,126.75,126.8695652173913,126.875,127.9,125.625,124.7041884816753,126.3703703703704
131.8521126760563,133,128,126.7,126.8260869565218,126.8333333333333,127.95,125.6666666666667,124.7303664921465,126.4074074074074
131.8943661971831,132.9545454545454,128,126.65,126.7826086956522,126.7916666666667,128,125.7083333333333,124.7539682539682,126.4444444444445
131.9366197183099,132.9090909090909,128,126.6,126.7391304347826,126.75,127.9722222222222,125.75,124.7698412698412,126.4814814814815
131.9788732394366,132.8636363636364,128,126.55,126.6956521739131,126.7083333333333,127.9444444444444,125.7916666666667,124.7857142857142,126.5185185185185
132.0357142857143,132.8181818181818,128,126.5,126.6521739130435,126.6666666666667,127.9166666666667,125.8333333333333,124.8015873015872,126.5555555555556
132.1071428571428,132.7727272727273,128,126.45,126.6086956521739,126.625,127.8888888888889,125.875,124.8174603174603,126.5925925925926
132.1785714285714,132.7272727272727,128,126.4,126.5652173913044,126.5833333333333,127.8611111111111,125.9166666666667,124.8333333333333,126.6296296296296
132.25,132.6818181818182,128,126.35,126.5217391304348,126.5416666666667,127.8333333333333,125.9583333333333,124.8492063492063,126.6666666666667
132.3214285714286,132.6363636363636,128,126.3,126.4782608695652,126.5,127.8055555555556,126,124.8650793650793,126.7037037037037
132.3928571428571,132.5909090909091,128,126.25,126.4347826086957,126.4583333333333,127.7777777777778,125.9882352941177,124.8809523809523,126.7407407407408
132.4642857142857,132.5454545454546,128,126.2,126.3913043478261,126.4166666666667,127.75,125.9764705882353,124.8968253968253,126.7777777777778
132.5357142857143,132.5,128,126.15,126.3478260869565,126.375,127.7222222222222,125.9647058823529,124.9126984126984,126.8148148148148
132.6071428571429,132.4545454545455,128,126.1,126.304347826087,126.3333333333333,127.6944444444445,125.9529411764706,124.9285714285714,126.8518518518519
132.6785714285714,132.4090909090909,128,126.05,126.2608695652174,126.2916666666667,127.6666666666667,125.9411764705882,124.9444444444444,126.8888888888889
132.75,132.3636363636364,128,126,126.2173913043478,126.25,127.6388888888889,125.9294117647059,124.9603174603174,126.9259259259259
132.8214285714286,132.3181818181818,128,125.9583333333333,126.1739130434783,126.2083333333333,127.6111111111111,125.9176470588235,124.9761904761904,126.962962962963
132.8928571428571,132.2727272727273,127.9583333333333,125.9166666666667,126.1304347826087,126.1666666666667,127.5833333333333,125.9058823529412,124.9920634920634,127
132.9642857142857,132.2272727272727,127.9166666666667,125.875,126.0869565217392,126.125,127.5555555555556,125.8941176470588,125.0079365079365,127
133.0277777777778,132.1818181818182,127.875,125.8333333333333,126.0434782608696,126.0833333333333,127.5277777777778,125.8823529411765,125.0238095238095,127
133.0833333333333,132.1363636363636,127.8333333333333,125.7916666666667,126,126.0416666666667,127.5,125.8705882352941,125.0396825396825,127
133.1388888888889,132.0909090909091,127.7916666666667,125.75,125.9523809523809,126,127.4722222222222,125.8588235294117,125.0555555555555,127
133.1944444444445,132.0454545454545,127.75,125.7083333333333,125.9047619047619,125.974358974359,127.4444444444445,125.8470588235294,125.0714285714285,127
133.25,132,127.7083333333333,125.6666666666667,125.8571428571429,125.948717948718,127.4166666666667,125.835294117647,125.0873015873016,127
133.3055555555555,131.9523809523809,127.6666666666667,125.625,125.8095238095238,125.9230769230769,127.3888888888889,125.8235294117647,125.1031746031746,127
133.3611111111111,131.9047619047619,127.625,125.5833333333333,125.7619047619048,125.8974358974359,127.3611111111111,125.8117647058823,125.1190476190476,127
133.4166666666667,131.8571428571429,127.5833333333333,125.5416666666667,125.7142857142857,125.8717948717949,127.3333333333333,125.8,125.1349206349206,127
133.4722222222222,131.8095238095238,127.5416666666667,125.5,125.6666666666667,125.8461538461539,127.3055555555556,125.7882352941176,125.1507936507936,127
133.5277777777778,131.7619047619048,127.5,125.4583333333333,125.6190476190476,125.8205128205128,127.2777777777778,125.7764705882352,125.1666666666666,127
133.5833333333333,131.7142857142857,127.4583333333333,125.4166666666667,125.5714285714286,125.7948717948718,127.25,125.7647058823529,125.1825396825397,127
133.6388888888889,131.6666666666667,127.4166666666667,125.375,125.5238095238095,125.7692307692308,127.2222222222222,125.7529411764705,125.1984126984127,127
133.6944444444444,131.6190476190476,127.375,125.3333333333333,125.4761904761905,125.7435897435898,127.1944444444445,125.7090909090909,125.2142857142857,127
133.75,131.5714285714286,127.3333333333333,125.2916666666667,125.4285714285714,125.7179487179487,127.1666666666667,125.6545454545454,125.2301587301587,127
133.8055555555555,131.5238095238095,127.2916666666667,125.25,125.3809523809524,125.6923076923077,127.1388888888889,125.6,125.2460317460317,127
133.8611111111111,131.4761904761905,127.25,125.2083333333333,125.3333333333333,125.6666666666667,127.1111111111111,125.5454545454545,125.2619047619047,127
133.9166666666667,131.4285714285714,127.2083333333333,125.1666666666667,125.2857142857143,125.6410256410256,127.0833333333333,125.490909090909,125.2777777777778,127
133.9722222222222,131.3809523809524,127.1666666666667,125.125,125.2380952380952,125.6153846153846,127.0555555555556,125.4363636363636,125.2936507936508,127
134.0208333333333,131.3333333333333,127.125,125.0833333333333,125.1904761904762,125.5897435897436,127.0277777777778,125.3818181818182,125.3095238095238,127
134.0625,131.2857142857143,127.0833333333333,125.0416666666667,125.1428571428572,125.5641025641026,127,125.3272727272727,125.3253968253968,127
134.1041666666667,131.2380952380952,127.0416666666667,125,125.0952380952381,125.5384615384615,126.9538461538462,125.2727272727273,125.3412698412698,127
134.1458333333333,131.1904761904762,127,124.96875,125.0476190476191,125.5128205128205,126.9076923076923,125.2181818181818,125.3571428571428,127
134.1875,131.1428571428571,126.96875,124.9375,125,125.4871794871795,126.8615384615385,125.1636363636364,125.3730158730159,127
134.2291666666667,131.0952380952381,126.9375,124.90625,124.9666666666667,125.4615384615385,126.8153846153846,125.1090909090909,125.3888888888889,127
134.2708333333333,131.0476190476191,126.90625,124.875,124.9333333333334,125.4358974358975,126.7692307692308,125.0545454545455,125.4047619047619,127
134.3125,131,126.875,124.84375,124.9,125.4102564102564,126.7230769230769,125,125.4206349206349,127
134.3541666666667,130.9032258064516,126.84375,124.8125,124.8666666666667,125.3846153846154,126.6769230769231,125.05,125.436507936508,127
134.3958333333333,130.8064516129032,126.8125,124.78125,124.8333333333333,125.3589743589744,126.6307692307692,125.1,125.4523809523809,127
134.4375,130.7096774193548,126.78125,124.75,124.8,125.3333333333333,126.5846153846154,125.15,125.468253968254,127
134.4791666666667,130.6129032258065,126.75,124.71875,124.7666666666667,125.3076923076923,126.5384615384615,125.2,125.484126984127,127.0571428571429
134.5208333333333,130.5161290322581,126.71875,124.6875,124.7333333333333,125.2820512820513,126.4923076923077,125.25,125.5,127.1142857142857
134.5625,130.4193548387097,126.6875,124.65625,124.7,125.2564102564103,126.4461538461539,125.3,125.5222222222222,127.1714285714286
134.6041666666667,130.3225806451613,126.65625,124.625,124.6666666666667,125.2307692307693,126.4,125.35,125.5444444444445,127.2285714285714
134.6458333333333,130.2258064516129,126.625,124.59375,124.6333333333333,125.2051282051282,126.3538461538462,125.4,125.5666666666667,127.2857142857143
134.6875,130.1290322580645,126.59375,124.5625,124.6,125.1794871794872,126.3076923076923,125.45,125.5888888888889,127.3428571428571
134.7291666666667,130.0322580645161,126.5625,124.53125,124.5666666666667,125.1538461538462,126.2615384615385,125.5,125.6111111111111,127.4
134.7708333333333,129.9354838709677,126.53125,124.5,124.5333333333333,125.1282051282051,126.2153846153846,125.55,125.6333333333334,127.4571428571429
134.8125,129.8387096774194,126.5,124.46875,124.5,125.1025641025641,126.1692307692308,125.6,125.6555555555556,127.5142857142857
134.8541666666667,129.741935483871,126.46875,124.4375,124.4666666666667,125.0769230769231,126.1230769230769,125.65,125.6777777777778,127.5714285714286
134.8958333333333,129.6451612903226,126.4375,124.40625,124.4333333333333,125.0512820512821,126.0769230769231,125.7,125.7,127.6285714285714
134.9375,129.5483870967742,126.40625,124.375,124.4,125.0256410256411,126.0307692307693,125.75,125.7222222222222,127.6857142857143
134.9791666666667,129.4516129032258,126.375,124.34375,124.3666666666667,125,125.9846153846154,125.8,125.7444444444445,127.7428571428572
134.9545454545455,129.3548387096774,126.34375,124.3125,124.3333333333333,124.950495049505,125.9384615384615,125.85,125.7666666666667,127.8
134.8636363636364,129.258064516129,126.3125,124.28125,124.3,124.9009900990099,125.8923076923077,125.9,125.7888888888889,127.8571428571429
134.7727272727273,129.1612903225806,126.28125,124.25,124.2666666666667,124.8514851485149,125.8461538461539,125.95,125.8111111111111,127.9142857142857
134.6818181818182,129.0645161290323,126.25,124.21875,124.2333333333333,124.8019801980198,125.8,126,125.8333333333334,127.9714285714286
134.5909090909091,128.9677419354839,126.21875,124.1875,124.2,124.7524752475248,125.7538461538462,126,125.8555555555556,128.0285714285714
134.5,128.8709677419355,126.1875,124.15625,124.1666666666667,124.7029702970297,125.7076923076923,126,125.8777777777778,128.0857142857143
134.4090909090909,128.7741935483871,126.15625,124.125,124.1333333333333,124.6534653465347,125.6615384615385,126,125.9,128.1428571428571
134.3181818181818,128.6774193548387,126.125,124.09375,124.1,124.6039603960396,125.6153846153846,126,125.9222222222222,128.2
134.2272727272727,128.5806451612903,126.09375,124.0625,124.0666666666667,124.5544554455445,125.5692307692308,126,125.9444444444445,128.2571428571429
134.1363636363636,128.4838709677419,126.0625,124.03125,124.0333333333333,124.5049504950495,125.5230769230769,126,125.9666666666667,128.3142857142857
134.0454545454546,128.3870967741935,126.03125,124,124,124.4554455445545,125.4769230769231,126,125.9888888888889,128.3714285714286
133.95,128.2903225806452,126,124,124.0344827586207,124.4059405940594,125.4307692307692,126,126.0111111111111,128.4285714285714
133.85,128.1935483870968,125.9444444444445,124,124.0689655172414,124.3564356435643,125.3846153846154,126,126.0333333333333,128.4857142857143
133.75,128.0967741935484,125.8888888888889,124,124.1034482758621,124.3069306930693,125.3384615384615,126,126.0555555555556,128.5428571428571
133.65,128,125.8333333333333,124,124.1379310344827,124.2574257425742,125.2923076923077,126,126.0777777777778,128.6
133.55,128,125.7777777777778,124,124.1724137931035,124.2079207920792,125.2461538461538,126,126.1,128.6571428571428
133.45,128,125.7222222222222,124,124.2068965517242,124.1584158415841,125.2,126,126.1222222222222,128.7142857142857
133.35,128,125.6666666666667,124,124.2413793103448,124.1089108910891,125.1538461538462,126,126.1444444444445,128.7714285714286
133.25,128,125.6111111111111,124,124.2758620689655,124.059405940594,125.1076923076923,126,126.1666666666667,128.8285714285714
133.15,128,125.5555555555556,124,124.3103448275862,124.009900990099,125.0615384615385,126,126.1888888888889,128.8857142857143
133.05,128,125.5,124,124.3448275862069,123.9603960396039,125.0153846153846,126,126.2111111111111,128.9428571428572
133.0492957746479,128,125.4444444444445,124,124.3793103448276,123.9108910891089,124.9692307692308,125.96,126.2333333333333,129
133.1478873239436,128,125.3888888888889,124,124.4137931034483,123.8613861386138,124.9230769230769,125.92,126.2555555555556,129.027027027027
133.2464788732394,128,125.3333333333333,124,124.448275862069,123.8118811881188,124.8769230769231,125.88,126.2777777777778,129.0540540540541
133.3450704225352,128,125.2777777777778,124,124.4827586206897,123.7623762376237,124.8307692307692,125.84,126.3,129.0810810810811
133.443661971831,128,125.2222222222222,124,124.5172413793103,123.7912087912087,124.7846153846154,125.8,126.3222222222222,129.1081081081081
133.5422535211267,128,125.1666666666667,124,124.551724137931,123.8461538461538,124.7384615384615,125.76,126.3444444444445,129.1351351351352
133.6408450704225,128,125.1111111111111,124,124.5862068965517,123.9010989010989,124.6923076923077,125.72,126.3666666666667,129.1621621621622
133.7394366197183,128,125.0555555555556,124,124.6206896551724,123.9560439560439,124.6461538461539,125.68,126.3888888888889,129.1891891891892
133.8380281690141,128,125,124,124.6551724137931,124.010989010989,124.6,125.64,126.4111111111111,129.2162162162162
133.9366197183098,128,124.8947368421053,124,124.6896551724138,124.065934065934,124.5538461538462,125.6,126.4333333333333,129.2432432432433
134.0352112676056,128,124.7894736842105,124,124.7241379310345,124.1208791208791,124.5076923076923,125.56,126.4555555555556,129.2702702702703
134.1338028169014,128,124.6842105263158,124,124.7586206896552,124.1758241758241,124.4615384615385,125.52,126.4777777777778,129.2972972972973
134.2323943661971,128,124.5789473684211,124,124.7931034482759,124.2307692307692,124.4153846153846,125.48,126.5,129.3243243243243
134.3309859154929,128,124.4736842105263,124,124.8275862068966,124.2857142857142,124.3692307692308,125.44,126.5344827586207,129.3513513513514
134.4295774647887,128,124.3684210526316,124,124.8620689655173,124.3406593406593,124.3230769230769,125.4,126.5689655172414,129.3783783783784
134.5281690140845,128,124.2631578947368,124,124.896551724138,124.3956043956044,124.2769230769231,125.36,126.6034482758621,129.4054054054054
134.6267605633802,128,124.1578947368421,124,124.9310344827586,124.4505494505494,124.2307692307692,125.32,126.6379310344828,129.4324324324324
134.725352112676,128,124.0526315789474,124,124.9655172413793,124.5054945054945,124.1846153846154,125.28,126.6724137931035,129.4594594594595
134.7666666666666,128,123.9473684210526,124,125,124.5604395604395,124.1384615384615,125.24,126.7068965517242,129.4864864864865
134.7888888888888,128,123.8421052631579,124,125.0322580645161,124.6153846153846,124.0923076923077,125.2,126.7413793103448,129.5135135135135
134.8111111111111,128,123.7368421052632,124,125.0645161290323,124.6703296703297,124.0461538461538,125.16,126.7758620689655,129.5405405405405
134.8333333333333,128,123.6315789473684,124,125.0967741935484,124.7252747252747,124,125.12,126.8103448275862,129.5675675675676
134.8555555555555,128,123.5263157894737,124,125.1290322580645,124.7802197802198,124.0263157894737,125.08,126.8448275862069,129.5945945945946
134.8777777777777,128,123.421052631579,124,125.1612903225807,124.8351648351648,124.0526315789474,125.04,126.8793103448276,129.6216216216216
134.9,128,123.3157894736842,124,125.1935483870968,124.8901098901099,124.078947368421,125,126.9137931034483,129.6486486486486
134.9222222222222,128,123.2105263157895,124,125.2258064516129,124.945054945055,124.1052631578947,124.9787234042553,126.948275862069,129.6756756756757
134.9444444444444,128,123.1052631578947,124,125.258064516129,125,124.1315789473684,124.9574468085107,126.9827586206897,129.7027027027027
134.9666666666666,128,123,124,125.2903225806452,125.0384615384615,124.1578947368421,124.936170212766,127.0172413793103,129.7297297297297
134.9888888888889,128,123,124,125.3225806451613,125.0769230769231,124.1842105263158,124.9148936170213,127.051724137931,129.7567567567568
134.9242424242424,128,123,124,125.3548387096774,125.1153846153846,124.2105263157895,124.8936170212766,127.0862068965517,129.7837837837838
134.7727272727273,128,123,124,125.3870967741936,125.1538461538462,124.2368421052632,124.8723404255319,127.1206896551724,129.8108108108108
134.6212121212121,128,123,124,125.4193548387097,125.1923076923077,124.2631578947368,124.8510638297872,127.1551724137931,129.8378378378378
134.4696969696969,128,123,124,125.4516129032258,125.2307692307692,124.2894736842105,124.8297872340426,127.1896551724138,129.8648648648649
134.3181818181818,128,123,124,125.483870967742,125.2692307692308,124.3157894736842,124.8085106382979,127.2241379310345,129.8918918918919
134.1666666666666,128,123,124,125.5161290322581,125.3076923076923,124.3421052631579,124.7872340425532,127.2586206896552,129.9189189189189
134.0151515151515,127.9736842105263,123,124,125.5483870967742,125.3461538461539,124.3684210526316,124.7659574468085,127.2931034482759,129.9459459459459
133.8636363636363,127.9473684210526,123,124,125.5806451612903,125.3846153846154,124.3947368421053,124.7446808510638,127.3275862068966,129.972972972973
133.774193548387,127.9210526315789,123,124,125.6129032258065,125.4230769230769,124.421052631579,124.7234042553192,127.3620689655172,130
133.8709677419354,127.8947368421053,123,124,125.6451612903226,125.4615384615385,124.4473684210526,124.7021276595745,127.3965517241379,130.0349048876732
133.9677419354838,127.8684210526316,123,124,125.6774193548387,125.5,124.4736842105263,124.6808510638298,127.4310344827586,130.0698097753464
134.0645161290322,127.8421052631579,123,124,125.7096774193548,125.5384615384615,124.5,124.6595744680851,127.4655172413793,130.1047146630196
134.1612903225806,127.8157894736842,123,124,125.741935483871,125.5769230769231,124.5263157894737,124.6382978723404,127.5,130.1396195506929
134.258064516129,127.7894736842105,123,124,125.7741935483871,125.6153846153846,124.5526315789474,124.6170212765958,127.5721649484536,130.1745244383661
134.3548387096774,127.7631578947368,123,124,125.8064516129032,125.6538461538462,124.5789473684211,124.5957446808511,127.6443298969072,130.2094293260393
134.4516129032257,127.7368421052632,123,124,125.8387096774194,125.6923076923077,124.6052631578947,124.5744680851064,127.7164948453608,130.2443342137125
134.5483870967741,127.7105263157895,123,124,125.8709677419355,125.7307692307692,124.6315789473684,124.5531914893617,127.7886597938144,130.2792391013858
134.6451612903225,127.6842105263158,123,124,125.9032258064516,125.7692307692308,124.6578947368421,124.531914893617,127.8608247422681,130.314143989059
134.7419354838709,127.6578947368421,123,124,125.9354838709678,125.8076923076923,124.6842105263158,124.5106382978723,127.9329896907216,130.3490488767322
134.8387096774193,127.6315789473684,123,124,125.9677419354839,125.8461538461539,124.7105263157895,124.4893617021277,128.0051546391753,130.3839537644054
134.9354838709677,127.6052631578947,123,124,126,125.8846153846154,124.7368421052632,124.468085106383,128.0773195876289,130.4188586520787
135.0322580645161,127.5789473684211,123,124,126.1139240506329,125.9230769230769,124.7631578947368,124.4468085106383,128.1494845360825,130.4537635397519
135.1290322580645,127.5526315789474,123.0666666666667,124,126.2278481012658,125.9615384615385,124.7894736842105,124.4255319148936,128.221649484536,130.4886684274251
135.2258064516128,127.5263157894737,123.1333333333333,124,126.3417721518987,126,124.8157894736842,124.4042553191489,128.2938144329897,130.5235733150983
135.1,127.5,123.2,124.0689655172414,126.4556962025317,126.15,124.8421052631579,124.3829787234043,128.3659793814433,130.5584782027715
134.8999999999999,127.4736842105263,123.2666666666667,124.1379310344828,126.5696202531646,126.3,124.8684210526316,124.3617021276596,128.4381443298969,130.5933830904447
134.7,127.4473684210526,123.3333333333333,124.2068965517241,126.6835443037974,126.45,124.8947368421053,124.3404255319149,128.5103092783505,130.628287978118
134.5,127.421052631579,123.4,124.2758620689655,126.7974683544304,126.6,124.921052631579,124.3191489361702,128.5824742268041,130.6631928657912
134.3,127.3947368421053,123.4666666666667,124.3448275862069,126.9113924050633,126.75,124.9473684210526,124.2978723404255,128.6546391752577,130.6980977534644
134.1,127.3684210526316,123.5333333333333,124.4137931034483,127.0253164556962,126.9,124.9736842105263,124.2765957446809,128.7268041237113,130.7330026411376
134.0714285714286,127.3421052631579,123.6,124.4827586206897,127.1392405063291,127.05,125,124.2553191489362,128.7989690721649,130.7679075288109
134.2142857142857,127.3157894736842,123.6666666666667,124.551724137931,127.253164556962,127.2,125.1714285714286,124.2340425531915,128.8711340206185,130.8028124164841
134.3571428571428,127.2894736842105,123.7333333333333,124.6206896551724,127.3670886075949,127.35,125.3428571428571,124.2127659574468,128.9432989690721,130.8377173041573
134.5,127.2631578947368,123.8,124.6896551724138,127.4810126582278,127.5,125.5142857142857,124.1914893617021,129.0154639175257,130.8726221918305
134.6428571428572,127.2368421052632,123.8666666666667,124.7586206896552,127.5949367088607,127.65,125.6857142857143,124.1702127659574,129.0876288659793,130.9075270795038
134.7857142857143,127.2105263157895,123.9333333333333,124.8275862068966,127.7088607594936,127.8,125.8571428571429,124.1489361702128,129.1597938144329,130.942431967177
134.9285714285714,127.1842105263158,124,124.8965517241379,127.8227848101265,127.95,126.0285714285714,124.1276595744681,129.2319587628865,130.9773368548502
135,127.1578947368421,124.0416666666667,124.9655172413793,127.9367088607594,128.1,126.2,124.1063829787234,129.2222222222222,131.0122417425234
135,127.1315789473684,124.0833333333333,125.0344827586207,128.0506329113924,128.25,126.3714285714286,124.0851063829787,129.1851851851851,131.0471466301966
135,127.1052631578948,124.125,125.1034482758621,128.1645569620253,128.4,126.5428571428572,124.0638297872341,129.1481481481481,131.0822320117474
135,127.0789473684211,124.1666666666667,125.1724137931035,128.311475409836,128.55,126.7142857142857,124.0425531914894,129.1111111111111,131.1497797356828
135,127.0526315789474,124.2083333333333,125.2413793103448,128.5573770491803,128.7,126.8857142857143,124.0212765957447,129.074074074074,131.2173274596182
135,127.0263157894737,124.25,125.3103448275862,128.8032786885246,128.85,127.0571428571429,124,129.037037037037,131.2848751835536
135,127,124.2916666666667,125.3793103448276,129.0491803278688,129,127.2285714285714,124.037037037037,128.9999999999999,131.352422907489
135,127.0263157894737,124.3333333333333,125.448275862069,129.2950819672131,129.3888888888889,127.4,124.0740740740741,128.9629629629629,131.4199706314244
135,127.0526315789474,124.375,125.5172413793103,129.5409836065573,129.7777777777778,127.5714285714286,124.1111111111111,128.9259259259259,131.4875183553598
135,127.0789473684211,124.4166666666667,125.5862068965517,129.7868852459016,130.1666666666667,127.7428571428572,124.1481481481482,128.8888888888888,131.5550660792952
135.0339805825243,127.1052631578948,124.4583333333333,125.6551724137931,130.0327868852459,130.5555555555555,127.9142857142857,124.1851851851852,128.8518518518518,131.6226138032306
135.1019417475728,127.1315789473684,124.5,125.7241379310345,130.2786885245901,130.9444444444445,128.0857142857143,124.2222222222222,128.8148148148148,131.6901615271659
135.1699029126214,127.1578947368421,124.5416666666667,125.7931034482759,130.5245901639344,131.3333333333333,128.2571428571429,124.2592592592593,128.7777777777777,131.7577092511013
135.2378640776699,127.1842105263158,124.5833333333333,125.8620689655173,130.7704918032787,131.7222222222222,128.4285714285714,124.2962962962963,128.7407407407407,131.8252569750367
135.3058252427184,127.2105263157895,124.625,125.9310344827586,131.0163934426229,132.1111111111111,128.6,124.3333333333333,128.7037037037036,131.8928046989721
135.373786407767,127.2368421052632,124.6666666666667,126,131.2622950819672,132.5,128.7714285714286,124.3703703703704,128.6666666666666,131.9603524229075
135.4417475728155,127.2631578947368,124.7083333333333,126,131.5081967213115,132.8888888888889,128.9428571428572,124.4074074074074,128.6296296296296,132.0279001468429
135.5097087378641,127.2894736842105,124.75,126,131.7540983606557,133.2777777777778,129.1142857142857,124.4444444444444,128.5925925925926,132.0954478707783
135.5776699029126,127.3157894736842,124.7916666666667,126,132,133.6666666666667,129.2857142857143,124.4814814814815,128.5555555555555,132.1629955947137
135.6456310679611,127.3421052631579,124.8333333333333,126,132.3617021276596,134.0555555555555,129.4571428571429,124.5185185185185,128.5185185185184,132.2305433186491
135.7135922330097,127.3684210526316,124.875,126,132.7234042553192,134.4444444444445,129.6285714285714,124.5555555555556,128.4814814814814,132.2980910425844
135.7815533980582,127.3947368421053,124.9166666666667,126,133.0851063829787,134.8333333333333,129.8,124.5925925925926,128.4444444444444,132.3656387665199
135.8495145631068,127.421052631579,124.9583333333333,126,133.4468085106383,135.2222222222222,129.9714285714286,124.6296296296296,128.4074074074073,132.4331864904552
135.9174757281553,127.4473684210526,125,126,133.8085106382979,135.6111111111111,130.1428571428571,124.6666666666667,128.3703703703703,132.5007342143906
135.9854368932039,127.4736842105263,125.0298956924017,126,134.1702127659574,136,130.3142857142857,124.7037037037037,128.3333333333333,132.568281938326
136.0533980582524,127.5,125.0597913848034,126,134.5608114015913,136.5,130.4857142857143,124.7407407407408,128.2962962962962,132.6358296622614
136.1213592233009,127.5263157894737,125.0896870772051,126,136.3956457112879,137,130.6571428571428,124.7777777777778,128.2592592592592,132.7033773861968
136.1893203883495,127.5526315789474,125.1195827696068,126,136.5344827586206,137.5,130.8285714285714,124.8148148148148,128.3142857142857,132.7709251101322
136.257281553398,127.5789473684211,125.1494784620084,126,136.4310344827586,138,131,124.8518518518518,128.3999999999999,132.8384728340675
136.3252427184466,127.6052631578947,125.1793741544101,126,136.3275862068965,138.5,131.2222222222222,124.8888888888889,128.4857142857142,132.9060205580029
136.3932038834951,127.6315789473684,125.2092698468118,126,136.4230769230769,139,131.4444444444445,124.9259259259259,128.5714285714285,132.9735682819383
136.4611650485436,127.6578947368421,125.2391655392135,126,137.1153846153846,139.5,131.6666666666667,124.962962962963,128.6571428571428,133.0411160058737
136.5291262135922,127.6842105263158,125.2690612316152,126,139.875,140,131.8888888888889,125,128.7428571428571,133.1086637298091
136.5970873786407,127.7105263157895,125.2989569240169,126,140.3305159395973,140.5,132.1111111111111,125.025641025641,128.8285714285714,133.1762114537445
136.6650485436893,127.7368421052632,125.3288526164186,126,140.2796770134228,141,132.3333333333333,125.0512820512821,128.9142857142857,133.2437591776799
136.7330097087378,127.7631578947368,125.3587483088203,126,140.2288380872483,141.3,132.5555555555555,125.0769230769231,128.9999999999999,133.3113069016153
136.7268041237113,127.7894736842105,125.3886440012219,126,140.1779991610738,141.6,132.7777777777778,125.1025641025641,129.0857142857142,133.3788546255507
136.6958762886597,127.8157894736842,125.4185396936236,126,140.1812834896181,141.9,133,125.1282051282051,129.1714285714285,133.446402349486
136.6649484536082,127.8421052631579,125.4484353860253,126,140.5474924648358,142.2,133.2222222222222,125.1538461538462,129.2571428571428,133.5139500734214
136.6340206185567,127.8684210526316,125.478331078427,126,140.9137014400535,142.5,133.4444444444444,125.1794871794872,129.3428571428571,133.5814977973568
136.6030927835051,127.8947368421053,125.5082267708287,126,141.2799104152712,142.8,133.6666666666667,125.2051282051282,129.4285714285714,133.6490455212922
136.5721649484536,127.9210526315789,125.5381224632304,126,141.6461193904889,143.1,133.8888888888889,125.2307692307692,129.5142857142856,133.7165932452276
136.541237113402,127.9473684210526,125.5680181556321,126,141.9615384615384,143.4,134.1111111111111,125.2564102564103,129.5999999999999,133.784140969163
136.5103092783505,127.9736842105263,125.5979138480338,126,142.1923076923077,143.7,134.3333333333333,125.2820512820513,129.6857142857142,133.8516886930984
136.4793814432989,128,125.617117117117,126,142.4230769230769,144,134.5555555555556,125.3076923076923,129.7708333333333,133.9192364170338
136.4484536082474,128.0666666666667,125.617117117117,126,142.6083333333333,143.8461538461539,134.7777777777778,125.3333333333333,129.8541666666666,133.9867841409692
136.4175257731958,128.1333333333333,125.617117117117,126,142.475,143.6923076923077,135,125.3589743589744,129.9374999999999,134.0543318649046
136.3865979381443,128.2,125.617117117117,126,142.3416666666666,143.5384615384615,134.875,125.3846153846154,130.0208333333333,134.1218795888399
136.3556701030928,128.2666666666667,125.617117117117,126,142.2083333333333,143.3846153846154,134.75,125.4102564102564,130.1041666666666,134.1894273127753
136.3247422680412,128.3333333333333,125.617117117117,126,142.075,143.2307692307692,134.625,125.4358974358975,130.1874999999999,134.2569750367107
136.2938144329897,128.4,125.617117117117,125.9803921568627,141.9416666666667,143.0769230769231,134.5,125.4615384615385,130.2142857142856,134.3245227606461
136.2628865979381,128.4666666666667,125.617117117117,125.9607843137255,141.8083333333333,142.9230769230769,134.375,125.4871794871795,130.0714285714285,134.3920704845815
136.2319587628866,128.5333333333333,125.617117117117,125.9411764705882,141.675,142.7692307692308,134.25,125.5128205128205,129.9285714285714,134.4596182085169
136.201030927835,128.6,125.617117117117,125.921568627451,141.4326923076923,142.6153846153846,134.125,125.5384615384615,129.7857142857142,134.5271659324523
136.1701030927835,128.6666666666667,125.617117117117,125.9019607843137,141.125,142.4615384615385,134,125.5641025641026,129.6428571428571,134.5947136563877
136.1391752577319,128.7333333333333,125.617117117117,125.8823529411765,140.8173076923077,142.3076923076923,133.875,125.5897435897436,129.4999999999999,134.6622613803231
136.1082474226804,128.8,125.617117117117,125.8627450980392,140.5096153846154,142.1538461538462,133.75,125.6153846153846,129.3571428571428,134.7298091042584
136.0773195876289,128.8666666666667,125.617117117117,125.843137254902,140.201923076923,142,133.625,125.6410256410257,129.2142857142857,134.7973568281938
136.0463917525773,128.9333333333333,125.617117117117,125.8235294117647,139.8942307692307,141.4615384615385,133.5,125.6666666666667,129.0714285714286,134.8649045521292
136.0154639175258,129,125.617117117117,125.8039215686275,139.5865384615384,140.9230769230769,133.375,125.6923076923077,128.9285714285714,134.9324522760646
135.9807692307692,129.0666666666667,125.617117117117,125.7843137254902,139.2788461538461,140.3846153846154,133.25,125.7179487179487,128.7857142857143,135
135.9423076923077,129.1333333333333,125.617117117117,125.764705882353,138.9711538461538,139.8461538461538,133.125,125.7435897435898,128.6428571428571,134.9666666666667
135.9038461538462,129.2,125.617117117117,125.7450980392157,138.6634615384615,139.3076923076923,133,125.7692307692308,128.5,134.9333333333333
135.8653846153846,129.2666666666667,125.617117117117,125.7254901960785,138.1201923076923,138.7692307692307,132.7692307692308,125.7948717948718,128.6724137931034,134.9
135.8269230769231,129.3333333333333,125.617117117117,125.7058823529412,137.5432692307692,138.2307692307692,132.5384615384615,125.8205128205128,128.8448275862069,134.8666666666667
135.7884615384615,129.4,125.617117117117,125.6862745098039,136.9663461538461,137.6923076923077,132.3076923076923,125.8461538461539,129.0172413793103,134.8333333333333
135.75,129.4666666666667,125.617117117117,125.6666666666667,136.389423076923,137.1538461538461,132.0769230769231,125.8717948717949,129.1896551724138,134.8
135.7115384615385,129.5333333333333,125.617117117117,125.6470588235294,135.8125,136.6153846153846,131.8461538461538,125.8974358974359,129.3620689655172,134.7666666666667
135.6730769230769,129.6,125.617117117117,125.6274509803922,135.2355769230769,136.076923076923,131.6153846153846,125.9230769230769,129.5344827586206,134.7333333333333
135.6346153846154,129.6666666666667,125.617117117117,125.6078431372549,134.7857142857143,135.5384615384615,131.3846153846154,125.948717948718,129.7068965517241,134.7
135.5961538461539,129.7333333333333,125.5826998873873,125.5882352941177,134.547619047619,135,131.1538461538462,125.974358974359,129.7173913043478,134.6666666666667
135.5576923076923,129.8,125.5045748873873,125.5686274509804,134.3095238095238,134.5882352941176,130.9230769230769,126,129.6739130434782,134.6333333333333
135.5192307692308,129.8666666666667,125.4264498873873,125.5490196078431,133.8947368421052,134.1764705882353,130.6923076923077,126.1014492753623,129.6304347826087,134.6
135.4807692307692,129.9333333333333,125.3483248873873,125.5294117647059,133.4210526315789,133.7647058823529,130.4615384615385,126.2028985507247,129.5869565217391,134.5666666666667
135.4423076923077,130,125.2701998873873,125.5098039215686,132.9473684210526,133.3529411764706,130.2307692307692,126.304347826087,129.5434782608696,134.5333333333333
135.4038461538462,130.0208333333333,125.1920748873873,125.4901960784314,132.4736842105262,132.9411764705882,130,126.4057971014493,129.5,134.5
135.3653846153846,130.0416666666667,125.1139498873873,125.4705882352941,131.9999999999999,132.5294117647059,129.7692307692308,126.5072463768116,129.94,134.4666666666667
135.3269230769231,130.0625,125.0358248873873,125.4509803921569,131.5263157894736,132.1176470588235,129.5384615384615,126.6086956521739,130.38,134.4333333333333
135.2884615384615,130.0833333333333,124.9576998873873,125.4313725490196,131.0526315789473,131.7058823529412,129.3076923076923,126.7101449275362,130.82,134.4
135.25,130.1041666666667,124.8795748873873,125.4117647058824,130.578947368421,131.2941176470588,129.0769230769231,126.8115942028985,131.26,134.3666666666667
135.2115384615385,130.125,124.8014498873873,125.3921568627451,130.1052631578947,130.8823529411765,128.8461538461539,126.9130434782608,131.7,134.3333333333333
135.1730769230769,130.1458333333333,124.7233248873873,125.3725490196078,129.6688311688311,130.4705882352941,128.6153846153846,127.0144927536232,132.1399999999999,134.3
135.1346153846154,130.1666666666667,124.6451998873873,125.3529411764706,129.3441558441558,130.0588235294118,128.3846153846154,127.1159420289855,132.2777777777777,134.2666666666667
135.0961538461538,130.1875,124.5670748873873,125.3333333333333,129.0194805194805,129.6470588235294,128.1538461538462,127.2173913043478,132.3148148148148,134.2333333333333
135.0576923076923,130.2083333333333,124.4889498873873,125.3137254901961,128.6948051948052,129.235294117647,127.9230769230769,127.3188405797101,132.3518518518518,134.2
135.0192307692308,130.2291666666667,124.4108248873873,125.2941176470588,128.3701298701298,128.8235294117647,127.6923076923077,127.4202898550724,132.3888888888889,134.1666666666667
134.9731182795699,130.25,124.3326998873873,125.2745098039216,128.0454545454545,128.4117647058823,127.4615384615385,127.5217391304347,132.4259259259259,134.1333333333333
134.9193548387097,130.2708333333333,124.2545748873873,125.2549019607843,127.7207792207792,128,127.2307692307692,127.623188405797,132.462962962963,134.1
134.8655913978495,130.2916666666667,124.1764498873873,125.2352941176471,127.3961038961039,127.7826086956522,127,127.7246376811594,132.5,134.0666666666667
134.8118279569892,130.3125,124.0983248873873,125.2156862745098,127.0714285714285,127.5652173913044,126.84,127.8450704225352,132.4565217391304,134.0333333333333
134.758064516129,130.3333333333333,124.0201998873873,125.1960784313726,126.7467532467532,127.3478260869565,126.68,127.9718309859154,132.4130434782609,134
134.7043010752688,130.3541666666667,123.9420748873873,125.1764705882353,126.4347826086956,127.1304347826087,126.52,128.0985915492957,132.3695652173913,133.92
134.6505376344086,130.375,123.8639498873873,125.1568627450981,126.1304347826087,126.9130434782609,126.36,128.225352112676,132.3260869565217,133.84
134.5967741935484,130.3958333333333,123.7858248873873,125.1372549019608,125.8260869565217,126.695652173913,126.2,128.3521126760563,132.2826086956522,133.76
134.5430107526882,130.4166666666667,123.7076998873873,125.1176470588235,125.5217391304348,126.4782608695652,126.04,128.4788732394366,132.2391304347826,133.68
134.489247311828,130.4375,123.6295748873873,125.0980392156863,125.2173913043478,126.2608695652174,125.88,128.6056338028169,132.1956521739131,133.6
134.4354838709677,130.4583333333333,123.5514498873873,125.078431372549,124.9130434782609,126.0434782608696,125.72,128.7323943661972,132.1521739130435,133.52
134.3817204301075,130.4791666666667,123.4733248873873,125.0588235294118,124.6086956521739,125.8260869565217,125.56,128.8591549295774,132.1086956521739,133.44
134.3279569892473,130.5,123.3951998873873,125.0392156862745,124.304347826087,125.6086956521739,125.4,128.9859154929577,132.0652173913043,133.36
134.2741935483871,130.5208333333333,123.4066817900597,125.0196078431373,124,125.3913043478261,125.24,129.112676056338,132.0217391304348,133.28
134.2204301075269,130.5416666666667,123.4349350381521,125,123.9333333333333,125.1739130434783,125.08,129.2394366197183,131.9782608695652,133.2
134.1666666666667,130.5625,123.4631882862445,124.8988764044944,123.8666666666667,124.9565217391304,124.92,129.3661971830986,131.9347826086957,133.12
134.1129032258065,130.5833333333333,123.4914415343369,124.7977528089888,123.8,124.7391304347826,124.76,129.4929577464789,131.8913043478261,133.04
134.0591397849462,130.6041666666667,123.5196947824293,124.6966292134831,123.7333333333333,124.5217391304348,124.6,129.6197183098591,131.8478260869565,132.96
134.005376344086,130.625,123.5479480305217,124.5955056179775,123.6666666666667,124.304347826087,124.44,129.7464788732394,131.804347826087,132.88
133.9516129032258,130.6458333333333,123.5762012786141,124.4943820224719,123.6,124.0869565217391,124.28,129.8732394366197,131.7608695652174,132.8
133.8978494623656,130.6666666666667,123.6044545267065,124.3932584269663,123.5333333333333,123.8695652173913,124.12,130,131.7173913043478,132.72
133.8440860215054,130.6875,123.6327077747989,124.2921348314607,123.4666666666667,123.6521739130435,123.96,130.037037037037,131.6739130434783,132.64
133.7903225806452,130.7083333333333,123.6609610228913,124.191011235955,123.4,123.4347826086957,123.8,130.0740740740741,131.6304347826087,132.56
133.7412280701755,130.7291666666667,123.6892142709837,124.0898876404494,123.3333333333333,123.2173913043478,123.64,130.1111111111111,131.5869565217391,132.48
133.7061403508772,130.75,123.7174675190761,123.9887640449438,123.2666666666667,123,123.48,130.1481481481482,131.5434782608696,132.4
133.671052631579,130.7708333333333,123.7457207671685,123.8876404494382,123.2,122.9166666666667,123.32,130.1851851851852,131.5,132.32
133.6359649122807,130.7916666666667,123.7739740152608,123.7865168539326,123.1333333333333,122.8333333333333,123.16,130.2222222222222,131.5588235294118,132.24
133.6008771929825,130.8125,123.8022272633532,123.685393258427,123.0666666666667,122.75,123,130.2592592592592,131.6176470588235,132.16
133.5657894736842,130.8333333333333,123.8304805114456,123.5842696629213,123,122.6666666666667,122.9230769230769,130.2962962962963,131.6764705882353,132.08
133.530701754386,130.8541666666667,123.858733759538,123.4831460674157,122.9333333333333,122.5833333333333,122.8461538461539,130.3333333333333,131.735294117647,132
133.4956140350878,130.875,123.8869870076304,123.3820224719101,122.8666666666667,122.5,122.7692307692308,130.3703703703704,131.7941176470588,131.9656873397366
133.4605263157895,130.8958333333333,123.9152402557228,123.2808988764045,122.8,122.4166666666667,122.6923076923077,130.4074074074074,131.8529411764706,131.9313746794733
133.4254385964913,130.9166666666667,123.9434935038152,123.1797752808989,122.7333333333333,122.3333333333333,122.6153846153846,130.4444444444445,131.9117647058823,131.8970620192099
133.390350877193,130.9375,123.9717467519076,123.0786516853932,122.6666666666667,122.25,122.5384615384615,130.4814814814815,131.9705882352941,131.8627493589465
133.3552631578948,130.9583333333333,124,122.9775280898876,122.6,122.1666666666667,122.4615384615385,130.5185185185185,132.0294117647059,131.8284366986831
133.3201754385965,130.9791666666667,124.038961038961,122.876404494382,122.5333333333333,122.0833333333333,122.3846153846154,130.5555555555555,132.0882352941176,131.7941240384197
133.2850877192983,131,124.0779220779221,122.7752808988764,122.4666666666667,122,122.3076923076923,130.5925925925926,132.1470588235294,131.7598113781564
133.25,131.0350877192983,124.1168831168831,122.7590361445783,122.4,121.9166666666667,122.2307692307692,130.6296296296296,132.2058823529412,131.725498717893
133.2149122807018,131.0701754385965,124.1558441558441,122.7710843373494,122.3333333333333,121.8333333333333,122.1538461538461,130.6666666666667,132.2647058823529,131.6911860576296
133.1798245614035,131.1052631578947,124.1948051948052,122.7831325301205,122.2666666666667,121.75,122.0769230769231,130.7037037037037,132.3235294117647,131.6568733973662
133.1447368421053,131.140350877193,124.2337662337662,122.7951807228915,122.2,121.6666666666667,122,130.7407407407408,132.3823529411765,131.6225607371029
133.109649122807,131.1754385964912,124.2727272727273,122.8072289156626,122.1333333333333,121.5833333333333,121.9230769230769,130.7777777777778,132.4411764705882,131.5882480768395
133.0745614035088,131.2105263157895,124.3116883116883,122.8192771084337,122.0666666666667,121.5,121.8461538461539,130.8148148148148,132.5,131.5539354165761
133.0394736842105,131.2456140350877,124.3506493506493,122.8313253012048,122,121.4166666666667,121.7692307692308,130.8518518518518,132.5,131.5196227563127
133.0043859649123,131.280701754386,124.3896103896104,122.8433734939759,121.9545454545455,121.3333333333333,121.6923076923077,130.8888888888889,132.5,131.4853100960494
132.9692982456141,131.3157894736842,124.4285714285714,122.855421686747,121.9090909090909,121.25,121.6153846153846,130.9259259259259,132.5,131.450997435786
132.9342105263158,131.3508771929824,124.4675324675324,122.867469879518,121.8636363636364,121.1666666666667,121.5384615384615,130.962962962963,132.5,131.4166847755226
132.8991228070176,131.3859649122807,124.5064935064935,122.8795180722891,121.8181818181818,121.0833333333333,121.4615384615385,131,132.5,131.3823721152592
132.8640350877193,131.421052631579,124.5454545454545,122.8915662650602,121.7727272727273,121,121.3846153846154,131.042735042735,132.5,131.3480594549958
132.8289473684211,131.4561403508772,124.5844155844155,122.9036144578313,121.7272727272727,121.0588235294118,121.3076923076923,131.0854700854701,132.5,131.3137467947325
132.7938596491229,131.4912280701755,124.6233766233766,122.9156626506024,121.6818181818182,121.1176470588235,121.2307692307692,131.1282051282051,132.5,131.2794341344691
132.7587719298246,131.5263157894737,124.6623376623376,122.9277108433735,121.6363636363636,121.1764705882353,121.1538461538461,131.1709401709402,132.5,131.2451214742057
132.6769911504425,131.5614035087719,124.7012987012987,122.9397590361446,121.5909090909091,121.2352941176471,121.0769230769231,131.2136752136752,132.5,131.2108088139424
132.5796460176992,131.5964912280702,124.7402597402597,122.9518072289157,121.5454545454545,121.2941176470588,121,131.2564102564102,132.5,131.1765895806905
132.4823008849558,131.6315789473684,124.8620689655172,122.9638554216867,121.5,121.3529411764706,121.0689655172414,131.2991452991453,132.5,131.1538381363871
132.3849557522124,131.6666666666667,125.0114942528735,122.9759036144578,121.4545454545455,121.4117647058823,121.1379310344828,131.3418803418803,132.5,131.1310866920836
132.287610619469,131.7017543859649,125.1609195402299,122.9879518072289,121.4090909090909,121.4705882352941,121.2068965517241,131.3846153846154,132.5,131.10833524778
132.1902654867257,131.7368421052632,125.3103448275862,123,121.3636363636364,121.5294117647059,121.2758620689655,131.4273504273504,132.5,131.0855838034766
132.0929203539823,131.7719298245614,125.4597701149425,123.16,121.3181818181818,121.5882352941177,121.3448275862069,131.4700854700855,132.5,131.0628323591731
131.9955752212389,131.8070175438597,125.6091954022988,123.32,121.2727272727273,121.6470588235294,121.4137931034483,131.5128205128205,132.5,131.0400809148696
131.8982300884956,131.8421052631579,125.7586206896551,123.48,121.2272727272727,121.7058823529412,121.4827586206897,131.5555555555555,132.5,131.017329470566
131.8008849557522,131.8771929824561,125.9080459770115,123.64,121.1818181818182,121.764705882353,121.551724137931,131.5982905982906,132.5,130.9945780262626
131.7035398230089,131.9122807017544,126.0574712643678,123.8,121.1363636363636,121.8235294117647,121.6206896551724,131.6410256410256,132.5,130.9718265819591
131.6061946902655,131.9473684210526,126.2068965517241,123.96,121.0909090909091,121.8823529411765,121.6896551724138,131.6837606837607,132.4931972789116,130.9490751376556
131.5088495575221,131.9824561403509,126.3563218390804,124.12,121.0454545454545,121.9411764705882,121.7586206896552,131.7264957264957,132.4863945578231,130.9263236933521
131.4115044247788,132.0175438596491,126.5057471264367,124.28,121,122,121.8275862068966,131.7692307692307,132.4795918367347,130.9035722490486
131.3141592920354,132.0526315789474,126.6551724137931,124.44,121.1111111111111,122.0588235294118,121.8965517241379,131.8119658119658,132.4727891156462,130.880820804745
131.2168141592921,132.0877192982456,126.8045977011494,124.6,121.2222222222222,122.1176470588235,121.9655172413793,131.8547008547008,132.4659863945578,130.8580693604416
131.1194690265487,132.1228070175439,126.9540229885057,124.76,121.3333333333333,122.1764705882353,122.0344827586207,131.8974358974359,132.4591836734694,130.8353179161381
131.0221238938053,132.1578947368421,127.103448275862,124.92,121.4444444444445,122.2352941176471,122.1034482758621,131.9401709401709,132.4523809523809,130.8125664718346
130.924778761062,132.1929824561404,127.2528735632184,125.08,121.5555555555556,122.2941176470588,122.1724137931034,131.9829059829059,132.4455782312925,130.7898150275311
130.8274336283186,132.2280701754386,127.4022988505747,125.24,121.6666666666667,122.3529411764706,122.2413793103448,132.025641025641,132.438775510204,130.7670635832276
130.7300884955752,132.2631578947368,127.551724137931,125.4,121.7777777777778,122.4117647058824,122.3103448275862,132.068376068376,132.4319727891156,130.6888888888888
130.6327433628319,132.2982456140351,127.7011494252874,125.56,121.8888888888889,122.4705882352941,122.3793103448276,132.1111111111111,132.4251700680272,130.4444444444444
130.5353982300885,132.3333333333333,127.8505747126437,125.72,122,122.5294117647059,122.448275862069,132.1538461538461,132.4183673469388,130.1999999999999
130.4380530973451,132.3684210526316,128,125.88,122,122.5882352941177,122.5172413793103,132.1965811965811,132.4115646258503,129.9555555555555
130.3407079646018,132.4035087719298,128.1,126.04,122,122.6470588235294,122.5862068965517,132.2393162393162,132.4047619047619,129.7111111111111
130.2433628318584,132.4385964912281,128.2,126.2,122,122.7058823529412,122.6551724137931,132.2372881355932,132.3979591836734,129.4666666666666
130.146017699115,132.4736842105263,128.3,126.36,122,122.7647058823529,122.7241379310345,132.2203389830508,132.391156462585,129.2222222222222
130.0486725663717,132.5087719298245,128.4,126.52,122,122.8235294117647,122.7931034482759,132.2033898305085,132.3843537414966,128.9777777777778
129.9339622641509,132.5438596491228,128.5,126.68,122,122.8823529411765,122.8620689655173,132.1864406779661,132.3775510204081,128.7333333333333
129.8018867924528,132.578947368421,128.6,126.84,122,122.9411764705882,122.9310344827586,132.1694915254237,132.3707482993197,128.4888888888889
129.6698113207547,132.6140350877193,128.7,127,122,123,123,132.1525423728813,132.3639455782313,128.2444444444444
129.5377358490566,132.6491228070175,128.8,127,122,123.0416666666667,123.0810810810811,132.135593220339,132.3571428571428,128
129.4056603773585,132.6842105263158,128.9,127,122,123.0833333333333,123.1621621621622,132.1186440677966,132.3503401360544,127.8893971093957
129.2735849056604,132.719298245614,129,127,122,123.125,123.2432432432433,132.1016949152542,132.343537414966,127.7787942187913
129.1415094339623,132.7543859649123,129.1,127,122,123.1666666666667,123.3243243243243,132.0847457627119,132.3367346938775,127.668191328187
129.0094339622641,132.7894736842105,129.2,127,122,123.2083333333333,123.4054054054054,132.0677966101695,132.3299319727891,127.5575884375827
128.877358490566,132.8245614035088,129.3,127,122,123.25,123.4864864864865,132.0508474576271,132.3231292517006,127.4469855469783
128.7452830188679,132.859649122807,129.4,127,122,123.2916666666667,123.5675675675676,132.0338983050847,132.3163265306122,127.336382656374
128.6132075471698,132.8947368421053,129.5,127,122,123.3333333333333,123.6486486486486,132.0169491525424,132.3095238095238,127.2257797657697
128.4811320754716,132.9298245614035,129.6,127,122,123.375,123.7297297297297,132,132.3027210884353,127.1151768751653
128.3490566037735,132.9649122807018,129.7,127,122,123.4166666666667,123.8108108108108,131.950495049505,132.2959183673469,127.004573984561
128.1774193548387,133,129.8,127,122,123.4583333333333,123.8918918918919,131.9009900990099,132.2891156462585,126.8939710939567
127.8870967741935,132.9565217391304,129.9,127,122,123.5,123.972972972973,131.8514851485149,132.28231292517,126.7833682033523
127.5967741935484,132.9130434782609,130,127,122,123.5416666666667,124.054054054054,131.8019801980198,132.2755102040816,126.672765312748
127.3064516129032,132.8695652173913,130.0833333333333,127,122,123.5833333333333,124.1351351351351,131.7524752475248,132.2687074829931,126.6360759493671
127.016129032258,132.8260869565217,130.1666666666667,127,122,123.625,124.2162162162162,131.7029702970297,132.2619047619047,126.6677215189873
126.7258064516129,132.7826086956522,130.25,127,122,123.6666666666667,124.2972972972973,131.6534653465346,132.2551020408163,126.6993670886076
126.4354838709677,132.7391304347826,130.3333333333333,127,122.0833333333333,123.7083333333333,124.3783783783784,131.6039603960396,132.2363636363636,126.7310126582279
126.1451612903226,132.6956521739131,130.4166666666667,127,122.1666666666667,123.75,124.4594594594595,131.5544554455445,132.1818181818181,126.7626582278481
125.8888888888889,132.6521739130435,130.5,127,122.25,123.7916666666667,124.5405405405405,131.5049504950495,132.1272727272727,126.7943037974684
125.6666666666667,132.6086956521739,130.5833333333333,127,122.3333333333333,123.8333333333333,124.6216216216216,131.4554455445544,132.0727272727272,126.8259493670886
125.4444444444445,132.5652173913043,130.6666666666667,127,122.4166666666667,123.875,124.7027027027027,131.4059405940594,132.0181818181818,126.8575949367089
125.2222222222222,132.5217391304348,130.75,127.0909090909091,122.5,123.9166666666667,124.7837837837838,131.3564356435643,131.9636363636363,126.8892405063291
125,132.4782608695652,130.8333333333333,127.1818181818182,122.5833333333333,123.9583333333333,124.8648648648649,131.3069306930693,131.9090909090908,126.9208860759494
124.7777777777778,132.4347826086957,130.9166666666667,127.2727272727273,122.6666666666667,124,124.945945945946,131.2574257425742,131.8545454545454,126.9525316455696
124.5555555555556,132.3913043478261,131,127.3636363636364,122.75,124.0416666666667,125.027027027027,131.2079207920792,131.8,126.9841772151899
124.3333333333333,132.3478260869565,131.0833333333333,127.4545454545455,122.8333333333333,124.0833333333333,125.1081081081081,131.1584158415841,131.7454545454545,127.0434782608696
124.1111111111111,132.304347826087,131.1666666666667,127.5454545454546,122.9166666666667,124.125,125.1891891891892,131.1089108910891,131.690909090909,127.1304347826087
123.8888888888889,132.2608695652174,131.25,127.6363636363637,123,124.1666666666667,125.2702702702703,131.059405940594,131.6363636363636,127.2173913043478
123.6666666666667,132.2173913043478,131.3333333333333,127.7272727272727,123.0833333333333,124.2083333333333,125.3513513513514,131.009900990099,131.5818181818181,127.304347826087
123.4444444444445,132.1739130434783,131.4166666666667,127.8181818181818,123.1666666666667,124.25,125.4324324324324,130.9603960396039,131.5272727272727,127.3913043478261
123.2222222222222,132.1304347826087,131.5,127.9090909090909,123.25,124.2916666666667,125.5135135135135,130.9108910891089,131.4727272727272,127.4782608695652
123,132.0869565217391,131.5833333333333,128,123.3333333333333,124.3333333333333,125.5945945945946,130.8613861386138,131.4181818181818,127.5652173913043
122.7777777777778,132.0434782608696,131.6666666666667,128.0909090909091,123.4166666666667,124.375,125.6756756756757,130.8118811881188,131.3636363636363,127.6521739130435
122.5555555555556,132,131.75,128.1818181818182,123.5,124.4166666666667,125.7567567567568,130.7623762376237,131.3090909090909,127.7391304347826
122.3333333333333,131.9523809523809,131.8333333333333,128.2727272727273,123.5833333333333,124.4583333333333,125.8378378378379,130.7249999999999,131.2545454545454,127.8260869565217
122.1111111111111,131.9047619047619,131.9166666666667,128.3636363636364,123.6666666666667,124.5,125.9189189189189,130.6916666666666,131.1999999999999,127.9130434782609
121.8636363636364,131.8571428571429,132,128.4545454545455,123.75,124.5416666666667,126,130.6583333333333,131.1454545454545,128
121.5909090909091,131.8095238095238,132.0769230769231,128.5454545454545,123.8333333333333,124.5833333333333,126.0588235294118,130.6249999999999,131.090909090909,127.88
121.3181818181818,131.7619047619048,132.1538461538462,128.6363636363636,123.9166666666667,124.625,126.1176470588235,130.5916666666666,131.0363636363636,127.76
121.0454545454545,131.7142857142857,132.2307692307692,128.7272727272727,124,124.6666666666667,126.1764705882353,130.5583333333333,130.9818181818181,127.64
120.7727272727273,131.6666666666667,132.3076923076923,128.8181818181818,124.1666666666667,124.7083333333333,126.2352941176471,130.5249999999999,130.9272727272727,127.52
120.5,131.6190476190476,132.3846153846154,128.9090909090909,124.3333333333333,124.75,126.2941176470588,130.4916666666666,130.8727272727272,127.3999999999999
120.2272727272727,131.5714285714286,132.4615384615385,129,124.5,124.7916666666667,126.3529411764706,130.4583333333333,130.8181818181818,127.2799999999999
119.9545454545455,131.5238095238095,132.5384615384615,129.1904761904762,124.6666666666667,124.8333333333333,126.4117647058824,130.425,130.7636363636363,127.0294117647058
119.6818181818182,131.4761904761905,132.6153846153846,129.3809523809524,124.8333333333333,124.875,126.4705882352941,130.3916666666666,130.6838235294117,126.735294117647
119.4090909090909,131.4285714285714,132.6923076923077,129.5714285714286,125,124.9166666666667,126.5294117647059,130.3583333333333,130.5955882352941,126.4411764705882
119.1363636363636,131.3809523809524,132.7692307692308,129.7619047619048,125.1666666666667,124.9583333333333,126.5882352941177,130.3249999999999,130.5073529411764,126.1470588235294
118.8636363636364,131.3333333333333,132.8461538461538,129.9523809523809,125.3333333333333,125,126.6470588235294,130.2916666666666,130.4191176470588,125.8529411764705
118.5909090909091,131.2857142857143,132.9230769230769,130.1428571428571,125.5,125.1134020618557,126.7058823529412,130.2583333333333,130.3308823529411,125.5588235294117
118.3181818181818,131.2380952380952,133,130.3333333333333,125.6666666666667,125.2268041237113,126.764705882353,130.2249999999999,130.2426470588235,125.2647058823529
118.0454545454545,131.1904761904762,133.04,130.5238095238095,125.8333333333333,125.340206185567,126.8235294117647,130.1916666666666,130.1544117647058,124.9705882352941
117.7727272727273,131.1428571428571,133.08,130.7142857142857,126,125.4536082474227,126.8823529411765,130.1583333333333,130.0661764705882,124.6896551724137
117.5,131.0952380952381,133.12,130.9047619047619,126.1666666666667,125.5670103092784,126.9411764705883,130.1249999999999,129.9779411764705,124.4482758620689
117.2272727272727,131.0476190476191,133.16,131.0952380952381,126.3333333333333,125.680412371134,127,130.0916666666666,129.8897058823529,124.2068965517241
116.9545454545455,131,133.2,131.2857142857143,126.5,125.7938144329897,127.1176470588236,130.0583333333333,129.8014705882352,123.9655172413793
116.6818181818182,130.8823529411765,133.24,131.4761904761905,126.6666666666667,125.9072164948454,127.2352941176471,130.0249999999999,129.7132352941176,123.7241379310345
116.4090909090909,130.7647058823529,133.28,131.6666666666667,126.8333333333333,126.020618556701,127.3529411764706,129.9916666666666,129.6249999999999,123.4827586206896
116.1363636363636,130.6470588235294,133.32,131.8571428571429,127,126.1340206185567,127.4705882352941,129.9583333333333,129.5367647058823,123.2413793103448
115.875,130.5294117647059,133.36,132.047619047619,127.0909090909091,126.2474226804124,127.5882352941177,129.925,129.4485294117646,123
115.625,130.4117647058823,133.4,132.2380952380952,127.1818181818182,126.360824742268,127.7058823529412,129.8916666666666,129.360294117647,122.8709677419355
115.375,130.2941176470588,133.44,132.4285714285714,127.2727272727273,126.4742268041237,127.8235294117647,129.8583333333333,129.2720588235294,122.741935483871
115.125,130.1764705882353,133.48,132.6190476190476,127.3636363636364,126.5876288659794,127.9411764705882,129.8249999999999,129.1093749999999,122.6129032258064
114.875,130.0588235294118,133.52,132.8095238095238,127.4545454545455,126.701030927835,128.0588235294118,129.7916666666666,128.9218749999999,122.483870967742
114.625,129.9411764705882,133.56,133,127.5454545454545,126.8144329896907,128.1764705882353,129.7583333333333,128.7343749999999,122.3548387096774
114.375,129.8235294117647,133.6,133,127.6363636363636,126.9278350515464,128.2941176470588,129.7205882352941,128.5468749999999,122.2258064516129
114.125,129.7058823529412,133.64,133,127.7272727272727,127.041237113402,128.4117647058823,129.6813725490196,128.3593749999999,122.0967741935484
113.875,129.5882352941177,133.68,133,127.8181818181818,127.1546391752577,128.5294117647059,129.642156862745,128.1718749999999,121.9677419354839
113.625,129.4705882352941,133.72,133,127.9090909090909,127.2680412371134,128.6470588235294,129.6029411764705,127.9843749999999,121.8387096774194
113.375,129.3529411764706,133.76,133,128,127.381443298969,128.7647058823529,129.563725490196,127.7968749999999,121.7096774193548
113.125,129.235294117647,133.8,133,128.0909090909091,127.4948453608247,128.8823529411765,129.5245098039215,127.1874999999999,121.5806451612903
112.875,129.1176470588235,133.84,133,128.1818181818182,127.6082474226804,129,129.485294117647,126.4374999999999,121.4516129032258
112.625,129,133.88,133,128.2727272727273,127.721649484536,129.047619047619,129.4460784313725,126.1249999999999,121.3225806451613
112.375,128.7241379310345,133.92,133,128.3636363636364,127.8275862068965,129.0952380952381,129.406862745098,125.9583333333333,121.1935483870968
112.125,128.448275862069,133.96,133,128.4545454545455,127.9310344827586,129.1428571428572,129.3676470588235,125.7916666666667,121.0645161290323
111.875,128.1724137931035,134,133,128.5454545454546,128.0344827586206,129.1904761904762,129.3284313725489,125.625,120.9230769230769
111.625,127.8965517241379,134,133,128.6363636363637,128.1379310344827,129.2380952380952,129.2892156862745,125.4583333333333,120.7692307692308
111.375,127.6206896551724,134,133,128.7272727272727,128.2413793103448,129.2857142857143,129.2499999999999,125.2916666666667,120.6153846153846
111.125,127.3448275862069,134,133,128.8181818181818,128.3448275862068,129.3333333333333,129.2107843137254,125.1136363636364,120.4615384615385
110.9269662921348,127.0689655172414,134,133,128.9090909090909,128.4482758620689,129.3809523809524,129.1715686274509,124.9318181818182,120.3076923076923
110.7808988764045,126.7931034482759,134,133,129,128.551724137931,129.4285714285714,129.1323529411764,124.75,120.1538461538462
110.6348314606741,126.5172413793103,134,133,129.0909090909091,128.6551724137931,129.4761904761905,129.0931372549019,124.5681818181818,120
110.4887640449438,126.2413793103448,134,133,129.1818181818182,128.7586206896551,129.5238095238095,129.0539215686274,124.3863636363637,119.8461538461538
110.3426966292135,125.9655172413793,134,133.0588235294118,129.2727272727273,128.8620689655172,129.5714285714286,129.0147058823529,124.203125,119.6923076923077
110.1966292134831,125.6896551724138,134,133.1176470588235,129.3636363636364,128.9655172413792,129.6190476190476,128.9754901960784,124.015625,119.5384615384615
110.0505617977528,125.4137931034483,133.9333333333333,133.1764705882353,129.4545454545455,129.0689655172413,129.6666666666667,128.9362745098039,123.828125,119.3846153846154
109.9044943820225,125.1379310344828,133.8666666666666,133.235294117647,129.5454545454546,129.1724137931034,129.7142857142857,128.8970588235294,123.640625,119.2307692307692
109.7584269662921,124.8620689655172,133.8,133.2941176470588,129.6363636363636,129.2758620689655,129.7619047619048,128.8578431372548,123.453125,119.0769230769231
109.6123595505618,124.5862068965517,133.7333333333333,133.3529411764706,129.7272727272727,129.3793103448275,129.8095238095238,128.8186274509803,123.265625,118.9375
109.4662921348314,124.3103448275862,133.6666666666667,133.4117647058823,129.8181818181818,129.4827586206896,129.8571428571429,128.7794117647058,123.078125,118.8125
109.3202247191011,124.0344827586207,133.6,133.4705882352941,129.9090909090909,129.5862068965517,129.9047619047619,128.7384615384615,122.890625,118.6875
109.1741573033707,123.7586206896552,133.5333333333333,133.5294117647059,130,129.6896551724137,129.9523809523809,128.6923076923077,122.6891891891892,118.5625
109.0280898876404,123.4827586206897,133.4666666666666,133.5882352941177,130.0909090909091,129.7931034482758,130,128.6461538461538,122.445945945946,118.4375
108.8820224719101,123.2068965517241,133.4,133.6470588235294,130.1818181818182,129.8965517241379,130.0454545454546,128.6,122.2027027027027,118.3125
108.7359550561797,122.9310344827586,133.3333333333333,133.7058823529412,130.2727272727273,129.9999999999999,130.0909090909091,128.5538461538461,121.9594594594595,118.1875
108.5898876404494,122.6551724137931,133.2666666666666,133.764705882353,130.3636363636364,130.103448275862,130.1363636363637,128.5076923076923,121.7162162162162,118.0625
108.443820224719,122.3793103448276,133.2,133.8235294117647,130.4545454545454,130.2068965517241,130.1818181818182,128.4615384615384,121.472972972973,117.9375
108.2977528089887,122.1034482758621,133.1333333333333,133.8823529411765,130.5454545454546,130.3103448275862,130.2272727272727,128.4153846153846,121.2297297297297,117.8125
108.1516853932584,121.8275862068965,133.0666666666666,133.9411764705882,130.6363636363636,130.4137931034482,130.2727272727273,128.3692307692307,120.9864864864865,117.6875
108.005617977528,121.551724137931,132.9999999999999,134,130.7272727272727,130.5172413793103,130.3181818181818,128.3230769230769,120.7432432432432,117.5625
107.8595505617977,121.2758620689655,132.9333333333333,133.8666666666667,130.8181818181818,130.6206896551724,130.3636363636364,128.2769230769231,120.5,117.4375
107.7166666666666,121,132.8666666666666,133.7333333333333,130.9090909090909,130.7241379310344,130.4090909090909,128.2307692307692,120.3,117.3125
107.5833333333333,120.7058823529412,132.8,133.6,131,130.8303571428571,130.4545454545454,128.1846153846154,120.1,117.1875
107.4499999999999,120.4117647058823,132.7016129032258,133.4666666666667,131.0909090909091,130.9374999999999,130.5,128.1384615384615,119.9,117.0625
107.3166666666666,120.1176470588235,132.508064516129,133.3333333333333,131.1818181818182,131.0446428571428,130.5454545454546,128.0923076923077,119.7,116.9285714285714
107.1833333333333,119.8235294117647,132.3145161290322,133.2,131.2727272727273,131.1517857142857,130.5909090909091,128.0461538461539,119.5,116.7857142857143
107.0499999999999,119.5294117647059,132.1209677419354,133.0666666666667,131.3636363636364,131.2589285714285,130.6363636363636,128,119.3,116.6428571428571
106.9166666666666,119.235294117647,131.9274193548387,132.9333333333333,131.4545454545454,131.3660714285714,130.6818181818182,127.8181818181818,119.1,116.5
106.7833333333333,118.9411764705882,131.7338709677419,132.8,131.5454545454546,131.4732142857142,130.7272727272727,127.6363636363636,118.8999999999999,116.3571428571429
106.6499999999999,118.6470588235294,131.5403225806451,132.6666666666667,131.6363636363636,131.5803571428571,130.7727272727273,127.4545454545455,118.7,116.2142857142857
106.5166666666666,118.3529411764706,131.3467741935483,132.5333333333333,131.7272727272727,131.6874999999999,130.8181818181818,127.2727272727273,118.5,116.0714285714286
106.3833333333333,118.0588235294118,131.1532258064516,132.4,131.8181818181818,131.7946428571428,130.8636363636364,127.0909090909091,118.2999999999999,115.9285714285714
106.2499999999999,117.7647058823529,130.9596774193548,132.2666666666667,131.9090909090909,131.9017857142857,130.9090909090909,126.9090909090909,117.9285714285714,115.7857142857143
106.1166666666666,117.4705882352941,130.766129032258,132.1333333333333,132,132.0089285714285,130.9545454545454,126.7272727272727,117.5,115.6428571428571
105.9833333333333,117.1764705882353,130.5725806451612,132,131.9512195121951,132.1160714285714,131,126.5454545454546,117.0714285714285,115.5
105.8499999999999,116.8823529411765,130.3790322580645,131.7435897435898,131.9024390243902,132.2232142857142,131,126.3636363636364,116.6428571428571,115.3571428571429
105.7093023255813,116.5882352941176,130.1854838709677,131.4871794871795,131.8536585365854,132.208904109589,131,126.1818181818182,116.2142857142857,115.2142857142857
105.5465116279069,116.2941176470588,129.9919354838709,131.2307692307692,131.8048780487805,132.154109589041,131,126,115.7857142857143,115.0714285714286
105.3837209302325,116,129.7983870967741,130.974358974359,131.7560975609756,132.0993150684931,131,125.8571428571429,115.3571428571428,114.9375
105.2209302325581,115.6470588235294,129.5689655172413,130.7179487179487,131.7073170731707,132.0445205479452,131,125.7142857142857,114.9285714285714,114.8125
105.0581395348837,115.2941176470588,129.3275862068965,130.4615384615385,131.6585365853659,131.9897260273972,131,125.5714285714286,114.5,114.6875
104.8953488372093,114.9411764705882,129.0862068965517,130.2051282051282,131.609756097561,131.9349315068493,131,125.4285714285714,114.3518518518518,114.5625
104.7325581395349,114.5882352941177,128.8448275862068,129.948717948718,131.5609756097561,131.8801369863013,131,125.2857142857143,114.2037037037037,114.4375
104.5697674418604,114.235294117647,128.603448275862,129.6923076923077,131.5121951219512,131.8253424657534,131,125.1428571428572,114.0555555555556,114.3125
104.406976744186,113.8823529411765,128.3620689655172,129.4358974358975,131.4634146341463,131.7705479452054,131,125,113.9074074074074,114.1875
104.2441860465116,113.5294117647059,128.1206896551724,129.1794871794872,131.4146341463415,131.7157534246575,131,124.7105263157895,113.7592592592593,114.0625
104.0813953488372,113.1764705882353,127.8793103448275,128.9230769230769,131.3658536585366,131.6609589041095,131,124.421052631579,113.6111111111111,113.9375
103.9821428571429,112.8235294117647,127.6379310344827,128.6666666666667,131.3170731707317,131.6061643835616,131,124.1315789473684,113.462962962963,113.8125
103.9464285714286,112.4705882352941,127.3965517241379,128.4102564102564,131.2682926829268,131.5513698630136,131,123.8421052631579,113.3148148148148,113.6875
103.9107142857143,112.1176470588235,127.1551724137931,128.1538461538462,131.219512195122,131.4965753424657,131,123.5526315789473,113.1666666666667,113.5625
103.875,111.7647058823529,126.9137931034482,127.8974358974359,131.1707317073171,131.4417808219177,131,123.2631578947368,113.0185185185185,113.4375
103.8392857142857,111.4117647058823,126.6724137931034,127.6410256410256,131.1219512195122,131.3869863013698,131,122.9736842105263,112.8703703703704,113.3125
103.8035714285715,111.0588235294118,126.4310344827586,127.3846153846154,131.0731707317073,131.3321917808219,131,122.6842105263157,112.7222222222222,113.1875
103.7678571428572,110.7058823529412,126.1896551724137,127.1282051282051,131.0243902439024,131.2773972602739,131,122.3947368421052,112.5740740740741,113.0625
