198.0930232558139,201.2812499999999,203.2616822429906,203.0833333333333,204.037037037037,204.0937499999999,202.9999999999999,199.9411764705882,197.9285714285714,197.1515151515151
198.2926829268292,201.4687499999999,203.4018691588785,203.1666666666666,204.2222222222221,204.1562499999999,203.1134020618556,200.156862745098,198.0670103092783,197.3030303030303
198.4634146341463,201.6562499999999,203.5420560747663,203.2499999999999,204.4074074074073,204.2187499999999,203.2268041237113,200.3725490196078,198.201030927835,197.4545454545454
198.6341463414633,201.8437499999999,203.6822429906542,203.3333333333333,204.5925925925925,204.2812499999999,203.340206185567,200.5882352941176,198.3350515463917,197.6060606060605
198.8048780487804,202.0312499999999,203.822429906542,203.4166666666666,204.7777777777777,204.3437499999999,203.4536082474226,200.7924528301886,198.4690721649484,197.7575757575757
198.9756097560975,202.2187499999999,203.9626168224299,203.4999999999999,204.9629629629629,204.4062499999999,203.5670103092783,200.9622641509434,198.6030927835051,197.9090909090908
199.1463414634146,202.4062499999999,204.1028037383177,203.5833333333333,205.148148148148,204.4687499999999,203.680412371134,201.1320754716981,198.7371134020618,198.060606060606
199.3170731707316,202.5937499999999,204.2429906542056,203.6666666666666,205.3333333333332,204.5312499999999,203.7938144329896,201.3018867924528,198.8711340206185,198.2121212121211
199.4878048780487,202.7812499999999,204.3831775700934,203.7499999999999,205.5185185185184,204.5937499999999,203.9072164948453,201.4716981132075,199.0051546391752,198.3636363636363
199.6585365853658,202.9687499999999,204.5233644859813,203.8333333333333,205.7037037037036,204.6562499999999,204.020618556701,201.6415094339622,199.1391752577319,198.5151515151515
199.8292682926829,203.1562499999999,204.6635514018691,203.9166666666666,205.8181818181817,204.7187499999999,204.1340206185566,201.8113207547169,199.2731958762886,198.6666666666666
199.9999999999999,203.3437499999999,204.803738317757,203.9999999999999,205.9090909090908,204.7812499999999,204.2474226804123,201.9811320754716,199.4072164948453,198.8181818181818
200.0714285714285,203.5312499999999,204.9439252336448,204.2727272727272,205.9999999999999,204.8437499999999,204.360824742268,202.1509433962264,199.541237113402,198.9696969696969
200.1428571428571,203.7187499999999,205.0841121495326,204.5454545454545,206.090909090909,204.9062499999999,204.4742268041236,202.3207547169811,199.6752577319587,199.1212121212121
200.2142857142856,203.9062499999999,205.2242990654205,204.8181818181818,206.1818181818181,204.9687499999999,204.5876288659793,202.4905660377358,199.8092783505154,199.2727272727272
200.2857142857142,204.0499999999999,205.3644859813083,205.090909090909,206.2727272727272,205.0384615384615,204.701030927835,202.6603773584905,199.9432989690721,199.4242424242424
200.3571428571428,204.1499999999999,205.5046728971962,205.3636363636363,206.3636363636363,205.1153846153846,204.8144329896907,202.8301886792452,200.0773195876288,199.5757575757575
200.4285714285714,204.2499999999999,205.6448598130841,205.6363636363636,206.4545454545454,205.1923076923077,204.9278350515463,202.9999999999999,200.2113402061855,199.7272727272727
200.4999999999999,204.3499999999999,205.7808219178082,205.9090909090908,206.5454545454545,205.2692307692307,205.041237113402,203.079365079365,200.3453608247422,199.8787878787878
200.5714285714285,204.4499999999999,205.904109589041,206.1818181818181,206.6363636363636,205.3461538461538,205.1546391752577,203.1587301587301,200.4793814432989,200.030303030303
200.6428571428571,204.55,206.0273972602739,206.4545454545454,206.7272727272726,205.4230769230768,205.2680412371134,203.2380952380952,200.6134020618556,200.1818181818181
200.7142857142857,204.6499999999999,206.1506849315068,206.7272727272727,206.8181818181818,205.4999999999999,205.381443298969,203.3174603174603,200.7474226804123,200.3333333333333
200.7857142857142,204.7499999999999,206.2739726027397,206.9999999999999,206.9090909090908,205.576923076923,205.4948453608247,203.3968253968253,200.881443298969,200.4848484848484
200.8571428571428,204.8499999999999,206.3972602739726,207.0285714285714,206.9999999999999,205.6538461538461,205.6082474226804,203.4761904761904,201.0154639175257,200.6363636363636
200.9285714285714,204.95,206.5205479452054,207.0571428571428,207.0545454545454,205.7307692307692,205.721649484536,203.5555555555555,201.1494845360824,200.7878787878787
200.9999999999999,205.0510204081632,206.6438356164383,207.0857142857142,207.1090909090909,205.8076923076922,205.8157894736841,203.6349206349206,201.2887931034482,200.9393939393939
201.2727272727272,205.1530612244897,206.7671232876712,207.1142857142856,207.1636363636363,205.8846153846153,205.9035087719298,203.7142857142857,201.4439655172413,201.090909090909
201.5454545454544,205.2551020408163,206.8904109589041,207.1428571428571,207.2181818181817,205.9615384615384,205.9912280701754,203.7936507936507,201.5991379310344,201.2424242424242
201.8181818181818,205.3571428571428,207.0136986301369,207.1714285714285,207.2727272727272,206.0555555555555,206.078947368421,203.8730158730158,201.7543103448275,201.3939393939393
202.090909090909,205.4591836734693,207.1369863013698,207.1999999999999,207.3272727272727,206.1666666666666,206.1666666666666,203.9523809523809,201.9094827586206,201.5454545454545
202.3636363636363,205.5612244897958,207.2602739726027,207.2285714285714,207.3818181818181,206.2777777777777,206.2543859649122,204.031746031746,202.0646551724138,201.6969696969697
202.6363636363636,205.6632653061224,207.3835616438355,207.2777777777777,207.4363636363636,206.3888888888888,206.3421052631578,204.1111111111111,202.2198275862068,201.8484848484848
202.9090909090909,205.7653061224489,207.5068493150685,207.3888888888888,207.490909090909,206.4999999999999,206.4298245614034,204.1904761904761,202.3749999999999,201.9999999999999
203.1818181818181,205.8673469387754,207.6301369863013,207.4999999999999,207.5454545454544,206.6111111111111,206.5175438596491,204.2708333333333,202.530172413793,202.1641791044776
203.4545454545454,205.969387755102,207.7534246575342,207.6111111111111,207.5999999999999,206.7222222222221,206.6052631578947,204.3541666666666,202.6853448275861,202.3283582089552
203.7272727272727,206.0714285714285,207.8767123287671,207.7222222222222,207.6545454545453,206.8333333333333,206.6929824561403,204.4374999999999,202.8405172413792,202.4925373134328
203.9999999999999,206.173469387755,207.9999999999999,207.8333333333333,207.7090909090908,206.9444444444444,206.7807017543859,204.5208333333333,202.9956896551724,202.6567164179104
204.1428571428571,206.2890624999999,208.0896551724137,207.9444444444444,207.7634408602149,207.0555555555555,206.8684210526315,204.6041666666666,203.1508620689655,202.820895522388
204.2857142857142,206.4453124999999,208.1793103448275,208.0555555555555,207.8172043010752,207.1666666666666,206.9561403508771,204.6874999999999,203.3060344827585,202.9850746268656
204.4285714285714,206.6015624999999,208.2689655172413,208.1666666666666,207.8709677419354,207.2777777777777,207.0438596491227,204.7708333333333,203.4612068965517,203.1492537313432
204.5714285714285,206.7578124999999,208.3586206896551,208.2727272727272,207.9247311827956,207.3888888888888,207.1315789473684,204.8541666666666,203.6163793103448,203.3134328358208
204.7142857142856,206.9140624999999,208.4482758620689,208.3636363636363,207.9784946236558,207.4999999999999,207.219298245614,204.9374999999999,203.7715517241379,203.4776119402985
204.8571428571428,207.0703124999999,208.5379310344827,208.4545454545454,208.032258064516,207.6111111111111,207.3070175438596,205.0208333333333,203.926724137931,203.6417910447761
204.9999999999999,207.2265624999999,208.6275862068965,208.5454545454545,208.0860215053763,207.7222222222222,207.3947368421052,205.1041666666666,204.0818965517241,203.8059701492537
205.1428571428571,207.3828124999999,208.7172413793103,208.6363636363636,208.1397849462365,207.8333333333333,207.4824561403508,205.1874999999999,204.2370689655172,203.9701492537313
205.2857142857142,207.5390624999999,208.8068965517241,208.7272727272727,208.1935483870967,207.9444444444444,207.5701754385964,205.2874999999999,204.3922413793103,204.1343283582089
205.4285714285714,207.6953124999999,208.8965517241379,208.8181818181818,208.2473118279569,208.0696202531645,207.6578947368421,205.4374999999999,204.5474137931034,204.2985074626865
205.5714285714285,207.8515624999999,208.9862068965517,208.9090909090909,208.3010752688171,208.2088607594936,207.7456140350877,205.5874999999999,204.7025862068965,204.4626865671641
205.7142857142857,208.0078124999999,209.0758620689655,208.9999999999999,208.3548387096774,208.3481012658227,207.8333333333333,205.7375,204.8577586206896,204.6268656716418
205.8571428571428,208.1640624999999,209.1655172413792,209.090909090909,208.4086021505375,208.4873417721518,207.9210526315789,205.8874999999999,205.0129310344827,204.7692307692307
205.9999999999999,208.3203124999999,209.255172413793,209.1818181818181,208.4623655913978,208.626582278481,208.0087719298245,206.0374999999999,205.1681034482758,204.8461538461538
206.063829787234,208.4765624999999,209.3448275862069,209.2758620689655,208.516129032258,208.7658227848101,208.0964912280701,206.1874999999999,205.3232758620689,204.9230769230769
206.127659574468,208.6328124999999,209.4344827586206,209.3793103448275,208.5698924731182,208.9050632911392,208.1842105263157,206.3374999999999,205.478448275862,204.9999999999999
206.1914893617021,208.7826086956521,209.5241379310344,209.4827586206896,208.6236559139784,209.0443037974683,208.2558139534883,206.4874999999999,205.6336206896551,205.076923076923
206.2553191489361,208.9130434782608,209.6137931034482,209.5862068965517,208.6774193548386,209.1835443037974,208.2790697674418,206.6374999999999,205.782258064516,205.1538461538461
206.3191489361702,209.0434782608695,209.703448275862,209.6896551724137,208.7311827956989,209.3227848101265,208.3023255813953,206.7812499999999,205.9112903225806,205.2307692307692
206.3829787234042,209.1739130434782,209.7931034482758,209.7931034482758,208.7849462365591,209.4620253164557,208.3255813953488,206.9062499999999,206.0403225806451,205.3395522388059
206.4468085106382,209.3043478260869,209.8827586206896,209.8965517241379,208.8387096774193,209.6012658227847,208.3488372093023,207.0312499999999,206.1693548387096,205.4589552238805
206.5106382978723,209.4347826086956,209.9724137931034,209.9999999999999,208.8924731182795,209.7405063291139,208.3720930232558,207.1562499999999,206.2983870967741,205.5783582089552
206.5744680851063,209.5652173913043,210.0620689655172,210.103448275862,208.9462365591397,209.879746835443,208.3953488372092,207.2812499999999,206.4274193548387,205.6977611940298
206.6382978723404,209.695652173913,210.151724137931,210.2068965517241,208.9999999999999,210.0189873417721,208.4186046511628,207.4062499999999,206.5564516129031,205.8171641791044
206.7021276595744,209.8260869565217,210.2413793103448,210.3103448275862,209.0999999999999,210.1582278481012,208.4418604651162,207.5312499999999,206.6854838709677,205.9365671641791
206.7922077922077,209.9565217391304,210.3310344827586,210.4137931034482,209.1999999999999,210.2974683544303,208.4651162790697,207.6562499999999,206.8145161290322,206.0559701492537
206.9610389610389,210.0869565217391,210.4206896551723,210.5172413793103,209.3,210.4367088607594,208.4883720930232,207.7905405405405,206.9435483870967,206.1753731343283
207.1298701298701,210.2173913043478,210.5103448275862,210.6206896551724,209.3999999999999,210.5759493670886,208.5116279069767,207.9527027027027,207.0725806451612,206.2947761194029
207.2987012987012,210.2499999999999,210.6,210.7241379310344,209.4999999999999,210.7151898734176,208.5348837209302,208.1148648648648,207.2016129032257,206.4141791044776
207.4675324675324,210.2499999999999,210.6896551724138,210.8275862068965,209.6,210.7131147540983,208.5581395348837,208.277027027027,207.3306451612902,206.5335820895522
207.6363636363636,210.2499999999999,210.7793103448275,210.9310344827585,209.6999999999999,210.6639344262294,208.5813953488371,208.4391891891892,207.4596774193548,206.6529850746268
207.8051948051947,210.2499999999999,210.8689655172413,211.0344827586206,209.8,210.6147540983606,208.6046511627906,208.6013513513513,207.5887096774193,206.7723880597014
207.9740259740259,210.2499999999999,210.9586206896551,211.1379310344827,209.8999999999999,210.5655737704918,208.6279069767441,208.7635135135135,207.7177419354838,206.8917910447761
208.1428571428571,210.2499999999999,211.0482758620689,211.2413793103448,209.9999999999999,210.5163934426229,208.6511627906976,208.9256756756756,207.8467741935484,207.0111940298507
208.3116883116882,210.2499999999999,211.1379310344827,211.3448275862068,210.0999999999999,210.467213114754,208.6744186046511,209.0878378378378,207.9758064516128,207.1305970149253
208.4805194805194,210.3571428571428,211.2275862068965,211.4482758620689,210.1999999999999,210.4180327868852,208.6976744186046,209.2499999999999,208.1048387096774,207.2499999999999
208.6493506493506,210.4999999999999,211.3132530120481,211.551724137931,210.3,210.3688524590163,208.7209302325581,209.4121621621621,208.2338709677419,207.3694029850746
208.8181818181818,210.6428571428571,211.3975903614457,211.655172413793,210.3999999999999,210.3196721311475,208.7441860465116,209.5743243243243,208.3629032258064,207.4888059701492
208.9870129870129,210.7857142857142,211.4819277108433,211.7586206896551,210.4999999999999,210.2704918032786,209.1590909090908,209.7364864864865,208.4919354838709,207.6082089552238
209.1558441558441,210.9285714285714,211.5662650602409,211.8620689655172,210.5999999999999,210.2213114754098,209.7045454545454,209.8986486486486,208.6209677419354,207.7276119402985
209.3246753246752,211.0714285714285,211.6506024096385,211.9655172413792,210.6999999999999,210.1721311475409,210.2499999999999,210.0608108108108,208.7499999999999,207.8470149253731
209.4935064935065,211.2142857142857,211.7349397590361,212.0689655172413,210.8,210.1229508196721,210.7954545454545,210.2229729729729,208.8790322580645,207.9664179104477
209.6623376623376,211.3571428571428,211.8192771084337,212.1724137931034,210.8999999999999,210.0737704918032,211.340909090909,210.3851351351351,209.008064516129,208.0858208955223
209.8311688311688,211.4999999999999,211.9036144578313,212.2758620689655,210.9999999999999,210.0245901639344,211.7608695652173,210.5472972972973,209.1370967741935,208.205223880597
209.9999999999999,211.6428571428571,211.9879518072289,212.3793103448275,211.0999999999999,210.076923076923,211.8043478260869,210.7094594594594,209.266129032258,208.3246268656716
210.079365079365,211.7857142857142,212.0722891566264,212.4827586206896,211.1999999999999,210.2307692307692,211.8478260869565,210.7941176470588,209.3951612903225,208.4440298507462
210.1587301587301,211.9285714285714,212.1566265060241,212.5862068965517,211.3,210.3846153846154,211.8913043478261,210.8529411764705,209.524193548387,208.5634328358208
210.2380952380952,212.0714285714285,212.2409638554216,212.6896551724137,211.3999999999999,210.5384615384615,211.9347826086956,210.9117647058823,209.6532258064515,208.6828358208955
210.3174603174602,212.2142857142857,212.3253012048192,212.7931034482758,211.4999999999999,210.6923076923076,211.9782608695651,210.9705882352941,209.7822580645161,208.8022388059701
210.3968253968253,212.3571428571428,212.4096385542168,212.8965517241379,211.5999999999999,210.8461538461538,212.0217391304347,211.0294117647058,209.9112903225806,208.9216417910447
210.4761904761904,212.4999999999999,212.4939759036144,212.9999999999999,211.6999999999999,210.9999999999999,212.0652173913043,211.0882352941176,210.0403225806451,209.0410447761193
210.5555555555555,212.6428571428571,212.578313253012,212.9999999999999,211.8,211.1538461538461,212.1086956521739,211.1470588235293,210.1693548387096,209.160447761194
210.6349206349206,212.7857142857142,212.6626506024096,212.9999999999999,211.8999999999999,211.3076923076923,212.1521739130434,211.2058823529411,210.2983870967741,209.2765957446808
210.7142857142857,212.9285714285714,212.7469879518072,212.9999999999999,211.9999999999999,211.4615384615384,212.195652173913,211.2702702702702,210.4274193548387,209.3829787234042
210.7936507936507,213.0714285714285,212.8313253012048,212.9999999999999,212.0999999999999,211.6153846153846,212.2391304347826,211.3513513513513,210.5564516129032,209.4893617021276
210.8730158730158,213.2142857142857,212.9156626506023,212.9999999999999,212.1999999999999,211.7692307692307,212.2983870967741,211.4324324324324,210.6854838709677,209.595744680851
210.9523809523809,213.2723880597014,212.9999999999999,212.9999999999999,212.3,211.9230769230768,212.3629032258064,211.5135135135135,210.8145161290322,209.7021276595744
211.031746031746,213.3022388059701,213.0379746835443,212.9999999999999,212.3999999999999,211.9999999999999,212.4274193548387,211.5945945945946,210.9435483870967,209.8085106382978
211.1111111111111,213.3320895522388,213.0759493670886,212.9999999999999,212.4999999999999,211.9999999999999,212.4919354838709,211.6756756756756,211.0725806451612,209.9148936170212
211.1904761904761,213.3619402985074,213.1139240506328,212.9999999999999,212.6,211.9999999999999,212.5564516129032,211.7567567567567,211.2016129032258,210.0212765957446
211.2954545454545,213.3917910447761,213.1518987341772,212.9999999999999,212.6999999999999,211.9999999999999,212.6209677419354,211.8378378378378,211.3306451612902,210.127659574468
211.4772727272727,213.4216417910447,213.1898734177215,212.9999999999999,212.8,211.9999999999999,212.6854838709677,211.9189189189189,211.4596774193548,210.2340425531914
211.6590909090909,213.4514925373134,213.2278481012657,212.9999999999999,212.8999999999999,211.9999999999999,212.7499999999999,211.9999999999999,211.5887096774193,210.3404255319148
211.840909090909,213.481343283582,213.2658227848101,212.9999999999999,212.9999999999999,211.9999999999999,212.8145161290322,212.1267605633802,211.7177419354838,210.4468085106382
212.0227272727272,213.5111940298507,213.3037974683544,213.1150442477876,213.0999999999999,211.9999999999999,212.8790322580645,212.2535211267605,211.8124999999999,210.5531914893617
212.2045454545454,213.5410447761193,213.3417721518987,213.2300884955752,213.1999999999999,211.9999999999999,212.9435483870967,212.3802816901408,211.8958333333333,210.6595744680851
212.3863636363636,213.570895522388,213.379746835443,213.3451327433628,213.3,212.0714285714285,213.008064516129,212.5070422535211,211.9791666666666,210.7659574468084
212.5681818181818,213.6007462686566,213.4177215189873,213.4601769911504,213.3999999999999,212.2142857142856,213.0725806451612,212.6338028169014,212.0624999999999,210.8723404255318
212.7499999999999,213.6305970149253,213.4556962025316,213.575221238938,213.4999999999999,212.3571428571428,213.1370967741935,212.7605633802816,212.1458333333333,210.9787234042553
212.9318181818181,213.660447761194,213.4936708860759,213.6902654867256,213.5999999999999,212.4999999999999,213.2016129032257,212.8873239436619,212.2291666666666,211.0851063829787
213.1136363636363,213.6902985074626,213.5316455696202,213.8053097345132,213.6999999999999,212.6428571428571,213.2682926829268,213.0140845070422,212.3124999999999,211.1914893617021
213.2432432432432,213.7201492537313,213.5696202531645,213.9203539823008,213.8,212.7857142857142,213.3414634146341,213.1408450704225,212.3958333333333,211.2978723404255
213.2162162162162,213.7499999999999,213.6075949367088,214.0353982300884,213.8999999999999,212.9285714285714,213.4146341463414,213.2676056338028,212.4791666666666,211.4042553191489
213.1891891891891,213.8437499999999,213.6455696202531,214.1504424778761,213.9999999999999,213.0641025641025,213.4878048780487,213.394366197183,212.5624999999999,211.5106382978723
213.1621621621621,213.9374999999999,213.6835443037974,214.2654867256637,214.0999999999999,213.1923076923077,213.560975609756,213.5211267605633,212.6458333333333,211.6170212765957
213.135135135135,214.0312499999999,213.7215189873417,214.3805309734512,214.1999999999999,213.3205128205128,213.6341463414633,213.6478873239436,212.7291666666666,211.7234042553191
213.1081081081081,214.1249999999999,213.780487804878,214.4955752212389,214.3,213.4487179487179,213.7073170731707,213.7746478873239,212.8315217391304,211.8297872340425
213.081081081081,214.2187499999999,213.9024390243902,214.6106194690265,214.3999999999999,213.576923076923,213.780487804878,213.9014084507042,212.9402173913043,211.9361702127659
213.054054054054,214.3124999999999,214.0243902439024,214.7256637168141,214.4999999999999,213.7051282051281,213.8536585365853,214.0281690140845,213.0489130434782,212.0425531914893
213.027027027027,214.4062499999999,214.1463414634146,214.8407079646017,214.5999999999999,213.8333333333333,213.9268292682926,214.1549295774647,213.1576086956521,212.1489361702127
212.9999999999999,214.4999999999999,214.2682926829268,214.9557522123893,214.6999999999999,213.9615384615384,213.9999999999999,214.2666666666666,213.266304347826,212.2553191489361
213.1698113207547,214.5937499999999,214.390243902439,215.0707964601769,214.8,214.0897435897435,213.9999999999999,214.3333333333333,213.3749999999999,212.3617021276595
213.3396226415094,214.6874999999999,214.5121951219512,215.1858407079645,214.8999999999999,214.2179487179487,213.9999999999999,214.3999999999999,213.4836956521739,212.4680851063829
213.5094339622641,214.7812499999999,214.6341463414634,215.3008849557522,214.9999999999999,214.2894736842105,213.9999999999999,214.4666666666666,213.5923913043478,212.5744680851063
213.6792452830188,214.8749999999999,214.7560975609755,215.4159292035398,215.064935064935,214.3421052631578,213.9999999999999,214.5333333333333,213.7010869565217,212.6808510638297
213.8490566037735,214.9687499999999,214.8780487804877,215.5309734513274,215.1298701298701,214.3947368421052,213.9999999999999,214.5999999999999,213.8097826086956,212.7872340425531
214.0188679245283,215.0624999999999,214.9999999999999,215.646017699115,215.1948051948051,214.4473684210526,213.9999999999999,214.6666666666666,213.9184782608695,212.8936170212766
214.188679245283,215.1562499999999,215.1428571428571,215.7610619469026,215.2597402597402,214.4999999999999,213.9999999999999,214.7333333333333,214.0271739130434,212.9999999999999
214.3584905660377,215.2499999999999,215.2857142857142,215.8761061946902,215.3246753246752,214.5526315789473,213.9999999999999,214.8,214.1358695652173,213.0799999999999
214.5283018867924,215.340909090909,215.4285714285714,215.9911504424778,215.3896103896103,214.6052631578947,213.9999999999999,214.8666666666666,214.2445652173913,213.1599999999999
214.6981132075471,215.4318181818181,215.5714285714285,216.1061946902654,215.4545454545454,214.6578947368421,214.0967741935483,214.9333333333333,214.3532608695652,213.2399999999999
214.8679245283018,215.5227272727272,215.7142857142857,216.221238938053,215.5194805194805,214.7105263157894,214.1935483870967,214.9999999999999,214.4619565217391,213.3199999999999
215.0377358490566,215.6136363636363,215.8571428571428,216.2941176470588,215.5844155844155,214.7777777777777,214.2903225806451,215.0666666666666,214.570652173913,213.4
215.2075471698113,215.7045454545454,215.9999999999999,216.3529411764705,215.6493506493506,214.8888888888888,214.3870967741935,215.1333333333333,214.6793478260869,213.48
215.2835820895522,215.7,216.1428571428571,216.4117647058823,215.7142857142856,215,214.4838709677419,215.1999999999999,214.7880434782608,213.5599999999999
215.3283582089552,215.5999999999999,216.2857142857142,216.4705882352941,215.7792207792207,215.1111111111111,214.5806451612903,215.2666666666666,214.8967391304347,213.6399999999999
215.3731343283582,215.4999999999999,216.4285714285714,216.5294117647058,215.8441558441558,215.2222222222222,214.6774193548387,215.3333333333333,215.0054347826086,213.7199999999999
215.4179104477611,215.3999999999999,216.5714285714285,216.5882352941176,215.9090909090908,215.3333333333333,214.7692307692307,215.3999999999999,215.1141304347825,213.8
215.4626865671641,215.3,216.7142857142856,216.6470588235294,215.9740259740259,215.4444444444444,214.8461538461538,215.4666666666666,215.2228260869565,213.8799999999999
215.5074626865671,215.2499999999999,216.8571428571428,216.7058823529411,216.0389610389609,215.5555555555555,214.9230769230768,215.5333333333332,215.2617187499999,213.96
215.5522388059701,215.2499999999999,216.9999999999999,216.7647058823529,216.103896103896,215.6666666666666,214.9999999999999,215.5999999999999,215.2773437499999,214.0399999999999
215.5970149253731,215.2499999999999,217.0526315789473,216.8235294117646,216.168831168831,215.7777777777777,215.076923076923,215.6666666666666,215.2929687499999,214.1199999999999
215.6417910447761,215.2499999999999,217.1052631578947,216.8823529411764,216.2337662337661,215.8888888888889,215.1538461538461,215.7333333333333,215.3085937499999,214.2
215.6865671641791,215.2499999999999,217.1578947368421,216.9411764705882,216.2499999999999,215.9999999999999,215.2307692307692,215.8,215.3242187499999,214.2799999999999
215.731343283582,215.8055555555555,217.2105263157894,216.9999999999999,216.2499999999999,216.1111111111111,215.3333333333333,215.8666666666666,215.3398437499999,214.3599999999999
215.776119402985,216.361111111111,217.2631578947368,217.0588235294117,216.2499999999999,216.2222222222222,215.4444444444444,215.9333333333333,215.3554687499999,214.4399999999999
215.820895522388,216.9166666666666,217.3157894736842,217.1176470588235,216.2499999999999,216.3048780487804,215.5555555555555,215.9999999999999,215.3710937499999,214.5199999999999
215.865671641791,217.4722222222222,217.3684210526315,217.1764705882352,216.2499999999999,216.3780487804878,215.6666666666666,216.076923076923,215.3867187499999,214.6
215.910447761194,217.8071428571428,217.4210526315789,217.235294117647,216.2499999999999,216.4512195121951,215.7777777777777,216.1538461538461,215.4023437499999,214.6799999999999
215.955223880597,217.9214285714285,217.4736842105262,217.2340425531914,216.2812499999999,216.5243902439024,215.8888888888888,216.2307692307692,215.4179687499999,214.76
215.9999999999999,218.0357142857142,217.5263157894736,217.2127659574468,216.4062499999999,216.5975609756097,215.9999999999999,216.3076923076923,215.4335937499999,214.8399999999999
216.1428571428571,218.1499999999999,217.578947368421,217.1914893617021,216.5312499999999,216.670731707317,216.1636363636363,216.3846153846154,215.4492187499999,214.92
216.2857142857142,218.2642857142856,217.6315789473684,217.1702127659574,216.6562499999999,216.7439024390243,216.3272727272727,216.4615384615384,215.4648437499999,214.9999999999999
216.4285714285714,218.3785714285714,217.6842105263158,217.1489361702127,216.7812499999999,216.8170731707316,216.490909090909,216.5384615384615,215.4804687499999,215.0526315789473
216.5714285714285,218.4928571428571,217.7368421052631,217.127659574468,216.9062499999999,216.890243902439,216.6545454545454,216.6153846153846,215.4960937499999,215.1052631578947
216.7142857142857,218.6071428571428,217.7894736842105,217.1063829787233,217.0312499999999,216.9634146341463,216.8181818181818,216.6923076923077,215.5117187499999,215.157894736842
216.8571428571428,218.7214285714285,217.8421052631578,217.0851063829787,217.1562499999999,217.0365853658536,216.9818181818181,216.7692307692307,215.5273437499999,215.2105263157894
216.9999999999999,218.6951219512194,217.8947368421052,217.063829787234,217.2812499999999,217.1097560975609,217.1454545454545,216.8461538461538,215.5429687499999,215.2631578947368
217.1428571428571,218.6219512195121,217.9473684210526,217.0425531914893,217.4062499999999,217.1829268292682,217.3090909090909,216.9230769230768,215.5585937499999,215.3157894736842
217.2857142857142,218.5487804878048,217.9999999999999,217.0212765957446,217.5312499999999,217.2560975609755,217.4727272727272,216.9999999999999,215.5742187499999,215.3684210526315
217.4285714285714,218.4756097560975,218.0526315789473,216.9999999999999,217.6562499999999,217.3292682926829,217.6363636363636,217.1428571428571,215.5898437499999,215.4210526315789
217.5714285714285,218.4024390243902,218.1052631578947,217.0999999999999,217.7812499999999,217.4024390243902,217.8,217.2857142857142,215.6054687499999,215.4736842105263
217.7142857142856,218.3292682926829,218.157894736842,217.2,217.9062499999999,217.4756097560975,217.9636363636363,217.4285714285714,215.6210937499999,215.5263157894736
217.8571428571428,218.2560975609755,218.2105263157894,217.3,218.0312499999999,217.5487804878048,218.1272727272727,217.5714285714285,215.6367187499999,215.578947368421
217.9999999999999,218.1829268292682,218.2631578947368,217.3999999999999,218.1562499999999,217.6219512195121,218.1428571428571,217.7142857142856,215.6523437499999,215.6315789473684
218.076923076923,218.1097560975609,218.3157894736841,217.4999999999999,218.2812499999999,217.6951219512194,217.7142857142857,217.8571428571428,215.6679687499999,215.6842105263157
218.1538461538461,218.0365853658536,218.3684210526315,217.5999999999999,218.4062499999999,217.7608695652173,217.2857142857142,217.9999999999999,215.6835937499999,215.7368421052631
218.2307692307692,218.0671641791045,218.4210526315789,217.6999999999999,218.5312499999999,217.8043478260869,216.8571428571428,217.9999999999999,215.6992187499999,215.7894736842105
218.3076923076922,218.2014925373134,218.4736842105262,217.8,218.6562499999999,217.8478260869564,216.6249999999999,217.9999999999999,215.7148437499999,215.8421052631578
218.3846153846154,218.3358208955223,218.5263157894736,217.9,218.7258064516128,217.891304347826,216.4583333333333,217.9999999999999,215.7304687499999,215.8947368421052
218.4615384615384,218.4701492537313,218.578947368421,217.9999999999999,218.6290322580644,217.9347826086956,216.2916666666666,217.9999999999999,215.7460937499999,215.9473684210526
218.5384615384615,218.6044776119402,218.6315789473684,218.0999999999999,218.532258064516,217.9782608695652,216.1249999999999,217.9999999999999,215.9749999999999,215.9999999999999
218.6153846153846,218.7388059701492,218.6842105263157,218.1999999999999,218.4354838709676,217.9117647058823,215.9583333333333,217.9999999999999,216.2749999999999,216.090909090909
218.6923076923077,218.8731343283582,218.7368421052631,218.3,218.3387096774192,217.735294117647,215.7916666666666,217.9999999999999,216.5749999999999,216.1818181818181
218.7692307692307,219.0074626865671,218.8015267175572,218.3999999999999,218.2419354838709,217.5588235294117,215.9374999999999,217.9999999999999,216.8749999999999,216.2727272727272
218.8461538461538,219.1417910447761,218.8702290076335,218.4999999999999,218.1451612903224,217.3823529411764,216.1874999999999,217.9999999999999,217.1749999999999,216.3636363636363
218.9230769230768,219.276119402985,218.9389312977099,218.5999999999999,218.0483870967741,217.3181818181818,216.4374999999999,217.9999999999999,217.2124999999999,216.4545454545454
218.9999999999999,219.410447761194,219.0076335877862,218.6999999999999,217.9516129032257,217.5909090909091,216.6874999999999,217.9999999999999,217.1625,216.5454545454545
219.0980392156862,219.5447761194029,219.0763358778625,218.8,217.8548387096773,217.8636363636363,216.9166666666666,217.9999999999999,217.1125,216.6363636363636
219.1960784313725,219.6791044776119,219.1450381679389,218.8999999999999,217.7580645161289,217.9999999999999,217.1388888888889,217.9999999999999,217.0624999999999,216.7272727272727
219.2941176470588,219.8134328358208,219.2137404580152,218.9999999999999,217.6612903225805,217.9999999999999,217.3611111111111,218.0566037735849,217.0124999999999,216.8181818181818
219.392156862745,219.9477611940298,219.2824427480915,219.0526315789473,217.5645161290321,217.9999999999999,217.5833333333333,218.1132075471697,216.9624999999999,216.9090909090908
219.4901960784313,220.0820895522388,219.3511450381679,219.1052631578947,217.4677419354838,217.9999999999999,217.8,218.1698113207547,216.9125,216.9999999999999
219.5882352941176,220.2164179104477,219.4198473282442,219.1578947368421,217.3709677419354,217.9999999999999,217.9999999999999,218.2264150943396,216.8625,217.1428571428571
219.6862745098039,220.3275862068965,219.4885496183205,219.2105263157894,217.274193548387,217.9999999999999,218.1999999999999,218.2830188679245,216.8124999999999,217.2857142857142
219.7843137254901,220.4310344827585,219.5572519083969,219.2631578947368,217.3283582089551,217.9999999999999,218.3999999999999,218.3396226415094,216.7624999999999,217.4285714285714
219.8823529411764,220.5344827586206,219.6259541984732,219.3157894736842,217.4328358208954,217.9999999999999,218.5999999999999,218.3962264150943,216.8333333333333,217.5714285714285
219.9803921568627,220.6379310344827,219.6946564885496,219.3684210526315,217.5373134328357,217.9999999999999,218.7999999999999,218.4528301886792,216.9444444444444,217.7142857142856
220.0784313725489,220.7413793103448,219.7633587786259,219.4210526315789,217.641791044776,217.9999999999999,218.9999999999999,218.5094339622641,217.0555555555555,217.8571428571428
220.1764705882352,220.8448275862068,219.8320610687022,219.4736842105263,217.7462686567163,217.9999999999999,219.1999999999999,218.566037735849,217.1666666666666,217.9999999999999
220.2448979591836,220.9482758620689,219.9007633587786,219.5263157894736,217.8507462686566,217.9999999999999,219.1428571428571,218.6226415094339,217.2777777777777,217.9999999999999
220.2244897959183,221.0357142857142,219.9694656488549,219.578947368421,217.9552238805969,217.9999999999999,218.9999999999999,218.6792452830188,217.3888888888888,217.9999999999999
220.204081632653,221.1071428571428,220.0381679389313,219.6315789473684,218.0597014925372,217.9999999999999,218.8571428571428,218.7358490566037,217.4999999999999,217.9999999999999
220.1836734693877,221.1785714285714,220.1068702290076,219.6842105263157,218.1641791044775,217.9999999999999,218.7142857142857,218.8214285714285,217.611111111111,217.9999999999999
220.1632653061224,221.2499999999999,220.1755725190839,219.7368421052631,218.2686567164178,217.9999999999999,218.5714285714285,218.9166666666666,217.7222222222222,217.9999999999999
220.1428571428571,221.3214285714286,220.2442748091603,219.831081081081,218.3731343283581,218.0714285714285,218.4285714285714,219.0119047619047,217.8333333333333,217.9999999999999
220.1224489795918,221.3928571428571,220.2074546156817,219.9391891891891,218.4776119402984,218.2142857142857,218.2857142857142,219.1071428571428,217.9444444444444,217.9999999999999
220.1020408163265,221.4642857142857,219.8592893008883,220.0472972972972,218.5820895522387,218.3571428571428,218.1428571428571,219.2023809523809,218.0555555555555,218.0624999999999
220.0816326530612,221.5357142857142,219.511123986095,220.1554054054053,218.6865671641791,218.4999999999999,217.9999999999999,219.297619047619,218.1666666666666,218.1249999999999
220.0612244897958,221.6071428571428,219.2613636363636,220.2635135135135,218.7910447761193,218.6428571428571,217.8571428571428,219.3928571428571,218.2777777777777,218.1874999999999
220.0408163265305,221.6785714285714,219.3068181818181,220.3716216216216,218.8955223880596,218.7857142857142,217.8437499999999,219.4880952380952,218.3888888888888,218.2499999999999
220.0204081632652,221.7499999999999,219.3522727272727,220.4797297297297,218.9999999999999,218.9285714285714,218.2187499999999,219.5833333333333,218.4999999999999,218.3124999999999
219.9999999999999,221.8214285714285,219.3977272727272,220.5878378378378,218.9999999999999,219.0714285714285,218.5937499999999,219.6785714285714,218.6111111111111,218.3749999999999
219.9999999999999,221.8928571428571,219.4431818181818,220.6959459459459,218.9999999999999,219.2142857142857,218.9687499999999,219.7272727272727,218.7222222222221,218.4374999999999
219.9999999999999,221.9642857142857,219.4886363636363,220.7592592592592,218.9999999999999,219.3571428571428,219.2656249999999,219.6363636363636,218.7886597938144,218.4999999999999
219.9999999999999,221.9883720930232,219.5581095041322,220.7777777777777,218.9999999999999,219.4999999999999,219.3281249999999,219.5454545454545,218.840206185567,218.5624999999999
219.9999999999999,221.9651162790697,219.703770661157,220.7962962962962,218.9999999999999,219.6428571428571,219.3906249999999,219.4545454545454,218.8917525773196,218.6249999999999
219.9999999999999,221.9418604651162,219.8494318181818,220.8148148148148,218.9999999999999,219.7857142857142,219.4531249999999,219.3636363636363,218.9432989690721,218.6874999999999
219.9999999999999,221.9186046511627,219.9950929752065,220.8333333333333,218.9999999999999,219.9285714285714,219.5156249999999,219.2727272727272,218.9948453608247,218.7499999999999
219.9999999999999,221.8953488372092,220.1407541322313,220.8518518518518,218.9999999999999,220.1249999999999,219.5781249999999,219.1818181818181,219.0463917525773,218.8124999999999
219.9999999999999,221.8720930232558,220.2115384615384,220.8703703703703,218.9999999999999,220.3749999999999,219.6406249999999,219.090909090909,219.0979381443298,218.8749999999999
219.9999999999999,221.8488372093022,220.0576923076923,220.8888888888889,219.0799999999999,220.6249999999999,219.7031249999999,218.9999999999999,219.1494845360824,218.9374999999999
219.9999999999999,221.8255813953488,219.9038461538461,220.9074074074074,219.16,220.8749999999999,219.7656249999999,219.090909090909,219.201030927835,218.9999999999999
219.9999999999999,221.8023255813953,219.7499999999999,220.9259259259259,219.2399999999999,220.9857142857142,219.8281249999999,219.1818181818181,219.2525773195876,219.1
219.9999999999999,221.7790697674418,219.5961538461538,220.9444444444444,219.3199999999999,220.9571428571428,219.8906249999999,219.2727272727272,219.3041237113401,219.2
219.9999999999999,221.7558139534883,219.4423076923077,220.9629629629629,219.3999999999999,220.9285714285714,219.9531249999999,219.3636363636363,219.3556701030927,219.3
219.9090909090908,221.7874999999999,219.2884615384615,220.9814814814814,219.48,220.8999999999999,220.0156249999999,219.4545454545454,219.4072164948453,219.3999999999999
219.8181818181818,221.8374999999999,219.4166666666666,220.9999999999999,219.5599999999999,220.8714285714285,220.0781249999999,219.5417808219177,219.4587628865979,219.4999999999999
219.7272727272727,221.8874999999999,219.6388888888889,220.9571428571428,219.6399999999999,220.8428571428571,220.1406249999999,219.6276255707762,219.3522514868309,219.6
219.6363636363636,221.9374999999999,219.8611111111111,220.9142857142857,219.7199999999999,220.8142857142856,220.2031249999999,219.7134703196346,219.1889549702634,219.6999999999999
219.5454545454545,221.9875,220.0833333333333,220.8714285714285,219.7999999999999,220.7857142857142,220.2638888888889,219.7993150684931,219.0256584536958,219.8
219.4545454545454,222.0375,220.3181818181818,220.8285714285714,219.88,220.7571428571428,220.3194444444444,219.8851598173515,218.8623619371282,219.8999999999999
219.3636363636363,222.0874999999999,220.590909090909,220.7857142857142,219.96,220.6785714285714,220.3749999999999,219.97100456621,218.6990654205607,219.9999999999999
219.2727272727272,222.1374999999999,220.8636363636363,220.7428571428571,220.0399999999999,220.5833333333333,220.4305555555555,220.0568493150684,218.5357689039932,220.0196078431372
219.1818181818181,222.1874999999999,221.1363636363636,220.6999999999999,220.1199999999999,220.4880952380952,220.4861111111111,220.1426940639269,218.3724723874256,220.0392156862744
219.090909090909,222.2375,221.4090909090909,220.6571428571428,220.1999999999999,220.3928571428571,220.5416666666666,220.2285388127853,218.2884615384615,220.0588235294117
218.9999999999999,222.3382352941176,221.6818181818181,220.6142857142856,220.2799999999999,220.297619047619,220.5972222222222,220.3684210526315,218.4423076923076,220.0784313725489
219.4545454545454,222.4558823529411,221.7241379310344,220.5714285714285,220.36,220.2023809523809,220.6527777777777,220.5263157894736,218.5961538461538,220.0980392156862
219.9090909090909,222.5735294117647,221.6896551724137,220.5285714285714,220.4399999999999,220.1071428571428,220.7083333333333,220.6842105263157,218.7499999999999,220.1176470588235
220.2631578947368,222.6911764705882,221.655172413793,220.4857142857142,220.5199999999999,220.0119047619047,220.76,220.8421052631578,218.9038461538461,220.1372549019607
220.3157894736842,222.8088235294117,221.6206896551724,220.4428571428571,220.5999999999999,219.9166666666666,220.8,220.9999999999999,219.0576923076922,220.156862745098
220.3684210526315,222.9264705882352,221.5862068965517,220.3999999999999,220.6799999999999,219.8214285714285,220.8399999999999,221.0140845070422,219.2115384615384,220.1764705882352
220.4210526315789,223.0441176470588,221.551724137931,220.3571428571428,220.76,219.7884615384615,220.8799999999999,221.0281690140844,219.3653846153846,220.1960784313725
220.4736842105262,223.1617647058823,221.5172413793103,220.3142857142857,220.8399999999999,219.9423076923077,220.9199999999999,221.0422535211267,219.5192307692307,220.2156862745097
220.5263157894736,223.2142857142856,221.4827586206896,220.2714285714285,220.92,220.0961538461538,220.96,221.056338028169,219.6730769230768,220.235294117647
220.578947368421,223.0714285714285,221.4482758620689,220.195652173913,220.9999999999999,220.2499999999999,220.9999999999999,221.0704225352112,219.826923076923,220.4166666666666
220.6315789473684,222.9285714285714,221.4137931034482,220.0869565217391,220.9411764705882,220.4038461538461,221.04,221.0845070422534,219.9807692307692,221.0833333333333
220.6842105263157,222.7857142857142,221.3793103448276,219.9782608695652,220.8823529411764,220.5576923076923,221.08,221.0985915492957,220.1346153846153,221.2317073170731
220.7368421052631,222.6428571428571,221.3448275862069,219.8695652173913,220.8235294117646,220.7115384615384,221.1199999999999,221.112676056338,220.2552083333333,221.2073170731707
220.8749999999999,222.4999999999999,221.3103448275862,219.7608695652173,220.7647058823529,220.8653846153846,221.16,221.1267605633802,220.2760416666666,221.1829268292682
221.0416666666666,222.3571428571428,221.2758620689655,219.6521739130434,220.7058823529411,221.0192307692307,221.1999999999999,221.1408450704225,220.2968749999999,221.1585365853658
221.2083333333333,222.2142857142857,221.2205882352941,219.5434782608695,220.6470588235293,221.1730769230768,221.2399999999999,221.1549295774647,220.3177083333333,221.1341463414633
221.3749999999999,222.0714285714285,221.1029411764705,219.4347826086956,220.5882352941176,221.326923076923,221.2285714285714,221.169014084507,220.3385416666666,221.1097560975609
221.5416666666666,221.9999999999999,220.985294117647,219.3260869565217,220.5294117647058,221.4807692307692,221.2,221.1830985915493,220.3593749999999,221.0853658536585
221.7083333333333,221.9999999999999,220.8676470588235,219.2173913043478,220.4705882352941,221.6346153846153,221.1714285714285,221.1971830985915,220.3802083333333,221.060975609756
221.8749999999999,221.9999999999999,220.7499999999999,219.1086956521739,220.4117647058823,221.6999999999999,221.1428571428571,221.2112676056337,220.4010416666666,221.0365853658536
222.0416666666666,221.9999999999999,220.6323529411764,218.9999999999999,220.3529411764705,221.4999999999999,221.1142857142856,221.225352112676,220.421875,221.0121951219512
222.2083333333333,221.9999999999999,220.5147058823529,218.9999999999999,220.2941176470588,221.3,221.0857142857142,221.2394366197182,220.4427083333333,220.9878048780487
222.1299999999999,221.9999999999999,220.3970588235294,218.9999999999999,220.235294117647,221.0999999999999,221.0571428571428,221.2638888888888,220.4635416666666,220.9634146341463
221.9699999999999,221.9999999999999,220.2794117647058,218.9999999999999,220.1764705882352,220.8999999999999,221.0285714285714,221.3194444444444,220.4843749999999,220.9390243902438
221.8099999999999,221.9999999999999,220.3124999999999,218.9999999999999,220.1176470588235,220.7,220.9999999999999,221.3749999999999,220.5052083333333,220.9146341463414
221.6499999999999,221.9999999999999,220.3958333333333,218.9999999999999,220.0588235294117,220.4999999999999,221.0877192982456,221.4305555555555,220.5260416666666,220.890243902439
221.49,221.9999999999999,220.4791666666666,218.9999999999999,219.9999999999999,220.3,221.1754385964912,221.486111111111,220.5468749999999,220.8658536585365
221.33,221.9999999999999,220.5624999999999,218.9999999999999,220.0612244897959,220.0999999999999,221.2631578947368,221.5416666666666,220.5677083333333,220.8414634146341
221.17,221.9999999999999,220.6458333333333,218.9999999999999,220.1224489795918,220.0357142857142,221.3508771929824,221.5972222222222,220.5885416666666,220.8170731707316
221.0099999999999,221.9999999999999,220.7291666666666,218.9999999999999,220.1836734693877,220.1071428571428,221.438596491228,221.6527777777777,220.6093749999999,220.7926829268292
220.85,222.0090909090909,220.8124999999999,218.9999999999999,220.2448979591836,220.1785714285714,221.5263157894736,221.7083333333333,220.6302083333333,220.7682926829268
220.6899999999999,222.0272727272727,220.8958333333333,218.9999999999999,220.3061224489795,220.2499999999999,221.6140350877192,221.7551020408163,220.6510416666666,220.7749999999999
220.5299999999999,222.0454545454545,220.9791666666666,218.9999999999999,220.3673469387754,220.3214285714285,221.7017543859649,221.7755102040816,220.6718749999999,220.8749999999999
220.3699999999999,222.0636363636363,221.0624999999999,218.9999999999999,220.4285714285713,220.3928571428571,221.7894736842105,221.7959183673469,220.6927083333333,220.9749999999999
220.3166666666666,222.0818181818181,221.1458333333333,218.9285714285714,220.4897959183672,220.4642857142857,221.8771929824561,221.8163265306122,220.7135416666666,221.0749999999999
220.5833333333333,222.0999999999999,221.2291666666666,218.8571428571428,220.5510204081632,220.5357142857142,221.9649122807017,221.8367346938775,220.7343749999999,221.175
220.8499999999999,222.1181818181818,221.1818181818181,218.7857142857142,220.6122448979591,220.6071428571428,222.0526315789473,221.8571428571428,220.7799999999999,221.2749999999999
221.1166666666666,222.1363636363636,221.0909090909091,218.7142857142857,220.673469387755,220.6785714285714,222.1403508771929,221.8775510204081,220.8999999999999,221.3749999999999
221.3833333333333,222.1545454545454,221,218.6428571428571,220.7346938775509,220.7499999999999,222.2280701754385,221.8979591836734,221.0199999999999,221.4749999999999
221.6499999999999,222.1727272727272,220.9090909090908,218.5714285714285,220.6136363636362,220.8214285714285,222.1818181818181,221.9183673469387,221.1399999999999,221.5749999999999
221.9166666666666,222.190909090909,220.8181818181818,218.4999999999999,220.4318181818181,220.8928571428571,222.090909090909,221.938775510204,221.26,221.6749999999999
222.1833333333333,222.2090909090908,220.7272727272727,218.4285714285714,220.2499999999999,220.9642857142857,221.9999999999999,221.9591836734693,221.3799999999999,221.7499999999999
222.3571428571428,222.2272727272727,220.6363636363636,218.3571428571428,220.0681818181817,220.9814814814814,221.9090909090908,221.9795918367346,221.4999999999999,221.7499999999999
222.4999999999999,222.2454545454545,220.5454545454545,218.2857142857142,219.8863636363635,220.9444444444444,221.8181818181818,221.9999999999999,221.6199999999999,221.7499999999999
222.6428571428571,222.1944444444444,220.4545454545454,218.2142857142857,219.7142857142856,220.9074074074074,221.7272727272727,222.0188679245283,221.7399999999999,221.7499999999999
222.7857142857142,222.1203703703703,220.3636363636363,218.1428571428571,219.5714285714284,220.8703703703703,221.6363636363636,222.0377358490566,221.86,221.7499999999999
222.9285714285713,222.0462962962962,220.2727272727272,218.0714285714285,219.4285714285713,220.8333333333333,221.5454545454545,222.0566037735849,221.9799999999999,221.7499999999999
223.0714285714285,221.9722222222222,220.1818181818181,217.9999999999999,219.2857142857142,220.7962962962962,221.4545454545454,222.0754716981131,222.0999999999999,221.7499999999999
223.2142857142857,221.8981481481481,220.090909090909,218.0833333333333,219.1428571428571,220.7592592592592,221.3636363636363,222.0943396226415,222.2199999999999,221.7499999999999
223.3571428571428,221.824074074074,219.9999999999999,218.1666666666666,218.9999999999999,220.8333333333333,221.2727272727272,222.1132075471697,222.2499999999999,221.7499999999999
223.4999999999999,221.7499999999999,219.9090909090908,218.2499999999999,219.1428571428571,220.9444444444444,221.1818181818181,222.132075471698,222.2499999999999,221.7499999999999
223.6428571428571,221.6759259259259,219.8181818181818,218.3333333333333,219.2857142857142,221.0555555555555,221.090909090909,222.1509433962264,222.2499999999999,221.7499999999999
223.734693877551,221.6018518518518,219.7272727272727,218.4166666666666,219.4285714285714,221.1666666666666,220.9999999999999,222.1698113207547,222.2499999999999,221.6944444444444
223.673469387755,221.5277777777777,219.6363636363636,218.4999999999999,219.5714285714285,221.2499999999999,221.0163934426229,222.188679245283,222.2499999999999,221.4722222222222
223.6122448979591,221.4537037037036,219.5454545454545,218.5833333333333,219.7142857142857,221.2499999999999,221.0327868852459,222.2075471698113,222.2499999999999,221.2499999999999
223.5510204081632,221.3796296296296,219.4545454545454,218.6666666666666,219.8571428571428,221.2499999999999,221.0491803278688,222.2264150943396,222.2499999999999,221.0277777777777
223.4897959183673,221.3055555555555,219.3636363636363,218.7499999999999,219.9999999999999,221.2499999999999,221.0655737704918,222.2452830188679,222.2499999999999,220.8055555555555
223.4285714285714,221.2573529411764,219.2727272727272,218.8333333333333,220.1428571428571,221.2499999999999,221.0819672131147,222.2499999999999,222.2499999999999,220.8076923076923
223.3673469387755,221.2867647058823,219.1818181818181,218.9166666666666,220.2857142857142,221.2499999999999,221.0983606557377,222.2499999999999,222.2499999999999,220.8846153846154
223.3061224489795,221.3161764705882,219.090909090909,218.9999999999999,220.4285714285714,221.2499999999999,221.1147540983606,222.2499999999999,222.2499999999999,220.9615384615384
223.2448979591836,221.3455882352941,218.9999999999999,219.1249999999999,220.5714285714285,221.2058823529411,221.1311475409836,222.2499999999999,222.2499999999999,221.0384615384615
223.1836734693877,221.3749999999999,219.0847457627118,219.2499999999999,220.7142857142856,221.1470588235294,221.1475409836065,222.2499999999999,222.2499999999999,221.1153846153846
223.1224489795918,221.4044117647058,219.1694915254237,219.3749999999999,220.8571428571428,221.0882352941176,221.1639344262294,222.2499999999999,222.2499999999999,221.1923076923076
223.0612244897958,221.4338235294117,219.2542372881355,219.4999999999999,220.9999999999999,221.0294117647058,221.1803278688524,222.2499999999999,222.2499999999999,221.2763157894736
222.9999999999999,221.4632352941176,219.3389830508474,219.6249999999999,220.8275862068965,220.9634146341463,221.1967213114754,222.2432432432432,222.2499999999999,221.3815789473684
222.9285714285714,221.4926470588235,219.4237288135593,219.7499999999999,220.655172413793,220.890243902439,221.2131147540983,222.2162162162162,222.2499999999999,221.4868421052631
222.8571428571428,221.5220588235293,219.5084745762711,219.8749999999999,220.4827586206896,220.8170731707316,221.2295081967213,222.1891891891892,222.2499999999999,221.5921052631578
222.7857142857142,221.5514705882352,219.593220338983,219.9999999999999,220.3103448275861,220.7439024390243,221.2459016393442,222.1621621621621,222.2499999999999,221.6973684210525
222.7142857142857,221.5808823529411,219.6779661016949,219.9230769230769,220.1379310344827,220.670731707317,221.2380952380952,222.1351351351351,222.2499999999999,221.8026315789473
222.6428571428571,221.610294117647,219.7627118644067,219.8461538461538,219.9655172413792,220.5975609756097,221.2222222222222,222.108108108108,222.2499999999999,221.907894736842
222.5714285714285,221.6397058823529,219.8474576271186,219.7692307692307,219.7931034482758,220.5243902439024,221.2063492063492,222.081081081081,222.2499999999999,222.0131578947368
222.4999999999999,221.6691176470588,219.9322033898304,219.6923076923076,219.4687499999999,220.4512195121951,221.1904761904761,222.054054054054,222.2499999999999,222.1184210526315
222.4285714285714,221.6985294117646,220.0169491525423,219.6153846153846,219.0937499999999,220.3780487804877,221.1746031746031,222.027027027027,222.2499999999999,222.2236842105263
222.3571428571428,221.7279411764705,220.1016949152542,219.5384615384615,218.7187499999999,220.3048780487804,221.1587301587301,221.9999999999999,222.2499999999999,221.7499999999999
222.2857142857142,221.7499999999999,220.1864406779661,219.4615384615384,218.3437499999999,220.266129032258,221.1428571428571,222.1020408163265,222.2499999999999,221.0833333333333
222.2142857142857,221.7499999999999,220.2727272727272,219.3846153846153,218.3493975903613,220.3306451612902,221.1269841269841,222.204081632653,222.2499999999999,220.4166666666666
222.1428571428571,221.7499999999999,220.3636363636363,219.3076923076923,218.4819277108433,220.3951612903225,221.1111111111111,222.3061224489795,222.2499999999999,220.3249999999999
222.0714285714285,221.7499999999999,220.4545454545454,219.2307692307692,218.6144578313252,220.4596774193548,221.095238095238,222.4081632653061,222.2499999999999,220.425
221.9999999999999,221.7499999999999,220.5454545454545,219.1538461538461,218.7469879518071,220.524193548387,221.079365079365,222.5102040816326,222.2499999999999,220.5249999999999
222.0833333333333,221.7499999999999,220.6363636363636,219.076923076923,218.8795180722891,220.5887096774193,221.063492063492,222.6122448979591,222.2499999999999,220.6249999999999
222.1666666666666,221.7499999999999,220.7272727272727,218.9999999999999,219.012048192771,220.6532258064516,221.047619047619,222.7142857142857,222.2499999999999,220.725
222.2499999999999,221.7499999999999,220.8181818181818,218.9999999999999,219.1445783132529,220.7177419354838,221.031746031746,222.8163265306122,222.2499999999999,220.8249999999999
222.3333333333333,221.7499999999999,220.9090909090908,218.9999999999999,219.2771084337348,220.7822580645161,221.015873015873,222.9183673469387,222.2499999999999,220.925
222.4166666666666,221.7499999999999,220.9999999999999,218.9999999999999,219.4096385542168,220.8467741935483,221,223.0204081632652,222.2499999999999,221.0249999999999
222.4999999999999,221.7499999999999,221.0588235294117,218.9999999999999,219.5421686746987,220.9112903225806,220.9999999999999,223.1224489795918,222.2499999999999,221.1249999999999
222.5833333333333,221.7499999999999,221.1176470588235,218.9999999999999,219.6746987951806,220.9758064516128,220.9999999999999,223.2244897959183,222.2499999999999,221.2249999999999
222.6666666666666,221.7499999999999,221.1764705882352,218.9999999999999,219.8072289156626,221.0403225806451,220.9999999999999,223.2388059701492,222.2499999999999,221.3249999999999
222.7499999999999,221.7499999999999,221.235294117647,218.9999999999999,219.9397590361445,221.1048387096774,220.9999999999999,223.2238805970149,222.2499999999999,221.425
222.8333333333333,221.7794117647058,221.2941176470588,218.9999999999999,220.0722891566264,221.1693548387096,220.9999999999999,223.2089552238805,222.2499999999999,221.5249999999999
222.9166666666666,221.8970588235294,221.3529411764705,218.9999999999999,220.2048192771084,221.2338709677419,220.9999999999999,223.1940298507462,222.2499999999999,221.6249999999999
222.9999999999999,222.0147058823529,221.4117647058823,218.9999999999999,220.3373493975903,221.2767857142856,220.9999999999999,223.1791044776119,222.2499999999999,221.7249999999999
222.9333333333333,222.1323529411764,221.4705882352941,218.9038461538461,220.4698795180722,221.3124999999999,220.9999999999999,223.1641791044776,222.2499999999999,221.7281553398058
222.8666666666666,222.2499999999999,221.5294117647058,218.8076923076923,220.6024096385541,221.3482142857142,220.9999999999999,223.1492537313432,222.2499999999999,221.6990291262135
222.8,222.3676470588235,221.5882352941176,218.7115384615384,220.7349397590361,221.3839285714285,220.9999999999999,223.1343283582089,222.2499999999999,221.6699029126213
222.7333333333333,222.485294117647,221.6470588235293,218.6153846153846,220.867469879518,221.4196428571428,220.9999999999999,223.1194029850746,222.2499999999999,221.6407766990291
222.6666666666666,222.6029411764706,221.7058823529411,218.5192307692307,220.9999999999999,221.4553571428571,221.1428571428571,223.1044776119402,222.2499999999999,221.6116504854368
222.5999999999999,222.7205882352941,221.7444444444444,218.4230769230769,221.103448275862,221.4910714285714,221.2857142857142,223.0895522388059,222.2499999999999,221.5825242718446
222.5333333333333,222.6785714285714,221.7222222222221,218.326923076923,221.2068965517241,221.5267857142857,221.4285714285714,223.0746268656716,222.2499999999999,221.5533980582524
222.4666666666666,222.5833333333333,221.7,218.2307692307692,221.3103448275861,221.5624999999999,221.5714285714285,223.0597014925373,222.2499999999999,221.5242718446601
222.3999999999999,222.4880952380952,221.6777777777777,218.1346153846153,221.4137931034482,221.5982142857142,221.7142857142857,223.0447761194029,222.2499999999999,221.4951456310679
222.3333333333333,222.3928571428571,221.6555555555555,218.0384615384615,221.5172413793102,221.6339285714285,221.8571428571428,223.0298507462686,222.2499999999999,221.4660194174756
222.2666666666666,222.297619047619,221.6333333333333,217.9423076923076,221.6206896551723,221.6696428571428,221.9999999999999,223.0149253731343,222.2499999999999,221.4368932038834
222.1999999999999,222.2023809523809,221.6111111111111,217.8461538461538,221.7241379310344,221.7053571428571,222.1428571428571,222.9999999999999,222.2499999999999,221.4077669902912
222.1333333333333,222.1071428571428,221.5888888888888,217.7499999999999,221.6666666666665,221.7410714285714,222.2241379310344,222.983606557377,222.2499999999999,221.378640776699
222.0666666666666,222.0119047619047,221.5666666666666,217.7812499999999,221.5555555555554,221.6818181818181,222.1206896551724,222.967213114754,222.2499999999999,221.3495145631067
221.9999999999999,221.9166666666666,221.5444444444444,217.8124999999999,221.4444444444443,221.590909090909,222.0172413793103,222.9508196721311,222.2499999999999,221.3203883495145
222.0232558139534,221.8214285714285,221.5222222222222,217.8437499999999,221.3333333333333,221.4999999999999,221.9137931034482,222.9344262295081,222.2499999999999,221.2912621359223
222.0465116279069,221.7421874999999,221.4999999999999,217.8749999999999,221.2222222222221,221.4090909090908,221.8103448275861,222.9180327868852,222.2499999999999,221.2621359223301
222.0697674418604,221.7109374999999,221.4777777777777,217.9062499999999,221.111111111111,221.3181818181818,221.7068965517241,222.9016393442623,222.2499999999999,221.2330097087378
222.0930232558139,221.6796874999999,221.4555555555555,217.9374999999999,220.9999999999999,221.2272727272727,221.603448275862,222.8852459016393,222.2499999999999,221.2038834951456
222.1162790697674,221.6484374999999,221.4333333333333,217.9687499999999,221.1304347826086,221.1363636363636,221.4999999999999,222.8688524590163,222.2499999999999,221.1747572815534
222.1395348837209,221.6171874999999,221.4111111111111,217.9999999999999,221.2608695652173,221.0454545454545,221.3965517241379,222.8524590163934,222.2499999999999,221.1456310679611
222.1627906976744,221.5859374999999,221.3888888888888,217.9999999999999,221.391304347826,220.9905660377358,221.2931034482758,222.8360655737704,222.2499999999999,221.1165048543689
222.1860465116278,221.5546874999999,221.3666666666666,217.9999999999999,221.5217391304347,220.9716981132075,221.1896551724137,222.8196721311475,222.2499999999999,221.0873786407766
222.2093023255813,221.5234374999999,221.3444444444444,217.9999999999999,221.6521739130434,220.9528301886792,221.0862068965517,222.8032786885245,222.2499999999999,221.0582524271844
222.2325581395348,221.4921874999999,221.3222222222222,217.9999999999999,221.6923076923076,220.9339622641509,220.9827586206896,222.7868852459016,222.2499999999999,221.0291262135922
222.1951219512195,221.4609374999999,221.2999999999999,217.9999999999999,221.4615384615384,220.9150943396226,220.8793103448275,222.7704918032786,222.2499999999999,220.9999999999999
221.9756097560975,221.4296874999999,221.2777777777777,217.9999999999999,221.2307692307691,220.8962264150943,220.7758620689655,222.7540983606557,222.2499999999999,220.9473684210526
221.7560975609755,221.3984374999999,221.2555555555555,217.9999999999999,220.9999999999999,220.877358490566,220.7894736842105,222.7241379310344,222.2499999999999,220.8947368421052
221.5365853658536,221.3671874999999,221.0999999999999,218.1818181818181,220.8,220.8584905660377,220.8421052631578,222.6896551724137,222.2499999999999,220.8421052631578
221.3170731707316,221.3359374999999,220.8999999999999,218.3636363636363,220.5999999999999,220.8396226415094,220.8947368421052,222.655172413793,222.2499999999999,220.7894736842105
221.0975609756097,221.3046874999999,220.6999999999999,218.5454545454545,220.3999999999999,220.8207547169811,220.9473684210526,222.6206896551724,222.2499999999999,220.7368421052631
220.8780487804877,221.2734374999999,220.4999999999999,218.7272727272727,220.1999999999999,220.8018867924528,220.9999999999999,222.5862068965517,222.2499999999999,220.6842105263158
220.6585365853658,221.3,220.2999999999999,218.9090909090909,219.9999999999999,220.7830188679245,221.0526315789473,222.551724137931,222.2499999999999,220.6315789473684
220.4390243902438,221.4999999999999,220.1176470588235,219.090909090909,219.7999999999999,220.7641509433962,221.1052631578947,222.5172413793103,222.2499999999999,220.578947368421
220.2195121951219,221.7,219.9411764705882,219.2727272727272,219.6,220.7717391304347,221.1578947368421,222.4827586206896,222.2499999999999,220.5263157894736
219.9999999999999,221.7173913043478,219.7647058823529,219.4545454545454,219.3999999999999,220.8586956521739,221.2105263157894,222.4482758620689,222.2499999999999,220.4736842105262
220.076923076923,221.6739130434782,219.5882352941176,219.6363636363636,219.2,220.945652173913,221.2631578947368,222.4137931034482,221.8,220.4210526315789
220.1538461538461,221.6304347826087,219.4117647058823,219.8181818181818,218.9999999999999,221.0326086956521,221.3157894736842,222.3793103448275,221.2,220.3684210526315
220.2307692307692,221.5869565217391,219.235294117647,219.9999999999999,219.1249999999999,221.1195652173913,221.3684210526315,222.3448275862068,220.7526315789473,220.3157894736842
220.3076923076923,221.5434782608695,219.0588235294117,220.0344827586206,219.2499999999999,221.2065217391304,221.4210526315789,222.3103448275862,220.7631578947368,220.2631578947368
220.3846153846154,221.4999999999999,218.8823529411764,220.0689655172413,219.3749999999999,221.2934782608695,221.4736842105262,222.2758620689655,220.7736842105263,220.2105263157894
220.4615384615384,221.4565217391304,218.7738095238095,220.103448275862,219.4999999999999,221.3804347826086,221.5263157894736,222.2264150943396,220.7842105263157,220.1578947368421
220.5384615384615,221.4130434782608,218.8690476190476,220.1379310344827,219.6249999999999,221.4673913043478,221.578947368421,222.1320754716981,220.7947368421052,220.1052631578947
220.6153846153846,221.3695652173913,218.9642857142857,220.1724137931034,219.7499999999999,221.5543478260869,221.6315789473684,222.0377358490566,220.8052631578947,220.0526315789473
220.6923076923076,221.3260869565217,219.0595238095237,220.2068965517241,219.8749999999999,221.641304347826,221.6842105263157,221.943396226415,220.8157894736842,219.9999999999999
220.7692307692307,221.2826086956521,219.1547619047618,220.2413793103448,219.9999999999999,221.7282608695652,221.7368421052631,221.8490566037735,220.8263157894737,219.9599999999999
220.8461538461538,221.2368421052631,219.2499999999999,220.1818181818181,220.0714285714285,221.7499999999999,221.7499999999999,221.754716981132,220.8368421052631,219.92
220.9230769230769,221.1842105263158,219.345238095238,220.0909090909091,220.1428571428571,221.7499999999999,221.7499999999999,221.6603773584905,220.8473684210526,219.8799999999999
220.9999999999999,221.1315789473684,219.4404761904761,219.9999999999999,220.2142857142856,221.7499999999999,221.7499999999999,221.566037735849,220.857894736842,219.8399999999999
221.0943396226415,221.078947368421,219.503893769968,219.9090909090909,220.2857142857142,221.7499999999999,221.7499999999999,221.4716981132075,220.8684210526315,219.8
221.188679245283,221.0263157894736,219.5602036741213,219.8181818181818,220.3571428571428,221.6219512195121,221.7499999999999,221.377358490566,220.878947368421,219.7599999999999
221.2830188679245,220.9736842105263,219.6165135782747,219.7599999999999,220.4285714285714,221.4512195121951,221.7499999999999,221.2830188679245,220.8894736842105,219.7199999999999
221.377358490566,220.9210526315789,219.672823482428,219.8,220.4999999999999,221.280487804878,221.7499999999999,221.188679245283,220.8999999999999,219.6799999999999
221.4716981132075,220.8684210526315,219.7291333865814,219.8399999999999,220.5714285714285,221.1097560975609,221.7499999999999,221.0943396226414,220.9105263157894,219.6399999999999
221.566037735849,220.8157894736842,219.7854432907347,219.8799999999999,220.6428571428571,220.9390243902438,221.7499999999999,220.9999999999999,220.9210526315789,219.6
221.6603773584905,220.7631578947368,219.8417531948881,219.9199999999999,220.7142857142857,220.7682926829268,221.7499999999999,220.9444444444444,220.9315789473684,219.5599999999999
221.754716981132,220.7105263157894,219.8980630990415,219.96,220.7857142857142,220.5975609756097,221.7499999999999,220.8888888888888,220.9421052631578,219.5199999999999
221.8490566037735,220.6578947368421,219.9543730031948,219.9999999999999,220.8571428571428,220.4268292682926,221.7499999999999,220.8333333333333,220.9526315789473,219.48
221.943396226415,220.6052631578947,220.0106829073482,219.9777777777777,220.9285714285714,220.2560975609755,221.7499999999999,220.7777777777777,220.9631578947368,219.4399999999999
222.0377358490566,220.5526315789473,220.0669928115016,219.9555555555555,220.9999999999999,220.0853658536585,221.7499999999999,220.7222222222222,220.9736842105263,219.3999999999999
222.1320754716981,220.4999999999999,220.1233027156549,219.9333333333333,220.9019607843137,220.0277777777777,221.7499999999999,220.6666666666666,220.9842105263157,219.36
222.2264150943396,220.4473684210526,220.1796126198083,219.911111111111,220.8039215686274,220.0833333333333,221.7499999999999,220.6111111111111,220.9947368421052,219.3199999999999
222.1666666666666,220.3947368421052,220.2359225239616,219.8888888888889,220.7058823529411,220.1388888888888,221.7499999999999,220.5555555555555,220.7631578947368,219.2799999999999
222.0555555555555,220.3421052631579,220.1904761904761,219.8666666666666,220.6078431372548,220.1944444444444,221.7321428571428,220.4999999999999,220.2894736842105,219.24
221.9444444444444,220.2894736842105,220.111111111111,219.8444444444444,220.5098039215686,220.2499999999999,221.6607142857142,220.4444444444444,219.8157894736842,219.1999999999999
221.8333333333333,220.2435897435897,220.031746031746,219.8222222222222,220.4117647058823,220.3055555555555,221.5892857142857,220.3888888888889,219.3421052631579,219.1599999999999
221.7222222222222,220.2179487179486,219.9523809523809,219.7999999999999,220.313725490196,220.361111111111,221.5178571428571,220.3333333333333,218.8684210526316,219.1199999999999
221.6111111111111,220.1923076923077,219.8730158730158,219.7777777777777,220.2156862745097,220.4166666666666,221.4464285714285,220.2777777777777,218.7196531791907,219.08
221.4999999999999,220.1666666666666,219.7936507936507,219.7555555555555,220.1176470588234,220.4722222222222,221.3749999999999,220.2222222222221,218.679190751445,219.0399999999999
221.3888888888888,220.1410256410256,219.7142857142857,219.6249999999999,220.0196078431372,220.5277777777777,221.3035714285714,220.1666666666666,218.6387283236994,218.9999999999999
221.2777777777777,220.1153846153846,219.6349206349205,219.4583333333333,219.9215686274509,220.5833333333333,221.2321428571428,220.1111111111111,218.5982658959537,218.9199999999999
221.1696428571428,220.0897435897435,219.5555555555555,219.2916666666666,219.8235294117646,220.6388888888888,221.1607142857142,220.0555555555555,218.557803468208,218.8399999999999
221.0624999999999,220.0641025641025,219.4761904761904,219.1249999999999,219.7555555555554,220.6944444444444,221.0892857142857,219.9999999999999,218.5173410404624,218.7599999999999
220.9553571428571,220.0384615384615,219.3968253968254,218.9583333333333,219.7777777777777,220.7499999999999,221.0178571428571,219.9285714285714,218.4768786127167,218.6799999999999
220.8482142857142,220.0128205128205,219.3174603174603,218.7916666666666,219.7999999999999,220.8055555555555,220.9464285714285,219.8571428571428,218.4364161849711,218.6
220.7410714285714,219.9642857142857,219.2380952380952,218.6249999999999,219.8222222222221,220.8611111111111,220.8749999999999,219.7857142857142,218.3959537572254,218.52
220.6339285714285,219.8928571428571,219.1587301587301,218.4583333333333,219.8444444444443,220.9166666666666,220.8035714285714,219.7142857142856,218.3640331304332,218.4399999999999
220.5267857142857,219.8214285714285,219.079365079365,218.2916666666666,219.8666666666666,220.9722222222222,220.7230769230769,219.6428571428571,218.3557398118562,218.36
220.4196428571428,219.7499999999999,218.9999999999999,218.5312499999999,219.8888888888888,220.9653465346534,220.6153846153846,219.5714285714285,218.3474464932792,218.2799999999999
220.3124999999999,219.6785714285714,219.0322580645161,218.9062499999999,219.911111111111,220.8960396039603,220.5076923076923,219.4999999999999,218.3391531747023,218.2
220.2053571428571,219.6071428571428,219.0645161290322,219.2812499999999,219.9333333333333,220.8267326732673,220.3999999999999,219.4285714285714,218.3308598561253,218.1199999999999
220.0982142857142,219.5357142857142,219.0967741935483,219.6562499999999,219.9555555555555,220.7574257425742,220.2923076923076,219.3571428571428,218.3225665375483,218.04
219.9910714285714,219.4642857142857,219.1290322580645,219.6521739130434,219.9777777777777,220.6881188118811,220.1846153846153,219.2857142857142,218.3142732189714,217.9599999999999
219.8839285714285,219.3928571428571,219.1612903225806,219.5217391304347,219.9999999999999,220.6188118811881,220.076923076923,219.2142857142857,218.3059799003944,217.8799999999999
219.7767857142857,219.3214285714285,219.1935483870967,219.391304347826,219.8999999999999,220.549504950495,219.9692307692307,219.1428571428571,218.2976865818175,217.8
219.6382978723404,219.2499999999999,219.2258064516129,219.2608695652173,219.8,220.4801980198019,219.8615384615384,219.0714285714285,218.2893932632405,217.7199999999999
219.4893617021276,219.1785714285714,219.24,219.1304347826086,219.6999999999999,220.4108910891088,219.7538461538461,218.9999999999999,218.2810999446635,217.6399999999999
219.3404255319148,219.1071428571428,219.2,218.9999999999999,219.6,220.3415841584158,219.6461538461538,218.9090909090908,218.2728066260866,217.5599999999999
219.1914893617021,219.0357142857142,219.1599999999999,218.9787234042553,219.4999999999999,220.2722772277227,219.5384615384615,218.8181818181818,218.2645133075096,217.4799999999999
219.0425531914893,218.9999999999999,219.1199999999999,218.9574468085106,219.3999999999999,220.2029702970297,219.4307692307692,218.7272727272727,218.2562199889327,217.4
218.8936170212766,218.9999999999999,219.08,218.9361702127659,219.3,220.1336633663366,219.3230769230769,218.6363636363636,218.2241379310344,217.32
218.7446808510638,218.9999999999999,219.0399999999999,218.9148936170212,219.2,220.0643564356435,219.2153846153846,218.5454545454545,218.1206896551724,217.24
218.595744680851,218.9999999999999,218.9999999999999,218.8936170212766,219.1,219.9950495049504,219.1076923076922,218.4545454545454,218.0172413793103,217.1599999999999
218.4468085106382,218.9999999999999,218.96,218.8723404255319,218.9999999999999,219.9257425742574,218.9999999999999,218.3636363636363,217.9137931034482,217.08
218.2978723404255,218.9999999999999,218.92,218.8510638297872,218.8999999999999,219.8564356435643,218.9523809523809,218.2727272727272,217.8103448275861,216.9999999999999
218.1489361702127,218.9999999999999,218.8799999999999,218.8297872340425,218.8,219.7871287128712,218.9047619047618,218.1818181818181,217.7068965517241,216.90625
217.9999999999999,218.9999999999999,218.8399999999999,218.8085106382978,218.6999999999999,219.7178217821782,218.8571428571428,218.0909090909091,217.603448275862,216.8124999999999
218.2121212121212,218.9999999999999,218.7999999999999,218.7872340425531,218.5999999999999,219.6485148514851,218.8095238095237,217.9999999999999,217.4999999999999,216.7187499999999
218.4242424242424,219.0084745762711,218.76,218.7659574468084,218.4999999999999,219.579207920792,218.7619047619047,217.9090909090908,217.3965517241379,216.6249999999999
218.6363636363636,219.0254237288135,218.722891566265,218.6818181818181,218.3999999999999,219.509900990099,218.7142857142856,217.8181818181818,217.2931034482758,216.5312499999999
218.8484848484848,219.0423728813559,218.6867469879518,218.4090909090908,218.3,219.4405940594059,218.6666666666666,217.7272727272727,217.1896551724138,216.4374999999999
219.060606060606,219.0593220338982,218.6506024096385,218.1363636363636,218.2,219.3712871287128,218.6190476190476,217.6363636363636,217.0862068965517,216.3437499999999
219.2727272727272,219.0762711864406,218.6144578313252,217.8636363636363,218.0999999999999,219.3019801980197,218.5714285714285,217.5454545454545,216.9827586206896,216.2499999999999
219.4848484848484,219.093220338983,218.578313253012,217.590909090909,217.9999999999999,219.2142857142857,218.5238095238094,217.4545454545454,216.8793103448276,216.15625
219.6969696969696,219.1101694915254,218.5421686746988,217.3181818181818,217.9743589743589,219.0714285714285,218.4761904761904,217.3636363636363,216.7758620689655,216.0624999999999
219.6923076923077,219.1271186440677,218.5060240963855,217.4078947368421,217.9487179487179,218.9285714285714,218.4285714285714,217.2727272727272,216.6724137931034,215.9687499999999
219.6153846153846,219.1440677966101,218.4698795180722,217.6184210526315,217.9230769230768,218.7857142857142,218.3809523809523,217.1818181818181,216.5689655172413,215.8749999999999
219.5384615384615,219.1610169491525,218.433734939759,217.828947368421,217.8974358974358,218.6428571428571,218.3333333333333,217.090909090909,216.4655172413792,215.7812499999999
219.4615384615384,219.1779661016949,218.3975903614457,218.0394736842105,217.8717948717948,218.4999999999999,218.2857142857142,216.9999999999999,216.3620689655172,215.6874999999999
219.3846153846154,219.1949152542372,218.3614457831325,218.2499999999999,217.8461538461538,218.3571428571428,218.2439024390243,216.8749999999999,216.2586206896551,215.5937499999999
219.3076923076923,219.2118644067796,218.3253012048192,218.4605263157894,217.8205128205127,218.2142857142857,218.2195121951219,216.7499999999999,216.1551724137931,215.4999999999999
219.2307692307692,219.228813559322,218.289156626506,218.6710526315789,217.7948717948717,218.0714285714285,218.1951219512195,216.6249999999999,216.051724137931,215.4062499999999
219.1538461538461,219.2457627118644,218.2530120481927,218.8815789473684,217.7692307692307,217.9285714285714,218.170731707317,216.4999999999999,215.9482758620689,215.3124999999999
219.076923076923,219.1785714285714,218.2168674698795,219.0921052631579,217.7499999999999,217.7857142857142,218.1463414634146,216.3749999999999,215.8448275862069,215.2187499999999
218.9999999999999,219.0833333333333,218.1807228915662,219.2121212121212,217.7499999999999,217.6428571428571,218.1219512195121,216.2499999999999,215.7413793103448,215.1249999999999
218.9166666666666,218.9880952380952,218.144578313253,219.060606060606,217.7499999999999,217.4999999999999,218.0975609756097,216.1249999999999,215.6379310344827,215.0312499999999
218.8333333333333,218.8928571428571,218.1084337349397,218.9090909090908,217.7499999999999,217.3571428571428,218.0731707317073,216,215.5344827586206,214.9374999999999
218.7499999999999,218.797619047619,218.0722891566265,218.7575757575757,217.7499999999999,217.2391304347826,218.0487804878048,215.8749999999999,215.4310344827585,214.8437499999999
218.6666666666666,218.7023809523809,218.0361445783132,218.6060606060606,217.7499999999999,217.195652173913,218.0243902439024,215.7499999999999,215.3275862068965,214.7499999999999
218.5833333333333,218.6071428571428,217.9999999999999,218.4545454545454,217.7499999999999,217.1521739130434,217.9999999999999,215.6249999999999,215.2254901960784,214.6562499999999
218.4999999999999,218.5119047619047,217.9999999999999,218.3030303030303,217.7499999999999,217.1086956521739,217.9166666666666,215.4999999999999,215.1274509803921,214.5624999999999
218.4166666666666,218.4166666666666,217.9999999999999,218.1515151515151,217.7499999999999,217.0652173913043,217.8333333333333,215.3749999999999,215.0294117647058,214.4687499999999
218.3333333333333,218.3214285714285,217.9999999999999,217.9999999999999,217.6760563380281,217.0217391304347,217.7499999999999,215.2499999999999,214.9313725490195,214.3749999999999
218.2499999999999,218.258064516129,217.9999999999999,217.9999999999999,217.5774647887323,216.9999999999999,217.6666666666666,215.1249999999999,214.8333333333333,214.2812499999999
218.1666666666666,218.2903225806451,217.9999999999999,217.9999999999999,217.4788732394365,216.9999999999999,217.5833333333333,214.9999999999999,214.735294117647,214.1874999999999
218.0833333333333,218.3225806451613,217.9999999999999,217.9999999999999,217.3802816901407,216.9999999999999,217.4999999999999,214.8749999999999,214.6372549019607,214.0937499999999
217.9999999999999,218.3548387096774,217.9999999999999,217.9999999999999,217.281690140845,216.9999999999999,217.4166666666666,214.7499999999999,214.5392156862744,213.9999999999999
217.8999999999999,218.3870967741935,217.9999999999999,217.9999999999999,217.1830985915492,216.9999999999999,217.3333333333333,214.6249999999999,214.4411764705882,213.8749999999999
217.8,218.4193548387096,217.9999999999999,217.9999999999999,217.0845070422534,216.9999999999999,217.2499999999999,214.4999999999999,214.3431372549019,213.7499999999999
217.6999999999999,218.4516129032257,217.9999999999999,217.9999999999999,216.9859154929576,216.9999999999999,217.1666666666666,214.3749999999999,214.2450980392156,213.6249999999999
217.5999999999999,218.4838709677419,217.9999999999999,217.9999999999999,216.8873239436619,216.9999999999999,217.0833333333333,214.2499999999999,214.1470588235293,213.4999999999999
217.4999999999999,218.516129032258,217.9999999999999,217.9999999999999,216.7887323943661,216.9999999999999,216.9999999999999,214.1249999999999,214.0490196078431,213.3749999999999
217.3999999999999,218.5483870967741,217.9999999999999,217.9999999999999,216.6901408450703,216.9999999999999,216.9166666666666,213.9999999999999,213.9509803921568,213.2499999999999
217.3,218.5806451612902,217.9999999999999,217.9999999999999,216.5915492957746,216.9999999999999,216.8333333333333,213.9090909090908,213.8529411764706,213.1249999999999
217.1999999999999,218.6129032258064,217.9999999999999,217.9999999999999,216.4929577464788,216.9999999999999,216.7499999999999,213.8181818181818,213.7549019607843,212.9999999999999
217.0999999999999,218.6451612903225,217.9999999999999,217.9999999999999,216.394366197183,216.9999999999999,216.6666666666666,213.7272727272727,213.656862745098,212.8749999999999
216.9999999999999,218.6774193548386,217.9999999999999,217.9999999999999,216.2957746478872,216.9999999999999,216.5833333333333,213.6363636363636,213.5588235294117,212.7499999999999
217.090909090909,218.7096774193548,217.9999999999999,217.9999999999999,216.1971830985915,216.9999999999999,216.4999999999999,213.5454545454545,213.4607843137254,212.6249999999999
217.1818181818181,218.7419354838709,217.9999999999999,217.9999999999999,216.0985915492957,216.9556962025316,216.4166666666666,213.4545454545454,213.3627450980392,212.4999999999999
217.2727272727272,218.7018348623853,217.9999999999999,217.9999999999999,215.9999999999999,216.8670886075949,216.3333333333333,213.3636363636363,213.2647058823529,212.3749999999999
217.3636363636363,218.637614678899,217.9999999999999,217.9999999999999,215.9999999999999,216.7784810126582,216.2499999999999,213.2727272727272,213.1666666666666,212.2499999999999
217.4545454545454,218.5733944954128,217.9999999999999,217.9999999999999,215.9999999999999,216.6898734177215,216.1666666666666,213.1818181818181,213.0686274509803,212.1249999999999
217.5454545454545,218.5091743119265,217.9333333333333,217.9999999999999,215.9999999999999,216.6012658227847,216.0833333333333,213.090909090909,212.9705882352941,211.9999999999999
217.6363636363636,218.4449541284403,217.8666666666666,217.9999999999999,215.9999999999999,216.5126582278481,215.9999999999999,212.9999999999999,212.8725490196078,211.9189189189189
217.7272727272727,218.3807339449541,217.8,217.9999999999999,215.9999999999999,216.4240506329113,215.9199999999999,212.9090909090908,212.7745098039215,211.8378378378378
217.8181818181818,218.3165137614678,217.7333333333333,217.9999999999999,215.9999999999999,216.3354430379746,215.84,212.8181818181818,212.6654135338345,211.7567567567567
217.9090909090908,218.2522935779816,217.6666666666666,217.8749999999999,215.9999999999999,216.2468354430379,215.7599999999999,212.7272727272727,212.5526315789473,211.6756756756756
217.9999999999999,218.1880733944953,217.5999999999999,217.7499999999999,215.9999999999999,216.1582278481012,215.6799999999999,212.6363636363636,212.4398496240601,211.5945945945945
217.9206349206349,218.1238532110091,217.5333333333333,217.6249999999999,215.9999999999999,216.0696202531645,215.5999999999999,212.5454545454545,212.3270676691729,211.5135135135135
217.8412698412698,218.0596330275229,217.4666666666666,217.4999999999999,215.9999999999999,215.9810126582278,215.52,212.4545454545454,212.2142857142857,211.4324324324324
217.7619047619047,217.9954128440366,217.3999999999999,217.3749999999999,215.9999999999999,215.8924050632911,215.4399999999999,212.3636363636363,212.1015037593985,211.3513513513513
217.6825396825396,217.9311926605504,217.3333333333333,217.2499999999999,215.9333333333333,215.8037974683544,215.3599999999999,212.2727272727272,211.9887218045112,211.2702702702702
217.6031746031745,217.8669724770642,217.2666666666666,217.1249999999999,215.8666666666666,215.7151898734177,215.28,212.1818181818181,211.875939849624,211.1249999999999
217.5238095238095,217.8027522935779,217.1999999999999,216.9999999999999,215.8,215.626582278481,215.1999999999999,212.090909090909,211.7631578947368,210.9583333333333
217.4444444444444,217.7385321100917,217.1333333333333,216.8749999999999,215.7333333333333,215.5379746835442,215.1199999999999,211.9999999999999,211.6503759398496,210.7916666666666
217.3650793650793,217.6743119266055,217.0666666666666,216.7499999999999,215.6666666666666,215.4493670886075,215.04,211.9166666666666,211.5375939849624,210.6
217.2857142857142,217.6100917431192,216.9999999999999,216.6249999999999,215.6,215.3607594936708,214.9599999999999,211.8333333333333,211.4248120300751,210.3999999999999
217.2063492063491,217.545871559633,216.9230769230769,216.4999999999999,215.5333333333333,215.2721518987341,214.8799999999999,211.7499999999999,211.3120300751879,210.1999999999999
217.126984126984,217.4816513761467,216.8461538461538,216.3749999999999,215.4666666666666,215.1986301369863,214.7999999999999,211.6666666666666,211.1992481203007,209.9999999999999
217.047619047619,217.4174311926605,216.7692307692307,216.2499999999999,215.3999999999999,215.1301369863013,214.72,211.5833333333333,211.0864661654135,209.8
216.9682539682539,217.3532110091743,216.6923076923077,216.1249999999999,215.3333333333333,215.0616438356164,214.64,211.4999999999999,210.9736842105263,209.5999999999999
216.8888888888888,217.288990825688,216.6153846153846,215.9999999999999,215.2666666666666,214.9931506849314,214.5599999999999,211.4166666666666,210.860902255639,209.3999999999999
216.8095238095237,217.2247706422018,216.5384615384615,215.958904109589,215.2,214.9246575342465,214.4799999999999,211.3333333333333,210.7481203007518,209.2
216.7333333333333,217.1605504587155,216.4615384615384,215.917808219178,215.1333333333333,214.8561643835616,214.3999999999999,211.2499999999999,210.6353383458646,208.9999999999999
216.6666666666666,217.0963302752293,216.3846153846153,215.8767123287671,215.0666666666666,214.7876712328767,214.3199999999999,211.1666666666666,210.5225563909774,208.8
216.5999999999999,217.032110091743,216.3076923076923,215.8356164383561,214.9999999999999,214.7191780821917,214.24,211.0833333333333,210.4097744360902,208.6923076923077
216.5333333333333,216.9666666666666,216.2307692307692,215.7945205479451,214.9285714285714,214.6506849315068,214.16,210.9999999999999,210.2969924812029,208.6153846153846
216.4666666666666,216.8999999999999,216.1538461538461,215.7534246575342,214.8571428571428,214.5821917808219,214.08,210.8888888888888,210.1842105263157,208.5384615384615
216.3999999999999,216.8333333333333,216.076923076923,215.7123287671232,214.7857142857142,214.5136986301369,213.9999999999999,210.7777777777777,210.0714285714285,208.4615384615384
216.3333333333333,216.7666666666666,215.9999999999999,215.6712328767123,214.7142857142857,214.445205479452,213.8235294117646,210.6666666666666,209.9586466165413,208.3846153846153
216.2666666666666,216.6999999999999,215.9230769230769,215.6301369863013,214.6428571428571,214.376712328767,213.6470588235293,210.5555555555555,209.8458646616541,208.3076923076923
216.1838235294117,216.6333333333333,215.8461538461538,215.5890410958904,214.5714285714285,214.3082191780821,213.4705882352941,210.4444444444444,209.7330827067669,208.2307692307692
216.0955882352941,216.5666666666666,215.7692307692307,215.5479452054794,214.4999999999999,214.2397260273972,213.2941176470588,210.3333333333333,209.6203007518797,208.1538461538461
216.0073529411764,216.4999999999999,215.7142857142857,215.5068493150685,214.4285714285714,214.1712328767123,213.1176470588235,210.2222222222222,209.5075187969924,208.076923076923
215.9191176470588,216.4333333333333,215.6666666666666,215.4657534246575,214.3571428571428,214.1027397260274,212.9411764705882,210.1111111111111,209.3947368421052,207.9999999999999
215.8308823529411,216.3666666666666,215.6190476190476,215.4246575342465,214.2857142857142,214.0342465753424,212.7647058823529,209.9999999999999,209.281954887218,207.8333333333333
215.7426470588235,216.3,215.5714285714285,215.3835616438355,214.2142857142856,213.9772727272727,212.5882352941176,209.8888888888888,209.1691729323308,207.6666666666666
215.6544117647059,216.2333333333333,215.5238095238095,215.3424657534246,214.1428571428571,213.9318181818182,212.4117647058823,209.7777777777777,209.0563909774436,207.4999999999999
215.5661764705882,216.1666666666666,215.4761904761904,215.3013698630136,214.0714285714285,213.8863636363636,212.235294117647,209.6666666666666,208.9130434782608,207.3333333333333
215.4779411764705,216.0999999999999,215.4285714285714,215.2602739726027,213.9999999999999,213.840909090909,212.0588235294117,209.5555555555555,208.7391304347826,207.1666666666666
215.3897058823529,216.0333333333333,215.3809523809523,215.2265624999999,213.8999999999999,213.7954545454545,211.8823529411764,209.4444444444444,208.5652173913043,207
215.3014705882352,215.9587155963302,215.3333333333333,215.1953124999999,213.8,213.7499999999999,211.7058823529411,209.3333333333333,208.391304347826,206.8333333333333
215.2132352941176,215.8761467889908,215.2857142857142,215.1640624999999,213.6999999999999,213.7045454545454,211.5294117647059,209.2222222222222,208.2173913043478,206.6666666666666
215.1249999999999,215.7935779816513,215.2380952380952,215.1328124999999,213.6,213.6590909090909,211.3529411764706,209.1111111111111,208.0434782608695,206.4999999999999
215.0367647058823,215.7110091743119,215.1904761904761,215.1015624999999,213.4999999999999,213.6136363636363,211.1764705882352,208.9999999999999,207.8695652173913,206.3333333333333
214.9485294117646,215.6284403669724,215.1428571428571,215.0703124999999,213.3999999999999,213.5681818181818,210.9999999999999,208.8333333333333,207.695652173913,206.1666666666666
214.860294117647,215.545871559633,215.095238095238,215.0390624999999,213.3,213.5227272727272,210.9032258064516,208.6666666666666,207.5217391304347,205.9999999999999
214.7720588235293,215.4633027522935,215.047619047619,215.0078124999999,213.1999999999999,213.4772727272727,210.8064516129032,208.4999999999999,207.3478260869564,205.8333333333333
214.7021276595744,215.3807339449541,214.9999999999999,214.9765624999999,213.1,213.4318181818181,210.7096774193548,208.3333333333333,207.1739130434782,205.6666666666666
214.6382978723404,215.2981651376146,214.9523809523809,214.9453124999999,212.9999999999999,213.3863636363636,210.6129032258064,208.1666666666666,206.9999999999999,205.4999999999999
214.5744680851063,215.2155963302752,214.9047619047618,214.9140624999999,212.8999999999999,213.340909090909,210.516129032258,207.9999999999999,206.8260869565217,205.3333333333333
214.5106382978723,215.1330275229357,214.8571428571428,214.8828124999999,212.8,213.2954545454545,210.4193548387096,207.8333333333333,206.6521739130434,205.1666666666666
214.4468085106382,215.0504587155963,214.8095238095237,214.8515624999999,212.6999999999999,213.2499999999999,210.3225806451613,207.6666666666666,206.4782608695651,204.9999999999999
214.3829787234042,214.9678899082568,214.7619047619047,214.8203124999999,212.5999999999999,213.2045454545454,210.2258064516128,207.4999999999999,206.3043478260869,204.9230769230768
214.3191489361702,214.8853211009174,214.675,214.7890624999999,212.4999999999999,213.1590909090908,210.1290322580645,207.3333333333333,206.1304347826086,204.8461538461538
214.2553191489361,214.8027522935779,214.5749999999999,214.7578124999999,212.3999999999999,213.1136363636363,210.0322580645161,207.1666666666666,205.9565217391304,204.7692307692307
214.1914893617021,214.7201834862385,214.4749999999999,214.6689189189188,212.3,213.0681818181818,209.9354838709677,206.9999999999999,205.7826086956521,204.6923076923076
214.127659574468,214.637614678899,214.3749999999999,214.5608108108108,212.1999999999999,213.0227272727272,209.8387096774193,206.8333333333333,205.6086956521739,204.6153846153846
214.063829787234,214.5550458715596,214.2749999999999,214.4527027027027,212.1,212.9285714285714,209.7419354838709,206.6666666666666,205.4347826086956,204.5384615384615
213.9999999999999,214.4724770642201,214.175,214.3445945945946,211.9999999999999,212.7857142857142,209.6451612903225,206.4999999999999,205.2608695652173,204.4615384615384
213.9777777777777,214.3899082568807,214.0749999999999,214.2364864864864,211.9090909090908,212.6428571428571,209.5483870967741,206.3333333333333,205.0869565217391,204.3846153846153
213.9555555555555,214.3073394495412,213.975,214.1283783783783,211.8181818181818,212.4999999999999,209.4516129032257,206.1666666666666,204.9285714285714,204.3076923076922
213.9333333333333,214.2247706422018,213.8749999999999,214.0202702702702,211.7272727272727,212.3571428571428,209.3548387096774,205.9999999999999,204.7857142857142,204.1666666666666
213.911111111111,214.1422018348623,213.7749999999999,213.9121621621621,211.6363636363635,212.2142857142857,209.258064516129,205.8333333333333,204.6428571428571,203.8333333333333
213.8888888888888,214.0596330275229,213.675,213.804054054054,211.5454545454544,212.0714285714285,209.1612903225806,205.6666666666666,204.4999999999999,203.4999999999999
213.8666666666666,213.9770642201834,213.5749999999999,213.6959459459459,211.4545454545454,211.9285714285714,209.0645161290322,205.4999999999999,204.3571428571428,203.1666666666666
213.8444444444444,213.894495412844,213.4749999999999,213.5878378378378,211.3636363636363,211.7857142857142,208.9677419354838,205.3333333333333,204.2142857142857,202.8333333333333
213.8222222222222,213.8119266055045,213.3749999999999,213.4797297297297,211.2727272727271,211.6428571428571,208.8709677419354,205.1666666666666,204.0714285714285,202.6470588235293
213.8,213.7259036144578,213.2749999999999,213.3716216216216,211.2105263157893,211.4999999999999,208.774193548387,204.9999999999999,203.9285714285714,202.5098039215686
213.7777777777777,213.6295180722891,213.175,213.2635135135135,211.157894736842,211.3571428571428,208.6545454545454,204.7499999999999,203.7857142857142,202.3725490196078
213.7555555555555,213.5331325301204,213.075,213.1554054054054,211.1052631578946,211.2142857142857,208.5272727272727,204.4999999999999,203.6428571428571,202.235294117647
213.6338028169014,213.4367469879518,212.9749999999999,213.0472972972972,211.0526315789473,211.0714285714285,208.4,204.2499999999999,203.4999999999999,202.0980392156862
213.4788732394366,213.3403614457831,212.8749999999999,212.9391891891891,210.9999999999999,210.9090909090909,208.2727272727272,204,203.3571428571428,201.9607843137255
213.3239436619718,213.2439759036144,212.7749999999999,212.831081081081,210.9473684210525,210.7272727272727,208.1454545454545,203.7499999999999,203.2142857142857,201.8235294117646
213.169014084507,213.1475903614457,212.7254098360655,212.7410714285714,210.8947368421051,210.5454545454545,208.0181818181817,203.4999999999999,203.0714285714285,201.6862745098039
213.0140845070422,213.0512048192771,212.6926229508196,212.7053571428571,210.8421052631578,210.3636363636363,207.890909090909,203.2499999999999,202.9285714285714,201.5490196078431
212.8591549295774,212.9548192771084,212.6598360655737,212.6696428571428,210.7894736842104,210.1818181818181,207.7636363636363,202.9999999999999,202.7857142857142,201.4117647058823
212.7042253521126,212.8584337349397,212.6270491803278,212.6339285714285,210.7127659574467,210,207.6363636363636,202.7499999999999,202.6428571428571,201.2745098039215
212.5492957746478,212.762048192771,212.5942622950819,212.5982142857142,210.5638297872339,209.8181818181818,207.5090909090908,202.4999999999999,202.4999999999999,201.1372549019607
212.394366197183,212.6656626506024,212.561475409836,212.5624999999999,210.4148936170212,209.6363636363636,207.3818181818181,202.2499999999999,202.3571428571428,200.9999999999999
212.2394366197183,212.5692771084337,212.5286885245901,212.5267857142857,210.2659574468084,209.4545454545454,207.2545454545454,201.9999999999999,202.2142857142857,200.6666666666666
212.0845070422534,212.472891566265,212.4959016393442,212.4910714285714,210.1170212765957,209.2727272727272,207.1272727272727,201.9999999999999,202.0714285714285,200.3333333333333
211.9295774647887,212.3765060240963,212.4631147540983,212.4553571428571,209.9680851063829,209.090909090909,206.9999999999999,201.9999999999999,201.9285714285714,199.9999999999999
211.7746478873239,212.2801204819277,212.4303278688524,212.4196428571428,209.8191489361701,208.9090909090908,206.8333333333333,201.9999999999999,201.7857142857142,199.6666666666666
211.6197183098591,212.183734939759,212.3975409836065,212.3839285714285,209.6702127659574,208.7272727272727,206.6666666666666,201.9999999999999,201.6428571428571,199.3333333333333
211.4647887323943,212.0873493975903,212.3647540983606,212.3482142857142,209.5212765957446,208.5454545454545,206.4999999999999,201.9999999999999,201.4999999999999,198.9999999999999
211.3098591549295,211.9909638554216,212.3319672131147,212.3124999999999,209.3723404255318,208.3636363636363,206.3333333333333,201.9999999999999,201.3571428571428,198.6666666666666
211.1549295774647,211.894578313253,212.2991803278688,212.2767857142857,209.2234042553191,208.1818181818181,206.1666666666666,201.9999999999999,201.2142857142857,198.3333333333333
210.9999999999999,211.7981927710843,212.2663934426229,212.2410714285714,209.0744680851063,207.9999999999999,205.9999999999999,201.9999999999999,201.0714285714285,197.9999999999999
