199.1923076923078,207.7142857142858,218.75,219.7916666666667,218.2923076923077,218.2777777777778,216.71875,205.5470390636034,203.2708333333333,206
199.423076923077,207.8571428571429,218.75,219.9583333333334,218.4615384615385,218.3888888888889,216.84375,205.7357283664032,203.3541666666667,206.4
199.6538461538462,208.0000000000001,218.75,220.1250000000001,218.6307692307692,218.5,216.96875,205.9244176692029,203.4375,206.8
199.8846153846154,208.1428571428572,218.75,220.2916666666667,218.8,218.6111111111111,217.09375,206.1131069720026,203.5208333333333,207.2
200.1153846153847,208.2857142857143,218.8055555555556,220.4583333333334,218.9692307692308,218.7222222222222,217.21875,206.3017962748024,203.6041666666667,207.6
200.3461538461539,208.4285714285715,219.0277777777778,220.6250000000001,219.1384615384615,218.8333333333333,217.34375,206.4904855776021,203.6875,208
200.5769230769231,208.5714285714286,219.25,220.7916666666667,219.3076923076923,218.9444444444445,217.46875,206.6791748804018,203.9090909090909,208.4
200.8076923076924,208.7142857142858,219.4722222222222,220.9583333333334,219.4769230769231,219.0555555555555,217.59375,206.8678641832016,204.5454545454545,208.8
201.0384615384616,208.8571428571429,219.6944444444445,221.1250000000001,219.6461538461538,219.1666666666667,217.71875,207.0565534860013,205.1818181818182,209.2
201.2692307692308,209.0000000000001,219.9166666666667,221.2916666666667,219.8153846153846,219.2777777777778,217.84375,207.2452427888011,205.8181818181818,209.6
201.5000000000001,209.1428571428572,220.1388888888889,221.4583333333334,219.9846153846154,219.3888888888889,217.96875,207.4339320916008,206.4545454545455,210
201.7307692307693,209.2857142857144,220.3611111111111,221.6250000000001,220.1538461538462,219.5,218.09375,207.6226213944005,207.0909090909091,210.125
201.9615384615385,209.4285714285715,220.5833333333333,221.7916666666667,220.3230769230769,219.6111111111111,218.21875,207.8113106972002,207.375,210.25
202.1923076923078,209.5714285714286,220.7857142857143,221.9583333333334,220.4923076923077,219.7222222222222,218.34375,208,207.5416666666667,210.375
202.423076923077,209.7142857142858,220.9285714285714,222.1250000000001,220.6615384615385,219.8333333333333,218.46875,208.2322763070216,207.7083333333333,210.5
202.6538461538462,209.8804347826087,221.0714285714286,222.2738095238096,220.8307692307692,219.9444444444445,218.59375,208.4645526140432,207.875,210.625
202.8846153846154,210.054347826087,221.2142857142857,222.3690476190477,221,220.0555555555556,218.71875,208.6968289210648,208.0416666666667,210.75
203.1153846153847,210.2282608695652,221.3571428571428,222.4642857142858,221.0909090909091,220.1666666666667,218.84375,208.9291052280865,208.2083333333333,210.875
203.3461538461539,210.4021739130435,221.5,222.5595238095239,221.1818181818182,220.2777777777778,218.96875,209.1613815351081,208.375,211
203.5769230769232,210.5760869565218,221.6428571428571,222.654761904762,221.2727272727273,220.3888888888889,219.09375,209.3936578421297,208.5416666666667,211.1304347826087
203.8148148148149,210.7500000000001,221.7875,222.7500000000001,221.3636363636364,220.5,219.21875,209.6259341491513,208.7083333333333,211.2608695652174
204.0740740740741,210.9239130434783,221.9375,222.8452380952382,221.4545454545454,220.6666666666667,219.34375,209.8582104561729,208.93,211.3913043478261
204.3333333333334,211.0978260869566,222.0875,222.9404761904763,221.5454545454546,220.8333333333333,219.46875,210.0904867631945,209.17,211.5217391304348
204.5925925925927,211.2717391304348,222.2375,223.0357142857143,221.6363636363636,221,219.59375,210.3227630702162,209.41,211.6521739130435
204.8518518518519,211.4456521739131,222.3875,223.1309523809525,221.7272727272727,221.1666666666667,219.71875,210.5550393772378,209.65,211.875
205.1111111111112,211.6195652173914,222.5375,223.2261904761905,221.8181818181818,221.3333333333333,219.8881578947368,210.7873156842594,209.89,212.375
205.3703703703704,211.8289473684211,222.6875,223.3863636363637,221.9090909090909,221.5,220.0723684210526,211.019591991281,210.13,212.875
205.6296296296297,212.1447368421053,222.8375,223.5681818181819,222,221.6666666666667,220.2565789473684,211.2518682983026,210.37,213.375
205.888888888889,212.4605263157895,222.9875,223.7500000000001,222.1428571428571,221.8333333333333,220.4407894736842,211.5581212676304,210.61,213.8461538461539
206.1481481481482,212.7763157894738,223.1375,223.9318181818182,222.2857142857143,222,220.625,211.8676450771542,210.85,214.2307692307692
206.4074074074074,213.0921052631579,223.3035714285714,224.1136363636364,222.4285714285714,222.1666666666667,220.8092105263158,212.177168886678,211.09,214.6153846153846
206.6666666666667,213.4078947368422,223.5178571428571,224.2954545454546,222.5714285714286,222.3333333333333,220.9934210526316,212.4866926962018,211.33,215
206.925925925926,213.7236842105264,223.7321428571429,224.4772727272728,222.7142857142857,222.5,221.1776315789474,212.7962165057257,211.57,215.3846153846154
207.1851851851852,214.0394736842106,223.9464285714286,224.659090909091,222.8571428571429,222.6818181818182,221.3618421052631,213.1057403152494,211.8173076923077,215.7692307692308
207.4456521739131,214.3552631578948,224.1607142857143,224.8409090909092,223,222.8636363636364,221.546052631579,213.4152641247732,212.0865384615385,216.1538461538462
207.7065217391305,214.671052631579,224.375,225.0227272727273,223.1428571428572,223.0454545454546,221.7302631578947,213.7247879342971,212.3557692307692,216.45
207.9673913043479,214.8928571428572,224.5892857142857,225.2045454545455,223.2857142857143,223.2272727272727,221.9144736842105,214.0343117438209,212.625,216.7166666666667
208.2282608695652,215.0833333333334,224.8125,225.3863636363637,223.4285714285714,223.4090909090909,222.0986842105263,214.3438355533447,212.8942307692308,216.9833333333333
208.4891304347827,215.2738095238096,225.0625,225.5681818181819,223.5714285714286,223.5909090909091,222.2828947368421,214.6533593628685,213.1634615384615,217.25
208.7500000000001,215.4642857142858,225.3125,225.7500000000001,223.7142857142857,223.7727272727273,222.4671052631579,214.9628831723923,213.4326923076923,217.5166666666667
209.0108695652174,215.654761904762,225.5625,225.9318181818182,223.8571428571428,223.9545454545455,222.6513157894737,215.2724069819161,213.7019230769231,217.7833333333333
209.2717391304348,215.8452380952381,225.8125,226.1136363636364,224,224.1363636363637,222.8355263157895,215.5819307914399,213.9711538461538,218.05
209.5326086956522,216.0357142857143,226.0625,226.2954545454546,224.1428571428571,224.3181818181818,223.0197368421053,215.8914546009637,214.2403846153846,218.3214285714286
209.7934782608696,216.2261904761905,226.3125,226.4772727272728,224.2857142857143,224.5,223.203947368421,216.2009784104875,214.5096153846154,218.6071428571428
210.054347826087,216.4166666666667,226.5625,226.659090909091,224.4285714285714,224.6698113207547,223.3571428571429,216.5105022200113,214.7788461538462,218.8928571428572
210.2916666666667,216.6071428571429,226.8,226.8409090909092,224.5714285714286,224.8396226415095,223.5,216.8200260295352,215.0480769230769,219.1785714285714
210.4583333333334,216.7962962962964,227,227.0227272727273,224.7142857142857,225.0094339622642,223.6428571428572,217.125023884533,215.3243243243244,219.4642857142857
210.6250000000001,216.9814814814816,227.2,227.2045454545455,224.8571428571429,225.1792452830189,223.7857142857143,217.4107381702473,215.6216216216216,219.75
210.7916666666667,217.1666666666667,227.4,227.3125000000001,225,225.3490566037736,223.9285714285714,217.6964524559616,215.9189189189189,220.0357142857143
210.9583333333334,217.3518518518519,227.6,227.3958333333334,225.2173913043478,225.5188679245283,224.0714285714286,217.9821667416759,216.2162162162163,220.2833333333333
211.1250000000001,217.5370370370371,227.8,227.4791666666667,225.4347826086956,225.688679245283,224.2142857142857,218.2678810273901,216.5135135135135,220.4166666666667
211.2916666666667,217.7222222222223,228,227.5625000000001,225.6521739130435,225.8584905660377,224.3571428571429,218.5535953131044,216.8108108108108,220.55
211.4583333333334,217.9074074074074,228.2,227.6458333333334,225.8695652173913,226.0283018867925,224.5,218.8393095988187,217.1081081081081,220.6833333333333
211.6250000000001,218.0925925925927,228.4583333333333,227.7291666666667,226.0869565217391,226.1981132075472,224.6428571428572,219.125023884533,217.4054054054054,220.8166666666667
211.8145161290323,218.2777777777778,228.7361111111111,227.8636363636364,226.3043478260869,226.3679245283019,224.7857142857143,219.4107381702473,217.7027027027027,220.95
212.0725806451613,218.462962962963,229.0138888888889,228.0151515151516,226.5217391304348,226.5377358490566,224.9285714285714,219.6964524559616,218,221.0833333333333
212.3306451612904,218.6481481481482,229.2916666666667,228.1666666666667,226.7391304347826,226.7075471698113,225.0714285714286,219.7517935113027,218.2307692307692,221.2166666666667
212.5887096774194,218.8333333333334,229.5694444444445,228.3181818181819,226.9565217391304,226.984375,225.2142857142857,219.7517935113027,218.4615384615385,221.625
212.8467741935485,219.0185185185186,229.8472222222222,228.4696969696971,227.1739130434783,227.296875,225.3571428571429,219.7517935113027,218.6923076923077,222.125
213.1048387096775,219.2037037037038,230.125,228.6212121212122,227.3913043478261,227.609375,225.5,219.8510213105304,218.9230769230769,222.625
213.3629032258065,219.3333333333334,230.4027777777778,228.7727272727273,227.6086956521739,227.921875,225.6428571428571,220.2795927391019,219.1538461538462,223.125
213.6209677419355,219.4444444444445,230.6805555555555,228.9242424242425,227.8260869565217,228.234375,225.7857142857143,220.7081641676733,219.3846153846154,223.475
213.8790322580646,219.5555555555556,230.65625,229.0757575757576,228.0434782608696,228.546875,225.9285714285714,221.1096013191105,219.6153846153846,223.775
214.1370967741936,219.6666666666667,230.53125,229.2272727272728,228.2608695652174,228.859375,226.0714285714286,221.2762679857771,219.8461538461538,224.075
214.3951612903226,219.7777777777779,230.40625,229.3787878787879,228.4782608695652,229.171875,226.2142857142857,221.4429346524438,220.0769230769231,224.375
214.6532258064517,219.8888888888889,230.28125,229.5303030303031,228.6956521739131,229.3576278859212,226.3571428571429,221.6096013191105,220.2727272727273,224.675
214.9112903225807,220.0000000000001,230.15625,229.6818181818182,228.9130434782609,229.5011317338162,226.5,221.7762679857771,220.3636363636364,224.8382352941176
215.1693548387098,220.1111111111112,230.03125,229.8333333333334,229.1304347826087,229.6446355817112,226.6428571428572,221.9429346524438,220.4545454545454,224.9558823529412
215.4274193548388,220.2222222222223,229.90625,229.9848484848485,229.3478260869565,229.7881394296061,226.7857142857143,222.1096013191105,220.5454545454546,225.0735294117647
215.6854838709678,220.3333333333334,229.78125,230.1363636363637,229.5652173913043,229.9316432775012,226.9285714285714,222.2762679857771,220.6363636363636,225.1911764705882
215.8839285714286,220.4444444444445,229.84,230.2884615384616,229.7826086956522,230.0751471253961,227.0714285714286,222.4429346524438,220.7272727272727,225.3088235294118
216.0625000000001,220.5555555555556,229.96,230.4423076923077,230,230.2186509732911,227.2142857142857,222.6096013191105,220.8181818181818,225.4264705882353
216.2410714285715,220.6666666666667,230.08,230.5961538461539,230.2173913043478,230.362154821186,227.3571428571429,222.7762679857771,220.9090909090909,225.5441176470588
216.4196428571429,220.7777777777778,230.2,230.7500000000001,230.4347826086957,230.5056586690811,227.5,223.006147865657,221,225.6617647058823
216.5982142857143,220.8888888888889,230.32,230.9038461538462,230.6521739130435,230.649162516976,227.6428571428571,223.3394811989903,221.2666666666667,225.859375
216.7767857142858,221.0000000000001,230.44,231.0576923076924,230.8695652173913,230.792666364871,227.7991803278688,223.6728145323237,221.5333333333333,226.296875
216.9553571428572,221.1111111111111,230.56,231.2115384615385,231.0869565217391,230.936170212766,227.9959016393443,224.006147865657,221.8,226.734375
217.1339285714286,221.2222222222223,230.68,231.3653846153847,231.2894736842105,231.0796740606609,228.1926229508197,224.3394811989903,222.0666666666667,227.171875
217.3125000000001,221.3611111111111,230.8,231.5192307692308,231.4473684210526,231.258846386899,228.3893442622951,224.6728145323237,222.4929003193431,227.609375
217.4910714285715,221.5092592592593,230.92,231.673076923077,231.6052631578947,231.4468579803406,228.5860655737705,225.006147865657,222.9483063412409,228.046875
217.6696428571429,221.6574074074074,231.04,231.8269230769232,231.7631578947368,231.6348695737822,228.7827868852459,225.3394811989903,223.4037123631387,228.484375
217.8482142857143,221.8055555555556,231.16,231.9807692307693,231.921052631579,231.8228811672237,228.9795081967213,225.6728145323237,223.8591183850365,228.921875
218.0267857142858,221.9537037037038,231.296875,232.1346153846154,232.078947368421,232.0108927606653,229.1762295081967,226.006147865657,224.3145244069343,229.25
218.2053571428572,222.1018518518519,231.484375,232.2884615384616,232.2368421052632,232.1989043541069,229.3729508196722,226.3394811989903,224.7699304288321,229.25
218.5000000000001,222.2500000000001,231.671875,232.4423076923078,232.3947368421053,232.3869159475485,229.5696721311475,226.5140375735467,225.2253364507299,229.25
218.8333333333334,222.3981481481482,231.859375,232.5961538461539,232.5526315789473,232.5749275409901,229.7663934426229,226.6049466644558,225.6807424726277,229.25
219.1666666666667,222.5462962962964,232.046875,232.7500000000001,232.7105263157895,232.7629391344317,229.9631147540983,226.6958557553649,226.1361484945255,229.25
219.5000000000001,222.6944444444445,232.234375,232.9038461538462,232.8684210526316,232.9509507278733,230.1598360655738,226.786764846274,226.475,229.2857142857143
219.8333333333334,222.8425925925926,232.421875,233.0576923076924,233.0263157894737,233.1389623213149,230.3565573770492,226.8776739371831,226.775,229.4285714285714
220.1666666666667,222.9907407407408,232.609375,233.2115384615385,233.1842105263158,233.3269739147564,230.5532786885246,226.9685830280922,227.075,229.5714285714286
220.5000000000001,223.1388888888889,232.7794117647059,233.3653846153847,233.3421052631579,233.514985508198,230.75,227.0594921190013,227.375,229.7142857142857
220.8333333333334,223.2826086956522,232.8970588235294,233.5192307692308,233.5,233.7029971016396,230.9467213114754,227.1504012099103,227.675,229.8823529411765
221.1666666666667,223.4130434782609,233.014705882353,233.673076923077,233.6578947368421,233.8567348881485,231.1434426229508,227.2413103008194,227.9,230.0588235294118
221.5000000000001,223.5434782608696,233.1323529411765,233.8269230769232,233.8157894736842,233.9990480723465,231.3401639344262,227.3322193917286,228.1,230.2352941176471
221.8333333333334,223.6739130434783,233.25,233.9807692307693,233.9736842105263,234.1413612565445,231.5368852459017,227.5706939181947,228.3,230.4117647058823
222.1666666666667,223.804347826087,233.3676470588235,234.1346153846154,234.1315789473684,234.2836744407425,231.7336065573771,227.8406168161731,228.5,230.5882352941177
222.3750000000001,223.9347826086957,233.485294117647,234.2625,234.2894736842105,234.4259876249405,231.9303278688525,228.1105397141515,228.7,230.7647058823529
222.5416666666667,224.0652173913044,233.6029411764706,234.3125000000001,234.4473684210526,234.5683008091385,232.1270491803279,228.3804626121298,228.9,230.9411764705882
222.7083333333334,224.1956521739131,233.7205882352941,234.3625000000001,234.6052631578947,234.7106139933365,232.3237704918033,228.6503855101082,229.1,231.1176470588235
222.8750000000001,224.3260869565218,233.7840909090909,234.4125000000001,234.7631578947368,234.8529271775345,232.5204918032787,228.9203084080866,229.3030303030303,231.3166666666667
223.0416666666667,224.4565217391305,233.8295454545454,234.4625,234.921052631579,234.9952403617326,232.7172131147541,229.1902313060649,229.5151515151515,231.5833333333333
223.2083333333334,224.5869565217392,233.875,234.5125,235.078947368421,235.1375535459305,232.9139344262295,229.4601542040433,229.7272727272727,231.85
223.3750000000001,224.7173913043479,233.9204545454546,234.5625000000001,235.2368421052632,235.2798667301285,233.1106557377049,229.7300771020216,229.9393939393939,232.1166666666667
223.5416666666667,224.8906250000001,233.9659090909091,234.6125,235.3947368421053,235.4221799143265,233.3073770491803,230,230.1515151515152,232.3833333333333
223.7083333333334,225.0781250000001,234.0113636363636,234.6625000000001,235.5526315789474,235.5644930985245,233.5040983606557,230.3351750105371,230.3636363636364,232.65
223.8750000000001,225.2656250000001,234.0568181818182,234.7125000000001,235.7105263157895,235.7068062827225,233.7008196721312,230.6703500210743,230.5757575757576,232.9166666666667
224.0416666666667,225.4531250000001,234.1022727272727,234.7916666666667,235.84375,235.8491194669205,233.9204545454545,231.0055250316115,230.7878787878788,233.1833333333333
224.2083333333334,225.6406250000001,234.1477272727273,234.9583333333334,235.96875,235.9914326511185,234.1477272727273,231.3407000421486,231,233.5
224.3750000000001,225.8281250000001,234.1931818181818,235.1250000000001,236.09375,236.1337458353165,234.375,231.6758750526858,231.3333333333333,233.8333333333334
224.5416666666667,226.0156250000001,234.2386363636364,235.2916666666667,236.21875,236.2760590195145,234.6022727272727,232.011050063223,231.6666666666667,234.1666666666667
224.7083333333334,226.2031250000001,234.3823529411764,235.4583333333334,236.34375,236.4183722037125,234.8295454545454,232.3462250737601,232,234.5
224.8750000000001,226.3906250000001,234.5588235294117,235.6250000000001,236.46875,236.5606853879106,235.0568181818182,232.6814000842973,232.3333333333333,234.8333333333333
225.0416666666667,226.5781250000001,234.735294117647,235.7916666666667,236.59375,236.7029985721085,235.2840909090909,233.0165750948344,232.6666666666667,235.1666666666667
225.2083333333334,226.7656250000001,234.9117647058823,235.9583333333334,236.71875,236.8980797716549,235.5113636363636,233.3517501053716,233,235.5
225.4,226.9531250000001,235.0882352941177,236.1250000000001,236.84375,237.1109001036133,235.7386363636363,233.6869251159087,233.3333333333333,235.8333333333333
225.6000000000001,227.1406250000001,235.2647058823529,236.2916666666667,236.96875,237.3237204355717,235.9659090909091,234.0221001264459,233.6666666666667,236.1666666666667
225.8,227.3281250000001,235.4411764705882,236.4583333333334,237.09375,237.5365407675301,236.1931818181818,234.357275136983,233.9375,236.5
226.0000000000001,227.5156250000001,235.6176470588235,236.6250000000001,237.21875,237.7493610994885,236.4,234.6924501475202,234.1875,236.8103448275862
226.2,227.7031250000001,235.75,236.7916666666667,237.34375,237.962181431447,236.6,234.9896313491405,234.4375,237.051724137931
226.4000000000001,227.8812500000001,235.75,236.9583333333334,237.46875,238.1750017634054,236.8,235.1714495309587,234.6875,237.2931034482759
226.6000000000001,228.05625,235.75,237.1250000000001,237.59375,238.3878220953638,237,235.3532677127768,234.9375,237.5344827586207
226.8000000000001,228.23125,235.75,237.2788461538462,237.71875,238.6006424273222,237.2,235.5350858945951,235.1875,237.7758620689655
227.0000000000001,228.4062500000001,235.75,237.3942307692308,237.8450704225352,238.8134627592806,237.4,235.7169040764132,235.4375,238.0172413793103
227.2,228.5812500000001,235.75,237.5096153846154,237.9718309859155,239.0262830912391,237.6,235.8987222582314,235.6875,238.2586206896552
227.4000000000001,228.7562500000001,235.9107142857143,237.6250000000001,238.0985915492957,239.2391034231975,237.8,236.0805404400496,235.9375,238.5
227.6000000000001,228.9312500000001,236.125,237.7403846153847,238.2253521126761,239.4519237551559,238,236.2623586218677,236.1875,238.7413793103448
227.8000000000001,229.1062500000001,236.3392857142857,237.8557692307693,238.3521126760563,239.6647440871144,238.2727272727273,236.4441768036859,236.4375,238.9827586206897
228.0000000000001,229.2812500000001,236.5535714285714,237.9711538461539,238.4788732394366,239.8775644190728,238.5454545454545,236.6259949855041,236.6875,239.2241379310345
228.2000000000001,229.4562500000001,236.7678571428572,238.0865384615385,238.6056338028169,240.0903847510312,238.8181818181818,236.8078131673223,236.9375,239.4655172413793
228.3863636363637,229.6312500000001,236.9821428571428,238.2019230769231,238.7323943661972,240.2916666666667,239.0909090909091,236.9896313491405,237.1875,239.7068965517241
228.5681818181819,229.80625,237.1964285714286,238.3173076923077,238.8591549295775,240.4583333333333,239.3636363636363,237.1714495309587,237.4,239.948275862069
228.7500000000001,229.98125,237.3571428571429,238.4326923076924,238.9859154929578,240.625,239.6363636363636,237.3532677127768,237.6,240.1896551724138
228.9318181818182,230.1562500000001,237.5,238.548076923077,239.112676056338,240.7916666666667,239.9090909090909,237.535085894595,237.8,240.4807692307692
229.1136363636364,230.3312500000001,237.6428571428571,238.6634615384616,239.2394366197183,240.9583333333334,240.1818181818182,237.8407253002344,238,240.7884615384615
229.2954545454546,230.5062500000001,237.7857142857143,238.8055555555556,239.3661971830986,241.125,240.4545454545455,238.2692967288058,238.2,241.0961538461538
229.4772727272728,230.6812500000001,237.9285714285714,239.0277777777779,239.4929577464789,241.2916666666667,240.7272727272727,238.6978681573773,238.4,241.4038461538461
229.659090909091,230.85625,238.0714285714286,239.2500000000001,239.6197183098591,241.4583333333333,241,239.1264395859487,238.6,241.7115384615385
229.8409090909092,231.0312500000001,238.2142857142857,239.4722222222223,239.7464788732394,241.625,241.2727272727273,239.5550110145201,238.8,242.0192307692308
230.0227272727273,231.20625,238.4,239.6944444444445,239.8732394366197,241.7916666666667,241.5454545454546,239.9835824430916,239,242.2307692307693
230.2045454545455,231.4078947368421,238.6,239.9166666666667,240,241.9583333333333,241.7928571428571,240.3302791971679,239.2,242.1538461538462
230.3716216216217,231.6184210526316,238.8,240.1388888888889,240.1904761904762,242.125,241.9642857142857,240.4259535975725,239.4,242.0769230769231
230.5337837837838,231.8289473684211,239,240.3611111111112,240.3809523809524,242.2857142857143,242.1357142857143,240.5216279979771,239.6,242
230.695945945946,232.0394736842106,239.2,240.5833333333334,240.5714285714286,242.4285714285714,242.3071428571428,240.6173023983817,239.8,241.9230769230769
230.8581081081082,232.2500000000001,239.4,240.8055555555556,240.7619047619048,242.5714285714286,242.4785714285714,240.7129767987863,240,241.8461538461538
231.0202702702703,232.4605263157895,239.6,241.0277777777778,240.9523809523809,242.7142857142857,242.65,240.8086511991908,240.2,241.7692307692308
231.1824324324325,232.671052631579,239.8,241.2500000000001,241.1428571428572,242.8571428571429,242.8214285714286,240.9043255995954,240.4318181818182,241.984375
231.3445945945946,232.8815789473685,240,241.4722222222223,241.3333333333334,243,242.9928571428571,241,240.6742424242424,242.296875
231.5067567567568,233.0921052631579,240.2,241.6944444444445,241.5238095238095,243.1428571428572,243.1642857142857,241.1124008142106,240.9166666666667,242.609375
231.668918918919,233.3020833333334,240.5,241.8365384615385,241.7142857142857,243.2857142857143,243.3357142857143,241.2248016284213,241.1590909090909,242.921875
231.8310810810812,233.5104166666667,240.8333333333333,241.9519230769232,241.9047619047619,243.4285714285714,243.5071428571429,241.3372024426319,241.4015151515152,243.234375
231.9932432432433,233.7187500000001,241.1666666666667,242.0673076923077,242.0952380952381,243.5714285714286,243.6785714285714,241.4496032568426,241.6439393939394,243.546875
232.1554054054055,233.9270833333334,241.5,242.1826923076924,242.2857142857143,243.7142857142857,243.85,241.5620040710532,241.8863636363636,243.859375
232.3175675675676,234.1354166666667,241.8333333333333,242.298076923077,242.4761904761905,243.8571428571429,244.0214285714286,241.6744048852638,242.1287878787879,244.171875
232.4797297297298,234.3437500000001,242.1666666666667,242.4134615384616,242.6666666666667,244,244.1928571428572,241.7868056994745,242.3712121212121,244.3625
232.641891891892,234.5520833333334,242.5,242.5288461538462,242.8571428571428,244.1428571428572,244.3642857142857,241.899206513685,242.6136363636364,244.5125
232.8040540540541,234.7604166666667,242.75,242.6442307692308,243.047619047619,244.328125,244.5357142857143,242.0116073278957,242.8560606060606,244.6625
232.9662162162163,234.9687500000001,242.75,242.7596153846154,243.2380952380952,244.640625,244.7071428571429,242.2122539717631,243.0984848484848,244.8125
233.1283783783784,235.1770833333334,242.75,242.8750000000001,243.4285714285714,244.953125,244.8522727272727,242.6566984162075,243.3409090909091,244.9625
233.2932692307693,235.3854166666667,242.75,242.9903846153847,243.6190476190476,245.265625,244.9886363636363,243.101142860652,243.5833333333333,245.1125
233.4663461538462,235.5937500000001,242.75,243.1057692307693,243.8095238095238,245.578125,245.125,243.5455873050964,243.8257575757576,245.2625
233.6394230769231,235.8750000000001,242.75,243.2211538461539,244,245.890625,245.2613636363637,243.9900317495408,244.0681818181818,245.4125
233.8125000000001,236.2702702702703,242.775,243.3611111111112,244.2083333333333,246.203125,245.3977272727273,244.4344761939853,244.2830188679245,245.5625
233.985576923077,236.3513513513514,242.875,243.5092592592593,244.4166666666667,246.515625,245.5340909090909,244.8789206384297,244.4150943396227,245.7125
234.1586538461539,236.4324324324325,242.975,243.6574074074074,244.625,246.7954545454546,245.6704545454546,245.3233650828742,244.5471698113208,245.8863636363637
234.3317307692308,236.5135135135136,243.075,243.8055555555556,244.8333333333333,246.9772727272727,245.8068181818182,245.7202619797711,244.6792452830189,246.0681818181818
234.5048076923077,236.5945945945947,243.175,243.9537037037038,245.0416666666667,247.1590909090909,245.9431818181818,245.9510312105404,244.811320754717,246.25
234.6778846153846,236.6756756756757,243.275,244.1018518518519,245.25,247.3409090909091,246.0795454545455,246.1818004413096,244.9433962264151,246.4318181818182
234.8509615384616,236.7567567567568,243.375,244.2500000000001,245.4583333333333,247.5227272727273,246.2159090909091,246.4125696720788,245.0754716981132,246.6136363636363
235.0240384615385,236.8378378378379,243.475,244.3981481481482,245.6666666666667,247.7045454545454,246.4193548387097,246.643338902848,245.2075471698113,246.8157894736842
235.1971153846154,236.918918918919,243.575,244.5462962962964,245.875,247.8863636363636,246.6451612903226,246.8741081336173,245.3396226415094,247.078947368421
235.3701923076924,237.0000000000001,243.675,244.6944444444445,246.0833333333333,248.0681818181818,246.8709677419355,247.1048773643865,245.4716981132075,247.3421052631579
235.5432692307693,237.0810810810812,243.775,244.8425925925927,246.2916666666667,248.25,247.0967741935484,247.3356465951557,245.6037735849057,247.6052631578947
235.7163461538462,237.1621621621622,243.875,244.9907407407408,246.5,248.4318181818182,247.3225806451613,247.5664158259249,245.7358490566038,247.8684210526316
235.8894230769232,237.2432432432433,243.975,245.1388888888889,246.7083333333333,248.6136363636364,247.5483870967742,247.7971850566942,245.8679245283019,248.1315789473684
236.0625000000001,237.3243243243244,244.075,245.2894736842106,246.9166666666667,248.7954545454546,247.7741935483871,248.0279542874634,246,248.3947368421053
236.235576923077,237.4054054054055,244.175,245.4473684210527,247.125,248.9772727272727,248,248.2587235182326,246.3043478260869,248.6578947368421
236.4086538461539,237.4864864864865,244.275,245.6052631578948,247.3333333333333,249.1590909090909,248.2941176470588,248.4894927490019,246.6086956521739,248.921052631579
236.5817307692308,237.5675675675676,244.375,245.7631578947369,247.5416666666667,249.3409090909091,248.5882352941177,248.7202619797711,246.9130434782608,249.1842105263158
236.7548076923077,237.6486486486487,244.475,245.921052631579,247.75,249.5227272727273,248.8823529411765,248.9510312105404,247.2173913043478,249.2875
236.9278846153847,237.7297297297298,244.575,246.0789473684211,247.9583333333333,249.7045454545455,249.1764705882353,249.1818004413096,247.5217391304348,249.3375
237.1009615384616,237.8928571428572,244.675,246.2368421052632,248.1666666666667,249.8611111111111,249.4705882352941,249.4125696720788,247.8260869565217,249.3875
237.2740384615385,238.0833333333334,244.765625,246.3947368421053,248.375,250.0092592592593,249.7647058823529,249.643338902848,248.1304347826087,249.4375
237.4471153846154,238.2738095238096,244.828125,246.5526315789474,248.5833333333333,250.1574074074074,250.0588235294118,249.8741081336173,248.4347826086956,249.4875
237.6201923076923,238.4642857142858,244.890625,246.7105263157895,248.7916666666667,250.3055555555556,250.3529411764706,250.1048773643865,248.7391304347826,249.5375
237.7903225806452,238.654761904762,244.953125,246.8250000000001,249,250.4537037037037,250.6470588235294,250.3356465951557,249.0434782608696,249.5875
237.9516129032259,238.8452380952382,245.015625,246.925,249.2183908045977,250.6018518518518,250.9411764705882,250.566415825925,249.3478260869565,249.6375
238.1129032258065,239.0357142857143,245.078125,247.0250000000001,249.4367816091954,250.75,251.2352941176471,250.7971850566942,249.6521739130435,249.6875
238.2741935483871,239.2261904761905,245.140625,247.1250000000001,249.6551724137931,250.8981481481482,251.5294117647059,251.0279542874634,249.9565217391304,249.7375
238.4354838709678,239.4166666666667,245.203125,247.2250000000001,249.8735632183908,251.0462962962963,251.8055555555555,251.2160390067981,250.2608695652174,249.9166666666667
238.5967741935485,239.6071428571429,245.2857142857143,247.325,250.0919540229885,251.1944444444445,252.0277777777778,251.4035390067981,250.5652173913044,250.1388888888889
238.7580645161291,239.8194444444445,245.4285714285714,247.4250000000001,250.3103448275862,251.3425925925926,252.25,251.5910390067982,250.8695652173913,250.3611111111111
238.9193548387097,240.0972222222223,245.5714285714286,247.5250000000001,250.5287356321839,251.4907407407407,252.4722222222222,251.7785390067981,251.1739130434783,250.5833333333333
239.0806451612904,240.3750000000001,245.7142857142857,247.6250000000001,250.7471264367816,251.6388888888889,252.6944444444445,251.9660390067982,251.4130434782609,250.8055555555556
239.241935483871,240.6527777777778,245.8571428571428,247.7250000000001,250.9655172413793,251.7826086956522,252.9166666666667,252.1535390067982,251.6304347826087,251.0277777777778
239.4032258064517,240.9305555555556,246,248.0384615384616,251.183908045977,251.9130434782609,253.1388888888889,252.3410390067982,251.8478260869566,251.25
239.5645161290323,241.2083333333334,246.1428571428571,248.423076923077,251.4022988505747,252.0434782608696,253.3611111111111,252.5285390067982,252.0652173913043,251.4722222222222
239.725806451613,241.4861111111112,246.3076923076923,248.8076923076923,251.6206896551724,252.1739130434783,253.5833333333333,252.7160390067982,252.2826086956522,251.6944444444444
239.8870967741936,241.7638888888889,246.5384615384615,249.1923076923078,251.8390804597701,252.3043478260869,253.7946428571429,252.9035390067982,252.5,251.7058823529412
240.0483870967743,242.0416666666667,246.7692307692308,249.5769230769232,252.0574712643678,252.4347826086957,253.9732142857143,253.0910390067982,252.7173913043478,251.6470588235294
240.2096774193549,242.2708333333334,247,249.9615384615385,252.2758620689655,252.5652173913044,254.1517857142857,253.2785390067982,252.9347826086956,251.5882352941177
240.3684210526316,242.3541666666667,247.2307692307692,250.2788461538462,252.4942528735632,252.6956521739131,254.3303571428571,253.4660390067982,253.1521739130435,251.5294117647059
240.5263157894737,242.4375000000001,247.4615384615385,250.3942307692308,252.7126436781609,252.8260869565217,254.5089285714286,253.6535390067982,253.3695652173913,251.4705882352941
240.6842105263158,242.5208333333334,247.6923076923077,250.5096153846154,252.9310344827586,252.9565217391304,254.6875,253.8410390067982,253.5869565217391,251.4117647058823
240.8421052631579,242.6041666666667,247.8382352941176,250.6250000000001,253.1494252873563,253.0869565217392,254.8660714285714,254.0285390067982,253.8055555555555,251.3529411764706
241.0000000000001,242.6875000000001,247.9558823529412,250.7403846153847,253.367816091954,253.2173913043478,255.0446428571429,254.2160390067982,254.0277777777778,251.2941176470588
241.1578947368421,242.7708333333334,248.0735294117647,250.8557692307693,253.5862068965517,253.53125,255.2232142857143,254.4035390067982,254.25,251.2954545454546
241.3157894736843,242.8541666666667,248.1911764705882,250.9711538461539,253.7837837837838,253.90625,255.4017857142857,254.5910390067981,254.4722222222222,251.4772727272727
241.4736842105264,242.9375000000001,248.3088235294118,251.0865384615385,253.9189189189189,254.28125,255.5803571428572,254.7785390067982,254.6944444444445,251.6590909090909
241.6315789473685,243.0208333333334,248.4264705882353,251.2019230769231,254.0540540540541,254.65625,255.7589285714286,254.9660390067981,254.9166666666667,251.8409090909091
241.7760416666667,243.1041666666667,248.5441176470588,251.3173076923077,254.1891891891892,255.03125,255.9375,255.1703464392306,255.1388888888889,252.0227272727273
241.8802083333334,243.1875000000001,248.6617647058823,251.4326923076924,254.3243243243243,255.40625,256.1160714285714,255.3890964392306,255.3611111111111,252.2045454545454
241.9843750000001,243.2833333333334,248.7777777777778,251.548076923077,254.4594594594595,255.78125,256.2946428571429,255.6078464392306,255.5833333333333,252.3928571428572
242.0885416666667,243.4166666666667,248.8888888888889,251.6634615384616,254.5945945945946,256.15625,256.4732142857143,255.8265964392306,255.7890625,252.5833333333333
242.1927083333334,243.5500000000001,249,251.7844827586207,254.7297297297297,256.34375,256.6517857142857,256.0453464392306,255.9453125,252.7738095238095
242.2968750000001,243.6833333333334,249.1111111111111,251.9224137931035,254.8648648648648,256.46875,256.8303571428571,256.2640964392306,256.1015625,252.9642857142857
242.4010416666667,243.8166666666667,249.2222222222222,252.0603448275862,255,256.59375,257.0089285714286,256.4828464392306,256.2578125,253.1547619047619
242.5052083333334,243.95,249.3333333333333,252.198275862069,254.8333333333333,256.71875,257.1875,256.7015964392306,256.4140625,253.3452380952381
242.6093750000001,244.0833333333334,249.4444444444445,252.3362068965517,254.6666666666666,256.84375,257.3660714285714,256.9203464392306,256.5703125,253.5357142857143
242.7135416666667,244.2166666666667,249.5555555555555,252.4741379310345,254.5,256.96875,257.5446428571429,257.1390964392306,256.7265625,253.7261904761905
242.8177083333334,244.3500000000001,249.6666666666667,252.6120689655173,254.3333333333333,257.09375,257.7232142857143,257.3578464392306,256.8828125,253.9166666666667
242.9218750000001,244.4833333333334,249.7941176470588,252.7500000000001,254.1666666666667,257.21875,257.9017857142857,257.5765964392306,257.0390625,254.1071428571428
243.0260416666667,244.6166666666667,249.9705882352941,252.8879310344828,254,257.34375,258.0803571428572,257.7953464392306,257.1953125,254.301724137931
243.1302083333334,244.7500000000001,250.1470588235294,253.0258620689656,255.4444444444445,257.46875,258.2589285714286,258.0140964392306,257.3515625,254.5086206896552
243.2343750000001,244.8833333333334,250.3235294117647,253.1637931034483,256.8888888888889,257.59375,258.4375,258.2328464392306,257.5078125,254.7155172413793
243.3385416666667,245.0166666666667,250.5,253.3017241379311,257.325,257.71875,258.6160714285714,258.4515964392306,257.6640625,254.9224137931035
243.4427083333334,245.1500000000001,250.6764705882353,253.4396551724138,257.425,257.8470363288719,258.7941176470588,258.6703464392306,257.8203125,255.1293103448276
243.5468750000001,245.2692307692308,250.8529411764706,253.5775862068966,257.525,257.9764181007011,258.9705882352941,258.8890964392306,257.9765625,255.3362068965517
243.6510416666667,245.3461538461539,251.0294117647059,253.7155172413794,257.625,258.1057998725303,259.1470588235294,259.1078464392306,258.1328125,255.5431034482759
243.7552083333334,245.423076923077,251.2058823529412,253.8181818181819,257.725,258.2351816443594,259.3235294117647,259.3265964392306,258.2934782608696,255.75
243.8593750000001,245.5000000000001,251.4230769230769,253.909090909091,257.825,258.3645634161887,259.5,259.5453464392306,258.4673913043478,255.9568965517241
243.9635416666667,245.5769230769232,251.6538461538462,254.0000000000001,257.925,258.4939451880178,259.6764705882353,259.7640964392306,258.6413043478261,256.1637931034483
244.0677083333334,245.6538461538462,251.8846153846154,254.0909090909092,258.025,258.6233269598471,259.8529411764706,259.9828464392306,258.8152173913044,256.3706896551724
244.1718750000001,245.7307692307693,252.1153846153846,254.1818181818182,258.125,258.7527087316763,260.0294117647059,260.2015964392306,258.9891304347826,256.5775862068965
244.2816901408451,245.8076923076924,252.3461538461538,254.2727272727273,258.225,258.8820905035054,260.2058823529412,260.4203464392306,259.1630434782609,256.7844827586207
244.4084507042254,245.8846153846154,252.5769230769231,254.3636363636364,258.325,259.0114722753347,260.3823529411765,260.6390964392306,259.3369565217391,256.9913793103448
244.5352112676057,245.9615384615385,252.76,254.4545454545455,258.425,259.1408540471638,260.5588235294118,260.8578464392306,259.5108695652174,257.198275862069
244.661971830986,246.0384615384616,252.8,254.5454545454546,258.525,259.270235818993,260.7352941176471,261.0765964392306,259.6847826086956,257.3035714285714
244.7887323943663,246.1153846153847,252.84,254.6363636363637,258.625,259.3996175908222,260.9117647058824,261.2953464392306,259.8586956521739,257.375
244.9154929577465,246.1923076923078,252.88,254.7272727272728,258.725,259.5289993626514,261.0882352941176,261.4538341411068,260.0326086956522,257.4464285714286
245.0422535211268,246.2894736842106,252.92,254.7758620689656,258.8671875,259.6293830591391,261.2647058823529,261.6084507269961,260.2065217391304,257.5178571428571
245.1690140845071,246.4473684210527,252.96,254.8103448275863,259.0234375,259.7149853958095,261.4411764705882,261.7630673128854,260.4285714285714,257.5892857142857
245.2957746478874,246.6052631578948,253,254.8448275862069,259.1796875,259.80058773248,261.6176470588235,261.9176838987747,260.6666666666667,257.6607142857143
245.4225352112677,246.7631578947369,253.04,254.8793103448277,259.3359375,259.8861900691505,261.7849462365592,262.0723004846641,260.9047619047619,257.7321428571428
245.5492957746479,246.921052631579,253.08,254.9137931034483,259.4921875,259.971792405821,261.9247311827957,262.2269170705534,261.1428571428571,257.93
245.6760563380282,247.0789473684211,253.12,254.948275862069,259.6484375,260.0573947424914,262.0645161290323,262.3815336564427,261.3809523809524,258.17
245.8028169014085,247.2368421052632,253.16,254.9827586206897,259.8046875,260.1429970791619,262.2043010752688,262.536150242332,261.6190476190476,258.41
245.9295774647888,247.3947368421053,253.2,255.0172413793104,259.9609375,260.2285994158324,262.3440860215053,262.6907668282213,261.8571428571429,258.65
246.0563380281691,247.5526315789475,253.24,255.0517241379311,260.1171875,260.5714285714286,262.4838709677419,262.8453834141107,262.0952380952381,258.89
246.1830985915494,247.7105263157895,253.45,255.0862068965518,260.2734375,261,262.6236559139785,263,262.3333333333333,259.13
246.3098591549296,247.8571428571429,253.7166666666667,255.1206896551725,260.4296875,261.4285714285714,262.7634408602151,263.1176470588235,262.5714285714286,259.37
246.4366197183099,248.0000000000001,253.9833333333333,255.1551724137931,260.5859375,261.8571428571429,262.9032258064516,263.2352941176471,262.7812499999999,259.61
246.5633802816902,248.1428571428572,254.25,255.1896551724138,260.7421875,262.2857142857143,263.0430107526882,263.3529411764706,262.90625,259.85
246.6901408450705,248.2857142857143,254.5166666666667,255.2241379310346,260.8984375,262.7142857142857,263.1827956989247,263.4705882352941,263.03125,260.09
246.8169014084507,248.4285714285715,254.7833333333334,255.3500000000001,261.0546875,263.1428571428572,263.3225806451613,263.5882352941177,263.15625,260.33
246.943661971831,248.5714285714286,255.05,255.7500000000001,261.2109375,263.1964285714286,263.4623655913979,263.7058823529412,263.28125,260.57
247.0704225352113,248.7142857142858,255.3035714285714,256.1500000000001,261.203125,263.125,263.6021505376344,263.8235294117648,263.40625,260.7604166666666
247.1971830985916,248.8571428571429,255.5178571428571,256.5500000000001,261.140625,263.0535714285714,263.741935483871,263.9411764705882,263.53125,260.8020833333334
247.3239436619719,249.0000000000001,255.7321428571429,256.95,261.078125,262.9821428571429,263.8817204301075,264.0588235294118,263.65625,260.84375
247.4507042253522,249.1428571428572,255.9464285714286,257.2857142857143,261.015625,262.9107142857143,264.0215053763441,264.1764705882353,263.78125,260.8854166666667
247.5774647887325,249.2857142857143,256.1607142857143,257.4285714285715,260.953125,262.8392857142857,264.1612903225807,264.2941176470588,263.90625,260.9270833333333
247.7042253521127,249.4285714285715,256.375,257.5714285714287,260.890625,262.7678571428572,264.3010752688172,264.4117647058823,264.03125,260.96875
247.830985915493,249.5714285714286,256.5892857142857,257.7142857142858,260.828125,262.8928571428572,264.4408602150538,264.5294117647059,264.15625,261.0104166666667
247.9577464788733,249.7142857142858,256.7625,257.8571428571429,260.765625,263.0833333333334,264.5806451612903,264.6470588235294,264.2954545454546,261.0520833333333
248.0845070422536,249.8571428571429,256.8125,258.0000000000001,261,263.2738095238095,264.7204301075269,264.7647058823529,264.4772727272727,261.09375
248.2112676056339,250.0000000000001,256.8625,258.1428571428572,261.3333333333333,263.4642857142857,264.8602150537635,264.8823529411765,264.6590909090909,261.1354166666667
248.3380281690141,250.1428571428572,256.9125,258.2857142857143,261.6666666666667,263.6547619047619,265,265,264.8409090909091,261.1770833333333
248.4647887323944,250.2857142857143,256.9625,258.4285714285715,262,263.8452380952381,265.0769230769231,265.1116961270581,265.0227272727273,261.21875
248.5915492957747,250.4285714285715,257.0125,258.5714285714287,262.3333333333333,264.0357142857143,265.1538461538462,265.2233922541162,265.2045454545455,261.28125
248.718309859155,250.5714285714286,257.0625,258.7142857142858,262.6666666666667,264.2261904761905,265.2307692307692,265.3350883811744,265.0526315789473,261.40625
248.8750000000001,250.7142857142858,257.1125,258.8571428571429,262.796875,264.4166666666666,265.3076923076923,265.4467845082325,264.7894736842105,261.53125
249.0416666666667,250.923076923077,257.1625,259.0000000000001,262.859375,264.6071428571428,265.3846153846154,265.5584806352906,264.5263157894736,261.65625
249.2083333333334,251.1538461538462,257.2125,259.1428571428572,262.921875,264.7894736842106,265.4615384615385,265.6701767623487,264.2631578947369,261.78125
249.3750000000001,251.3846153846154,257.2857142857143,259.2777777777778,262.984375,264.9473684210527,265.5384615384615,265.7818728894068,264,261.90625
249.5416666666667,251.6153846153846,257.4285714285714,259.388888888889,263.046875,265.1052631578947,265.6153846153846,265.8935690164649,264.0909090909091,262.03125
249.7083333333334,251.8461538461539,257.5714285714286,259.5000000000001,263.109375,265.2631578947369,265.6923076923077,266.005265143523,264.1818181818181,262.15625
249.8750000000001,252.0769230769231,257.7142857142857,259.6111111111112,263.171875,265.421052631579,265.7692307692308,266.1169612705812,264.2727272727273,262.28125
250.0416666666667,252.2678571428572,257.8571428571429,259.7222222222223,263.234375,265.578947368421,265.8461538461538,266.2286573976393,264.3636363636364,262.40625
250.2083333333334,252.3392857142858,258,259.8333333333334,263.296875,265.7368421052632,265.9230769230769,266.3403535246974,264.4545454545454,262.53125
250.3750000000001,252.4107142857143,258.1428571428571,259.9444444444445,263.359375,265.8947368421053,266,266.4520496517555,264.5454545454546,262.65625
250.5416666666667,252.4821428571429,258.2857142857143,260.0555555555556,263.421875,266.0526315789473,266.0769230769231,266.5637457788137,264.6363636363636,262.7678571428572
250.7083333333334,252.5535714285715,258.4285714285714,260.1666666666667,263.484375,266.2105263157894,266.1538461538461,266.6707124302216,264.7272727272727,262.8392857142857
250.8750000000001,252.6250000000001,258.5714285714286,260.2777777777778,263.546875,266.2159090909091,266.2307692307692,266.6707124302216,264.8181818181818,262.9107142857143
251.0416666666667,252.6964285714286,258.7142857142857,260.3888888888889,263.609375,266.1704545454546,266.3076923076923,266.6707124302216,264.9090909090909,262.9821428571428
251.2083333333334,252.7794117647059,258.8478260869565,260.5000000000001,263.671875,266.125,266.3846153846154,266.6707124302216,265,263.0535714285714
251.3750000000001,252.8970588235294,258.9782608695652,260.6111111111112,263.734375,266.0795454545455,266.4615384615385,266.6707124302216,265.1851851851852,263.125
251.5416666666667,253.014705882353,259.1086956521739,260.7222222222223,263.7826086956522,266.0340909090909,266.5384615384615,266.6707124302216,265.3703703703704,263.1964285714286
251.7083333333334,253.1323529411765,259.2391304347826,260.7826086956522,263.8260869565217,265.9886363636364,266.6153846153846,266.6707124302216,265.5555555555555,263.2678571428572
251.8289473684211,253.2500000000001,259.3695652173913,260.8260869565218,263.8695652173913,265.9431818181818,266.6923076923077,266.6707124302216,265.7407407407408,263.3392857142857
251.9342105263158,253.3676470588236,259.5,260.8695652173914,263.9130434782609,265.8977272727273,266.7692307692308,266.6707124302216,265.9259259259259,263.4107142857143
252.0394736842106,253.4852941176471,259.6304347826087,260.9130434782609,263.9565217391304,265.8522727272727,266.8461538461539,266.6707124302216,266.1111111111111,263.4821428571428
252.1447368421053,253.6029411764706,259.7608695652174,260.9565217391305,264,265.8068181818182,266.9230769230769,266.6707124302216,266.1904761904761,263.5535714285714
252.2500000000001,253.7205882352942,259.8913043478261,261.0000000000001,264.0434782608696,265.7613636363636,267,266.6707124302216,265.9523809523809,263.625
252.3552631578948,253.7916666666667,260.0217391304348,261.0434782608696,264.0869565217391,265.8684210526316,267.042735042735,266.6707124302216,265.7142857142857,263.6964285714286
252.4605263157895,253.8472222222223,260.1521739130435,261.0869565217392,264.1304347826087,266.0263157894736,267.0854700854701,266.6707124302216,265.4761904761905,263.7875
252.5657894736843,253.9027777777778,260.2794117647059,261.1304347826087,264.1739130434783,266.1842105263158,267.1282051282051,266.6707124302216,265.2380952380952,263.9375
252.671052631579,253.9583333333334,260.3970588235294,261.1739130434783,264.2173913043478,266.3421052631579,267.1709401709402,266.7937522955208,265,264.0875
252.7500000000001,254.0138888888889,260.5147058823529,261.2173913043479,264.2608695652174,266.5,267.2136752136752,266.9592968415599,265.0769230769231,264.2375
252.7500000000001,254.0694444444445,260.6323529411765,261.3000000000001,264.304347826087,266.6578947368421,267.2564102564103,267.124841387599,265.1538461538461,264.3875
252.7500000000001,254.1250000000001,260.75,261.5000000000001,264.3478260869565,266.8157894736842,267.2991452991453,267.290385933638,265.2307692307692,264.5375
252.7500000000001,254.1805555555556,260.8676470588235,261.7,264.3913043478261,266.9736842105263,267.3418803418804,267.4559304796771,265.3076923076923,264.6875
252.7500000000001,254.2361111111112,260.9852941176471,261.9000000000001,264.4347826086956,267.1315789473684,267.3846153846154,267.6214750257162,265.3846153846154,264.8375
252.7500000000001,254.3437500000001,261.1029411764706,262.1,264.4782608695652,267.25,267.4273504273505,267.7870195717552,265.4615384615385,264.9875
252.7500000000001,254.4687500000001,261.2205882352941,262.3000000000001,264.5217391304348,267.25,267.4700854700855,267.9525641177943,265.5384615384615,265.1375
252.7500000000001,254.5937500000001,261.3214285714286,262.5000000000001,264.5652173913044,267.25,267.5128205128205,268.1181086638334,265.6153846153846,265.34375
252.7500000000001,254.7187500000001,261.4166666666667,262.7,264.6086956521739,267.25,267.5555555555555,268.2836532098725,265.6923076923077,265.71875
252.7500000000001,254.8437500000001,261.5119047619048,262.9,264.6521739130435,267.25,267.5982905982905,268.4491977559115,265.7692307692308,266.09375
252.8571428571429,254.9687500000001,261.6071428571428,263.1,264.6956521739131,267.25,267.6410256410256,268.6147423019506,265.8461538461538,266.46875
253.0000000000001,255.0937500000001,261.702380952381,263.2941176470589,264.7391304347826,267.2236842105264,267.6837606837607,268.7802868479896,265.9230769230769,266.775
253.1428571428572,255.2187500000001,261.797619047619,263.4705882352942,264.7826086956522,267.1184210526316,267.7264957264957,268.9054744928977,266,266.875
253.2857142857143,255.2500000000001,261.8928571428571,263.6470588235295,264.8260869565217,267.0131578947369,267.7692307692308,268.9054744928977,266.0625,266.975
253.4285714285715,255.2500000000001,261.9880952380952,263.8235294117648,264.8695652173913,266.9078947368421,267.8119658119658,268.9054744928977,266.125,267.075
253.5714285714286,255.2500000000001,262.0833333333334,264.0000000000001,264.9130434782609,266.8026315789473,267.8547008547009,268.9054744928977,266.1875,267.175
253.7142857142858,255.2500000000001,262.1785714285714,264.1764705882354,264.9565217391304,266.6973684210526,267.8974358974359,268.9054744928977,266.25,267.275
253.7750000000001,255.2500000000001,262.2916666666667,264.3529411764706,265,266.5921052631579,267.9401709401709,268.9054744928977,266.3125,267.375
253.8083333333334,255.2500000000001,262.4583333333334,264.529411764706,265.1818181818182,266.4868421052632,267.982905982906,268.9054744928977,266.375,267.475
253.8416666666667,255.2500000000001,262.625,264.7058823529412,265.3636363636364,266.3815789473684,268.025641025641,268.9054744928977,266.4375,267.575
253.8750000000001,255.2500000000001,262.7916666666666,264.8478260869566,265.5454545454545,266.2763157894736,268.0683760683761,268.9054744928977,266.5,267.675
253.9083333333334,255.3750000000001,262.9583333333334,264.9782608695653,265.7272727272727,266.3605005226734,268.1111111111111,268.9151372190319,266.5625,267.7410714285714
253.9416666666667,255.5416666666667,263.125,265.108695652174,265.9090909090909,266.5078345529045,268.1538461538462,268.9279577318524,266.625,267.7053571428572
253.9750000000001,255.7083333333334,263.2916666666667,265.2391304347826,266.0909090909091,266.6551685831356,268.1965811965812,268.940778244673,266.6875,267.6696428571429
254.0083333333334,255.8750000000001,263.4583333333333,265.3695652173914,266.2727272727273,266.8025026133667,268.2393162393162,268.9535987574934,266.75,267.6339285714286
254.0416666666667,256.0416666666667,263.625,265.5000000000001,266.4545454545454,266.9498366435978,268.295,268.966419270314,266.8125,267.5982142857143
254.075,256.2083333333334,263.7575757575758,265.6304347826087,266.6363636363636,267.0971706738289,268.355,268.9792397831345,266.875,267.5625
254.1083333333334,256.3750000000001,263.7878787878788,265.7608695652174,266.8181818181818,267.2445047040601,268.415,268.992060295955,266.9375,267.5267857142857
254.1416666666667,256.5416666666667,263.8181818181818,265.8913043478261,267,267.3918387342912,268.475,269.0048808087755,267,267.4910714285714
254.1750000000001,256.7083333333334,263.8484848484848,266.0217391304349,267,267.5391727645223,268.535,269.017701321596,267.0344827586207,267.4553571428571
254.2083333333334,256.8055555555556,263.8787878787879,266.1521739130436,267,267.6865067947535,268.595,269.0305218344165,267.0689655172414,267.4196428571429
254.2416666666667,256.8796296296297,263.9090909090909,266.2702702702703,267,267.8295698565832,268.655,269.0433423472371,267.1034482758621,267.3839285714286
254.2857142857144,256.9537037037038,263.9393939393939,266.3513513513514,267,267.9408991402595,268.715,269.0561628600576,267.1379310344827,267.3482142857143
254.3333333333334,257.0277777777778,263.9696969696969,266.4324324324325,267,268.0522284239359,268.775,269.0689833728781,267.1724137931034,267.3125
254.3809523809525,257.1018518518519,264,266.5135135135136,267,268.1635577076122,268.835,269.0818038856985,267.2068965517241,267.2767857142857
254.4285714285714,257.175925925926,264.030303030303,266.5945945945946,267,268.2748869912886,268.895,269.0946243985191,267.2413793103448,267.2708333333334
254.4761904761905,257.2500000000001,264.0606060606061,266.6756756756757,267,268.3862162749649,268.955,269.1074449113396,267.3125,267.3541666666667
254.5238095238096,257.3240740740741,264.0909090909091,266.7567567567568,267.1,268.4975455586413,269.015,269.1202654241602,267.3958333333333,267.4375
254.5714285714286,257.3981481481482,264.1212121212121,266.8378378378379,267.2,268.6088748423176,269.075,269.1330859369806,267.4791666666667,267.5208333333333
254.6190476190477,257.4722222222223,264.1515151515151,266.918918918919,267.3,268.7202041259939,269.135,269.1459064498011,267.5625,267.6041666666666
254.6666666666667,257.5462962962964,264.1818181818182,267.0000000000001,267.4,268.8315334096702,269.195,269.1587269626216,267.6458333333334,267.6875
254.7142857142858,257.6203703703704,264.2121212121212,267.0810810810812,267.5,268.9428626933466,269.255,269.1715474754421,267.7291666666666,267.7708333333333
254.7727272727273,257.6944444444445,264.2424242424242,267.1621621621622,267.6,269.0541919770229,269.315,269.1843679882627,267.8125,267.8541666666667
254.8636363636364,257.7261904761905,264.2788461538461,267.2432432432433,267.7,269.1655212606993,269.375,269.1971885010832,267.8958333333334,267.9375
254.9545454545455,257.6309523809524,264.3173076923077,267.3243243243244,267.8,269.2768505443756,269.435,269.2100090139037,267.9791666666666,268.0208333333334
255.0454545454546,257.5357142857143,264.3557692307692,267.4054054054054,267.9,269.3881798280519,269.495,269.2228295267242,268.0625,268.1041666666666
255.1363636363637,257.4404761904763,264.3942307692308,267.4864864864866,268,269.4995091117282,269.555,269.2356500395447,268.1458333333334,268.1875
255.2272727272728,257.3452380952382,264.4326923076923,267.5675675675676,268,269.6108383954046,269.615,269.2484705523652,268.2291666666666,268.2708333333334
255.3181818181819,257.2500000000001,264.4711538461539,267.6486486486487,268,269.7221676790809,269.675,269.2612910651858,268.2826086956522,268.3541666666666
255.409090909091,257.154761904762,264.5096153846154,267.7297297297298,268,269.7777777777778,269.735,269.2741115780063,268.3260869565217,268.4375
255.5000000000001,257.0595238095239,264.5480769230769,267.7697368421053,268,269.8148148148148,269.7783018867925,269.2869320908268,268.3695652173913,268.5208333333334
255.5909090909092,256.9642857142858,264.5865384615385,267.796052631579,268,269.8518518518518,269.816037735849,269.2997526036473,268.4130434782609,268.6041666666666
255.6818181818182,256.8690476190476,264.625,267.8223684210527,268,269.8888888888889,269.8537735849057,269.3125731164678,268.4565217391304,268.6875
255.7500000000001,256.7738095238096,264.6634615384615,267.8486842105264,268,269.9259259259259,269.8915094339623,269.3253936292883,268.5,268.7777777777778
255.7500000000001,256.7500000000001,264.7019230769231,267.8750000000001,268,269.9629629629629,269.9292452830189,269.3382141421088,268.5434782608696,268.8888888888889
255.7500000000001,256.7500000000001,264.7403846153846,267.9013157894738,268,270,269.9669811320754,269.3510346549294,268.5869565217391,269
255.7500000000001,256.7500000000001,264.8181818181818,267.9276315789474,268,270.037037037037,270.0047169811321,269.4305507818674,268.6304347826087,269.1111111111111
255.7500000000001,256.7500000000001,264.9090909090909,267.9539473684211,268.1428571428572,270.0740740740741,270.0424528301887,269.5175073036065,268.6739130434783,269.2222222222222
255.7500000000001,256.7500000000001,265,267.9802631578948,268.2857142857143,270.1111111111111,270.0801886792453,269.6044638253456,268.7173913043478,269.3333333333334
255.7500000000001,256.7500000000001,265.0909090909091,268.0065789473685,268.4285714285714,270.1481481481482,270.1179245283018,269.6914203470848,268.7738095238095,269.4444444444445
255.7500000000001,256.7500000000001,265.1818181818181,268.0328947368422,268.5714285714286,270.1851851851852,270.1556603773585,269.7783768688239,268.8690476190476,269.5555555555555
255.7500000000001,256.7500000000001,265.2727272727273,268.0592105263158,268.7142857142857,270.2222222222222,270.1933962264151,269.865333390563,268.9642857142857,269.6666666666666
255.7500000000001,256.7500000000001,265.3636363636364,268.0855263157895,268.8571428571428,270.2631578947369,270.2311320754717,269.9522899123021,269.0595238095238,269.7403846153846
255.7500000000001,256.7500000000001,265.4545454545454,268.1118421052632,269,270.3157894736842,270.2688679245283,270.0392464340413,269.1547619047619,269.7019230769231
255.7500000000001,256.7500000000001,265.5454545454546,268.1381578947369,269.1428571428571,270.3684210526316,270.3066037735849,270.1262029557804,269.25,269.6634615384615
255.7500000000001,256.7500000000001,265.6363636363636,268.1644736842106,269.2857142857143,270.421052631579,270.3443396226415,270.2131594775195,269.3452380952381,269.625
255.7307692307693,256.7500000000001,265.7272727272727,268.1907894736843,269.4285714285714,270.4736842105263,270.3820754716982,270.2460150334383,269.4404761904762,269.5865384615385
255.6538461538462,256.7500000000001,265.7173913043478,268.2171052631579,269.5714285714286,270.5263157894737,270.4198113207547,270.2460150334383,269.5357142857143,269.5480769230769
255.5769230769232,256.7608695652174,265.6739130434783,268.2434210526316,269.7142857142857,270.578947368421,270.4575471698113,270.2460150334383,269.6309523809524,269.5096153846154
255.5000000000001,256.804347826087,265.6304347826087,268.2702702702703,269.8571428571428,270.6315789473684,270.495283018868,270.2460150334383,269.7261904761905,269.4711538461538
255.423076923077,256.8478260869566,265.5869565217391,268.2972972972973,270,270.6842105263158,270.5330188679245,270.2460150334383,269.75,269.4326923076923
255.3461538461539,256.8913043478261,265.5434782608696,268.3243243243244,269.986301369863,270.7368421052631,270.5707547169811,270.2460150334383,269.75,269.3942307692308
255.2692307692308,256.9347826086957,265.5,268.3513513513514,269.972602739726,270.75,270.6084905660377,270.2460150334383,269.75,269.3557692307692
255.2857142857143,256.9782608695652,265.4565217391304,268.3783783783784,269.9589041095891,270.75,270.6462264150944,270.2460150334383,269.75,269.3173076923077
255.3333333333334,257.0217391304349,265.4130434782609,268.4054054054055,269.9452054794521,270.75,270.6839622641509,270.2460150334383,269.75,269.2788461538462
255.3809523809525,257.0652173913044,265.3695652173913,268.4324324324325,269.931506849315,270.75,270.7216981132075,270.2460150334383,269.75,269.2410714285714
255.4285714285714,257.1086956521739,265.3260869565217,268.4594594594595,269.9178082191781,270.75,270.7411764705882,270.2460150334383,269.75,269.2053571428571
255.4761904761905,257.1521739130436,265.2826086956522,268.4864864864866,269.9041095890411,270.75,270.7058823529412,270.2460150334383,269.75,269.1696428571429
255.5238095238096,257.1956521739131,265.2708333333333,268.5135135135135,269.8904109589041,270.75,270.6705882352941,270.2460150334383,269.75,269.1339285714286
255.5714285714286,257.2391304347827,265.3541666666667,268.5405405405406,269.8767123287671,270.75,270.635294117647,270.2460150334383,269.75,269.0982142857143
255.6190476190477,257.1617647058824,265.4375,268.5675675675676,269.8630136986301,270.75,270.6,270.2460150334383,269.75,269.0625
255.6666666666667,257.0441176470589,265.5208333333334,268.5945945945946,269.8493150684931,270.75,270.5647058823529,270.2460150334383,269.75,269.0267857142857
255.7142857142858,256.9264705882354,265.6041666666666,268.6216216216217,269.8356164383562,270.75,270.5294117647059,270.2460150334383,269.75,268.9910714285714
255.7589285714286,256.8088235294118,265.6875,268.6486486486487,269.8219178082192,270.75,270.4941176470588,270.2460150334383,269.75,268.9553571428572
255.7946428571429,256.6911764705883,265.7708333333333,268.6756756756757,269.8082191780822,270.75,270.4588235294118,270.2460150334383,269.75,268.9196428571428
255.8303571428572,256.5735294117648,265.8541666666667,268.7027027027028,269.7945205479452,270.75,270.4235294117647,270.2460150334383,269.75,268.8839285714286
255.8660714285715,256.4558823529412,265.9375,268.7297297297298,269.7808219178082,270.703125,270.3882352941176,270.2460150334383,269.7105263157895,268.8482142857143
255.9017857142858,256.3382352941177,266.0208333333333,268.7564102564103,269.7671232876712,270.640625,270.3529411764706,270.2460150334383,269.6578947368421,268.8125
255.9375000000001,256.2573529411765,266.1041666666667,268.7820512820513,269.7534246575343,270.578125,270.3176470588235,270.2460150334383,269.6052631578947,268.7767857142857
255.9732142857143,256.2867647058824,266.1875,268.8076923076924,269.7,270.515625,270.2823529411764,270.2460150334383,269.5526315789473,268.7380952380952
256.0089285714286,256.3161764705883,266.258064516129,268.8333333333334,269.6333333333333,270.453125,270.2470588235294,270.2460150334383,269.5,268.6904761904762
256.0446428571429,256.3455882352941,266.2903225806452,268.8589743589744,269.5666666666667,270.390625,270.2117647058824,270.2167432604431,269.4473684210527,268.6428571428571
256.0803571428572,256.3750000000001,266.3225806451613,268.8846153846155,269.5,270.328125,270.1764705882353,270.1678541161628,269.3947368421053,268.5952380952381
256.1160714285714,256.404411764706,266.3548387096774,268.9102564102565,269.4333333333333,270.265625,270.1411764705882,270.1189649718825,269.3421052631579,268.547619047619
256.1517857142858,256.4338235294118,266.3870967741935,268.9358974358975,269.3666666666667,270.15,270.1058823529412,270.0700758276021,269.2894736842105,268.5
256.1875000000001,256.4632352941177,266.4193548387097,268.9615384615385,269.3,270.0166666666667,270.0705882352941,270.0211866833218,269.2368421052631,268.452380952381
256.2232142857143,256.4926470588235,266.4516129032258,268.9871794871796,269.2406015037594,269.8833333333333,270.035294117647,269.9722975390415,269.1842105263158,268.4047619047619
256.2777777777778,256.5220588235294,266.483870967742,269.0128205128206,269.2030075187969,269.75,270,269.9234083947612,269.1315789473684,268.3571428571428
256.388888888889,256.5514705882354,266.516129032258,269.0384615384616,269.1654135338346,269.6166666666667,269.9411764705882,269.8745192504808,269.078947368421,268.3095238095238
256.5000000000001,256.5808823529412,266.5483870967741,269.0641025641027,269.1278195488721,269.4833333333333,269.8823529411765,269.8256301062005,269.0263157894736,268.2619047619048
256.6111111111112,256.6102941176471,266.5806451612903,269.0897435897436,269.0902255639098,269.35,269.8235294117647,269.7767409619202,268.9736842105263,268.2222222222222
256.7222222222223,256.639705882353,266.6129032258065,269.1153846153846,269.0526315789473,269.25,269.7647058823529,269.7278518176399,268.921052631579,268.1851851851852
256.8333333333334,256.6691176470589,266.6451612903226,269.1410256410257,269.015037593985,269.25,269.7058823529412,269.6789626733595,268.8684210526316,268.1481481481482
256.9444444444445,256.6985294117648,266.6774193548387,269.1666666666667,268.9774436090225,269.25,269.6470588235294,269.6300735290793,268.8157894736842,268.1111111111111
257.0555555555557,256.7279411764707,266.7096774193548,269.1923076923077,268.9398496240601,269.25,269.5882352941177,269.5811843847989,268.7631578947369,268.0740740740741
257.1666666666667,256.7573529411766,266.741935483871,269.2179487179488,268.9022556390977,269.25,269.5294117647059,269.5322952405186,268.7173913043478,268.0370370370371
257.2777777777778,256.7867647058824,266.7016129032258,269.2435897435898,268.8646616541353,269.25,269.4705882352941,269.4834060962382,268.6739130434783,268
257.3888888888889,256.8161764705883,266.6370967741935,268.8750000000001,268.8270676691729,269.25,269.4117647058824,269.434516951958,268.6304347826087,267.962962962963
257.5000000000001,256.8455882352941,266.5725806451613,268.3750000000001,268.7894736842105,269.25,269.3529411764706,269.3856278076777,268.5869565217391,267.9259259259259
257.6111111111111,256.8750000000001,266.508064516129,267.8750000000001,268.7518796992481,269.25,269.2941176470588,269.3138951664059,268.5434782608696,267.8888888888889
257.7222222222223,256.904411764706,266.4435483870968,267.7500000000001,268.7142857142857,269.25,269.2352941176471,269.2174828678056,268.5,267.8518518518518
257.8333333333334,256.9338235294118,266.3790322580645,267.7500000000001,268.6766917293233,269.25,269.1764705882353,269.1210705692054,268.4565217391304,267.8148148148148
257.9444444444445,256.9632352941177,266.3145161290323,267.7500000000001,268.6390977443609,269.25,269.1176470588235,269.0246582706051,268.4130434782609,267.7777777777778
258.0555555555556,256.9926470588235,266.25,267.7500000000001,268.6015037593985,269.25,269.0588235294118,268.9282459720049,268.3695652173913,267.7236842105263
258.1666666666667,257.0220588235295,266.1854838709677,267.7500000000001,268.5639097744361,269.25,269,268.8318336734047,268.3260869565217,267.6184210526316
258.2666666666668,257.0514705882354,266.1209677419355,267.7500000000001,268.5263157894737,269.25,268.925925925926,268.7354213748044,268.2826086956522,267.5131578947368
258.3333333333334,257.0808823529412,266.0564516129032,267.7500000000001,268.4887218045113,269.25,268.8518518518518,268.6390090762042,268.2327586206897,267.4078947368421
258.4,257.1102941176471,265.991935483871,267.7500000000001,268.4511278195489,269.25,268.7777777777778,268.5425967776039,268.1637931034483,267.3026315789474
258.4666666666667,257.139705882353,265.9274193548387,267.7500000000001,268.4135338345865,269.25,268.7037037037037,268.4461844790037,268.0948275862069,267.1973684210527
258.5333333333334,257.1691176470589,265.8629032258065,267.7500000000001,268.375939849624,269.25,268.6296296296296,268.3497721804034,268.0258620689655,267.0921052631579
258.6,257.1985294117648,265.7983870967742,267.7500000000001,268.3383458646617,269.25,268.5555555555555,268.2533598818032,267.9568965517241,266.9868421052631
258.6666666666667,257.2279411764707,265.7424242424242,267.7352941176471,268.3007518796992,269.25,268.4814814814815,268.156947583203,267.8879310344828,266.8815789473684
258.7333333333334,257.2678571428572,265.7121212121212,267.6764705882354,268.2631578947369,269.25,268.4074074074074,268.0605352846027,267.8189655172414,266.7763157894737
258.8275862068966,257.3392857142858,265.6818181818182,267.6176470588236,268.2255639097745,269.25,268.3333333333334,267.9641229860025,267.75,266.6710526315789
258.9310344827587,257.4107142857143,265.6515151515151,267.5588235294118,268.187969924812,269.25,268.2592592592592,267.8677106874022,267.6810344827586,266.5657894736842
259.0344827586208,257.4821428571429,265.6212121212121,267.5000000000001,268.1503759398496,269.25,268.1851851851852,267.7712983888019,267.6120689655173,266.4605263157895
259.1379310344828,257.5535714285714,265.5909090909091,267.4411764705883,268.1127819548872,269.25,268.1111111111111,267.6748860902017,267.5431034482759,266.3552631578947
259.2413793103449,257.6250000000001,265.5606060606061,267.3823529411765,268.0751879699248,269.25,268.0370370370371,267.5784737916015,267.4741379310345,266.25
259.344827586207,257.6964285714286,265.530303030303,267.3235294117648,268.0375939849624,269.25,267.9629629629629,267.4820614930012,267.4051724137931,266.1447368421053
259.448275862069,257.7678571428572,265.5,267.264705882353,268,269.25,267.8888888888889,267.385649194401,267.3362068965517,266.0394736842105
259.5517241379311,257.8392857142858,265.469696969697,267.2058823529412,267.96,269.25,267.8148148148148,267.2892368958007,267.2672413793103,265.9342105263158
259.6551724137931,257.9107142857143,265.4393939393939,267.1470588235295,267.92,269.25,267.7407407407408,267.1928245972005,267.2087912087912,265.828947368421
259.7586206896552,257.9821428571429,265.4090909090909,267.0882352941177,267.88,269.0892857142857,267.6666666666667,267.0964122986002,267.1538461538462,265.7115384615385
259.8620689655173,258.0535714285714,265.3787878787879,267.0294117647059,267.84,268.875,267.5925925925926,267,267.0989010989011,265.5576923076923
259.9655172413794,258.1250000000001,265.3484848484849,266.9705882352942,267.8,268.6607142857143,267.5185185185185,266.875,267.0439560439561,265.4038461538462
260.0689655172415,258.1964285714286,265.3181818181818,266.9117647058824,267.76,268.4464285714286,267.4444444444445,266.75,266.989010989011,265.25
260.1724137931035,258.2697368421053,265.2878787878788,266.8529411764706,267.72,268.2321428571428,267.3703703703704,266.625,266.9340659340659,265.0961538461538
260.2687500000001,258.3486842105264,265.2575757575758,266.7941176470589,267.6799999999999,268.0178571428572,267.2962962962963,266.5,266.8791208791209,264.9423076923077
260.3437500000001,258.4276315789474,265.25,266.7352941176471,267.64,267.8035714285714,267.2222222222222,266.375,266.8241758241758,264.7884615384615
260.41875,258.5065789473685,265.25,266.6764705882354,267.6,267.75,267.1481481481482,266.25,266.7692307692308,264.7058823529412
260.4937500000001,258.5855263157895,265.25,266.6176470588236,267.56,267.75,267.0740740740741,266.125,266.7142857142857,264.6470588235294
260.56875,258.6644736842106,265.25,266.5588235294118,267.52,267.75,267,266,266.6593406593407,264.5882352941177
260.6437500000001,258.7434210526316,265.25,266.5000000000001,267.48,267.75,267,265.875,266.6043956043956,264.5294117647059
260.7187500000001,258.8223684210527,265.25,266.4411764705883,267.44,267.7383720930233,267,265.75,266.5494505494505,264.4705882352941
260.79375,258.9013157894738,265.25,266.3823529411765,267.4,267.6918604651163,267,265.625,266.4945054945055,264.4117647058823
260.8687500000001,258.9802631578948,265.25,266.3235294117648,267.36,267.6453488372093,267,265.5,266.4395604395605,264.3529411764706
260.9437500000001,259.0592105263158,265.25,266.264705882353,267.32,267.5988372093023,267,265.375,266.3846153846154,264.2941176470588
261.0187500000001,259.1381578947369,265.25,266.2058823529412,267.28,267.5523255813953,267,265.25,266.3296703296703,264.2352941176471
261.0937500000001,259.2171052631579,265.25,266.1470588235294,267.2337662337662,267.5058139534884,267,265.125,266.2747252747253,264.1764705882353
261.16875,259.296052631579,265.25,266.0882352941177,267.1688311688312,267.4593023255814,267,265,266.2197802197802,264.1176470588235
261.2437500000001,259.3750000000001,265.25,266.0294117647059,267.1038961038961,267.4127906976744,267,264.952380952381,266.1648351648352,264.0588235294118
261.31875,259.4539473684211,265.25,265.9705882352942,267.038961038961,267.3662790697674,267,264.9047619047619,266.1098901098901,264
261.3937500000001,259.5328947368422,265.25,265.9117647058824,266.974025974026,267.3197674418604,267,264.8571428571429,266.0549450549451,263.9411764705882
261.4687500000001,259.6118421052632,265.25,265.8529411764707,266.9090909090909,267.2732558139535,267,264.8095238095238,266,263.8823529411765
261.54375,259.6907894736843,265.25,265.7941176470589,266.8441558441559,267.2267441860465,267,264.7619047619048,265.8846153846154,263.8235294117647
261.61875,259.7767857142858,265.25,265.7642857142858,266.7792207792208,267.1802325581396,267,264.7142857142857,265.7692307692308,263.7647058823529
261.6937500000001,259.8839285714286,265.25,265.8214285714286,266.7142857142857,267.1337209302326,267,264.6666666666667,265.6538461538461,263.671052631579
261.7916666666667,259.9910714285715,265.25,265.8785714285715,266.6493506493506,267.0872093023256,267,264.6190476190476,265.5384615384615,263.5657894736842
261.9583333333334,260.0982142857143,265.25,265.9357142857144,266.5844155844156,267.0406976744186,267,264.5714285714286,265.4230769230769,263.4605263157895
262.1250000000001,260.2053571428572,265.25,265.9928571428572,266.5194805194805,266.9941860465116,267,264.5238095238095,265.3076923076923,263.3552631578947
262.2916666666667,260.3125000000001,265.25,266.0500000000001,266.4545454545455,266.9476744186047,266.9285714285714,264.4761904761905,265.1923076923077,263.25
262.4583333333334,260.4196428571429,265.25,266.1071428571429,266.3896103896104,266.9011627906977,266.8571428571429,264.4285714285714,265.0769230769231,263.1447368421053
262.6250000000001,260.5267857142858,265.25,266.1642857142858,266.3246753246753,266.8546511627907,266.7857142857143,264.3809523809524,264.9615384615385,263.0394736842105
262.7916666666667,260.6339285714286,265.25,266.2214285714286,266.2597402597403,266.8081395348837,266.7142857142857,264.3333333333334,264.8461538461539,262.9342105263158
262.9583333333334,260.7410714285714,265.25,266.2785714285715,266.1948051948052,266.7616279069767,266.6428571428571,264.2857142857143,264.7307692307692,262.828947368421
263.1250000000001,260.8482142857143,265.25,266.3357142857143,266.1298701298701,266.6818181818182,266.5714285714286,264.2380952380952,264.6153846153846,262.7391304347826
263.2916666666667,260.9553571428572,265.25,266.3928571428572,266.0649350649351,266.5909090909091,266.5,264.1904761904762,264.5,262.6956521739131
263.4583333333334,261.0625000000001,265.25,266.45,266,266.5,266.4285714285714,264.1428571428572,264.3846153846154,262.6521739130435
263.6250000000001,261.1696428571429,265.25,266.5071428571429,265.9230769230769,266.4090909090909,266.3571428571429,264.0952380952381,264.2692307692308,262.6086956521739
263.78,261.2720588235295,265.2727272727273,266.5642857142857,265.8461538461538,266.3181818181818,266.2857142857143,264.047619047619,264.1538461538462,262.5652173913044
263.9000000000001,261.3602941176471,265.3636363636364,266.6214285714286,265.7692307692307,266.2272727272727,266.2142857142857,264,264.0384615384615,262.5217391304348
264.0200000000001,261.4485294117648,265.4545454545455,266.6785714285715,265.6923076923077,266.1363636363636,266.1428571428571,263.9166666666667,263.9230769230769,262.4782608695652
264.14,261.5367647058824,265.5454545454546,266.7357142857144,265.6153846153846,266.0454545454546,266.0714285714286,263.8333333333333,263.8076923076923,262.4347826086956
264.26,261.6250000000001,265.6363636363636,266.7697368421053,265.5384615384615,265.9545454545454,266,263.75,263.6923076923077,262.3913043478261
264.3800000000001,261.7132352941177,265.7272727272727,266.796052631579,265.4615384615385,265.8636363636364,265.9285714285714,263.6666666666667,263.5769230769231,262.3478260869565
264.5000000000001,261.8014705882354,265.8181818181818,266.8223684210527,265.3846153846154,265.7727272727273,265.8571428571428,263.5833333333333,263.4615384615385,262.3043478260869
264.6200000000001,261.889705882353,265.9090909090909,266.8486842105264,265.3076923076923,265.7,265.7857142857143,263.5,263.3461538461538,262.2608695652174
264.7400000000001,261.9779411764706,266,266.8750000000001,265.2307692307692,265.6333333333333,265.7142857142857,263.4166666666666,263.2307692307692,262.1219512195122
264.8600000000001,262.0661764705883,266.0909090909091,266.9013157894738,265.1538461538461,265.5666666666667,265.6428571428572,263.3333333333334,263.1153846153846,261.9512195121951
264.98,262.1544117647059,266.1818181818182,266.9276315789474,265.0769230769231,265.5,265.5714285714286,263.25,263,261.780487804878
265.1,262.2426470588236,266.2727272727273,266.9539473684211,265,265.4333333333333,265.5,263.1666666666666,262.8979591836734,261.609756097561
265.22,262.3308823529412,266.3636363636364,266.9802631578948,265,265.3666666666667,265.4285714285714,263.0833333333334,262.7959183673469,261.4390243902439
265.3100000000001,262.4191176470589,266.4545454545454,267.0065789473685,265,265.3,265.3571428571428,263,262.6938775510204,261.2682926829268
265.39,262.5073529411765,266.5454545454546,267.0328947368422,265,265.25,265.2857142857143,262.9166666666667,262.5918367346939,261.0975609756097
265.47,262.5955882352942,266.6363636363636,267.0592105263158,265,265.25,265.2142857142857,262.8333333333333,262.4897959183673,260.9268292682927
265.5500000000001,262.6838235294118,266.7272727272727,267.0855263157895,265,265.25,265.1428571428572,262.75,262.3877551020408,260.7560975609756
265.6300000000001,262.7803030303031,266.75,267.1118421052632,265,265.25,265.0714285714286,262.6666666666667,262.2857142857143,260.5853658536586
265.7100000000001,262.9015151515152,266.75,267.1381578947369,265,265.25,265,262.5833333333333,262.1836734693878,260.4146341463414
265.7900000000001,263.0227272727273,266.75,267.1644736842106,265,265.25,264.9615384615385,262.5,262.0816326530612,260.2439024390244
265.8700000000001,263.1439393939394,266.75,267.1907894736843,265,265.2638888888889,264.923076923077,262.4166666666667,261.9795918367347,260.0731707317073
265.95,263.2651515151516,266.75,267.217105263158,265,265.3194444444445,264.8846153846154,262.3333333333333,261.8775510204081,259.9024390243902
266.03,263.3863636363637,266.75,267.2434210526317,265,265.375,264.8461538461539,262.25,261.7755102040817,259.7317073170732
266.1100000000001,263.5075757575758,266.75,267.15,265,265.4305555555555,264.8076923076923,262.1666666666667,261.6847826086957,259.5609756097561
266.1900000000001,263.6287878787879,266.75,267.0166666666667,265,265.4861111111111,264.7692307692308,262.0833333333333,261.5978260869565,259.390243902439
266.2708333333334,263.7500000000001,266.75,266.8833333333334,265.0666666666667,265.5416666666667,264.7307692307692,262,261.5108695652174,259.2195121951219
266.3541666666667,263.8712121212122,266.75,266.7500000000001,265.1333333333333,265.5972222222222,264.6923076923077,261.9130434782609,261.4239130434783,259.0487804878049
266.4375000000001,263.9924242424243,266.75,266.6166666666667,265.2,265.6527777777778,264.6538461538462,261.8260869565217,261.3369565217391,258.8780487804878
266.5208333333334,264.1136363636364,266.75,266.4833333333334,265.2666666666667,265.7083333333333,264.6153846153846,261.7391304347826,261.25,258.7410714285714
266.6041666666667,264.2348484848485,266.75,266.3500000000001,265.3333333333334,265.775,264.576923076923,261.6521739130435,261.1630434782609,258.7053571428571
266.6875000000001,264.3560606060606,266.75,266.2166666666667,265.4,265.875,264.5384615384615,261.5652173913044,261.0760869565217,258.6696428571429
266.7708333333334,264.4772727272728,266.75,266.0833333333334,265.4666666666666,265.975,264.5,261.4782608695652,260.9891304347826,258.6339285714286
266.8541666666667,264.5984848484849,266.75,265.95,265.5333333333333,266.075,264.4615384615385,261.3913043478261,260.9021739130435,258.5982142857143
266.9375000000001,264.7196969696971,266.75,265.8166666666667,265.6,266.175,264.4230769230769,261.304347826087,260.8152173913044,258.5625
267.0208333333334,264.8076923076924,266.75,265.6833333333334,265.6666666666667,266.2327586206897,264.3846153846154,261.2173913043478,260.7272727272727,258.5267857142857
267.1041666666667,264.8846153846155,266.75,265.5500000000001,265.7333333333333,266.1637931034483,264.3461538461538,261.1304347826087,260.6363636363636,258.4910714285714
267.1875000000001,264.9615384615385,266.75,265.4166666666667,265.8,266.0948275862069,264.3076923076923,261.0434782608696,260.5454545454546,258.4553571428572
267.2708333333334,265.0384615384616,266.75,265.2833333333334,265.8666666666667,266.0258620689655,264.2692307692308,260.9565217391304,260.4545454545454,258.4196428571428
267.3541666666667,265.1153846153846,266.75,265.3100000000001,265.9333333333333,265.9568965517241,264.2307692307692,260.8695652173913,260.3636363636364,258.3839285714286
267.4375000000001,265.1923076923077,266.75,265.39,266,265.8879310344828,264.1923076923077,260.7826086956522,260.2727272727273,258.3482142857143
267.5208333333334,265.2692307692308,266.75,265.47,265.9375,265.8189655172414,264.1538461538462,260.695652173913,260.1818181818182,258.3125
267.6041666666667,265.3461538461539,266.75,265.5500000000001,265.875,265.75,264.1153846153846,260.6086956521739,260.0909090909091,258.2767857142857
267.6875000000001,265.423076923077,266.75,265.6300000000001,265.8125,265.6810344827586,264.0769230769231,260.5217391304348,260,258.1785714285714
267.7592592592594,265.5000000000001,266.75,265.7100000000001,265.75,265.6120689655173,264.0384615384615,260.4347826086956,259.9090909090909,257.8928571428571
267.7962962962964,265.5769230769232,266.75,265.7900000000001,265.6875,265.5431034482759,264,260.3478260869565,259.8181818181818,257.6071428571429
267.8333333333334,265.6538461538462,266.75,265.8700000000001,265.625,265.4741379310345,264.038961038961,260.2608695652174,259.7272727272727,257.3214285714286
267.8703703703704,265.7307692307693,266.7589285714286,265.95,265.5625,265.4051724137931,264.077922077922,260.1739130434783,259.6363636363636,257.0357142857143
267.9074074074074,265.84,266.7946428571429,266.03,265.5,265.3362068965517,264.1168831168831,260.0869565217391,259.5454545454546,256.75
267.9444444444445,265.96,266.8303571428571,266.1100000000001,265.4375,265.2672413793103,264.1558441558441,260,259.4545454545454,256.4642857142857
267.9814814814815,266.08,266.8660714285714,266.1900000000001,265.375,265.25,264.1948051948052,259.9333333333333,259.3636363636364,256.2068965517241
268.0185185185186,266.2,266.9017857142857,266.2500000000001,265.3125,265.25,264.2337662337662,259.8666666666667,259.2727272727273,256.0344827586207
268.0555555555556,266.3200000000001,266.9375,266.2500000000001,265.25,265.25,264.2727272727273,259.8,259.1785714285714,255.8620689655172
268.0925925925927,266.4400000000001,266.9732142857143,266.2500000000001,265.1875,265.25,264.3116883116883,259.7333333333333,259.0833333333334,255.6896551724138
268.1296296296297,266.5600000000001,267.0089285714286,266.2500000000001,265.125,265.25,264.3506493506493,259.6666666666667,258.9880952380952,255.5172413793103
268.1666666666667,266.6800000000001,267.0446428571428,266.2500000000001,265.0625,265.25,264.3896103896104,259.6,258.8928571428571,255.3448275862069
268.2037037037038,266.8000000000001,267.0803571428572,266.2500000000001,265,265.25,264.4285714285714,259.5333333333333,258.797619047619,255.1724137931035
268.2407407407408,266.9200000000001,267.1160714285714,266.2500000000001,265.0555555555555,265.25,264.4675324675325,259.4666666666667,258.702380952381,255
268.2500000000001,267.0400000000001,267.1517857142857,266.2500000000001,265.1111111111111,265.25,264.5064935064935,259.4,258.6071428571429,254.8275862068965
268.2500000000001,267.16,267.1875,266.2500000000001,265.1666666666667,265.25,264.5454545454546,259.3333333333334,258.5119047619048,254.6551724137931
268.2500000000001,267.2321428571429,267.2232142857143,266.2500000000001,265.2222222222222,265.25,264.5844155844156,259.2666666666667,258.4166666666667,254.4827586206897
268.2500000000001,267.1607142857143,267.28125,266.2500000000001,265.2777777777778,265.25,264.6233766233767,259.2,258.3214285714286,254.3103448275862
268.2500000000001,267.0892857142858,267.40625,266.2500000000001,265.3333333333334,265.25,264.6623376623377,259.1333333333333,258.2261904761905,254.1379310344828
268.2500000000001,267.0178571428572,267.53125,266.2500000000001,265.3888888888889,265.25,264.7012987012987,259.0666666666667,258.1309523809524,253.9655172413793
268.2500000000001,266.9464285714286,267.65625,266.2500000000001,265.4444444444445,265.25,264.7402597402598,259,258.0357142857143,253.7931034482759
268.2500000000001,266.8750000000001,267.78125,266.2500000000001,265.5,265.25,264.7183098591549,258.9333333333333,257.9404761904761,253.5892857142857
268.2500000000001,266.8035714285715,267.90625,266.2500000000001,265.5555555555555,265.25,264.6760563380282,258.8666666666667,257.8452380952381,253.375
268.2500000000001,266.7875000000001,268.03125,266.2500000000001,265.6111111111111,265.25,264.6338028169014,258.8,257.75,253.1607142857143
268.2500000000001,266.9375000000001,268.15625,266.2968750000001,265.6666666666666,265.25,264.5915492957747,258.7333333333333,257.6547619047619,252.9464285714286
268.2500000000001,267.0875000000001,268.28125,266.3593750000001,265.7222222222222,265.25,264.5492957746479,258.6666666666667,257.5595238095238,252.7321428571429
268.2500000000001,267.2375000000001,268.40625,266.4218750000001,265.7777777777778,265.25,264.5070422535211,258.6,257.4642857142857,252.5178571428571
268.2500000000001,267.3875,268.53125,266.4843750000001,265.8333333333334,265.25,264.4647887323944,258.5333333333333,257.3690476190476,252.3035714285714
268.2741935483872,267.5375000000001,268.65625,266.5468750000001,265.8888888888889,265.25,264.4225352112676,258.4666666666666,257.2738095238095,252.0892857142857
268.3064516129033,267.6875000000001,268.78125,266.6093750000001,265.9444444444445,265.25,264.3802816901408,258.4,257.175,251.875
268.3387096774194,267.8375000000001,268.90625,266.6718750000001,266,265.25,264.3380281690141,258.3333333333333,257.075,251.6607142857143
268.3709677419355,267.9875000000001,269.03125,266.7343750000001,266,265.25,264.2957746478873,258.2666666666667,256.975,251.4464285714286
268.4032258064517,268.1375,269.15625,266.8571428571429,266,265.25,264.2535211267606,258.2,256.875,251.2321428571429
268.4354838709678,268.2596153846154,269.2685185185185,267.0000000000001,266,265.25,264.2112676056338,258.1333333333333,256.775,251.0178571428571
268.4677419354839,268.298076923077,269.3425925925926,267.1428571428572,266,265.25,264.1690140845071,258.0666666666667,256.675,250.8035714285714
268.5000000000001,268.3365384615385,269.4166666666667,267.2857142857143,266,265.2403846153846,264.1267605633803,258,256.575,250.6136363636364
268.5322580645162,268.3750000000001,269.4907407407408,267.4285714285715,266,265.2019230769231,264.0845070422535,257.9269206490967,256.475,250.4318181818182
268.5645161290323,268.4134615384616,269.5648148148148,267.5714285714287,266,265.1634615384615,264.0422535211267,257.8538412981934,256.375,250.25
268.5967741935484,268.4519230769231,269.6388888888889,267.7142857142858,266,265.125,264,257.7807619472901,256.275,250.0681818181818
268.6290322580646,268.4903846153846,269.7129629629629,267.8571428571429,266,265.0865384615385,263.9285714285714,257.7076825963869,256.175,249.8863636363636
268.6612903225807,268.5288461538462,269.787037037037,268.0000000000001,266,265.0480769230769,263.8571428571429,257.6346032454835,256.075,249.7045454545455
268.6935483870968,268.5673076923077,269.8611111111111,268.1428571428572,266,265.0096153846154,263.7857142857143,257.5615238945802,255.975,249.5227272727273
268.725806451613,268.6057692307693,269.9351851851852,268.2631578947369,266,264.9711538461538,263.7142857142857,257.488444543677,255.875,249.3409090909091
268.7413793103449,268.6442307692308,270.0092592592592,268.3157894736843,266,264.9326923076923,263.6428571428571,257.4153651927737,255.775,249.1590909090909
268.7068965517242,268.6826923076924,270.0833333333333,268.3684210526316,266,264.8942307692308,263.5714285714286,257.3422858418704,255.6382978723404,248.9772727272727
268.6724137931035,268.7211538461539,270.1574074074074,268.421052631579,266,264.8557692307692,263.5,257.2692064909671,255.4893617021277,248.7954545454545
268.6379310344828,268.7580645161291,270.2314814814815,268.4736842105264,266.0588235294118,264.8173076923077,263.4285714285714,257.1961271400638,255.3404255319149,248.375
268.6034482758621,268.7903225806452,270.2983870967742,268.5263157894737,266.1176470588235,264.7788461538462,263.3571428571429,257.1230477891605,255.1914893617021,247.875
268.5689655172415,268.8225806451613,270.3629032258065,268.5789473684211,266.1764705882353,264.765625,263.2857142857143,257.0499684382572,255.0425531914893,247.375
268.5344827586208,268.8548387096774,270.4274193548387,268.6315789473685,266.2352941176471,264.828125,263.2142857142857,256.9768890873539,254.8936170212766,246.875
268.5000000000001,268.8870967741937,270.491935483871,268.6842105263158,266.2941176470588,264.890625,263.1428571428572,256.9038097364506,254.7446808510638,246.375
268.4655172413794,268.9193548387098,270.5564516129032,268.7368421052632,266.3529411764706,264.953125,263.0714285714286,256.8307303855473,254.5957446808511,245.875
268.4310344827587,268.9516129032259,270.6209677419355,268.7894736842106,266.4117647058823,265.015625,263,256.757651034644,254.4468085106383,245.375
268.396551724138,268.983870967742,270.6854838709677,268.8421052631579,266.4705882352941,265.078125,263.0344827586207,256.6845716837407,254.2978723404255,245.0833333333333
268.3620689655173,269.0161290322582,270.75,268.8947368421053,266.5294117647059,265.140625,263.0689655172414,256.6114923328374,254.1489361702128,244.8611111111111
268.3275862068966,269.0483870967743,270.8145161290323,268.9473684210527,266.5882352941177,265.203125,263.1034482758621,256.5384129819341,254,244.6388888888889
268.2931034482759,269.0806451612904,270.8790322580645,269.0000000000001,266.6470588235294,265.2685185185185,263.1379310344827,256.4653336310308,253.8923076923077,244.4166666666666
268.2586206896552,269.1129032258065,270.9435483870968,269.0526315789475,266.7058823529412,265.3425925925926,263.1724137931035,256.3483974911146,253.7846153846154,244.1944444444445
268.1702127659575,269.1451612903227,271.008064516129,269.1052631578948,266.7647058823529,265.4166666666667,263.2068965517242,256.1883974911146,253.6769230769231,243.9722222222222
268.0638297872341,269.1774193548388,271.0725806451613,269.1578947368421,266.8235294117647,265.4907407407408,263.2413793103448,256.0283974911146,253.5692307692308,243.75
267.9574468085107,269.2096774193549,271.1370967741935,269.2105263157895,266.8823529411765,265.5648148148148,263.2758620689655,255.8683974911146,253.4615384615385,243.5277777777778
267.8510638297873,269.241935483871,271.2016129032258,269.2708333333334,266.9411764705882,265.6388888888889,263.3103448275862,255.7083974911146,253.3538461538461,243.3055555555555
267.7446808510639,269.2500000000001,271.2720588235294,269.3541666666667,267,265.7129629629629,263.3448275862069,255.5483974911145,253.2461538461538,243.1388888888889
267.6382978723405,269.2500000000001,271.3602941176471,269.4375000000001,267,265.787037037037,263.3793103448276,255.3883974911146,253.1384615384615,242.9907407407407
267.5319148936171,269.2500000000001,271.4485294117647,269.5208333333334,267,265.8611111111111,263.4137931034483,255.2283974911146,253.0307692307692,242.8425925925926
267.4255319148937,269.2500000000001,271.5367647058824,269.6041666666667,267,265.9351851851852,263.448275862069,255.0683974911146,252.9230769230769,242.6944444444444
267.3191489361703,269.2500000000001,271.625,269.6875000000001,267,266.0092592592593,263.4827586206897,254.9083974911146,252.8153846153846,242.5462962962963
267.2127659574469,269.2500000000001,271.7132352941176,269.7708333333334,267,266.0833333333333,263.5172413793103,254.7483974911146,252.7076923076923,242.3981481481482
267.1063829787235,269.2500000000001,271.8014705882353,269.8541666666667,267,266.1574074074074,263.551724137931,254.6039059309146,252.6,242.25
267.0000000000001,269.2500000000001,271.8897058823529,269.9375000000001,267,266.2314814814815,263.5862068965517,254.4904233351216,252.4923076923077,242.1018518518518
266.8936170212767,269.2500000000001,271.9779411764706,270.0208333333334,267,266.25,263.6206896551724,254.3769407393287,252.3846153846154,241.9537037037037
266.7872340425532,269.2500000000001,272.0661764705882,270.1041666666667,267,266.25,263.6551724137931,254.2634581435357,252.2769230769231,241.8055555555555
266.6808510638298,269.2500000000001,272.1544117647059,270.1875000000001,267,266.25,263.6896551724138,254.1499755477428,252.1388888888889,241.6574074074074
266.5744680851064,269.2500000000001,272.2426470588235,270.2619047619048,267,266.25,263.7241379310345,254.0364929519499,251.9907407407407,241.5092592592593
266.468085106383,269.2500000000001,272.3308823529412,270.3095238095239,267,266.25,263.7586206896552,253.9230103561569,251.8425925925926,241.3611111111111
266.3617021276596,269.2500000000001,272.4191176470588,270.3571428571429,267,266.25,263.7931034482759,253.8095277603639,251.6944444444444,241.2058823529412
266.2553191489362,269.2500000000001,272.5073529411765,270.4047619047619,267,266.25,263.8275862068966,253.7192595162882,251.5462962962963,241.0294117647059
266.1489361702128,269.2500000000001,272.5955882352941,270.452380952381,267,266.25,263.8620689655173,253.6423364393651,251.3981481481482,240.8529411764706
266.0425531914894,269.2500000000001,272.6838235294118,270.5000000000001,267,266.25,263.896551724138,253.565413362442,251.25,240.6764705882353
265.936170212766,269.198275862069,272.75,270.5476190476191,267.0588235294118,266.25,263.9310344827586,253.488490285519,251.1018518518518,240.5
265.8297872340426,269.1293103448277,272.75,270.5952380952382,267.1176470588235,266.25,263.9655172413793,253.4115672085958,250.9537037037037,240.3235294117647
265.7115384615385,269.0603448275863,272.75,270.6428571428572,267.1764705882353,266.25,264,253.3346441316728,250.8055555555555,240.1470588235294
265.5576923076924,268.9913793103449,272.75,270.6904761904763,267.235294117647,266.25,264.0384615384615,253.2577210547497,250.6574074074074,239.9705882352941
265.4038461538462,268.9224137931035,272.75,270.7380952380953,267.2941176470588,266.25,264.0769230769231,253.1807979778267,250.5092592592593,239.7941176470588
265.2500000000001,268.8534482758621,272.75,270.8382352941177,267.3529411764706,266.25,264.1153846153846,253.1038749009036,250.3611111111111,239.6315789473684
265.0961538461539,268.7844827586208,272.75,270.9558823529412,267.4117647058823,266.25,264.1538461538462,253.0269518239805,250.2065217391304,239.4736842105263
264.9423076923077,268.7155172413794,272.75,271.0735294117648,267.4705882352941,266.37,264.1923076923077,252.9500287470574,250.0326086956522,239.3157894736842
264.7884615384615,268.646551724138,272.75,271.1911764705883,267.5294117647059,266.53,264.2307692307692,252.8574537979669,249.8586956521739,239.1578947368421
264.6346153846155,268.5775862068966,272.75,271.3088235294118,267.5882352941177,266.69,264.2692307692308,251.8574537979669,249.6847826086957,239
264.4807692307693,268.5086206896552,272.75,271.4264705882354,267.6470588235294,266.85,264.3076923076923,251.4708223828462,249.5108695652174,238.8421052631579
264.3269230769232,268.4396551724138,272.76,271.5441176470589,267.7058823529412,267.01,264.3461538461538,251.3776147980917,249.3369565217391,238.6842105263158
264.173076923077,268.3706896551725,272.7733333333333,271.6617647058824,267.7647058823529,267.17,264.3846153846154,251.2844072133371,249.1630434782609,238.5263157894737
264.0192307692308,268.3017241379311,272.7866666666666,271.7500000000001,267.8235294117647,267.33,264.4230769230769,251.1911996285826,248.9891304347826,238.3684210526316
263.8653846153847,268.2333333333334,272.8,271.7500000000001,267.8823529411765,267.49,264.4615384615385,251.097992043828,248.8152173913043,238.2105263157895
263.7250000000001,268.1666666666667,272.8133333333333,271.7500000000001,267.9411764705882,267.65,264.5,251.0047844590735,248.6413043478261,238.0526315789473
263.6250000000001,268.1,272.8266666666667,271.7500000000001,268,267.81,264.5384615384615,250.9115768743189,248.4673913043478,237.8947368421053
263.5250000000001,268.0333333333334,272.84,271.7666666666667,268.1666666666666,267.97,264.5769230769231,250.8183692895644,248.2934782608696,237.7368421052632
263.4250000000001,267.9666666666667,272.8533333333334,271.8333333333334,268.3333333333334,268.13,264.6153846153846,250.7251617048098,248.0833333333333,237.5789473684211
263.325,267.9000000000001,272.8666666666667,271.9,268.5,268.275641025641,264.6538461538462,250.6319541200553,247.8611111111111,237.4210526315789
263.225,267.8333333333334,272.88,271.9666666666667,268.6666666666667,268.3782051282051,264.6923076923077,250.5387465353007,247.6388888888889,237.2631578947368
263.1250000000001,267.7666666666667,272.8933333333333,272.0333333333334,268.8333333333333,268.4807692307692,264.7307692307692,250.4455389505462,247.4166666666667,237.1052631578947
263.0250000000001,267.7741935483871,272.9066666666666,272.1,269,268.5833333333334,264.7692307692308,250.3523313657916,247.1944444444444,236.9473684210526
262.9250000000001,267.8064516129032,272.92,272.1666666666667,269.1666666666666,268.6858974358975,264.8076923076923,250.2591237810371,246.9722222222222,236.7894736842105
262.825,267.8387096774194,272.9333333333333,272.2333333333334,269.3333333333334,268.7884615384615,264.8461538461539,250.1659161962825,246.75,236.6315789473684
262.764705882353,267.8709677419355,272.9466666666667,272.3478260869566,269.5,268.8910256410256,264.8846153846154,250.072708611528,246.5277777777778,236.4736842105263
262.8235294117648,267.9032258064516,272.96,272.4782608695652,269.6666666666666,268.9935897435897,264.9230769230769,249.9795010267734,246.3055555555555,236.3157894736842
262.8823529411765,267.9354838709678,272.9733333333334,272.6086956521739,269.8333333333334,269.0961538461538,264.9615384615385,249.8862934420189,246.0833333333333,236.1578947368421
262.9411764705882,267.9677419354839,272.9866666666667,272.7391304347826,270,269.198717948718,265,249.7930858572643,245.8611111111111,236
